                                                  
                                                                                                                                                                                                                                                                
        SCF,CCSD
   -225.27505106,   -226.33038213
   -224.98889947,   -225.98498129
   -224.73170098,   -225.69486293
   -224.37017366,   -225.32488945
   -223.00191458,   -223.86077917
   -220.89954897,   -221.66825952
   -217.91514623,   -218.60767607
   -213.96869518,   -214.59636230
   -209.06563112,   -209.62521640
   -202.69259320,   -203.23044250
   -195.20510035,   -195.71528909
   -186.45785937,   -186.95092122
   -176.38716280,   -176.87461711
   -165.02610886,   -165.50315672
    -52.06641288,    -52.19056307
                                                  
