                                                  
                                                                                                                                                                                                                                                                
        SCF,CCSD
   -225.27498277,   -226.30574951
   -224.98882893,   -225.96078316
   -224.73156329,   -225.67174042
   -224.37010982,   -225.30103664
   -223.00184645,   -223.83850442
   -220.89947533,   -221.64783366
   -217.91506616,   -218.58955527
   -213.96860732,   -214.58099260
   -209.06554711,   -209.61277060
   -202.69252387,   -203.21973646
   -195.20504698,   -195.70631714
   -186.45781494,   -186.94366945
   -176.38711946,   -176.86906102
   -165.02606225,   -165.49924138
    -52.06629112,    -52.19035276
                                                  
