                                                  
                                                                                                                                                                                                                                                                
        SCF,CCSD
   -225.27409534,   -226.25137274
   -224.98788058,   -225.90759614
   -224.73070825,   -225.62139806
   -224.36908228,   -225.24883854
   -223.00095367,   -223.79023740
   -220.89852715,   -221.60357139
   -217.91400855,   -218.54962288
   -213.96758295,   -214.54599184
   -209.06466861,   -209.58302401
   -202.69178198,   -203.19398809
   -195.20441319,   -195.68451129
   -186.45728475,   -186.92610744
   -176.38673336,   -176.85610989
   -165.02588660,   -165.49082007
    -52.06616279,    -52.19007227
                                                  
