                                                  
                                                                                                                                                                                                                                                                
         SCF,CCSD
   -1043.3098119,   -1044.2763606
   -1043.3563695,   -1044.3210579
   -1043.0983059,   -1044.1600855
   -1043.0970914,   -1044.0121160
   -1043.1393854,   -1044.0768997
   -1042.5777675,   -1043.4660281
   -1041.4766930,   -1042.3183278
   -1039.7016697,   -1040.5054871
   -1037.1704088,   -1037.9437741
   -1033.8676218,   -1034.6061451
    -984.0853531,    -984.5434150
   -1043.3368786,   -1044.3426799
                                                  
