                                                                                                                                                                                                                                                                
         SCF,CCSD
   -1043.3091562,   -1044.2189445
   -1043.3557080,   -1044.2614306
   -1043.0976117,   -1044.0981199
   -1043.0961075,   -1043.9548492
   -1043.1387155,   -1044.0170356
   -1042.5770702,   -1043.4092835
   -1041.4760769,   -1042.2659762
   -1039.7011963,   -1040.4587902
   -1037.1700673,   -1037.9037647
   -1033.8674793,   -1034.5734826
    -984.0852498,    -984.5254401
   -1043.3360624,   -1044.2825558
                                                  
