                                                  
                                                                                                                                                                                                                                                                
        SCF,CCSD
   -225.96402421,   -227.02047534
   -225.67766227,   -226.67489366
   -225.42357910,   -226.38653815
   -225.05842927,   -226.01434407
   -223.69227169,   -224.55120784
   -221.58965346,   -222.35749968
   -218.60164055,   -219.29248358
   -214.64709735,   -215.27237739
   -209.73024523,   -210.28694213
   -203.33687514,   -203.87118345
   -195.82030136,   -196.32656603
   -187.03319970,   -187.52226091
   -176.90957319,   -177.39342752
   -165.48018872,   -165.95472722
    -52.22415207,    -52.34713881
                                                  
