                                                  
                                                                                                                                                                                                                                                                
        SCF,CCSD
   -122.81541485,   -123.49789622
   -122.74195859,   -123.46050374
   -122.52897699,   -123.33697155
   -122.58364610,   -123.20983152
   -122.51179194,   -123.19330929
   -102.54905947,   -102.95800051
    -34.26917843,    -34.38241362
   -122.73066465,   -123.49391982
   -122.02050031,   -122.61349430
   -120.98410678,   -121.49763043
   -119.00118738,   -119.48534194
   -116.26537441,   -116.71847030
   -112.64630529,   -113.07884486
   -108.07282696,   -108.49543189
                                                  
