   4.3859546913937069E-006   228116.54668740428     
   4.4244176676404469E-006   226134.46007567033     
   4.4632179479967476E-006   224169.60442085352     
   4.5023584904776523E-006   222221.82992834781     
   4.5418422790387509E-006   220290.98810577040     
   4.5816723238036684E-006   218376.93175162649     
   4.6218516612935423E-006   216479.51494409854     
   4.6623833546585275E-006   214598.59302991518     
   4.7032704939113134E-006   212734.02261332556     
   4.7445161961627014E-006   210885.66154516820     
   4.7861236058592410E-006   209053.36891203205     
   4.8280958950229550E-006   207237.00502551557     
   4.8704362634931637E-006   205436.43141157442     
   4.9131479391704306E-006   203651.51079996754     
   4.9562341782626507E-006   201882.10711379335     
   4.9996982655332874E-006   200128.08545910876     
   5.0435435145518006E-006   198389.31211465294     
   5.0877732679462564E-006   196665.65452164802     
   5.1323908976581663E-006   194956.98127369775     
   5.1773998051995430E-006   193263.16210676305     
   5.2228034219122331E-006   191584.06788923661     
   5.2686052092295048E-006   189919.57061209722     
   5.3148086589399366E-006   188269.54337914739     
   5.3614172934536268E-006   186633.86039734454     
   5.4084346660707238E-006   185012.39696720504     
   5.4558643612523264E-006   183405.02947330382     
   5.5037099948937442E-006   181811.63537484326     
   5.5519752146001699E-006   180232.09319631825     
   5.6006636999647537E-006   178666.28251825026     
   5.6497791628491345E-006   177114.08396800735     
   5.6993253476664103E-006   175575.37921070578     
   5.7493060316666087E-006   174050.05094018986     
   5.7997250252246477E-006   172537.98287008223     
   5.8505861721308308E-006   171039.05972492532     
   5.9018933498838828E-006   169553.16723138897     
   5.9536504699865631E-006   168080.19210956240     
   6.0058614782438589E-006   166620.02206431399     
   6.0585303550638102E-006   165172.54577673273     
   6.1116611157609574E-006   163737.65289564032     
   6.1652578108624609E-006   162315.23402917982     
   6.2193245264168971E-006   160905.18073647565     
   6.2738653843057704E-006   159507.38551936430     
   6.3288845425577489E-006   158121.74181420234     
   6.3843861956656614E-006   156748.14398373730     
   6.4403745749062749E-006   155386.48730906326     
   6.4968539486628726E-006   154036.66798162469     
   6.5538286227506589E-006   152698.58309531512     
   6.6113029407450296E-006   151372.13063862227     
   6.6692812843127035E-006   150057.20948685575     
   6.7277680735457754E-006   148753.71939443849     
   6.7867677672986855E-006   147461.56098726089     
   6.8462848635281486E-006   146180.63575510672     
   6.9063238996360707E-006   144910.84604414250     
   6.9668894528154585E-006   143652.09504947372     
   7.0279861403993773E-006   142404.28680776223     
   7.0896186202129568E-006   141167.32618991419     
   7.1517915909284939E-006   139941.11889382504     
   7.2145097924236639E-006   138725.57143718904     
   7.2777780061428733E-006   137520.59115037593     
   7.3416010554617806E-006   136326.08616936288     
   7.4059838060550239E-006   135141.96542873353     
   7.4709311662671556E-006   133968.13865473412     
   7.5364480874868432E-006   132804.51635839129     
   7.6025395645243502E-006   131651.00982868939     
   7.6692106359923219E-006   130507.53112580885     
   7.7364663846899181E-006   129373.99307442117     
   7.8043119379903039E-006   128250.30925704110     
   7.8727524682315502E-006   127136.39400744262     
   7.9417931931109555E-006   126032.16240412371     
   8.0114393760828277E-006   124937.53026383402     
   8.0816963267597509E-006   123852.41413515910     
   8.1525694013173790E-006   122776.73129215305     
   8.2240640029027697E-006   121710.39972803711     
   8.2961855820463055E-006   120653.33814894545     
   8.3689396370772292E-006   119605.46596772637     
   8.4423317145428118E-006   118566.70329780047     
   8.5163674096312099E-006   117536.97094706996     
   8.5910523665980281E-006   116516.19041188122     
   8.6663922791966135E-006   115504.28387103888     
   8.7423928911121345E-006   114501.17417987451     
   8.8190599963994583E-006   113506.78486436434     
   8.8963994399248764E-006   112521.04011530039     
   8.9744171178116949E-006   111543.86478250814     
   9.0531189778897432E-006   110575.18436912134     
   9.1325110201488093E-006   109614.92502589854     
   9.2125992971960712E-006   108663.01354559686     
   9.2933899147175168E-006   107719.37735738754     
   9.3748890319434375E-006   106783.94452132609     
   9.4571028621179740E-006   105856.64372286528     
   9.5400376729728110E-006   104937.40426742096     
   9.6236997872049922E-006   104026.15607498010     
   9.7080955829589613E-006   103122.82967475899     
   9.7932314943127947E-006   102227.35619990873     
   9.8791140117687350E-006   101339.66738226217     
   9.9657496827479874E-006   100459.69554713128     
   1.0053145112089889E-005   99587.373608147260     
   1.0141306962555443E-005   98722.635062145273     
   1.0230241955335252E-005   97865.413984095750     
   1.0319956870561934E-005   97015.645022079188     
   1.0410458547827020E-005   96173.263392299850     
   1.0501753886702375E-005   95338.204874152769     
   1.0593849847266204E-005   94510.405805322924     
   1.0686753450633673E-005   93689.803076933516     
   1.0780471779492167E-005   92876.334128735180     
   1.0875011978641257E-005   92069.936944336252     
   1.0970381255537406E-005   91270.550046474891     
   1.1066586880843428E-005   90478.112492331551     
   1.1163636188982796E-005   89692.563868884143     
   1.1261536578698777E-005   88913.844288301567     
   1.1360295513618517E-005   88141.894383378123     
   1.1459920522822023E-005   87376.655303005842     
   1.1560419201416162E-005   86618.068707692757     
   1.1661799211113690E-005   85866.076765109596     
   1.1764068280817369E-005   85120.622145684290     
   1.1867234207209170E-005   84381.648018229520     
   1.1971304855344696E-005   83649.098045612220     
   1.2076288159252762E-005   82922.916380456270     
   1.2182192122540292E-005   82203.047660886106     
   1.2289024819002460E-005   81489.437006305961     
   1.2396794393238232E-005   80782.030013216354     
   1.2505509061271276E-005   80080.772751065204     
   1.2615177111176330E-005   79385.611758137034     
   1.2725806903711055E-005   78696.494037478711     
   1.2837406872953439E-005   78013.367052856440     
   1.2949985526944787E-005   77336.178724752244     
   1.3063551448338339E-005   76664.877426393257     
   1.3178113295053594E-005   75999.411979815748     
   1.3293679800936359E-005   75339.731651963812     
   1.3410259776424593E-005   74685.786150820830     
   1.3527862109220085E-005   74037.525621576351     
   1.3646495764966028E-005   73394.900642824708     
   1.3766169787930529E-005   72757.862222797063     
   1.3886893301696127E-005   72126.361795627541     
   1.4008675509855332E-005   71500.351217649222     
   1.4131525696712287E-005   70879.782763724783     
   1.4255453227990570E-005   70264.609123608170     
   1.4380467551547225E-005   69654.783398337036     
   1.4506578198093006E-005   69050.259096657828     
   1.4633794781919006E-005   68450.990131481216     
   1.4762127001629592E-005   67856.930816369451     
   1.4891584640881814E-005   67268.035862051809     
   1.5022177569131273E-005   66684.260372972713     
   1.5153915742384539E-005   66105.559843869531     
   1.5286809203958173E-005   65531.890156379304     
   1.5420868085244392E-005   64963.207575673900     
   1.5556102606483458E-005   64399.468747127743     
   1.5692523077542836E-005   63840.630693011939     
   1.5830139898703190E-005   63286.650809217921     
   1.5968963561451271E-005   62737.486862008605     
   1.6109004649279738E-005   62193.096984799427     
   1.6250273838494041E-005   61653.439674966095     
   1.6392781899026331E-005   61118.473790681484     
   1.6536539695256522E-005   60588.158547778105     
   1.6681558186840579E-005   60062.453516639274     
   1.6827848429546020E-005   59541.318619116370     
   1.6975421576094803E-005   59024.714125474522     
   1.7124288877013555E-005   58512.600651362147     
   1.7274461681491293E-005   58004.939154810229     
   1.7425951438244633E-005   57501.690933254584     
   1.7578769696390632E-005   57002.817620584901     
   1.7732928106327220E-005   56508.281184222404     
   1.7888438420621434E-005   56018.043922216333     
   1.8045312494905360E-005   55532.068460373252     
   1.8203562288779992E-005   55050.317749406509     
   1.8363199866726996E-005   54572.755062110467     
   1.8524237399028459E-005   54099.343990562971     
   1.8686687162694710E-005   53630.048443346939     
   1.8850561542400304E-005   53164.832642801462     
   1.9015873031428170E-005   52703.661122292913     
   1.9182634232622072E-005   52246.498723511431     
   1.9350857859347404E-005   51793.310593788716     
   1.9520556736460430E-005   51344.062183444461     
   1.9691743801285993E-005   50898.719243150350     
   1.9864432104603849E-005   50457.247821318510     
   2.0038634811643566E-005   50019.614261514085     
   2.0214365203088270E-005   49585.785199889186     
   2.0391636676087060E-005   49155.727562639120     
   2.0570462745276398E-005   48729.408563481637     
   2.0750857043810428E-005   48306.795701155628     
   2.0932833324400311E-005   47887.856756945905     
   2.1116405460362692E-005   47472.559792225104     
   2.1301587446677370E-005   47060.873146018843     
   2.1488393401054214E-005   46652.765432592780     
   2.1676837565009475E-005   46248.205539059716     
   2.1866934304951504E-005   45847.162623007142     
   2.2058698113276004E-005   45449.606110146015     
   2.2252143609470889E-005   45055.505691980354     
   2.2447285541230828E-005   44664.831323496277     
   2.2644138785581553E-005   44277.553220871407     
   2.2842718350014065E-005   43893.641859203977     
   2.3043039373628736E-005   43513.067970262964     
   2.3245117128289474E-005   43135.802540255958     
   2.3448967019788006E-005   42761.816807616218     
   2.3654604589018363E-005   42391.082260812895     
   2.3862045513161683E-005   42023.570636174540     
   2.4071305606881371E-005   41659.253915735761     
   2.4282400823528786E-005   41298.104325100554     
   2.4495347256359449E-005   40940.094331326189     
   2.4710161139759965E-005   40585.196640821836     
   2.4926858850485672E-005   40233.384197270461     
   2.5145456908909163E-005   39884.630179563988     
   2.5365971980279739E-005   39538.907999760188     
   2.5588420875993920E-005   39196.191301053826     
   2.5812820554877100E-005   38856.453955769277     
   2.6039188124476438E-005   38519.670063367586     
   2.6267540842365065E-005   38185.813948471972     
   2.6497896117457772E-005   37854.860158909818     
   2.6730271511338206E-005   37526.783463773958     
   2.6964684739597710E-005   37201.558851498048     
   2.7201153673185894E-005   36879.161527948854     
   2.7439696339773091E-005   36559.566914538060     
   2.7680330925124691E-005   36242.750646346933     
   2.7923075774487613E-005   35928.688570269274     
   2.8167949393988853E-005   35617.356743170298     
   2.8414970452046362E-005   35308.731430061111     
   2.8664157780792245E-005   35002.789102288982     
   2.8915530377508487E-005   34699.506435743802     
   2.9169107406075229E-005   34398.860309080192     
   2.9424908198431788E-005   34100.827801954212     
   2.9682952256050432E-005   33805.386193276317     
   2.9943259251423153E-005   33512.512959479638     
   3.0205849029561398E-005   33222.185772801779     
   3.0470741609509013E-005   32934.382499583502     
   3.0737957185868436E-005   32649.081198580825     
   3.1007516130340266E-005   32366.260119293187     
   3.1279438993276338E-005   32085.897700303314     
   3.1553746505246427E-005   31807.972567635919     
   3.1830459578618663E-005   31532.463533126334     
   3.2109599309153858E-005   31259.349592805935     
   3.2391186977613760E-005   30988.609925301025     
   3.2675244051383433E-005   30720.223890244819     
   3.2961792186107875E-005   30454.171026704669     
   3.3250853227342974E-005   30190.431051621508     
   3.3542449212220947E-005   29928.983858264277     
   3.3836602371130385E-005   29669.809514695917     
   3.4133335129411025E-005   29412.888262255186     
   3.4432670109063391E-005   29158.200514048971     
   3.4734630130473438E-005   28905.726853460728     
   3.5039238214152283E-005   28655.448032667908     
   3.5346517582491254E-005   28407.344971176775     
   3.5656491661532259E-005   28161.398754366626     
   3.5969184082753734E-005   27917.590632047810     
   3.6284618684872241E-005   27675.902017032789     
   3.6602819515659841E-005   27436.314483718608     
   3.6923810833777432E-005   27198.809766682229     
   3.7247617110624182E-005   26963.369759288493     
   3.7574263032203070E-005   26729.976512309200     
   3.7903773501003001E-005   26498.612232555173     
   3.8236173637897163E-005   26269.259281519204     
   3.8571488784058272E-005   26041.900174031693     
   3.8909744502890425E-005   25816.517576927741     
   3.9250966581978023E-005   25593.094307725441     
   3.9595181035051739E-005   25371.613333316262     
   3.9942414103971706E-005   25152.057768666182     
   4.0292692260728111E-005   24934.410875528345     
   4.0646042209459367E-005   24718.656061167647     
   4.1002490888487931E-005   24504.776877094726     
   4.1362065472374011E-005   24292.757017813161     
   4.1724793373987257E-005   24082.580319575285     
   4.2090702246596660E-005   23874.230759150611     
   4.2459819985978736E-005   23667.692452604257     
   4.2832174732544202E-005   23462.949654085329     
   4.3207794873483354E-005   23259.986754627440     
   4.3586709044930190E-005   23058.788280958259     
   4.3968946134145527E-005   22859.338894319339     
   4.4354535281719329E-005   22661.623389298184     
   4.4743505883792256E-005   22465.626692667352     
   4.5135887594296727E-005   22271.333862236610     
   4.5531710327217681E-005   22078.730085712923     
   4.5931004258873112E-005   21887.800679571876     
   4.6333799830214631E-005   21698.531087937929     
   4.6740127749148157E-005   21510.906881474399     
   4.7150018992875029E-005   21324.913756284088     
   4.7563504810253595E-005   21140.537532818365     
   4.7980616724181535E-005   20957.764154796230     
   4.8401386533999083E-005   20776.579688132908     
   4.8825846317913300E-005   20596.970319876909     
   4.9254028435443581E-005   20418.922357157917     
   4.9685965529888744E-005   20242.422226142407     
   5.0121690530815542E-005   20067.456470998408     
   5.0561236656569205E-005   19894.011752870541     
   5.1004637416805842E-005   19722.074848862245     
   5.1451926615047149E-005   19551.632651028471     
   5.1903138351257467E-005   19382.672165375840     
   5.2358307024443483E-005   19215.180510872146     
   5.2817467335276684E-005   19049.144918464470     
   5.3280654288738834E-005   18884.552730105675     
   5.3747903196790672E-005   18721.391397789055     
   5.4219249681063927E-005   18559.648482592598     
   5.4694729675577083E-005   18399.311653729288     
   5.5174379429474809E-005   18240.368687608621     
   5.5658235509791527E-005   18082.807466903469     
   5.6146334804239163E-005   17926.615979626735     
   5.6638714524019327E-005   17771.782318215955     
   5.7135412206660225E-005   17618.294678624876     
   5.7636465718878374E-005   17466.141359424008     
   5.8141913259465438E-005   17315.310760908254     
   5.8651793362200416E-005   17165.791384212796     
   5.9166144898787348E-005   17017.571830436369     
   5.9685007081818722E-005   16870.640799772147     
   6.0208419467764963E-005   16724.987090646533     
   6.0736421959990091E-005   16580.599598864810     
   6.1269054811793829E-005   16437.467316764989     
   6.1806358629480426E-005   16295.579332378524     
   6.2348374375454255E-005   16154.924828598010     
   6.2895143371342779E-005   16015.493082353023     
   6.3446707301146745E-005   15877.273463792675     
   6.4003108214418021E-005   15740.255435474439     
   6.4564388529465328E-005   15604.428551561979     
   6.5130591036588115E-005   15469.782457027744     
   6.5701758901338757E-005   15336.306886864162     
   6.6277935667813332E-005   15203.991665300775     
   6.6859165261971308E-005   15072.826705028629     
   6.7445491994984347E-005   14942.802006431133     
   6.8036960566614392E-005   14813.907656821792     
   6.8633616068621524E-005   14686.133829688473     
   6.9235503988201565E-005   14559.470783944324     
   6.9842670211453867E-005   14433.908863184883     
   7.0455161026879590E-005   14309.438494952394     
   7.1073023128910559E-005   14186.050190005488     
   7.1696303621469085E-005   14063.734541596019     
   7.2325050021559075E-005   13942.482224752022     
   7.2959310262888546E-005   13822.283995566584     
   7.3599132699523947E-005   13703.130690493379     
   7.4244566109576550E-005   13585.013225647665     
   7.4895659698921108E-005   13467.922596114207     
   7.5552463104947210E-005   13351.849875260419     
   7.6215026400343406E-005   13236.786214056161     
   7.6883400096914708E-005   13122.722840398710     
   7.7557635149433349E-005   13009.651058444277     
   7.8237782959523472E-005   12897.562247945072     
   7.8923895379579849E-005   12786.447863591980     
   7.9616024716720889E-005   12676.299434363289     
   8.0314223736776424E-005   12567.108562878444     
   8.1018545668310412E-005   12458.866924758493     
   8.1729044206678889E-005   12351.566267991131     
   8.2445773518123578E-005   12245.198412301292     
   8.3168788243901344E-005   12139.755248528274     
   8.3898143504449821E-005   12035.228738006590     
   8.4633894903589750E-005   11931.610911954014     
   8.5376098532763915E-005   11828.893870863334     
   8.6124810975313451E-005   11727.069783900635     
   8.6880089310791613E-005   11626.130888308049     
   8.7641991119315237E-005   11526.069488811920     
   8.8410574485954632E-005   11426.877957036391     
   8.9185898005161640E-005   11328.548730921479     
   8.9968020785236843E-005   11231.074314146777     
   9.0757002452835676E-005   11134.447275560193     
   9.1552903157514278E-005   11038.660248610726     
   9.2355783576315099E-005   10943.705930787652     
   9.3165704918392613E-005   10849.577083063350     
   9.3982728929679931E-005   10756.266529341556     
   9.4806917897595917E-005   10663.767155910004     
   9.5638334655793916E-005   10572.071910898718     
   9.6477042588951928E-005   10481.173803741794     
   9.7323105637604949E-005   10391.065904644633     
   9.8176588303019503E-005   10301.741344055805     
   9.9037555652111068E-005   10213.193312143316     
   9.9906073322404614E-005   10125.415058275077     
   1.0078220752703855E-004   10038.399890504721     
   1.0166602505981264E-004   9952.1411750612133     
   1.0255759330028012E-004   9866.6323358430946     
   1.0345698021888460E-004   9781.8668539172359     
   1.0436425438214184E-004   9697.8382670216706     
   1.0527948495786706E-004   9614.5401690732942     
   1.0620274172044815E-004   9531.9662096791180     
   1.0713409505616493E-004   9450.1100936521289     
   1.0807361596855534E-004   9368.9655805317179     
   1.0902137608382841E-004   9288.5264841076132     
   1.0997744765632493E-004   9208.7866719483973     
   1.1094190357402572E-004   9129.7400649338942     
   1.1191481736410866E-004   9051.3806367918532     
   1.1289626319855389E-004   8973.7024136383588     
   1.1388631589979870E-004   8896.6994735225526     
   1.1488505094644159E-004   8820.3659459751179     
   1.1589254447899659E-004   8744.6960115605707     
   1.1690887330569803E-004   8669.6839014339021     
   1.1793411490835610E-004   8595.3238969004906     
   1.1896834744826385E-004   8521.6103289803577     
   1.2001164977215593E-004   8448.5375779758415     
   1.2106410141821972E-004   8376.1000730432079     
   1.2212578262215897E-004   8304.2922917678789     
   1.2319677432331080E-004   8233.1087597436162     
   1.2427715817081624E-004   8162.5440501549738     
   1.2536701652984488E-004   8092.5927833635560     
   1.2646643248787428E-004   8023.2496264981582     
   1.2757548986102406E-004   7954.5092930478477     
   1.2869427320044599E-004   7886.3665424592109     
   1.2982286779876986E-004   7818.8161797366847     
   1.3096135969660588E-004   7751.8530550465402     
   1.3210983568910428E-004   7685.4720633243760     
   1.3326838333257206E-004   7619.6681438857204     
   1.3443709095114833E-004   7554.4362800403487     
   1.3561604764353760E-004   7489.7714987098161     
   1.3680534328980261E-004   7425.6688700484065     
   1.3800506855821633E-004   7362.1235070671009     
   1.3921531491217440E-004   7299.1305652611454     
   1.4043617461716778E-004   7236.6852422406673     
   1.4166774074781714E-004   7174.7827773646659     
   1.4291010719496823E-004   7113.4184513778546     
   1.4416336867285014E-004   7052.5875860511251     
   1.4542762072629572E-004   6992.2855438247807     
   1.4670295973802589E-004   6932.5077274548767     
   1.4798948293599746E-004   6873.2495796629455     
   1.4928728840081536E-004   6814.5065827884664     
   1.5059647507321031E-004   6756.2742584443486     
   1.5191714276158148E-004   6698.5481671757871     
   1.5324939214960573E-004   6641.3239081214433     
   1.5459332480391333E-004   6584.5971186783227     
   1.5594904318183117E-004   6528.3634741688284     
   1.5731665063919376E-004   6472.6186875113790     
   1.5869625143822284E-004   6417.3585088932959     
   1.6008795075547576E-004   6362.5787254470388     
   1.6149185468986420E-004   6308.2751609288371     
   1.6290807027074256E-004   6254.4436754004582     
   1.6433670546606751E-004   6201.0801649135465     
   1.6577786919062947E-004   6148.1805611966374     
   1.6723167131435550E-004   6095.7408313452052     
   1.6869822267068577E-004   6043.7569775140773     
   1.7017763506502309E-004   5992.2250366126600     
   1.7167002128325656E-004   5941.1410800027943     
   1.7317549510036001E-004   5890.5012131993526     
   1.7469417128906589E-004   5840.3015755731467     
   1.7622616562861529E-004   5790.5383400568317     
   1.7777159491358437E-004   5741.2077128529945     
   1.7933057696278869E-004   5692.3059331448649     
   1.8090323062826510E-004   5643.8292728098113     
   1.8248967580433291E-004   5595.7740361350161     
   1.8409003343673399E-004   5548.1365595355464     
   1.8570442553185359E-004   5500.9132112754614     
   1.8733297516602146E-004   5454.1003911904736     
   1.8897580649489506E-004   5407.6945304138426     
   1.9063304476292468E-004   5361.6920911041443     
   1.9230481631290165E-004   5316.0895661755449     
   1.9399124859559045E-004   5270.8834790305145     
   1.9569247017944512E-004   5226.0703832946028     
   1.9740861076041085E-004   5181.6468625539965     
   1.9913980117181176E-004   5137.6095300947527     
   2.0088617339432505E-004   5093.9550286448120     
   2.0264786056604299E-004   5050.6800301179528     
   2.0442499699262280E-004   5007.7812353600975     
   2.0621771815752576E-004   4965.2553738978086     
   2.0802616073234621E-004   4923.0992036889056     
   2.0985046258723065E-004   4881.3095108754469     
   2.1169076280138887E-004   4839.8831095384703     
   2.1354720167369667E-004   4798.8168414552829     
   2.1541992073339199E-004   4758.1075758587131     
   2.1730906275086462E-004   4717.7522091982901     
   2.1921477174854050E-004   4677.7476649037790     
   2.2113719301186167E-004   4638.0908931505192     
   2.2307647310036236E-004   4598.7788706269812     
   2.2503275985884212E-004   4559.8086003042581     
   2.2700620242863725E-004   4521.1771112076267     
   2.2899695125899069E-004   4482.8814581899169     
   2.3100515811852202E-004   4444.9187217071812     
   2.3303097610679759E-004   4407.2860075959279     
   2.3507455966600261E-004   4369.9804468525945     
   2.3713606459271517E-004   4332.9991954148027     
   2.3921564804978382E-004   4296.3394339444667     
   2.4131346857830907E-004   4259.9983676129905     
   2.4342968610973012E-004   4223.9732258880604     
   2.4556446197801767E-004   4188.2612623225032     
   2.4771795893197338E-004   4152.8597543449059     
   2.4989034114763727E-004   4117.7660030520101     
   2.5208177424080426E-004   4082.9773330030162     
   2.5429242527965008E-004   4048.4910920155376     
   2.5652246279746785E-004   4014.3046509635301     
   2.5877205680551699E-004   3980.4154035766692     
   2.6104137880598386E-004   3946.8207662418699     
   2.6333060180505684E-004   3913.5181778061515     
   2.6563990032611593E-004   3880.5050993814725     
   2.6796945042303747E-004   3847.7790141511132     
   2.7031942969361629E-004   3815.3374271778916     
   2.7269001729310512E-004   3783.1778652138569     
   2.7508139394787285E-004   3751.2978765117805     
   2.7749374196918240E-004   3719.6950306382596     
   2.7992724526708997E-004   3688.3669182884196     
   2.8238208936446528E-004   3657.3111511021530     
   2.8485846141113562E-004   3626.5253614822477     
   2.8735655019815359E-004   3596.0072024136239     
   2.8987654617218956E-004   3565.7543472845764     
   2.9241864145005146E-004   3535.7644897093887     
   2.9498302983333021E-004   3506.0353433524342     
   2.9756990682317560E-004   3476.5646417539315     
   3.0017946963519984E-004   3447.3501381570895     
   3.0281191721451327E-004   3418.3896053369194     
   3.0546745025089090E-004   3389.6808354303516     
   3.0814627119407276E-004   3361.2216397679686     
   3.1084858426919776E-004   3333.0098487070823     
   3.1357459549237330E-004   3305.0433114664493     
   3.1632451268638146E-004   3277.3198959621304     
   3.1909854549652244E-004   3249.8374886451047     
   3.2189690540659752E-004   3222.5939943400572     
   3.2471980575503193E-004   3195.5873360856481     
   3.2756746175113919E-004   3168.8154549761875     
   3.3044009049152756E-004   3142.2763100047068     
   3.3333791097665149E-004   3115.9678779072906     
   3.3626114412750710E-004   3089.8881530088738     
   3.3921001280247463E-004   3064.0351470703399     
   3.4218474181430859E-004   3038.4068891368879     
   3.4518555794727646E-004   3013.0014253878262     
   3.4821268997444859E-004   2987.8168189876196     
   3.5126636867513863E-004   2962.8511499382021     
   3.5434682685249778E-004   2938.1025149326315     
   3.5745429935126274E-004   2913.5690272099382     
   3.6058902307565984E-004   2889.2488164113406     
   3.6375123700746568E-004   2865.1400284376518     
   3.6694118222422629E-004   2841.2408253078479     
   3.7015910191763661E-004   2817.5493850190505     
   3.7340524141207999E-004   2794.0639014075682     
   3.7667984818333166E-004   2770.7825840111909     
   3.7998317187742508E-004   2747.7036579327446     
   3.8331546432968431E-004   2724.8253637047128     
   3.8667697958392322E-004   2702.1459571551472     
   3.9006797391181303E-004   2679.6637092746423     
   3.9348870583241942E-004   2657.3769060846080     
   3.9693943613191174E-004   2635.2838485065217     
   4.0042042788344408E-004   2613.3828522324438     
   4.0393194646721131E-004   2591.6722475965639     
   4.0747425959068110E-004   2570.1503794479509     
   4.1104763730900266E-004   2548.8156070243563     
   4.1465235204559531E-004   2527.6663038271568     
   4.1828867861291706E-004   2506.7008574972851     
   4.2195689423341553E-004   2485.9176696923582     
   4.2565727856066235E-004   2465.3151559648090     
   4.2939011370067337E-004   2444.8917456411218     
   4.3315568423341538E-004   2424.6458817020593     
   4.3695427723450177E-004   2404.5760206639566     
   4.4078618229707813E-004   2384.6806324610588     
   4.4465169155389998E-004   2364.9582003288810     
   4.4855109969960420E-004   2345.4072206885608     
   4.5248470401317562E-004   2326.0262030322551     
   4.5645280438061039E-004   2306.8136698094686     
   4.6045570331777893E-004   2287.7681563144456     
   4.6449370599348818E-004   2268.8882105744760     
   4.6856712025274735E-004   2250.1723932392429     
   4.7267625664023646E-004   2231.6192774710244     
   4.7682142842398194E-004   2213.2274488359890     
   4.8100295161923877E-004   2194.9955051963120     
   4.8522114501258265E-004   2176.9220566033018     
   4.8947633018621341E-004   2159.0057251914354     
   4.9376883154247139E-004   2141.2451450732856     
   4.9809897632856898E-004   2123.6389622354313     
   5.0246709466153863E-004   2106.1858344352213     
   5.0687351955340033E-004   2088.8844310984173     
   5.1131858693654946E-004   2071.7334332177793     
   5.1580263568936670E-004   2054.7315332525000     
   5.2032600766205382E-004   2037.8774350285353     
   5.2488904770269472E-004   2021.1698536397671     
   5.2949210368354602E-004   2004.6075153500512     
   5.3413552652755748E-004   1988.1891574961339     
   5.3881967023512516E-004   1971.9135283913490     
   5.4354489191108012E-004   1955.7793872302250     
   5.4831155179191197E-004   1939.7855039938859     
   5.5312001327323293E-004   1923.9306593562571     
   5.5797064293748155E-004   1908.2136445911378     
   5.6286381058187022E-004   1892.6332614800108     
   5.6779988924657721E-004   1877.1883222207471     
   5.7277925524318600E-004   1861.8776493370137     
   5.7780228818337428E-004   1846.7000755884956     
   5.8286937100785429E-004   1831.6544438819508     
   5.8798089001556742E-004   1816.7396071829569     
   5.9313723489313368E-004   1801.9544284284827     
   5.9833879874456096E-004   1787.2977804402026     
   6.0358597812121381E-004   1772.7685458385681     
   6.0887917305204524E-004   1758.3656169576091     
   6.1421878707409376E-004   1744.0878957604714     
   6.1960522726324779E-004   1729.9342937557642     
   6.2503890426528024E-004   1715.9037319145020     
   6.3052023232715412E-004   1701.9951405879112     
   6.3604962932860417E-004   1688.2074594258299     
   6.4162751681399435E-004   1674.5396372959046     
   6.4725432002445561E-004   1660.9906322034199     
   6.5293046793030390E-004   1647.5594112119127     
   6.5865639326374500E-004   1634.2449503643575     
   6.6443253255186357E-004   1621.0462346051718     
   6.7025932614990286E-004   1607.9622577027474     
   6.7613721827483662E-004   1594.9920221728325     
   6.8206665703923438E-004   1582.1345392024189     
   6.8804809448542385E-004   1569.3888285743710     
   6.9408198661995428E-004   1556.7539185927255     
   7.0016879344836000E-004   1544.2288460085617     
   7.0630897901023020E-004   1531.8126559466198     
   7.1250301141458625E-004   1519.5044018324556     
   7.1875136287556792E-004   1507.3031453203116     
   7.2505450974843502E-004   1495.2079562215590     
   7.3141293256588180E-004   1483.2179124337899     
   7.3782711607467226E-004   1471.3320998705221     
   7.4429754927259550E-004   1459.5496123915004     
   7.5082472544574490E-004   1447.8695517336287     
   7.5740914220612601E-004   1436.2910274424730     
   7.6405130152959141E-004   1424.8131568043730     
   7.7075170979411104E-004   1413.4350647791978     
   7.7751087781837639E-004   1402.1558839335357     
   7.8432932090074375E-004   1390.9747543746580     
   7.9120755885851908E-004   1379.8908236849190     
   7.9814611606758719E-004   1368.9032468567680     
   8.0514552150238896E-004   1358.0111862283459     
   8.1220630877624806E-004   1347.2138114195891     
   8.1932901618205249E-004   1336.5102992689710     
   8.2651418673329255E-004   1325.8998337707269     
   8.3376236820545781E-004   1315.3816060126082     
   8.4107411317779844E-004   1304.9548141142643     
   8.4844997907545215E-004   1294.6186631660828     
   8.5589052821194043E-004   1284.3723651685964     
   8.6339632783203734E-004   1274.2151389723863     
   8.7096795015501527E-004   1264.1462102185651     
   8.7860597241826816E-004   1254.1648112797100     
   8.8631097692131941E-004   1244.2701812013524     
   8.9408355107021404E-004   1234.4615656439619     
   9.0192428742230039E-004   1224.7382168254428     
   9.0983378373140559E-004   1215.0993934641160     
   9.1781264299340640E-004   1205.5443607222021     
   9.2586147349219916E-004   1196.0723901498218     
   9.3398088884607405E-004   1186.6827596294365     
   9.4217150805449550E-004   1177.3747533207847     
   9.5043395554529251E-004   1168.1476616063517     
   9.5876886122226303E-004   1159.0007810372213     
   9.6717686051319676E-004   1149.9334142794855     
   9.7565859441831710E-004   1140.9448700610455     
   9.8421470955914968E-004   1132.0344631189387     
   9.9284585822781869E-004   1123.2015141470847     
   1.0015526984367758E-003   1114.4453497444792     
   1.0103358939689644E-003   1105.7653023638852     
   1.0191961144284257E-003   1097.1607102609196     
   1.0281340352913458E-003   1088.6309174436121     
   1.0371503379575527E-003   1080.1752736223837     
   1.0462457098024641E-003   1071.7931341604783     
   1.0554208442294908E-003   1063.4838600248072     
   1.0646764407228994E-003   1055.2468177372423     
   1.0740132049011394E-003   1047.0813793263167     
   1.0834318485706367E-003   1038.9869222793282     
   1.0929330897800600E-003   1030.9628294949143     
   1.1025176528750629E-003   1023.0084892359790     
   1.1121862685535048E-003   1015.1232950830591     
   1.1219396739211580E-003   1007.3066458881061     
   1.1317786125479023E-003   999.55794572863010     
   1.1417038345244125E-003   991.87660386228958     
   1.1517160965193421E-003   984.26203468183712     
   1.1618161618370106E-003   976.71365767048928     
   1.1720048004755952E-003   969.23089735764904     
   1.1822827891858326E-003   961.81318327504255     
   1.1926509115302369E-003   954.45994991323471     
   1.2031099579428352E-003   947.17063667849504     
   1.2136607257894284E-003   939.94468785007689     
   1.2243040194283798E-003   932.78155253783655     
   1.2350406502719367E-003   925.68068464024259     
   1.2458714368480911E-003   918.64154280272487     
   1.2567972048629795E-003   911.66359037642906     
   1.2678187872638348E-003   904.74629537727662     
   1.2789370243024862E-003   897.88913044541039     
   1.2901527635994169E-003   891.09157280500676     
   1.3014668602083861E-003   884.35310422439329     
   1.3128801766816138E-003   877.67321097655463     
   1.3243935831355402E-003   871.05138379996788     
   1.3360079573171597E-003   864.48711785975684     
   1.3477241846709394E-003   857.97991270922546     
   1.3595431584063208E-003   851.52927225168355     
   1.3714657795658163E-003   845.13470470264144     
   1.3834929570937023E-003   838.79572255230812     
   1.3956256079053135E-003   832.51184252841267     
   1.4078646569569454E-003   826.28258555937202     
   1.4202110373163722E-003   820.10747673776086     
   1.4326656902339790E-003   813.98604528410692     
   1.4452295652145203E-003   807.91782451099357     
   1.4579036200895075E-003   801.90235178747866     
   1.4706888210902318E-003   795.93916850382561     
   1.4835861429214258E-003   790.02782003653158     
   1.4965965688355717E-003   784.16785571367541     
   1.5097210907078630E-003   778.35882878054633     
   1.5229607091118199E-003   772.60029636558875     
   1.5363164333955729E-003   766.89181944664017     
   1.5497892817588085E-003   761.23296281744047     
   1.5633802813303976E-003   755.62329505447951     
   1.5770904682466979E-003   750.06238848407679     
   1.5909208877305475E-003   744.54981914978100     
   1.6048725941709477E-003   739.08516678005685     
   1.6189466512034488E-003   733.66801475623254     
   1.6331441317912363E-003   728.29795008073086     
   1.6474661183069311E-003   722.97456334559934     
   1.6619137026151062E-003   717.69744870126112     
   1.6764879861555285E-003   712.46620382560513     
   1.6911900800271262E-003   707.28042989329970     
   1.7060211050726984E-003   702.13973154536836     
   1.7209821919643635E-003   697.04371685906324     
   1.7360744812897587E-003   691.99199731798444     
   1.7512991236389936E-003   686.98418778244081     
   1.7666572796923700E-003   682.01990646009676     
   1.7821501203088663E-003   677.09877487685606     
   1.7977788266154021E-003   672.22041784801308     
   1.8135445900968818E-003   667.38446344963495     
   1.8294486126870318E-003   662.59054299020636     
   1.8454921068600306E-003   657.83829098252068     
   1.8616762957229455E-003   653.12734511581311     
   1.8780024131089773E-003   648.45734622812654     
   1.8944717036715245E-003   643.82793827894329     
   1.9110854229790724E-003   639.23876832200892     
   1.9278448376109133E-003   634.68948647845104     
   1.9447512252537063E-003   630.17974591008067     
   1.9618058747988849E-003   625.70920279295683     
   1.9790100864409176E-003   621.27751629115949     
   1.9963651717764316E-003   616.88434853080855     
   2.0138724539042036E-003   612.52936457430053     
   2.0315332675260303E-003   608.21223239476603     
   2.0493489590484811E-003   603.93262285075048     
   2.0673208866855432E-003   599.69020966111611     
   2.0854504205621710E-003   595.48466938017555     
   2.1037389428187349E-003   591.31568137300167     
   2.1221878477163973E-003   587.18292779100580     
   2.1407985417434021E-003   583.08609354768123     
   2.1595724437223044E-003   579.02486629458519     
   2.1785109849181347E-003   574.99893639751576     
   2.1976156091475158E-003   571.00799691290661     
   2.2168877728887346E-003   567.05174356441648     
   2.2363289453927785E-003   563.12987471972838     
   2.2559406087953489E-003   559.24209136753916     
   2.2757242582298531E-003   555.38809709477505     
   2.2956814019413877E-003   551.56759806397304     
   2.3158135614017258E-003   547.78030299087277     
   2.3361222714253049E-003   544.02592312221873     
   2.3566090802862412E-003   540.30417221371749     
   2.3772755498363629E-003   536.61476650823283     
   2.3981232556242803E-003   532.95742471412325     
   2.4191537870155017E-003   529.33186798380643     
   2.4403687473136025E-003   525.73781989248766     
   2.4617697538824560E-003   522.17500641707363     
   2.4833584382695341E-003   518.64315591528634     
   2.5051364463302946E-003   515.14199910493426     
   2.5271054383536537E-003   511.67126904338375     
   2.5492670891885641E-003   508.23070110719846     
   2.5716230883716966E-003   504.82003297194865     
   2.5941751402562495E-003   501.43900459222328     
   2.6169249641418788E-003   498.08735818177388     
   2.6398742944057775E-003   494.76483819387158     
   2.6630248806348944E-003   491.47119130180761     
   2.6863784877593187E-003   488.20616637957255     
   2.7099368961868366E-003   484.96951448270283     
   2.7337019019386573E-003   481.76098882929591     
   2.7576753167863430E-003   478.58034478118293     
   2.7818589683899280E-003   475.42733982527028     
   2.8062547004372557E-003   472.30173355504576     
   2.8308643727845374E-003   469.20328765222962     
   2.8556898615981377E-003   466.13176586861209     
   2.8807330594976129E-003   463.08693400801957     
   2.9059958756999949E-003   460.06855990845560     
   2.9314802361653453E-003   457.07641342438876     
   2.9571880837435849E-003   454.11026640919812     
   2.9831213783226103E-003   451.16989269777082     
   3.0092820969777096E-003   448.25506808924820     
   3.0356722341222898E-003   445.36557032991595     
   3.0622938016599218E-003   442.50117909625419     
   3.0891488291377263E-003   439.66167597813615     
   3.1162393639010966E-003   436.84684446214982     
   3.1435674712497834E-003   434.05646991509275     
   3.1711352345953465E-003   431.29033956758769     
   3.1989447556199885E-003   428.54824249786026     
   3.2269981544367798E-003   425.82996961563151     
   3.2552975697512899E-003   423.13531364617836     
   3.2838451590246360E-003   420.46406911450993     
   3.3126430986379607E-003   417.81603232969411     
   3.3416935840583544E-003   415.19100136931104     
   3.3709988300062274E-003   412.58877606405048     
   3.4005610706241566E-003   410.00915798243011     
   3.4303825596472097E-003   407.45195041566205     
   3.4604655705747604E-003   404.91695836263409     
   3.4908123968438167E-003   402.40398851503369     
   3.5214253520038626E-003   399.91284924259571     
   3.5523067698932371E-003   397.44335057846786     
   3.5834590048170593E-003   394.99530420472917     
   3.6148844317267126E-003   392.56852343800341     
   3.6465854464009049E-003   390.16282321521669     
   3.6785644656283137E-003   387.77802007947258     
   3.7108239273918376E-003   385.41393216604274     
   3.7433662910544572E-003   383.07037918849727     
   3.7761940375467310E-003   380.74718242492912     
   3.8093096695559362E-003   378.44416470431901     
   3.8427157117168617E-003   376.16115039300666     
   3.8764147108042808E-003   373.89796538129042     
   3.9104092359271104E-003   371.65443707012162     
   3.9447018787242714E-003   369.43039435793685     
   3.9792952535622657E-003   367.22566762759510     
   4.0141919977344891E-003   365.04008873341547     
   4.0493947716622909E-003   362.87349098835381     
   4.0849062590977954E-003   360.72570915126158     
   4.1207291673285027E-003   358.59657941427372     
   4.1568662273836852E-003   356.48593939029922     
   4.1933201942425920E-003   354.39362810061425     
   4.2300938470444804E-003   352.31948596257496     
   4.2671899893004890E-003   350.26335477742498     
   4.3046114491073701E-003   348.22507771821068     
   4.3423610793630919E-003   346.20449931780303     
   4.3804417579843382E-003   344.20146545702318     
   4.4188563881259095E-003   342.21582335286746     
   4.4576078984020521E-003   340.24742154683315     
   4.4966992431097284E-003   338.29610989335077     
   4.5361334024538371E-003   336.36173954830758     
   4.5759133827744233E-003   334.44416295767883     
   4.6160422167758671E-003   332.54323384624576     
   4.6565229637580887E-003   330.65880720642377     
   4.6973587098497818E-003   328.79073928717753     
   4.7385525682436900E-003   326.93888758303075     
   4.7801076794339445E-003   325.10311082317867     
   4.8220272114554898E-003   323.28326896068722     
   4.8643143601256027E-003   321.47922316178403     
   4.9069723492875320E-003   319.69083579524852     
   4.9500044310562749E-003   317.91797042188443     
   4.9934138860665079E-003   316.16049178409168     
   5.0372040237226922E-003   314.41826579552037     
   5.0813781824513718E-003   312.69115953081405     
   5.1259397299556909E-003   310.97904121544627     
   5.1708920634721267E-003   309.28178021564082     
   5.2162386100294928E-003   307.59924702837907     
   5.2619828267102030E-003   305.93131327148706     
   5.3081282009138277E-003   304.27785167381955     
   5.3546782506229641E-003   302.63873606551954     
   5.4016365246714352E-003   301.01384136835918     
   5.4490066030148439E-003   299.40304358616913     
   5.4967920970034941E-003   297.80621979535169     
   5.5449966496577147E-003   296.22324813546209     
   5.5936239359455865E-003   294.65400779988607     
   5.6426776630631144E-003   293.09837902658762     
   5.6921615707168534E-003   291.55624308893630     
   5.7420794314090064E-003   290.02748228661790     
   5.7924350507250364E-003   288.51197993661197     
   5.8432322676237871E-003   287.00962036426290     
   5.8944749547301554E-003   285.52028889441044     
   5.9461670186303286E-003   284.04387184260264     
   5.9983124001696097E-003   282.58025650638547     
   6.0509150747528563E-003   281.12933115666624     
   6.1039790526475537E-003   279.69098502914289     
   6.1575083792895433E-003   278.26510831581726     
   6.2115071355914363E-003   276.85159215656944     
   6.2659794382537307E-003   275.45032863081502     
   6.3209294400786535E-003   274.06121074921737     
   6.3763613302867594E-003   272.68413244549197     
   6.4322793348363036E-003   271.31898856825580     
   6.4886877167454173E-003   269.96567487296284     
   6.5455907764171047E-003   268.62408801390342     
   6.6029928519670935E-003   267.29412553626571     
   6.6608983195545609E-003   265.97568586827094     
   6.7193115937157601E-003   264.66866831337143     
   6.7782371277005640E-003   263.37297304251462     
   6.8376794138119770E-003   262.08850108647420     
   6.8976429837486050E-003   260.81515432824204     
   6.9581324089501477E-003   259.55283549548585     
   7.0191523009459026E-003   258.30144815307250     
   7.0807073117063399E-003   257.06089669564892     
   7.1428021339977523E-003   255.83108634028872     
   7.2054415017400158E-003   254.61192311920269     
   7.2686301903674934E-003   253.40331387250092     
   7.3323730171930938E-003   252.20516624102535     
   7.3966748417755345E-003   251.01738865923775     
   7.4615405662898171E-003   249.83989034816611     
   7.5269751359009528E-003   248.67258130840997     
   7.5929835391409708E-003   247.51537231320708     
   7.6595708082892204E-003   246.36817490155437     
   7.7267420197560293E-003   245.23090137138269     
   7.7945022944697030E-003   244.10346477279811     
   7.8628567982669314E-003   242.98577890136829     
   7.9318107422866220E-003   241.87775829147162     
   8.0013693833671708E-003   240.77931820969576     
   8.0715380244472373E-003   239.69037464829475     
   8.1423220149700222E-003   238.61084431869804     
   8.2137267512910842E-003   237.54064464507178     
   8.2857576770897570E-003   236.47969375793542     
   8.3584202837841456E-003   235.42791048782755     
   8.4317201109497791E-003   234.38521435902697     
   8.5056627467419328E-003   233.35152558331882     
   8.5802538283216555E-003   232.32676505381983     
   8.6554990422855194E-003   231.31085433884678     
   8.7314041250991584E-003   230.30371567583614     
   8.8079748635345925E-003   229.30527196531705     
   8.8852170951113987E-003   228.31544676492715     
   8.9631367085417409E-003   227.33416428347860     
   9.0417396441793123E-003   226.36134937507438     
   9.1210318944722046E-003   225.39692753326858     
   9.2010195044197572E-003   224.44082488527403     
   9.2817085720334098E-003   223.49296818621909     
   9.3631052488015974E-003   222.55328481344202     
   9.4452157401587120E-003   221.62170276084359     
   9.5280463059581964E-003   220.69815063327275     
   9.6116032609497807E-003   219.78255764096087     
   9.6958929752608784E-003   218.87485359400273     
   9.7809218748822480E-003   217.97496889687648     
   9.8666964421578792E-003   217.08283454300846     
   9.9532232162791862E-003   216.19838210938005     
   1.0040508793783542E-002   215.32154375117918     
   1.0128559829057179E-002   214.45225219648665     
   1.0217383034842488E-002   213.59044074101291     
   1.0306985182749792E-002   212.73604324286674     
   1.0397373103773578E-002   211.88899411737100     
   1.0488553688813287E-002   211.04922833191213     
   1.0580533889198643E-002   210.21668140083415     
   1.0673320717219603E-002   209.39128938037047     
   1.0766921246660959E-002   208.57298886360843     
   1.0861342613341617E-002   207.76171697550049     
   1.0956592015658609E-002   206.95741136790969     
   1.1052676715135882E-002   206.16001021468844     
   1.1149604036977886E-002   205.36945220679644     
   1.1247381370628034E-002   204.58567654746159     
   1.1346016170332046E-002   203.80862294736284     
   1.1445515955706236E-002   203.03823161986202     
   1.1545888312310798E-002   202.27444327626301     
   1.1647140892228078E-002   201.51719912110698     
   1.1749281414645981E-002   200.76644084750217     
   1.1852317666446427E-002   200.02211063248851     
   1.1956257502799019E-002   199.28415113243253     
   1.2061108847759886E-002   198.55250547846009     
   1.2166879694875801E-002   197.82711727191477     
   1.2273578107793569E-002   197.10793057985578     
   1.2381212220874786E-002   196.39488993058012     
   1.2489790239815977E-002   195.68794030918241     
   1.2599320442274169E-002   194.98702715314113     
   1.2709811178497954E-002   194.29209634793818     
   1.2821270871964092E-002   193.60309422270558     
   1.2933708020019688E-002   192.91996754590377     
   1.3047131194530003E-002   192.24266352102779     
   1.3161549042531948E-002   191.57112978234568     
   1.3276970286893309E-002   190.90531439065799     
   1.3393403726977747E-002   190.24516582909263     
   1.3510858239315639E-002   189.59063299892443     
   1.3629342778280798E-002   188.94166521541865     
   1.3748866376773127E-002   188.29821220370755     
   1.3869438146907255E-002   187.66022409468752     
   1.3991067280707222E-002   187.02765142094549     
   1.4113763050807250E-002   186.40044511270864     
   1.4237534811158659E-002   185.77855649382096     
   1.4362391997742979E-002   185.16193727774402     
   1.4488344129291337E-002   184.55053956358009     
   1.4615400808010113E-002   183.94431583212310     
   1.4743571720313004E-002   183.34321894192769     
   1.4872866637559471E-002   182.74720212540609     
   1.5003295416799687E-002   182.15621898494601     
   1.5134868001526003E-002   181.57022348904846     
   1.5267594422431014E-002   180.98916996849132     
   1.5401484798172270E-002   180.41301311251084     
   1.5536549336143677E-002   179.84170796500678     
   1.5672798333253701E-002   179.27520992076555     
   1.5810242176710353E-002   178.71347472170623     
   1.5948891344813084E-002   178.15645845314381     
   1.6088756407751627E-002   177.60411754007310     
   1.6229848028411823E-002   177.05640874347171     
   1.6372176963188538E-002   176.51328915662106     
   1.6515754062805688E-002   175.97471620144603     
   1.6660590273143473E-002   175.44064762486937     
   1.6806696636072850E-002   174.91104149518904     
   1.6954084290297346E-002   174.38585619846705     
   1.7102764472202214E-002   173.86505043493753     
   1.7252748516711089E-002   173.34858321542896     
   1.7404047858150105E-002   172.83641385780456     
   1.7556674031119629E-002   172.32850198341475     
   1.7710638671373610E-002   171.82480751356621     
   1.7865953516706674E-002   171.32529066600526     
   1.8022630407848950E-002   170.82991195141375     
   1.8180681289368790E-002   170.33863216991975     
   1.8340118210583390E-002   169.85141240761993     
   1.8500953326477377E-002   169.36821403311623     
   1.8663198898629468E-002   168.88899869406211     
   1.8826867296147288E-002   168.41372831372274     
   1.8991970996610305E-002   167.94236508754568     
   1.9158522587021120E-002   167.47487147974090     
   1.9326534764765042E-002   167.01121021987333     
   1.9496020338578102E-002   166.55134429946409     
   1.9666992229523558E-002   166.09523696860089     
   1.9839463471976952E-002   165.64285173255826     
   2.0013447214619819E-002   165.19415234842432     
   2.0188956721442084E-002   164.74910282173809     
   2.0366005372753283E-002   164.30766740313345     
   2.0544606666202638E-002   163.86981058498898     
   2.0724774217808072E-002   163.43549709808440     
   2.0906521762994245E-002   163.00469190826701     
   2.1089863157639721E-002   162.57736021311624     
   2.1274812379133281E-002   162.15346743862253     
   2.1461383527439516E-002   161.73297923586256     
   2.1649590826173779E-002   161.31586147768348     
   2.1839448623686537E-002   160.90208025539033     
   2.2030971394157252E-002   160.49160187543387     
   2.2224173738697846E-002   160.08439285610547     
   2.2419070386465838E-002   159.68041992422872     
   2.2615676195787280E-002   159.27965001185856     
   2.2814006155289460E-002   158.88205025297682     
   2.3014075385043641E-002   158.48758798019040     
   2.3215899137717731E-002   158.09623072142912     
   2.3419492799739122E-002   157.70794619664429     
   2.3624871892467696E-002   157.32270231450411     
   2.3832052073379115E-002   156.94046716908866     
   2.4041049137258536E-002   156.56120903658319     
   2.4251879017404707E-002   156.18489637196842     
   2.4464557786844716E-002   155.81149780570749     
   2.4679101659559319E-002   155.44098214042870     
   2.4895526991719073E-002   155.07331834760507     
   2.5113850282931248E-002   154.70847556422856     
   2.5334088177497736E-002   154.34642308947832     
   2.5556257465683945E-002   153.98713038138283     
   2.5780375084998843E-002   153.63056705347663     
   2.6006458121486220E-002   153.27670287144883     
   2.6234523811027283E-002   152.92550774978312     
   2.6464589540654650E-002   152.57695174839171     
   2.6696672849877909E-002   152.23100506923672     
   2.6930791432020748E-002   151.88763805294536     
   2.7166963135569870E-002   151.54682117541304     
   2.7405205965535685E-002   151.20852504439483     
   2.7645538084824964E-002   150.87272039608803     
   2.7887977815625530E-002   150.53937809169878     
   2.8132543640803066E-002   150.20846911400002     
   2.8379254205310234E-002   149.87996456387199     
   2.8628128317608043E-002   149.55383565683150     
   2.8879184951099823E-002   149.23005371954491     
   2.9132443245577639E-002   148.90859018632551     
   2.9387922508681493E-002   148.58941659561532     
   2.9645642217371246E-002   148.27250458645042     
   2.9905622019411507E-002   147.95782589490710     
   3.0167881734869510E-002   147.64535235053083     
   3.0432441357626124E-002   147.33505587274669     
   3.0699321056900156E-002   147.02690846724903     
   3.0968541178785954E-002   146.72088222237085     
   3.1240122247804546E-002   146.41694930543287     
   3.1514084968468387E-002   146.11508195907004     
   3.1790450226859772E-002   145.81525249753508     
   3.2069239092223159E-002   145.51743330297955     
   3.2350472818571396E-002   145.22159682170977     
   3.2634172846306091E-002   144.92771556041907     
   3.2920360803852140E-002   144.63576208239277     
   3.3209058509306617E-002   144.34570900368851     
   3.3500287972102132E-002   144.05752898928711     
   3.3794071394684745E-002   143.77119474921818     
   3.4090431174206619E-002   143.48667903465423     
   3.4389389904233528E-002   143.20395463397676     
   3.4690970376467289E-002   142.92299436881217     
   3.4995195582483367E-002   142.64377109003442     
   3.5302088715483640E-002   142.36625767373846     
   3.5611673172064630E-002   142.09042701717760     
   3.5923972554001135E-002   141.81625203467078     
   3.6239010670045604E-002   141.54370565347213     
   3.6556811537743213E-002   141.27276080960647     
   3.6877399385262896E-002   141.00339044366928     
   3.7200798653244424E-002   140.73556749658812     
   3.7527033996661713E-002   140.46926490534679     
   3.7856130286702393E-002   140.20445559867159     
   3.8188112612663958E-002   139.94111249267627     
   3.8523006283866471E-002   139.67920848646779     
   3.8860836831582077E-002   139.41871645771027     
   3.9201630010981425E-002   139.15960925814625     
   3.9545411803097189E-002   138.90185970907589     
   3.9892208416804735E-002   138.64544059679162     
   4.0242046290820253E-002   138.39032466796726     
   4.0594952095716327E-002   138.13648462500328     
   4.0950952735955254E-002   137.88389312132350     
   4.1310075351940125E-002   137.63252275662595     
   4.1672347322083934E-002   137.38234607208389     
   4.2037796264896857E-002   137.13333554549934     
   4.2406450041091753E-002   136.88546358640522     
   4.2778336755708218E-002   136.63870253111816     
   4.3153484760255198E-002   136.39302463773708     
   4.3531922654872462E-002   136.14840208109251     
   4.3913679290510946E-002   135.90480694763932     
   4.4298783771132277E-002   135.66221123029746     
   4.4687265455927584E-002   135.42058682323758     
   4.5079153961555742E-002   135.17990551660847     
   4.5474479164401255E-002   134.94013899121123     
   4.5873271202851937E-002   134.70125881311364     
   4.6275560479596578E-002   134.46323642820678     
   4.6681377663942751E-002   134.22604315670424     
   4.7090753694154955E-002   133.98965018757889     
   4.7503719779813214E-002   133.75402857294250     
   4.7920307404192466E-002   133.51914922236105     
   4.8340548326662694E-002   133.28498289711160     
   4.8764474585110192E-002   133.05150020437344     
   4.9192118498380039E-002   132.81867159135913     
   4.9623512668739961E-002   132.58646733938019     
   5.0058689984365863E-002   132.35485755784907     
   5.0497683621849095E-002   132.12381217821658     
   5.0940527048725759E-002   131.89330094784401     
   5.1387254026028145E-002   131.66329342380988     
   5.1837898610858600E-002   131.43375896664980     
   5.2292495158985902E-002   131.20466673403104     
   5.2751078327464486E-002   130.97598567435909     
   5.3213683077276537E-002   130.74768452031870     
   5.3680344675997346E-002   130.51973178234536     
   5.4151098700483999E-002   130.29209574203213     
   5.4625981039587622E-002   130.06474444546666     
   5.5105027896889487E-002   129.83764569650077     
   5.5588275793461005E-002   129.61076704995435     
   5.6075761570648024E-002   129.38407580474868     
   5.6567522392879474E-002   129.15753899697529     
   5.7063595750500698E-002   128.93112339289519     
   5.7564019462631580E-002   128.70479548187279     
   5.8068831680049747E-002   128.47852146924268     
   5.8578070888099097E-002   128.25226726911063     
   5.9091775909623799E-002   128.02599849708878     
   5.9609985907928022E-002   127.79968046296638     
   6.0132740389761616E-002   127.57327816331681     
   6.0660079208331996E-002   127.34675627404080     
   6.1192042566342426E-002   127.12007914284817     
   6.1728671019056970E-002   126.89321078167876     
   6.2270005477392282E-002   126.66611485906300     
   6.2816087211036500E-002   126.43875469242478     
   6.3366957851595601E-002   126.21109324032788     
   6.3922659395767190E-002   125.98309309466651     
   6.4483234208542226E-002   125.75471647280365     
   6.5048725026434828E-002   125.52592520965743     
   6.5619174960740323E-002   125.29668074973942     
   6.6194627500821987E-002   125.06694413914559     
   6.6775126517426481E-002   124.83667601750398     
   6.7360716266028450E-002   124.60583660988017     
   6.7951441390204384E-002   124.37438571864604     
   6.8547346925036223E-002   124.14228271531168     
   6.9148478300544547E-002   123.90948653232699     
   6.9754881345152134E-002   123.67595565485476     
   7.0366602289177696E-002   123.44164811251984     
   7.0983687768360421E-002   123.20652147113796     
   7.1606184827415292E-002   122.97053282442960     
   7.2234140923619572E-002   122.73363878572293     
   7.2867603930430985E-002   122.49579547965098     
   7.3506622141137207E-002   122.25695853384774     
   7.4151244272537803E-002   122.01708307065098     
   7.4801519468658123E-002   121.77612369881436     
   7.5457497304495899E-002   121.53403450523835     
   7.6119227789800792E-002   121.29076904672461     
   7.6786761372886897E-002   121.04628034176233     
   7.7460148944478724E-002   120.80052086235202     
   7.8139441841591092E-002   120.55344252587670     
   7.8824691851442780E-002   120.30499668702771     
   7.9515951215404709E-002   120.05513412979381     
   8.0213272632982585E-002   119.80380505952277     
   8.0916709265834649E-002   119.55095909506565     
   8.1626314741824454E-002   119.29654526101319     
   8.2342143159109357E-002   119.04051198003494     
   8.3064249090264802E-002   118.78280706533334     
   8.3792687586444731E-002   118.52337771322296     
   8.4527514181578514E-002   118.26217049584798     
   8.5268784896604749E-002   117.99913135405126     
   8.6016556243741993E-002   117.73420559040730     
   8.6770885230797290E-002   117.46733786243389     
   8.7531829365512043E-002   117.19847217599737     
   8.8299446659946407E-002   116.92755187892622     
   8.9073795634901864E-002   116.65451965484968     
   8.9854935324382684E-002   116.37931751727791     
   9.0642925280096487E-002   116.10188680394198     
   9.1437825575994308E-002   115.82216817141003     
   9.2239696812850491E-002   115.54010159000160     
   9.3048600122882588E-002   115.25562633901713     
   9.3864597174411993E-002   114.96868100230621     
   9.4687750176565305E-002   114.67920346419314     
   9.5518121884017024E-002   114.38713090578503     
   9.6355775601773677E-002   114.09239980168449     
   9.7200775190000033E-002   113.79494591713045     
   9.8053185068887702E-002   113.49470430559516     
   9.8913070223566157E-002   113.19160930686003     
   9.9780496209057185E-002   112.88559454560055     
  0.10065552915527244        112.57659293050681     
  0.10153823577205510        112.26453665397008     
  0.10242868335426562        111.94935719236507     
  0.10332693978691201        111.63098530695980     
  0.10423307355032518        111.30935104548604     
  0.10514715372537982        110.98438374440319     
  0.10606924999876072        110.65601203189220     
  0.10699943266827558        110.32416383161377     
  0.10793777264821429        109.98876636726983     
  0.10888434147475524        109.64974616800657     
  0.10983921131141891        109.30702907469816     
  0.11080245495456956        108.96054024715335     
  0.11177414583896485        108.61020417228715     
  0.11275435804335440        108.25594467330090     
  0.11374316629612725        107.89768491991661     
  0.11474064598100898        107.53534743971137     
  0.11574687314280867        107.16885413060008     
  0.11676192449321639        106.79812627451530     
  0.11778587741665143        106.42308455233527     
  0.11881880997616186        106.04364906011074     
  0.11986080091937580        105.65973932664582     
  0.12091192968450497        105.27127433248521     
  0.12197227640640072        104.87817253036553     
  0.12304192192266332        104.48035186718687     
  0.12412094777980474        104.07772980756340     
  0.12520943623946562        103.67022335901372     
  0.12630747028468642        103.25774909885065     
  0.12741513362623405        102.84022320283428     
  0.12853251070898356        102.41756147565079     
  0.12965968671835598        101.98967938328272     
  0.13079674758681267        101.55649208733617     
  0.13194378000040649        101.11791448139188     
  0.13310087140539043        100.67386122944912     
  0.13426811001488440        100.22424680652932     
  0.13544558481560015        99.768985541512251     
  0.13663338557462548        99.307991662273096     
  0.13783160284626778        98.841179343192636     
  0.13904032797895752        98.368462755113086     
  0.14025965312221250        97.889756117811359     
  0.14148967123366302        97.404973755063111     
  0.14273047608613862        96.914030152370827     
  0.14398216227481708        96.416840017429166     
  0.14524482522443607        95.913318343400434     
  0.14651856119656809        95.403380475074854     
  0.14780346729695903        94.886942177986157     
  0.14909964148293137        94.363919710557155     
  0.15040718257085198        93.834229899344280     
  0.15172619024366571        93.297790217454278     
  0.15305676505849489        92.754518866200073     
  0.15439900845430551        92.204334860064904     
  0.15575302275964048        91.647158115041364     
  0.15711891120042104        91.082909540408011     
  0.15849677790781630        90.511511134006952     
  0.15988672792618183        89.932886081081406     
  0.16128886722106806        89.346958856729302     
  0.16270330268729860        88.753655332026611     
  0.16413014215711974        88.152902883869800     
  0.16556949440842109        87.544630508583040     
  0.16702146917302865        86.928768939331519     
  0.16848617714507028        86.305250767376748     
  0.16996372998941475        85.674010567205784     
  0.17145424035018478        85.034985025558200     
  0.17295782185934452        84.388113074372342     
  0.17447458914536265        83.733336027660329     
  0.17600465784195132        83.070597722319206     
  0.17754814459688162        82.399844662874543     
  0.17910516708087645        81.721026170145663     
  0.18067584399658143        81.034094533812393     
  0.18226029508761446        80.339005168853802     
  0.18385864114769448        79.635716775819589     
  0.18547100402985059        78.924191504882927     
  0.18709750665571157        78.204395123613509     
  0.18873827302487717        77.476297188395478     
  0.19039342822437141        76.739871219404904     
  0.19206309843817893        75.995094879044530     
  0.19374741095686465        75.241950153722698     
  0.19544649418727833        74.480423538844718     
  0.19716047766234360        73.710506226873633     
  0.19888949205093337        72.932194298295798     
  0.20063366916783160        72.145488915314473     
  0.20239314198378225        71.350396518073097     
  0.20416804463562691        70.546929023192547     
  0.20595851243653074        69.735104024387951     
  0.20776468188629829        68.914944994909163     
  0.20958669068178015        68.086481491528531     
  0.21142467772737009        67.249749359779372     
  0.21327878314559509        66.404790940123604     
  0.21514914828779766        65.551655274707301     
  0.21703591574491204        64.690398314336363     
  0.21893922935833501        63.821083125283337     
  0.22085923423089179        62.943780095508487     
  0.22279607673789828        62.058567139856763     
  0.22474990453832033        61.165529903763343     
  0.22672086658603074        60.264761964976969     
  0.22870911314116507        59.356365032782421     
  0.23071479578157697        58.440449144177620     
  0.23273806741439412        57.517132856434813     
  0.23477908228767533        56.586543435446835     
  0.23683799600216987        55.648817039234657     
  0.23891496552318017        54.704098895964847     
  0.24101014919252825        53.752543475799598     
  0.24312370674062725        52.794314655875738     
  0.24525579929865882        51.829585877684721     
  0.24740658941085714        50.858540296100010     
  0.24957624104690102        49.881370919274886     
  0.25176491961441422        48.898280738610644     
  0.25397279197157585        47.909482847974083     
  0.25620002643984097        46.915200551322265     
  0.25844679281677274        45.915667457873788     
  0.26071326238898779        44.911127563949151     
  0.26299960794521404        43.901835320588084     
  0.26530600378946390        42.888055686037731     
  0.26763262575432256        41.870064162196222     
  0.26997965121435302        40.848146814087812     
  0.27234725909961849        39.822600271441218     
  0.27473562990932343        38.793731711440486     
  0.27714494572557452        37.761858821719272     
  0.27957539022726163        36.727309742676255     
  0.28202714870406137        35.690422988195095     
  0.28450040807056276        34.651547343869524     
  0.28699535688051697        33.611041741848950     
  0.28951218534121231        32.569275111443247     
  0.29205108532797486        31.526626204652793     
  0.29461225039879663        30.483483395821636     
  0.29719587580909168        29.440244454649921     
  0.29980215852658176        28.397316291844078     
  0.30243129724631279        27.355114676733571     
  0.30508349240580257        26.314063926237139     
  0.30775894620032135        25.274596564623124     
  0.31045786259830699        24.237152953575915     
  0.31318044735691464        23.202180892154736     
  0.31592690803770307        22.170135186311853     
  0.31869745402245853        21.141477187723190     
  0.32149229652915734        20.116674301780435     
  0.32431164862806861        19.096199464691800     
  0.32715572525799813        18.080530589747575     
  0.33002474324267428        17.070149982919538     
  0.33291892130727840        16.065543728082680     
  0.33583848009511968        15.067201042275286     
  0.33878364218445606        14.075613601544489     
  0.34175463210546320        13.091274838062510     
  0.34475167635735188        12.114679209341837     
  0.34777500342563561        11.146321440526059     
  0.35082484379954959        10.186695740884517     
  0.35390142998962271        9.2362949957958094     
  0.35700499654540319        8.2956099356644373     
  0.36013578007334018        7.3651282833764000     
  0.36329401925482163        6.4453338820637214     
  0.36647995486437085        5.5367058051120637     
  0.36969382978800241        4.6397174505102328     
  0.37293588904173897        3.7548356218043892     
  0.37620637979029048        2.8825195980809895     
  0.37950555136589736        2.0232201955611515     
  0.38283365528733898        1.1773788235441032     
  0.38619094527910819       0.34542653758563091     
  0.38957767729075515      -0.47221690706019359     
  0.39299410951639968       -1.2751439985727089     
  0.39644050241441542       -2.0629604049822987     
  0.39991711872728614       -2.8352859004719768     
  0.40342422350163676       -3.5917552780583435     
  0.40696208410843926       -4.3320192450586461     
  0.41053097026339697       -5.0557452976770136     
  0.41413115404750589       -5.7626185709840030     
  0.41776290992779802       -6.4523426605245575     
  0.42142651477826581       -7.1246404117665527     
  0.42512224790096981       -7.7792546736008923     
  0.42885039104733225       -8.4159490121239031     
  0.43261122843961664       -9.0345083809732216     
  0.43640504679259612       -9.6347397445542953     
  0.44023213533541167       -10.216472650581967     
  0.44409278583362205       -10.779559748475670     
  0.44798729261144732       -11.323877250284177     
  0.45191595257420669       -11.849325330979934     
  0.45587906523095445       -12.355828465152008     
  0.45987693271731284       -12.843335697341324     
  0.46390985981850663       -13.311820843501962     
  0.46797815399259840       -13.761282621336678     
  0.47208212539392874       -14.191744707543803     
  0.47622208689676115       -14.603255720324032     
  0.48039835411913467       -14.995889125829317     
  0.48461124544692574       -15.369743067589479     
  0.48886108205812090       -15.724940118324659     
  0.49314818794730231       -16.061626953940131     
  0.49747288995034838       -16.379973949902976     
  0.50183551776935065       -16.680174700614792     
  0.50623640399774872       -16.962445462817854     
  0.51067588414568732       -17.227024524502319     
  0.51515429666559343       -17.474171501213487     
  0.51967198297797934       -17.704166562091121     
  0.52422928749747189       -17.917309588400006     
  0.52882655765906894       -18.113919267731720     
  0.53346414394462682       -18.294332127466816     
  0.53814239990958068       -18.458901511480789     
  0.54286168220989739       -18.607996504452888     
  0.54762235062926712       -18.742000808490197     
  0.55242476810653107       -18.861311577106544     
  0.55726930076335168       -18.966338211893842     
  0.56215631793212395       -19.057501127488276     
  0.56708619218413248       -19.135230490663126     
  0.57205929935795541       -19.199964939569977     
  0.57707601858811675       -19.252150289299376     
  0.58213673233399110       -19.292238230037334     
  0.58724182640896017       -19.320685024153867     
  0.59239169000982717       -19.337950208573400     
  0.59758671574648692       -19.344495308741926     
  0.60282729967185811       -19.340782570423336     
  0.60811384131207669       -19.327273715426301     
  0.61344674369695462       -19.304428727184291     
  0.61882641339070565       -19.272704671886402     
  0.62425326052294039       -19.232554560586060     
  0.62972769881993396       -19.184426257401913     
  0.63525014563616600       -19.128761438571676     
  0.64082102198613977       -19.065994606729220     
  0.64644075257647837       -18.996552164351286     
  0.65210976583830316       -18.920851549866505     
  0.65782849395989607       -18.839300439440741     
  0.66359737291964838       -18.752296016953515     
  0.66941684251929823       -18.660224314165454     
  0.67528734641745980       -18.563459622551893     
  0.68120933216344703       -18.462363977747462     
  0.68718325123139212       -18.357286717017015     
  0.69320955905466586       -18.248564109644303     
  0.69928871506059809       -18.136519059617029     
  0.70542118270550258       -18.021460879490409     
  0.71160742951000999       -17.903685133835840     
  0.71784792709471024       -17.783473550231957     
  0.72414315121610706       -17.661093995335641     
  0.73049358180288848       -17.536800513185074     
  0.73689970299251528       -17.410833422538879     
  0.74336200316812984       -17.283419469747180     
  0.74988097499578887       -17.154772033385044     
  0.75645711546202332       -17.025091376657468     
  0.76309092591172678       -16.894564943409296     
  0.76978291208637617       -16.763367693443278     
  0.77653358416258855       -16.631662472765342     
  0.78334345679101514       -16.499600414337049     
  0.79021304913557666       -16.367321364919800     
  0.79714288491304264       -16.234954333642023     
  0.80413349243295884       -16.102617958007173     
  0.81118540463792244       -15.970420983183532     
  0.81829915914421347       -15.838462750573973     
  0.82547529828278032       -15.706833691851649     
  0.83271436914058528       -15.575615824861197     
  0.84001692360231306       -15.444883248022116     
  0.84738351839244486       -15.314702630126044     
  0.85481471511770113       -15.185133692689417     
  0.86231108030985681       -15.056229682302982     
  0.86987318546893200       -14.928037830705843     
  0.87750160710676139       -14.800599800600430     
  0.88519692679094586       -14.673952115511975     
  0.89295973118918937       -14.548126572278663     
  0.90079061211402423       -14.423150635033135     
  0.90869016656792989       -14.299047809799735     
  0.91665899678884621       -14.175837999082487     
  0.92469771029608627       -14.053537836053801     
  0.93280691993665177       -13.932160998171950     
  0.94098724393195432       -13.811718500255004     
  0.94923930592494754       -13.692218967218940     
  0.95756373502767056       -13.573668886848088     
  0.96596116586921099       -13.456072843105909     
  0.97443223864408612       -13.339433730614211     
  0.98297759916104921       -13.223752951029047     
  0.99159789889232486       -13.109030592122782     
   1.0002937950232749       -12.995265590445008     
   1.0090659505024997       -12.882455878480894     
   1.0179150340923804       -12.770598517255909     
   1.0268417204200617       -12.659689815351713     
   1.0358466900288854       -12.549725435300779     
   1.0449306294302714       -12.440700488318711     
   1.0540942311560557       -12.332609618314660     
   1.0633381938112874       -12.225447076093023     
   1.0726632221274868       -12.119206784625549     
   1.0820700270163741       -12.013882396233074     
   1.0915593256240657       -11.909467342472098     
   1.1011318413857467       -11.805954877473983     
   1.1107883040808255       -11.703338115435226     
   1.1205294498885676       -11.601610062907056     
   1.1303560214442216       -11.500763646481710     
   1.1402687678956340       -11.400791736423088     
   1.1502684449603626       -11.301687166740406     
   1.1603558149832904       -11.203442752156485     
   1.1705316469947440       -11.106051302377381     
   1.1807967167691218       -11.009505634027422     
   1.1911518068840374       -10.913798580573976     
   1.2015977067799808       -10.818923000529129     
   1.2121352128205025       -10.724871784181342     
   1.2227651283529259       -10.631637859078849     
   1.2334882637695928       -10.539214194458092     
   1.2443054365696442       -10.447593804784937     
   1.2552174714213449       -10.356769752553230     
   1.2662252002249521       -10.266735150464948     
   1.2773294621761400       -10.177483163097857     
   1.2885311038299732       -10.089007008150844     
   1.2998309791654497       -10.001299957342857     
   1.3112299496506030       -9.9143553370295745     
   1.3227288843081793       -9.8281665285911206     
   1.3343286597818869       -9.7427269686354112     
   1.3460301604032319       -9.6580301490538041     
   1.3578342782589348       -9.5740696169594024     
   1.3697419132589415       -9.4908389745326893     
   1.3817539732050284       -9.4083318787946588     
   1.3938713738600119       -9.3265420413236697     
   1.4060950390175635       -9.2454632279291875     
   1.4184259005726347       -9.1650892582927916     
   1.4308648985925045       -9.0854140055847914     
   1.4434129813884462       -9.0064313960629825     
   1.4560711055880233       -8.9281354086587221     
   1.4688402362080206       -8.8505200745542467     
   1.4817213467280139       -8.7735794767544011     
   1.4947154191645846       -8.6973077496551046     
   1.5078234441461866       -8.6216990786103818     
   1.5210464209886680       -8.5467476994993010     
   1.5343853577714568       -8.4724478982938631     
   1.5478412714144121       -8.3987940106286008     
   1.5614151877553530       -8.3257804213724089     
   1.5751081416282642       -8.2534015642030347     
   1.5889211769421887       -8.1816519211845051     
   1.6028553467608124       -8.1105260223476918     
   1.6169117133827464       -8.0400184452741339     
   1.6310913484225131       -7.9701238146832249     
   1.6453953328922439       -7.9008368020227868     
   1.6598247572840905       -7.8321521250631152     
   1.6743807216533626       -7.7640645474944305     
   1.6890643357023913       -7.6965688785277928     
   1.7038767188651303       -7.6296599724994474     
   1.7188190003924977       -7.5633327284785787     
   1.7338923194384666       -7.4975820898784580     
   1.7490978251469111       -7.4324030440709672     
   1.7644366767392134       -7.3677906220044607     
   1.7799100436026387       -7.3037398978249515     
   1.7955191053794870       -7.2402459885005728     
   1.8112650520570239       -7.1773040534493262     
   1.8271490840582030       -7.1149092941700438     
   1.8431724123331814       -7.0530569538765686     
   1.8593362584516395       -6.9917423171351123     
   1.8756418546959095       -6.9309607095047676     
   1.8920904441549207       -6.8707074971811366     
   1.9086832808189693       -6.8109780866430691     
   1.9254216296753186       -6.7517679243024675     
   1.9423067668046372       -6.6930724961571313     
   1.9593399794782840       -6.6348873274466271     
   1.9765225662564463       -6.5772079823111413     
   1.9938558370871375       -6.5200300634533095     
