   4.3859546913937069E-006   248.65153029433020     
   4.4244176676404469E-006   248.65153029321704     
   4.4632179479967476E-006   248.65153029208429     
   4.5023584904776523E-006   248.65153029093150     
   4.5418422790387509E-006   248.65153028975851     
   4.5816723238036684E-006   248.65153028856483     
   4.6218516612935423E-006   248.65153028735011     
   4.6623833546585275E-006   248.65153028611394     
   4.7032704939113134E-006   248.65153028485605     
   4.7445161961627014E-006   248.65153028357599     
   4.7861236058592410E-006   248.65153028227337     
   4.8280958950229550E-006   248.65153028094784     
   4.8704362634931637E-006   248.65153027959889     
   4.9131479391704306E-006   248.65153027822629     
   4.9562341782626507E-006   248.65153027682942     
   4.9996982655332874E-006   248.65153027540794     
   5.0435435145518006E-006   248.65153027396144     
   5.0877732679462564E-006   248.65153027248948     
   5.1323908976581663E-006   248.65153027099157     
   5.1773998051995430E-006   248.65153026946726     
   5.2228034219122331E-006   248.65153026791612     
   5.2686052092295048E-006   248.65153026633766     
   5.3148086589399366E-006   248.65153026473138     
   5.3614172934536268E-006   248.65153026309679     
   5.4084346660707238E-006   248.65153026143344     
   5.4558643612523264E-006   248.65153025974075     
   5.5037099948937442E-006   248.65153025801825     
   5.5519752146001699E-006   248.65153025626540     
   5.6006636999647537E-006   248.65153025448171     
   5.6497791628491345E-006   248.65153025266656     
   5.6993253476664103E-006   248.65153025081943     
   5.7493060316666087E-006   248.65153024893979     
   5.7997250252246477E-006   248.65153024702704     
   5.8505861721308308E-006   248.65153024508061     
   5.9018933498838828E-006   248.65153024309984     
   5.9536504699865631E-006   248.65153024108417     
   6.0058614782438589E-006   248.65153023903306     
   6.0585303550638102E-006   248.65153023694575     
   6.1116611157609574E-006   248.65153023482171     
   6.1652578108624609E-006   248.65153023266024     
   6.2193245264168971E-006   248.65153023046071     
   6.2738653843057704E-006   248.65153022822238     
   6.3288845425577489E-006   248.65153022594470     
   6.3843861956656614E-006   248.65153022362682     
   6.4403745749062749E-006   248.65153022126816     
   6.4968539486628726E-006   248.65153021886795     
   6.5538286227506589E-006   248.65153021642547     
   6.6113029407450296E-006   248.65153021393991     
   6.6692812843127035E-006   248.65153021141057     
   6.7277680735457754E-006   248.65153020883668     
   6.7867677672986855E-006   248.65153020621744     
   6.8462848635281486E-006   248.65153020355211     
   6.9063238996360707E-006   248.65153020083983     
   6.9668894528154585E-006   248.65153019807968     
   7.0279861403993773E-006   248.65153019527099     
   7.0896186202129568E-006   248.65153019241279     
   7.1517915909284939E-006   248.65153018950423     
   7.2145097924236639E-006   248.65153018654445     
   7.2777780061428733E-006   248.65153018353254     
   7.3416010554617806E-006   248.65153018046752     
   7.4059838060550239E-006   248.65153017734855     
   7.4709311662671556E-006   248.65153017417470     
   7.5364480874868432E-006   248.65153017094485     
   7.6025395645243502E-006   248.65153016765811     
   7.6692106359923219E-006   248.65153016431347     
   7.7364663846899181E-006   248.65153016090991     
   7.8043119379903039E-006   248.65153015744639     
   7.8727524682315502E-006   248.65153015392193     
   7.9417931931109555E-006   248.65153015033530     
   8.0114393760828277E-006   248.65153014668550     
   8.0816963267597509E-006   248.65153014297141     
   8.1525694013173790E-006   248.65153013919195     
   8.2240640029027697E-006   248.65153013534587     
   8.2961855820463055E-006   248.65153013143203     
   8.3689396370772292E-006   248.65153012744923     
   8.4423317145428118E-006   248.65153012339630     
   8.5163674096312099E-006   248.65153011927194     
   8.5910523665980281E-006   248.65153011507493     
   8.6663922791966135E-006   248.65153011080400     
   8.7423928911121345E-006   248.65153010645781     
   8.8190599963994583E-006   248.65153010203508     
   8.8963994399248764E-006   248.65153009753445     
   8.9744171178116949E-006   248.65153009295452     
   9.0531189778897432E-006   248.65153008829392     
   9.1325110201488093E-006   248.65153008355122     
   9.2125992971960712E-006   248.65153007872493     
   9.2933899147175168E-006   248.65153007381366     
   9.3748890319434375E-006   248.65153006881587     
   9.4571028621179740E-006   248.65153006373001     
   9.5400376729728110E-006   248.65153005855461     
   9.6236997872049922E-006   248.65153005328798     
   9.7080955829589613E-006   248.65153004792865     
   9.7932314943127947E-006   248.65153004247483     
   9.8791140117687350E-006   248.65153003692495     
   9.9657496827479874E-006   248.65153003127733     
   1.0053145112089889E-005   248.65153002553023     
   1.0141306962555443E-005   248.65153001968181     
   1.0230241955335252E-005   248.65153001373048     
   1.0319956870561934E-005   248.65153000767427     
   1.0410458547827020E-005   248.65153000151133     
   1.0501753886702375E-005   248.65152999523985     
   1.0593849847266204E-005   248.65152998885793     
   1.0686753450633673E-005   248.65152998236351     
   1.0780471779492167E-005   248.65152997575473     
   1.0875011978641257E-005   248.65152996902953     
   1.0970381255537406E-005   248.65152996218586     
   1.1066586880843428E-005   248.65152995522163     
   1.1163636188982796E-005   248.65152994813468     
   1.1261536578698777E-005   248.65152994092290     
   1.1360295513618517E-005   248.65152993358410     
   1.1459920522822023E-005   248.65152992611601     
   1.1560419201416162E-005   248.65152991851639     
   1.1661799211113690E-005   248.65152991078284     
   1.1764068280817369E-005   248.65152990291307     
   1.1867234207209170E-005   248.65152989490468     
   1.1971304855344696E-005   248.65152988675521     
   1.2076288159252762E-005   248.65152987846218     
   1.2182192122540292E-005   248.65152987002313     
   1.2289024819002460E-005   248.65152986143531     
   1.2396794393238232E-005   248.65152985269623     
   1.2505509061271276E-005   248.65152984380322     
   1.2615177111176330E-005   248.65152983475352     
   1.2725806903711055E-005   248.65152982554446     
   1.2837406872953439E-005   248.65152981617314     
   1.2949985526944787E-005   248.65152980663672     
   1.3063551448338339E-005   248.65152979693232     
   1.3178113295053594E-005   248.65152978705700     
   1.3293679800936359E-005   248.65152977700765     
   1.3410259776424593E-005   248.65152976678132     
   1.3527862109220085E-005   248.65152975637480     
   1.3646495764966028E-005   248.65152974578496     
   1.3766169787930529E-005   248.65152973500864     
   1.3886893301696127E-005   248.65152972404243     
   1.4008675509855332E-005   248.65152971288302     
   1.4131525696712287E-005   248.65152970152707     
   1.4255453227990570E-005   248.65152968997103     
   1.4380467551547225E-005   248.65152967821143     
   1.4506578198093006E-005   248.65152966624470     
   1.4633794781919006E-005   248.65152965406713     
   1.4762127001629592E-005   248.65152964167504     
   1.4891584640881814E-005   248.65152962906470     
   1.5022177569131273E-005   248.65152961623215     
   1.5153915742384539E-005   248.65152960317357     
   1.5286809203958173E-005   248.65152958988494     
   1.5420868085244392E-005   248.65152957636224     
   1.5556102606483458E-005   248.65152956260130     
   1.5692523077542836E-005   248.65152954859795     
   1.5830139898703190E-005   248.65152953434793     
   1.5968963561451271E-005   248.65152951984689     
   1.6109004649279738E-005   248.65152950509037     
   1.6250273838494041E-005   248.65152949007390     
   1.6392781899026331E-005   248.65152947479294     
   1.6536539695256522E-005   248.65152945924274     
   1.6681558186840579E-005   248.65152944341864     
   1.6827848429546020E-005   248.65152942731569     
   1.6975421576094803E-005   248.65152941092921     
   1.7124288877013555E-005   248.65152939425397     
   1.7274461681491293E-005   248.65152937728502     
   1.7425951438244633E-005   248.65152936001712     
   1.7578769696390632E-005   248.65152934244503     
   1.7732928106327220E-005   248.65152932456343     
   1.7888438420621434E-005   248.65152930636677     
   1.8045312494905360E-005   248.65152928784960     
   1.8203562288779992E-005   248.65152926900618     
   1.8363199866726996E-005   248.65152924983090     
   1.8524237399028459E-005   248.65152923031772     
   1.8686687162694710E-005   248.65152921046086     
   1.8850561542400304E-005   248.65152919025422     
   1.9015873031428170E-005   248.65152916969154     
   1.9182634232622072E-005   248.65152914876668     
   1.9350857859347404E-005   248.65152912747322     
   1.9520556736460430E-005   248.65152910580463     
   1.9691743801285993E-005   248.65152908375433     
   1.9864432104603849E-005   248.65152906131559     
   2.0038634811643566E-005   248.65152903848156     
   2.0214365203088270E-005   248.65152901524527     
   2.0391636676087060E-005   248.65152899159966     
   2.0570462745276398E-005   248.65152896753753     
   2.0750857043810428E-005   248.65152894305149     
   2.0932833324400311E-005   248.65152891813412     
   2.1116405460362692E-005   248.65152889277778     
   2.1301587446677370E-005   248.65152886697484     
   2.1488393401054214E-005   248.65152884071725     
   2.1676837565009475E-005   248.65152881399715     
   2.1866934304951504E-005   248.65152878680635     
   2.2058698113276004E-005   248.65152875913654     
   2.2252143609470889E-005   248.65152873097929     
   2.2447285541230828E-005   248.65152870232603     
   2.2644138785581553E-005   248.65152867316806     
   2.2842718350014065E-005   248.65152864349639     
   2.3043039373628736E-005   248.65152861330205     
   2.3245117128289474E-005   248.65152858257579     
   2.3448967019788006E-005   248.65152855130827     
   2.3654604589018363E-005   248.65152851948989     
   2.3862045513161683E-005   248.65152848711105     
   2.4071305606881371E-005   248.65152845416179     
   2.4282400823528786E-005   248.65152842063213     
   2.4495347256359449E-005   248.65152838651173     
   2.4710161139759965E-005   248.65152835179035     
   2.4926858850485672E-005   248.65152831645727     
   2.5145456908909163E-005   248.65152828050174     
   2.5365971980279739E-005   248.65152824391288     
   2.5588420875993920E-005   248.65152820667944     
   2.5812820554877100E-005   248.65152816879009     
   2.6039188124476438E-005   248.65152813023329     
   2.6267540842365065E-005   248.65152809099723     
   2.6497896117457772E-005   248.65152805106999     
   2.6730271511338206E-005   248.65152801043945     
   2.6964684739597710E-005   248.65152796909311     
   2.7201153673185894E-005   248.65152792701844     
   2.7439696339773091E-005   248.65152788420255     
   2.7680330925124691E-005   248.65152784063241     
   2.7923075774487613E-005   248.65152779629480     
   2.8167949393988853E-005   248.65152775117608     
   2.8414970452046362E-005   248.65152770526254     
   2.8664157780792245E-005   248.65152765854023     
   2.8915530377508487E-005   248.65152761099483     
   2.9169107406075229E-005   248.65152756261182     
   2.9424908198431788E-005   248.65152751337655     
   2.9682952256050432E-005   248.65152746327394     
   2.9943259251423153E-005   248.65152741228871     
   3.0205849029561398E-005   248.65152736040528     
   3.0470741609509013E-005   248.65152730760795     
   3.0737957185868436E-005   248.65152725388049     
   3.1007516130340266E-005   248.65152719920655     
   3.1279438993276338E-005   248.65152714356952     
   3.1553746505246427E-005   248.65152708695234     
   3.1830459578618663E-005   248.65152702933781     
   3.2109599309153858E-005   248.65152697070835     
   3.2391186977613760E-005   248.65152691104601     
   3.2675244051383433E-005   248.65152685033274     
   3.2961792186107875E-005   248.65152678854992     
   3.3250853227342974E-005   248.65152672567868     
   3.3542449212220947E-005   248.65152666169990     
   3.3836602371130385E-005   248.65152659659415     
   3.4133335129411025E-005   248.65152653034139     
   3.4432670109063391E-005   248.65152646292154     
   3.4734630130473438E-005   248.65152639431409     
   3.5039238214152283E-005   248.65152632449798     
   3.5346517582491254E-005   248.65152625345200     
   3.5656491661532259E-005   248.65152618115451     
   3.5969184082753734E-005   248.65152610758332     
   3.6284618684872241E-005   248.65152603271622     
   3.6602819515659841E-005   248.65152595653018     
   3.6923810833777432E-005   248.65152587900204     
   3.7247617110624182E-005   248.65152580010815     
   3.7574263032203070E-005   248.65152571982452     
   3.7903773501003001E-005   248.65152563812660     
   3.8236173637897163E-005   248.65152555498943     
   3.8571488784058272E-005   248.65152547038772     
   3.8909744502890425E-005   248.65152538429570     
   3.9250966581978023E-005   248.65152529668708     
   3.9595181035051739E-005   248.65152520753512     
   3.9942414103971706E-005   248.65152511681265     
   4.0292692260728111E-005   248.65152502449200     
   4.0646042209459367E-005   248.65152493054501     
   4.1002490888487931E-005   248.65152483494313     
   4.1362065472374011E-005   248.65152473765698     
   4.1724793373987257E-005   248.65152463865712     
   4.2090702246596660E-005   248.65152453791330     
   4.2459819985978736E-005   248.65152443539475     
   4.2832174732544202E-005   248.65152433107016     
   4.3207794873483354E-005   248.65152422490786     
   4.3586709044930190E-005   248.65152411687538     
   4.3968946134145527E-005   248.65152400693978     
   4.4354535281719329E-005   248.65152389506756     
   4.4743505883792256E-005   248.65152378122457     
   4.5135887594296727E-005   248.65152366537612     
   4.5531710327217681E-005   248.65152354748687     
   4.5931004258873112E-005   248.65152342752089     
   4.6333799830214631E-005   248.65152330544160     
   4.6740127749148157E-005   248.65152318121170     
   4.7150018992875029E-005   248.65152305479342     
   4.7563504810253595E-005   248.65152292614812     
   4.7980616724181535E-005   248.65152279523659     
   4.8401386533999083E-005   248.65152266201895     
   4.8825846317913300E-005   248.65152252645450     
   4.9254028435443581E-005   248.65152238850192     
   4.9685965529888744E-005   248.65152224811919     
   5.0121690530815542E-005   248.65152210526347     
   5.0561236656569205E-005   248.65152195989117     
   5.1004637416805842E-005   248.65152181195802     
   5.1451926615047149E-005   248.65152166141888     
   5.1903138351257467E-005   248.65152150822777     
   5.2358307024443483E-005   248.65152135233808     
   5.2817467335276684E-005   248.65152119370222     
   5.3280654288738834E-005   248.65152103227183     
   5.3747903196790672E-005   248.65152086799768     
   5.4219249681063927E-005   248.65152070082962     
   5.4694729675577083E-005   248.65152053071677     
   5.5174379429474809E-005   248.65152035760715     
   5.5658235509791527E-005   248.65152018144806     
   5.6146334804239163E-005   248.65152000218572     
   5.6638714524019327E-005   248.65151981976553     
   5.7135412206660225E-005   248.65151963413172     
   5.7636465718878374E-005   248.65151944522785     
   5.8141913259465438E-005   248.65151925299620     
   5.8651793362200416E-005   248.65151905737821     
   5.9166144898787348E-005   248.65151885831420     
   5.9685007081818722E-005   248.65151865574347     
   6.0208419467764963E-005   248.65151844960420     
   6.0736421959990091E-005   248.65151823983359     
   6.1269054811793829E-005   248.65151802636765     
   6.1806358629480426E-005   248.65151780914130     
   6.2348374375454255E-005   248.65151758808827     
   6.2895143371342779E-005   248.65151736314112     
   6.3446707301146745E-005   248.65151713423131     
   6.4003108214418021E-005   248.65151690128903     
   6.4564388529465328E-005   248.65151666424322     
   6.5130591036588115E-005   248.65151642302160     
   6.5701758901338757E-005   248.65151617755058     
   6.6277935667813332E-005   248.65151592775538     
   6.6859165261971308E-005   248.65151567355969     
   6.7445491994984347E-005   248.65151541488615     
   6.8036960566614392E-005   248.65151515165570     
   6.8633616068621524E-005   248.65151488378825     
   6.9235503988201565E-005   248.65151461120200     
   6.9842670211453867E-005   248.65151433381391     
   7.0455161026879590E-005   248.65151405153924     
   7.1073023128910559E-005   248.65151376429205     
   7.1696303621469085E-005   248.65151347198466     
   7.2325050021559075E-005   248.65151317452805     
   7.2959310262888546E-005   248.65151287183139     
   7.3599132699523947E-005   248.65151256380241     
   7.4244566109576550E-005   248.65151225034711     
   7.4895659698921108E-005   248.65151193137001     
   7.5552463104947210E-005   248.65151160677379     
   7.6215026400343406E-005   248.65151127645947     
   7.6883400096914708E-005   248.65151094032629     
   7.7557635149433349E-005   248.65151059827178     
   7.8237782959523472E-005   248.65151025019162     
   7.8923895379579849E-005   248.65150989597964     
   7.9616024716720889E-005   248.65150953552788     
   8.0314223736776424E-005   248.65150916872634     
   8.1018545668310412E-005   248.65150879546320     
   8.1729044206678889E-005   248.65150841562468     
   8.2445773518123578E-005   248.65150802909486     
   8.3168788243901344E-005   248.65150763575591     
   8.3898143504449821E-005   248.65150723548786     
   8.4633894903589750E-005   248.65150682816872     
   8.5376098532763915E-005   248.65150641367416     
   8.6124810975313451E-005   248.65150599187785     
   8.6880089310791613E-005   248.65150556265121     
   8.7641991119315237E-005   248.65150512586322     
   8.8410574485954632E-005   248.65150468138074     
   8.9185898005161640E-005   248.65150422906828     
   8.9968020785236843E-005   248.65150376878782     
   9.0757002452835676E-005   248.65150330039904     
   9.1552903157514278E-005   248.65150282375910     
   9.2355783576315099E-005   248.65150233872265     
   9.3165704918392613E-005   248.65150184514175     
   9.3982728929679931E-005   248.65150134286588     
   9.4806917897595917E-005   248.65150083174194     
   9.5638334655793916E-005   248.65150031161403     
   9.6477042588951928E-005   248.65149978232341     
   9.7323105637604949E-005   248.65149924370883     
   9.8176588303019503E-005   248.65149869560599     
   9.9037555652111068E-005   248.65149813784774     
   9.9906073322404614E-005   248.65149757026393     
   1.0078220752703855E-004   248.65149699268164     
   1.0166602505981264E-004   248.65149640492459     
   1.0255759330028012E-004   248.65149580681353     
   1.0345698021888460E-004   248.65149519816609     
   1.0436425438214184E-004   248.65149457879670     
   1.0527948495786706E-004   248.65149394851650     
   1.0620274172044815E-004   248.65149330713319     
   1.0713409505616493E-004   248.65149265445126     
   1.0807361596855534E-004   248.65149199027167     
   1.0902137608382841E-004   248.65149131439182     
   1.0997744765632493E-004   248.65149062660566     
   1.1094190357402572E-004   248.65148992670336     
   1.1191481736410866E-004   248.65148921447161     
   1.1289626319855389E-004   248.65148848969312     
   1.1388631589979870E-004   248.65148775214686     
   1.1488505094644159E-004   248.65148700160796     
   1.1589254447899659E-004   248.65148623784748     
   1.1690887330569803E-004   248.65148546063264     
   1.1793411490835610E-004   248.65148466972630     
   1.1896834744826385E-004   248.65148386488727     
   1.2001164977215593E-004   248.65148304587015     
   1.2106410141821972E-004   248.65148221242521     
   1.2212578262215897E-004   248.65148136429821     
   1.2319677432331080E-004   248.65148050123059     
   1.2427715817081624E-004   248.65147962295913     
   1.2536701652984488E-004   248.65147872921597     
   1.2646643248787428E-004   248.65147781972854     
   1.2757548986102406E-004   248.65147689421957     
   1.2869427320044599E-004   248.65147595240677     
   1.2982286779876986E-004   248.65147499400297     
   1.3096135969660588E-004   248.65147401871582     
   1.3210983568910428E-004   248.65147302624800     
   1.3326838333257206E-004   248.65147201629674     
   1.3443709095114833E-004   248.65147098855419     
   1.3561604764353760E-004   248.65146994270685     
   1.3680534328980261E-004   248.65146887843582     
   1.3800506855821633E-004   248.65146779541641     
   1.3921531491217440E-004   248.65146669331855     
   1.4043617461716778E-004   248.65146557180611     
   1.4166774074781714E-004   248.65146443053692     
   1.4291010719496823E-004   248.65146326916323     
   1.4416336867285014E-004   248.65146208733063     
   1.4542762072629572E-004   248.65146088467878     
   1.4670295973802589E-004   248.65145966084097     
   1.4798948293599746E-004   248.65145841544393     
   1.4928728840081536E-004   248.65145714810791     
   1.5059647507321031E-004   248.65145585844647     
   1.5191714276158148E-004   248.65145454606628     
   1.5324939214960573E-004   248.65145321056707     
   1.5459332480391333E-004   248.65145185154168     
   1.5594904318183117E-004   248.65145046857560     
   1.5731665063919376E-004   248.65144906124709     
   1.5869625143822284E-004   248.65144762912698     
   1.6008795075547576E-004   248.65144617177862     
   1.6149185468986420E-004   248.65144468875746     
   1.6290807027074256E-004   248.65144317961136     
   1.6433670546606751E-004   248.65144164388005     
   1.6577786919062947E-004   248.65144008109525     
   1.6723167131435550E-004   248.65143849078027     
   1.6869822267068577E-004   248.65143687245029     
   1.7017763506502309E-004   248.65143522561164     
   1.7167002128325656E-004   248.65143354976220     
   1.7317549510036001E-004   248.65143184439094     
   1.7469417128906589E-004   248.65143010897776     
   1.7622616562861529E-004   248.65142834299340     
   1.7777159491358437E-004   248.65142654589937     
   1.7933057696278869E-004   248.65142471714765     
   1.8090323062826510E-004   248.65142285618052     
   1.8248967580433291E-004   248.65142096243054     
   1.8409003343673399E-004   248.65141903532012     
   1.8570442553185359E-004   248.65141707426159     
   1.8733297516602146E-004   248.65141507865698     
   1.8897580649489506E-004   248.65141304789765     
   1.9063304476292468E-004   248.65141098136439     
   1.9230481631290165E-004   248.65140887842699     
   1.9399124859559045E-004   248.65140673844405     
   1.9569247017944512E-004   248.65140456076313     
   1.9740861076041085E-004   248.65140234472000     
   1.9913980117181176E-004   248.65140008963903     
   2.0088617339432505E-004   248.65139779483235     
   2.0264786056604299E-004   248.65139545960017     
   2.0442499699262280E-004   248.65139308323052     
   2.0621771815752576E-004   248.65139066499864     
   2.0802616073234621E-004   248.65138820416698     
   2.0985046258723065E-004   248.65138569998518     
   2.1169076280138887E-004   248.65138315168960     
   2.1354720167369667E-004   248.65138055850312     
   2.1541992073339199E-004   248.65137791963494     
   2.1730906275086462E-004   248.65137523428029     
   2.1921477174854050E-004   248.65137250162030     
   2.2113719301186167E-004   248.65136972082163     
   2.2307647310036236E-004   248.65136689103633     
   2.2503275985884212E-004   248.65136401140128     
   2.2700620242863725E-004   248.65136108103852     
   2.2899695125899069E-004   248.65135809905428     
   2.3100515811852202E-004   248.65135506453930     
   2.3303097610679759E-004   248.65135197656807     
   2.3507455966600261E-004   248.65134883419901     
   2.3713606459271517E-004   248.65134563647385     
   2.3921564804978382E-004   248.65134238241740     
   2.4131346857830907E-004   248.65133907103728     
   2.4342968610973012E-004   248.65133570132377     
   2.4556446197801767E-004   248.65133227224925     
   2.4771795893197338E-004   248.65132878276793     
   2.4989034114763727E-004   248.65132523181575     
   2.5208177424080426E-004   248.65132161830982     
   2.5429242527965008E-004   248.65131794114822     
   2.5652246279746785E-004   248.65131419920951     
   2.5877205680551699E-004   248.65131039135267     
   2.6104137880598386E-004   248.65130651641647     
   2.6333060180505684E-004   248.65130257321914     
   2.6563990032611593E-004   248.65129856055827     
   2.6796945042303747E-004   248.65129447721023     
   2.7031942969361629E-004   248.65129032192971     
   2.7269001729310512E-004   248.65128609344958     
   2.7508139394787285E-004   248.65128179048034     
   2.7749374196918240E-004   248.65127741170980     
   2.7992724526708997E-004   248.65127295580263     
   2.8238208936446528E-004   248.65126842140000     
   2.8485846141113562E-004   248.65126380711919     
   2.8735655019815359E-004   248.65125911155297     
   2.8987654617218956E-004   248.65125433326938     
   2.9241864145005146E-004   248.65124947081142     
   2.9498302983333021E-004   248.65124452269617     
   2.9756990682317560E-004   248.65123948741470     
   3.0017946963519984E-004   248.65123436343148     
   3.0281191721451327E-004   248.65122914918393     
   3.0546745025089090E-004   248.65122384308205     
   3.0814627119407276E-004   248.65121844350762     
   3.1084858426919776E-004   248.65121294881408     
   3.1357459549237330E-004   248.65120735732580     
   3.1632451268638146E-004   248.65120166733760     
   3.1909854549652244E-004   248.65119587711442     
   3.2189690540659752E-004   248.65118998489035     
   3.2471980575503193E-004   248.65118398886869     
   3.2756746175113919E-004   248.65117788722085     
   3.3044009049152756E-004   248.65117167808614     
   3.3333791097665149E-004   248.65116535957105     
   3.3626114412750710E-004   248.65115892974887     
   3.3921001280247463E-004   248.65115238665859     
   3.4218474181430859E-004   248.65114572830507     
   3.4518555794727646E-004   248.65113895265767     
   3.4821268997444859E-004   248.65113205765033     
   3.5126636867513863E-004   248.65112504118028     
   3.5434682685249778E-004   248.65111790110777     
   3.5745429935126274E-004   248.65111063525558     
   3.6058902307565984E-004   248.65110324140784     
   3.6375123700746568E-004   248.65109571730989     
   3.6694118222422629E-004   248.65108806066718     
   3.7015910191763661E-004   248.65108026914476     
   3.7340524141207999E-004   248.65107234036665     
   3.7667984818333166E-004   248.65106427191500     
   3.7998317187742508E-004   248.65105606132920     
   3.8331546432968431E-004   248.65104770610552     
   3.8667697958392322E-004   248.65103920369592     
   3.9006797391181303E-004   248.65103055150774     
   3.9348870583241942E-004   248.65102174690230     
   3.9693943613191174E-004   248.65101278719470     
   4.0042042788344408E-004   248.65100366965265     
   4.0393194646721131E-004   248.65099439149574     
   4.0747425959068110E-004   248.65098494989459     
   4.1104763730900266E-004   248.65097534196997     
   4.1465235204559531E-004   248.65096556479190     
   4.1828867861291706E-004   248.65095561537885     
   4.2195689423341553E-004   248.65094549069673     
   4.2565727856066235E-004   248.65093518765801     
   4.2939011370067337E-004   248.65092470312075     
   4.3315568423341538E-004   248.65091403388766     
   4.3695427723450177E-004   248.65090317670507     
   4.4078618229707813E-004   248.65089212826229     
   4.4465169155389998E-004   248.65088088518985     
   4.4855109969960420E-004   248.65086944405931     
   4.5248470401317562E-004   248.65085780138153     
   4.5645280438061039E-004   248.65084595360625     
   4.6045570331777893E-004   248.65083389712038     
   4.6449370599348818E-004   248.65082162824731     
   4.6856712025274735E-004   248.65080914324557     
   4.7267625664023646E-004   248.65079643830794     
   4.7682142842398194E-004   248.65078350955997     
   4.8100295161923877E-004   248.65077035305902     
   4.8522114501258265E-004   248.65075696479303     
   4.8947633018621341E-004   248.65074334067930     
   4.9376883154247139E-004   248.65072947656304     
   4.9809897632856898E-004   248.65071536821642     
   5.0246709466153863E-004   248.65070101133713     
   5.0687351955340033E-004   248.65068640154698     
   5.1131858693654946E-004   248.65067153439071     
   5.1580263568936670E-004   248.65065640533459     
   5.2032600766205382E-004   248.65064100976502     
   5.2488904770269472E-004   248.65062534298710     
   5.2949210368354602E-004   248.65060940022326     
   5.3413552652755748E-004   248.65059317661172     
   5.3881967023512516E-004   248.65057666720512     
   5.4354489191108012E-004   248.65055986696882     
   5.4831155179191197E-004   248.65054277077974     
   5.5312001327323293E-004   248.65052537342427     
   5.5797064293748155E-004   248.65050766959718     
   5.6286381058187022E-004   248.65048965389963     
   5.6779988924657721E-004   248.65047132083771     
   5.7277925524318600E-004   248.65045266482088     
   5.7780228818337428E-004   248.65043368015984     
   5.8286937100785429E-004   248.65041436106534     
   5.8798089001556742E-004   248.65039470164601     
   5.9313723489313368E-004   248.65037469590669     
   5.9833879874456096E-004   248.65035433774662     
   6.0358597812121381E-004   248.65033362095764     
   6.0887917305204524E-004   248.65031253922217     
   6.1421878707409376E-004   248.65029108611139     
   6.1960522726324779E-004   248.65026925508315     
   6.2503890426528024E-004   248.65024703948009     
   6.3052023232715412E-004   248.65022443252761     
   6.3604962932860417E-004   248.65020142733169     
   6.4162751681399435E-004   248.65017801687708     
   6.4725432002445561E-004   248.65015419402459     
   6.5293046793030390E-004   248.65012995150960     
   6.5865639326374500E-004   248.65010528193940     
   6.6443253255186357E-004   248.65008017779098     
   6.7025932614990286E-004   248.65005463140889     
   6.7613721827483662E-004   248.65002863500283     
   6.8206665703923438E-004   248.65000218064523     
   6.8804809448542385E-004   248.64997526026889     
   6.9408198661995428E-004   248.64994786566450     
   7.0016879344836000E-004   248.64991998847813     
   7.0630897901023020E-004   248.64989162020871     
   7.1250301141458625E-004   248.64986275220542     
   7.1875136287556792E-004   248.64983337566497     
   7.2505450974843502E-004   248.64980348162908     
   7.3141293256588180E-004   248.64977306098169     
   7.3782711607467226E-004   248.64974210444609     
   7.4429754927259550E-004   248.64971060258210     
   7.5082472544574490E-004   248.64967854578347     
   7.5740914220612601E-004   248.64964592427449     
   7.6405130152959141E-004   248.64961272810729     
   7.7075170979411104E-004   248.64957894715897     
   7.7751087781837639E-004   248.64954457112799     
   7.8432932090074375E-004   248.64950958953159     
   7.9120755885851908E-004   248.64947399170225     
   7.9814611606758719E-004   248.64943776678450     
   8.0514552150238896E-004   248.64940090373176     
   8.1220630877624806E-004   248.64936339130278     
   8.1932901618205249E-004   248.64932521805835     
   8.2651418673329255E-004   248.64928637235761     
   8.3376236820545781E-004   248.64924684235490     
   8.4107411317779844E-004   248.64920661599550     
   8.4844997907545215E-004   248.64916568101279     
   8.5589052821194043E-004   248.64912402492376     
   8.6339632783203734E-004   248.64908163502562     
   8.7096795015501527E-004   248.64903849839183     
   8.7860597241826816E-004   248.64899460186803     
   8.8631097692131941E-004   248.64894993206829     
   8.9408355107021404E-004   248.64890447537081     
   9.0192428742230039E-004   248.64885821791384     
   9.0983378373140559E-004   248.64881114559142     
   9.1781264299340640E-004   248.64876324404918     
   9.2586147349219916E-004   248.64871449867985     
   9.3398088884607405E-004   248.64866489461889     
   9.4217150805449550E-004   248.64861441673980     
   9.5043395554529251E-004   248.64856304964982     
   9.5876886122226303E-004   248.64851077768483     
   9.6717686051319676E-004   248.64845758490495     
   9.7565859441831710E-004   248.64840345508935     
   9.8421470955914968E-004   248.64834837173169     
   9.9284585822781869E-004   248.64829231803469     
   1.0015526984367758E-003   248.64823527690530     
   1.0103358939689644E-003   248.64817723094916     
   1.0191961144284257E-003   248.64811816246578     
   1.0281340352913458E-003   248.64805805344272     
   1.0371503379575527E-003   248.64799688555030     
   1.0462457098024641E-003   248.64793464013593     
   1.0554208442294908E-003   248.64787129821846     
   1.0646764407228994E-003   248.64780684048239     
   1.0740132049011394E-003   248.64774124727199     
   1.0834318485706367E-003   248.64767449858530     
   1.0929330897800600E-003   248.64760657406799     
   1.1025176528750629E-003   248.64753745300717     
   1.1121862685535048E-003   248.64746711432522     
   1.1219396739211580E-003   248.64739553657310     
   1.1317786125479023E-003   248.64732269792404     
   1.1417038345244125E-003   248.64724857616670     
   1.1517160965193421E-003   248.64717314869858     
   1.1618161618370106E-003   248.64709639251902     
   1.1720048004755952E-003   248.64701828422210     
   1.1822827891858326E-003   248.64693879998987     
   1.1926509115302369E-003   248.64685791558455     
   1.2031099579428352E-003   248.64677560634149     
   1.2136607257894284E-003   248.64669184716178     
   1.2243040194283798E-003   248.64660661250412     
   1.2350406502719367E-003   248.64651987637743     
   1.2458714368480911E-003   248.64643161233289     
   1.2567972048629795E-003   248.64634179345563     
   1.2678187872638348E-003   248.64625039235682     
   1.2789370243024862E-003   248.64615738116515     
   1.2901527635994169E-003   248.64606273151827     
   1.3014668602083861E-003   248.64596641455438     
   1.3128801766816138E-003   248.64586840090325     
   1.3243935831355402E-003   248.64576866067728     
   1.3360079573171597E-003   248.64566716346241     
   1.3477241846709394E-003   248.64556387830896     
   1.3595431584063208E-003   248.64545877372191     
   1.3714657795658163E-003   248.64535181765166     
   1.3834929570937023E-003   248.64524297748395     
   1.3956256079053135E-003   248.64513222003006     
   1.4078646569569454E-003   248.64501951151681     
   1.4202110373163722E-003   248.64490481757588     
   1.4326656902339790E-003   248.64478810323379     
   1.4452295652145203E-003   248.64466933290106     
   1.4579036200895075E-003   248.64454847036103     
   1.4706888210902318E-003   248.64442547875950     
   1.4835861429214258E-003   248.64430032059286     
   1.4965965688355717E-003   248.64417295769701     
   1.5097210907078630E-003   248.64404335123564     
   1.5229607091118199E-003   248.64391146168833     
   1.5363164333955729E-003   248.64377724883855     
   1.5497892817588085E-003   248.64364067176143     
   1.5633802813303976E-003   248.64350168881128     
   1.5770904682466979E-003   248.64336025760878     
   1.5909208877305475E-003   248.64321633502831     
   1.6048725941709477E-003   248.64306987718442     
   1.6189466512034488E-003   248.64292083941891     
   1.6331441317912363E-003   248.64276917628681     
   1.6474661183069311E-003   248.64261484154287     
   1.6619137026151062E-003   248.64245778812702     
   1.6764879861555285E-003   248.64229796815067     
   1.6911900800271262E-003   248.64213533288142     
   1.7060211050726984E-003   248.64196983272871     
   1.7209821919643635E-003   248.64180141722852     
   1.7360744812897587E-003   248.64163003502784     
   1.7512991236389936E-003   248.64145563386936     
   1.7666572796923700E-003   248.64127816057521     
   1.7821501203088663E-003   248.64109756103099     
   1.7977788266154021E-003   248.64091378016906     
   1.8135445900968818E-003   248.64072676195198     
   1.8294486126870318E-003   248.64053644935524     
   1.8454921068600306E-003   248.64034278435003     
   1.8616762957229455E-003   248.64014570788547     
   1.8780024131089773E-003   248.63994515987051     
   1.8944717036715245E-003   248.63974107915595     
   1.9110854229790724E-003   248.63953340351546     
   1.9278448376109133E-003   248.63932206962664     
   1.9447512252537063E-003   248.63910701305198     
   1.9618058747988849E-003   248.63888816821898     
   1.9790100864409176E-003   248.63866546840026     
   1.9963651717764316E-003   248.63843884569326     
   2.0138724539042036E-003   248.63820823099937     
   2.0315332675260303E-003   248.63797355400311     
   2.0493489590484811E-003   248.63773474315053     
   2.0673208866855432E-003   248.63749172562754     
   2.0854504205621710E-003   248.63724442733749     
   2.1037389428187349E-003   248.63699277287890     
   2.1221878477163973E-003   248.63673668552224     
   2.1407985417434021E-003   248.63647608718657     
   2.1595724437223044E-003   248.63621089841592     
   2.1785109849181347E-003   248.63594103835499     
   2.1976156091475158E-003   248.63566642472426     
   2.2168877728887346E-003   248.63538697379539     
   2.2363289453927785E-003   248.63510260036534     
   2.2559406087953489E-003   248.63481321773043     
   2.2757242582298531E-003   248.63451873766027     
   2.2956814019413877E-003   248.63421907037039     
   2.3158135614017258E-003   248.63391412449522     
   2.3361222714253049E-003   248.63360380706007     
   2.3566090802862412E-003   248.63328802345291     
   2.3772755498363629E-003   248.63296667739561     
   2.3981232556242803E-003   248.63263967091430     
   2.4191537870155017E-003   248.63230690430990     
   2.4403687473136025E-003   248.63196827612737     
   2.4617697538824560E-003   248.63162368312521     
   2.4833584382695341E-003   248.63127302024378     
   2.5051364463302946E-003   248.63091618057302     
   2.5271054383536537E-003   248.63055305532046     
   2.5492670891885641E-003   248.63018353377768     
   2.5716230883716966E-003   248.62980750328666     
   2.5941751402562495E-003   248.62942484920546     
   2.6169249641418788E-003   248.62903545487345     
   2.6398742944057775E-003   248.62863920157545     
   2.6630248806348944E-003   248.62823596850592     
   2.6863784877593187E-003   248.62782563273183     
   2.7099368961868366E-003   248.62740806915556     
   2.7337019019386573E-003   248.62698315047649     
   2.7576753167863430E-003   248.62655074715235     
   2.7818589683899280E-003   248.62611072735984     
   2.8062547004372557E-003   248.62566295695433     
   2.8308643727845374E-003   248.62520729942912     
   2.8556898615981377E-003   248.62474361587374     
   2.8807330594976129E-003   248.62427176493173     
   2.9059958756999949E-003   248.62379160275776     
   2.9314802361653453E-003   248.62330298297334     
   2.9571880837435849E-003   248.62280575662265     
   2.9831213783226103E-003   248.62229977212723     
   3.0092820969777096E-003   248.62178487523940     
   3.0356722341222898E-003   248.62126090899571     
   3.0622938016599218E-003   248.62072771366888     
   3.0891488291377263E-003   248.62018512671941     
   3.1162393639010966E-003   248.61963298274571     
   3.1435674712497834E-003   248.61907111343405     
   3.1711352345953465E-003   248.61849934750725     
   3.1989447556199885E-003   248.61791751067250     
   3.2269981544367798E-003   248.61732542556828     
   3.2552975697512899E-003   248.61672291171033     
   3.2838451590246360E-003   248.61610978543683     
   3.3126430986379607E-003   248.61548585985230     
   3.3416935840583544E-003   248.61485094477086     
   3.3709988300062274E-003   248.61420484665831     
   3.4005610706241566E-003   248.61354736857299     
   3.4303825596472097E-003   248.61287831010631     
   3.4604655705747604E-003   248.61219746732118     
   3.4908123968438167E-003   248.61150463269041     
   3.5214253520038626E-003   248.61079959503328     
   3.5523067698932371E-003   248.61008213945129     
   3.5834590048170593E-003   248.60935204726280     
   3.6148844317267126E-003   248.60860909593652     
   3.6465854464009049E-003   248.60785305902360     
   3.6785644656283137E-003   248.60708370608910     
   3.7108239273918376E-003   248.60630080264130     
   3.7433662910544572E-003   248.60550411006096     
   3.7761940375467310E-003   248.60469338552815     
   3.8093096695559362E-003   248.60386838194876     
   3.8427157117168617E-003   248.60302884787919     
   3.8764147108042808E-003   248.60217452744982     
   3.9104092359271104E-003   248.60130516028713     
   3.9447018787242714E-003   248.60042048143461     
   3.9792952535622657E-003   248.59952022127203     
   4.0141919977344891E-003   248.59860410543354     
   4.0493947716622909E-003   248.59767185472407     
   4.0849062590977954E-003   248.59672318503459     
   4.1207291673285027E-003   248.59575780725547     
   4.1568662273836852E-003   248.59477542718864     
   4.1933201942425920E-003   248.59377574545829     
   4.2300938470444804E-003   248.59275845741956     
   4.2671899893004890E-003   248.59172325306608     
   4.3046114491073701E-003   248.59066981693553     
   4.3423610793630919E-003   248.58959782801384     
   4.3804417579843382E-003   248.58850695963764     
   4.4188563881259095E-003   248.58739687939473     
   4.4576078984020521E-003   248.58626724902328     
   4.4966992431097284E-003   248.58511772430865     
   4.5361334024538371E-003   248.58394795497921     
   4.5759133827744233E-003   248.58275758459942     
   4.6160422167758671E-003   248.58154625046171     
   4.6565229637580887E-003   248.58031358347631     
   4.6973587098497818E-003   248.57905920805885     
   4.7385525682436900E-003   248.57778274201638     
   4.7801076794339445E-003   248.57648379643115     
   4.8220272114554898E-003   248.57516197554253     
   4.8643143601256027E-003   248.57381687662664     
   4.9069723492875320E-003   248.57244808987397     
   4.9500044310562749E-003   248.57105519826507     
   4.9934138860665079E-003   248.56963777744369     
   5.0372040237226922E-003   248.56819539558782     
   5.0813781824513718E-003   248.56672761327880     
   5.1259397299556909E-003   248.56523398336745     
   5.1708920634721267E-003   248.56371405083866     
   5.2162386100294928E-003   248.56216735267301     
   5.2619828267102030E-003   248.56059341770614     
   5.3081282009138277E-003   248.55899176648575     
   5.3546782506229641E-003   248.55736191112609     
   5.4016365246714352E-003   248.55570335515969     
   5.4490066030148439E-003   248.55401559338679     
   5.4967920970034941E-003   248.55229811172180     
   5.5449966496577147E-003   248.55055038703756     
   5.5936239359455865E-003   248.54877188700624     
   5.6426776630631144E-003   248.54696206993813     
   5.6921615707168534E-003   248.54512038461689     
   5.7420794314090064E-003   248.54324627013264     
   5.7924350507250364E-003   248.54133915571163     
   5.8432322676237871E-003   248.53939846054300     
   5.8944749547301554E-003   248.53742359360285     
   5.9461670186303286E-003   248.53541395347480     
   5.9983124001696097E-003   248.53336892816745     
   6.0509150747528563E-003   248.53128789492919     
   6.1039790526475537E-003   248.52917022005906     
   6.1575083792895433E-003   248.52701525871470     
   6.2115071355914363E-003   248.52482235471683     
   6.2659794382537307E-003   248.52259084035046     
   6.3209294400786535E-003   248.52032003616236     
   6.3763613302867594E-003   248.51800925075531     
   6.4322793348363036E-003   248.51565778057841     
   6.4886877167454173E-003   248.51326490971408     
   6.5455907764171047E-003   248.51082990966091     
   6.6029928519670935E-003   248.50835203911336     
   6.6608983195545609E-003   248.50583054373681     
   6.7193115937157601E-003   248.50326465593960     
   6.7782371277005640E-003   248.50065359464003     
   6.8376794138119770E-003   248.49799656503018     
   6.8976429837486050E-003   248.49529275833544     
   6.9581324089501477E-003   248.49254135156934     
   7.0191523009459026E-003   248.48974150728469     
   7.0807073117063399E-003   248.48689237332007     
   7.1428021339977523E-003   248.48399308254216     
   7.2054415017400158E-003   248.48104275258294     
   7.2686301903674934E-003   248.47804048557339     
   7.3323730171930938E-003   248.47498536787154     
   7.3966748417755345E-003   248.47187646978622     
   7.4615405662898171E-003   248.46871284529604     
   7.5269751359009528E-003   248.46549353176334     
   7.5929835391409708E-003   248.46221754964336     
   7.6595708082892204E-003   248.45888390218789     
   7.7267420197560293E-003   248.45549157514432     
   7.7945022944697030E-003   248.45203953644929     
   7.8628567982669314E-003   248.44852673591657     
   7.9318107422866220E-003   248.44495210492036     
   8.0013693833671708E-003   248.44131455607209     
   8.0715380244472373E-003   248.43761298289255     
   8.1423220149700222E-003   248.43384625947752     
   8.2137267512910842E-003   248.43001324015836     
   8.2857576770897570E-003   248.42611275915584     
   8.3584202837841456E-003   248.42214363022885     
   8.4317201109497791E-003   248.41810464631629     
   8.5056627467419328E-003   248.41399457917308     
   8.5802538283216555E-003   248.40981217900003     
   8.6554990422855194E-003   248.40555617406667     
   8.7314041250991584E-003   248.40122527032844     
   8.8079748635345925E-003   248.39681815103643     
   8.8852170951113987E-003   248.39233347634055     
   8.9631367085417409E-003   248.38776988288637     
   9.0417396441793123E-003   248.38312598340406     
   9.1210318944722046E-003   248.37840036629132     
   9.2010195044197572E-003   248.37359159518775     
   9.2817085720334098E-003   248.36869820854329     
   9.3631052488015974E-003   248.36371871917788     
   9.4452157401587120E-003   248.35865161383455     
   9.5280463059581964E-003   248.35349535272422     
   9.6116032609497807E-003   248.34824836906267     
   9.6958929752608784E-003   248.34290906859962     
   9.7809218748822480E-003   248.33747582913986     
   9.8666964421578792E-003   248.33194700005566     
   9.9532232162791862E-003   248.32632090179104     
   1.0040508793783542E-002   248.32059582535791     
   1.0128559829057179E-002   248.31477003182232     
   1.0217383034842488E-002   248.30884175178323     
   1.0306985182749792E-002   248.30280918484158     
   1.0397373103773578E-002   248.29667049906004     
   1.0488553688813287E-002   248.29042383041397     
   1.0580533889198643E-002   248.28406728223280     
   1.0673320717219603E-002   248.27759892463141     
   1.0766921246660959E-002   248.27101679393229     
   1.0861342613341617E-002   248.26431889207734     
   1.0956592015658609E-002   248.25750318602979     
   1.1052676715135882E-002   248.25056760716586     
   1.1149604036977886E-002   248.24351005065586     
   1.1247381370628034E-002   248.23632837483453     
   1.1346016170332046E-002   248.22902040056118     
   1.1445515955706236E-002   248.22158391056814     
   1.1545888312310798E-002   248.21401664879852     
   1.1647140892228078E-002   248.20631631973234     
   1.1749281414645981E-002   248.19848058770151     
   1.1852317666446427E-002   248.19050707619257     
   1.1956257502799019E-002   248.18239336713808     
   1.2061108847759886E-002   248.17413700019534     
   1.2166879694875801E-002   248.16573547201338     
   1.2273578107793569E-002   248.15718623548688     
   1.2381212220874786E-002   248.14848669899777     
   1.2489790239815977E-002   248.13963422564359     
   1.2599320442274169E-002   248.13062613245319     
   1.2709811178497954E-002   248.12145968958833     
   1.2821270871964092E-002   248.11213211953253     
   1.2933708020019688E-002   248.10264059626559     
   1.3047131194530003E-002   248.09298224442398     
   1.3161549042531948E-002   248.08315413844753     
   1.3276970286893309E-002   248.07315330171119     
   1.3393403726977747E-002   248.06297670564226     
   1.3510858239315639E-002   248.05262126882246     
   1.3629342778280798E-002   248.04208385607512     
   1.3748866376773127E-002   248.03136127753660     
   1.3869438146907255E-002   248.02045028771209     
   1.3991067280707222E-002   248.00934758451589     
   1.4113763050807250E-002   247.99804980829467     
   1.4237534811158659E-002   247.98655354083488     
   1.4362391997742979E-002   247.97485530435330     
   1.4488344129291337E-002   247.96295156047054     
   1.4615400808010113E-002   247.95083870916704     
   1.4743571720313004E-002   247.93851308772216     
   1.4872866637559471E-002   247.92597096963453     
   1.5003295416799687E-002   247.91320856352525     
   1.5134868001526003E-002   247.90022201202183     
   1.5267594422431014E-002   247.88700739062418     
   1.5401484798172270E-002   247.87356070655096     
   1.5536549336143677E-002   247.85987789756712     
   1.5672798333253701E-002   247.84595483079173     
   1.5810242176710353E-002   247.83178730148563     
   1.5948891344813084E-002   247.81737103181953     
   1.6088756407751627E-002   247.80270166962060     
   1.6229848028411823E-002   247.78777478709924     
   1.6372176963188538E-002   247.77258587955401     
   1.6515754062805688E-002   247.75713036405540     
   1.6660590273143473E-002   247.74140357810757     
   1.6806696636072850E-002   247.72540077828788     
   1.6954084290297346E-002   247.70911713886434     
   1.7102764472202214E-002   247.69254775038962     
   1.7252748516711089E-002   247.67568761827243     
   1.7404047858150105E-002   247.65853166132487     
   1.7556674031119629E-002   247.64107471028603     
   1.7710638671373610E-002   247.62331150632139     
   1.7865953516706674E-002   247.60523669949785     
   1.8022630407848950E-002   247.58684484723295     
   1.8180681289368790E-002   247.56813041271951     
   1.8340118210583390E-002   247.54908776332411     
   1.8500953326477377E-002   247.52971116895944     
   1.8663198898629468E-002   247.50999480043035     
   1.8826867296147288E-002   247.48993272775243     
   1.8991970996610305E-002   247.46951891844424     
   1.9158522587021120E-002   247.44874723579045     
   1.9326534764765042E-002   247.42761143707813     
   1.9496020338578102E-002   247.40610517180383     
   1.9666992229523558E-002   247.38422197985159     
   1.9839463471976952E-002   247.36195528964220     
   2.0013447214619819E-002   247.33929841625201     
   2.0188956721442084E-002   247.31624455950188     
   2.0366005372753283E-002   247.29278680201526     
   2.0544606666202638E-002   247.26891810724558     
   2.0724774217808072E-002   247.24463131747143     
   2.0906521762994245E-002   247.21991915176059     
   2.1089863157639721E-002   247.19477420390083     
   2.1274812379133281E-002   247.16918894029865     
   2.1461383527439516E-002   247.14315569784389     
   2.1649590826173779E-002   247.11666668174121     
   2.1839448623686537E-002   247.08971396330713     
   2.2030971394157252E-002   247.06228947773209     
   2.2224173738697846E-002   247.03438502180785     
   2.2419070386465838E-002   247.00599225161869     
   2.2615676195787280E-002   246.97710268019711     
   2.2814006155289460E-002   246.94770767514220     
   2.3014075385043641E-002   246.91779845620184     
   2.3215899137717731E-002   246.88736609281645     
   2.3419492799739122E-002   246.85640150162516     
   2.3624871892467696E-002   246.82489544393371     
   2.3832052073379115E-002   246.79283852314256     
   2.4041049137258536E-002   246.76022118213626     
   2.4251879017404707E-002   246.72703370063255     
   2.4464557786844716E-002   246.69326619249054     
   2.4679101659559319E-002   246.65890860297858     
   2.4895526991719073E-002   246.62395070600027     
   2.5113850282931248E-002   246.58838210127843     
   2.5334088177497736E-002   246.55219221149673     
   2.5556257465683945E-002   246.51537027939816     
   2.5780375084998843E-002   246.47790536484030     
   2.6006458121486220E-002   246.43978634180598     
   2.6234523811027283E-002   246.40100189537023     
   2.6464589540654650E-002   246.36154051862172     
   2.6696672849877909E-002   246.32139050953865     
   2.6930791432020748E-002   246.28053996781881     
   2.7166963135569870E-002   246.23897679166336     
   2.7405205965535685E-002   246.19668867451298     
   2.7645538084824964E-002   246.15366310173732     
   2.7887977815625530E-002   246.10988734727556     
   2.8132543640803066E-002   246.06534847022965     
   2.8379254205310234E-002   246.02003331140733     
   2.8628128317608043E-002   245.97392848981661     
   2.8879184951099823E-002   245.92702039911023     
   2.9132443245577639E-002   245.87929520397932     
   2.9387922508681493E-002   245.83073883649649     
   2.9645642217371246E-002   245.78133699240792     
   2.9905622019411507E-002   245.73107512737300     
   3.0167881734869510E-002   245.67993845315257     
   3.0432441357626124E-002   245.62791193374380     
   3.0699321056900156E-002   245.57498028146256     
   3.0968541178785954E-002   245.52112795297205     
   3.1240122247804546E-002   245.46633914525762     
   3.1514084968468387E-002   245.41059779154733     
   3.1790450226859772E-002   245.35388755717776     
   3.2069239092223159E-002   245.29619183540495     
   3.2350472818571396E-002   245.23749374315983     
   3.2634172846306091E-002   245.17777611674785     
   3.2920360803852140E-002   245.11702150749278     
   3.3209058509306617E-002   245.05521217732382     
   3.3500287972102132E-002   244.99233009430628     
   3.3794071394684745E-002   244.92835692811531     
   3.4090431174206619E-002   244.86327404545210     
   3.4389389904233528E-002   244.79706250540306     
   3.4690970376467289E-002   244.72970305474104     
   3.4995195582483367E-002   244.66117612316867     
   3.5302088715483640E-002   244.59146181850417     
   3.5611673172064630E-002   244.52053992180788     
   3.5923972554001135E-002   244.44838988245189     
   3.6239010670045604E-002   244.37499081313010     
   3.6556811537743213E-002   244.30032148481050     
   3.6877399385262896E-002   244.22436032162881     
   3.7200798653244424E-002   244.14708539572342     
   3.7527033996661713E-002   244.06847442201206     
   3.7856130286702393E-002   243.98850475291033     
   3.8188112612663958E-002   243.90715337299164     
   3.8523006283866471E-002   243.82439689358878     
   3.8860836831582077E-002   243.74021154733845     
   3.9201630010981425E-002   243.65457318266718     
   3.9545411803097189E-002   243.56745725822017     
   3.9892208416804735E-002   243.47883883723335     
   4.0242046290820253E-002   243.38869258184809     
   4.0594952095716327E-002   243.29699274737038     
   4.0950952735955254E-002   243.20371317647317     
   4.1310075351940125E-002   243.10882729334469     
   4.1672347322083934E-002   243.01230809778082     
   4.2037796264896857E-002   242.91412815922462     
   4.2406450041091753E-002   242.81425961075129     
   4.2778336755708218E-002   242.71267414300183     
   4.3153484760255198E-002   242.60934299806416     
   4.3531922654872462E-002   242.50423696330395     
   4.3913679290510946E-002   242.39732636514523     
   4.4298783771132277E-002   242.28858106280293     
   4.4687265455927584E-002   242.17797044196763     
   4.5079153961555742E-002   242.06546340844363     
   4.5474479164401255E-002   241.95102838174287     
   4.5873271202851937E-002   241.83463328863488     
   4.6275560479596578E-002   241.71624555665457     
   4.6681377663942751E-002   241.59583210757000     
   4.7090753694154955E-002   241.47335935081156     
   4.7503719779813214E-002   241.34879317686364     
   4.7920307404192466E-002   241.22209895062244     
   4.8340548326662694E-002   241.09324150471997     
   4.8764474585110192E-002   240.96218513281786     
   4.9192118498380039E-002   240.82889358287287     
   4.9623512668739961E-002   240.69333005037612     
   5.0058689984365863E-002   240.55545717156900     
   5.0497683621849095E-002   240.41523701663866     
   5.0940527048725759E-002   240.27263108289500     
   5.1387254026028145E-002   240.12760028793357     
   5.1837898610858600E-002   239.98010496278579     
   5.2292495158985902E-002   239.83010484506156     
   5.2751078327464486E-002   239.67755907208587     
   5.3213683077276537E-002   239.52242617403508     
   5.3680344675997346E-002   239.36466406707467     
   5.4151098700483999E-002   239.20423004650374     
   5.4625981039587622E-002   239.04108077991037     
   5.5105027896889487E-002   238.87517230034072     
   5.5588275793461005E-002   238.70645999948928     
   5.6075761570648024E-002   238.53489862091158     
   5.6567522392879474E-002   238.36044225326739     
   5.7063595750500698E-002   238.18304432359753     
   5.7564019462631580E-002   238.00265759064084     
   5.8068831680049747E-002   237.81923413819638     
   5.8578070888099097E-002   237.63272536853722     
   5.9091775909623799E-002   237.44308199588156     
   5.9609985907928022E-002   237.25025403992782     
   6.0132740389761616E-002   237.05419081946013     
   6.0660079208331996E-002   236.85484094603177     
   6.1192042566342426E-002   236.65215231773283     
   6.1728671019056970E-002   236.44607211305055     
   6.2270005477392282E-002   236.23654678482941     
   6.2816087211036500E-002   236.02352205433971     
   6.3366957851595601E-002   235.80694290546242     
   6.3922659395767190E-002   235.58675357899972     
   6.4483234208542226E-002   235.36289756712000     
   6.5048725026434828E-002   235.13531760794643     
   6.5619174960740323E-002   234.90395568029965     
   6.6194627500821987E-002   234.66875299860408     
   6.6775126517426481E-002   234.42965000796875     
   6.7360716266028450E-002   234.18658637945322     
   6.7951441390204384E-002   233.93950100553045     
   6.8547346925036223E-002   233.68833199575735     
   6.9148478300544547E-002   233.43301667266672     
   6.9754881345152134E-002   233.17349156789106     
   7.0366602289177696E-002   232.90969241853307     
   7.0983687768360421E-002   232.64155416379526     
   7.1606184827415292E-002   232.36901094188269     
   7.2234140923619572E-002   232.09199608719354     
   7.2867603930430985E-002   231.81044212781200     
   7.3506622141137207E-002   231.52428078331835     
   7.4151244272537803E-002   231.23344296293368     
   7.4801519468658123E-002   230.93785876401330     
   7.5457497304495899E-002   230.63745747090752     
   7.6119227789800792E-002   230.33216755420608     
   7.6786761372886897E-002   230.02191667038505     
   7.7460148944478724E-002   229.70663166187350     
   7.8139441841591092E-002   229.38623855756015     
   7.8824691851442780E-002   229.06066257375903     
   7.9515951215404709E-002   228.72982811565393     
   8.0213272632982585E-002   228.39365877924388     
   8.0916709265834649E-002   228.05207735380881     
   8.1626314741824454E-002   227.70500582492011     
   8.2342143159109357E-002   227.35236537801589     
   8.3064249090264802E-002   226.99407640256675     
   8.3792687586444731E-002   226.63005849685419     
   8.4527514181578514E-002   226.26023047338725     
   8.5268784896604749E-002   225.88451036498191     
   8.6016556243741993E-002   225.50281543153005     
   8.6770885230797290E-002   225.11506216748336     
   8.7531829365512043E-002   224.72116631008049     
   8.8299446659946407E-002   224.32104284834503     
   8.9073795634901864E-002   223.91460603288263     
   8.9854935324382684E-002   223.50176938650716     
   9.0642925280096487E-002   223.08244571572578     
   9.1437825575994308E-002   222.65654712311326     
   9.2239696812850491E-002   222.22398502060776     
   9.3048600122882588E-002   221.78467014375929     
   9.3864597174411993E-002   221.33851256696519     
   9.4687750176565305E-002   220.88542171972423     
   9.5518121884017024E-002   220.42530640394551     
   9.6355775601773677E-002   219.95807481234604     
   9.7200775190000033E-002   219.48363454797305     
   9.8053185068887702E-002   219.00189264488756     
   9.8913070223566157E-002   218.51275559004594     
   9.9780496209057185E-002   218.01612934641756     
  0.10065552915527244        217.51191937737664     
  0.10153823577205510        217.00003067240795     
  0.10242868335426562        216.48036777416490     
  0.10332693978691201        215.95283480692191     
  0.10423307355032518        215.41733550646074     
  0.10514715372537982        214.87377325143251     
  0.10606924999876072        214.32205109623820     
  0.10699943266827558        213.76207180546925     
  0.10793777264821429        213.19373788995173     
  0.10888434147475524        212.61695164443799     
  0.10983921131141891        212.03161518698889     
  0.11080245495456956        211.43763050009159     
  0.11177414583896485        210.83489947355784     
  0.11275435804335440        210.22332394924646     
  0.11374316629612725        209.60280576765717     
  0.11474064598100898        208.97324681643920     
  0.11574687314280867        208.33454908086188     
  0.11676192449321639        207.68661469629166     
  0.11778587741665143        207.02934600272209     
  0.11881880997616186        206.36264560140143     
  0.11986080091937580        205.68641641360443     
  0.12091192968450497        205.00056174159238     
  0.12197227640640072        204.30498533180716     
  0.12304192192266332        203.59959144034315     
  0.12412094777980474        202.88428490074170     
  0.12520943623946562        202.15897119415092     
  0.12630747028468642        201.42355652189391     
  0.12741513362623405        200.67794788048704     
  0.12853251070898356        199.92205313914943     
  0.12965968671835598        199.15578111984311     
  0.13079674758681267        198.37904167988299     
  0.13194378000040649        197.59174579715366     
  0.13310087140539043        196.79380565796868     
  0.13426811001488440        195.98513474760625     
  0.13544558481560015        195.16564794355483     
  0.13663338557462548        194.33526161149692     
  0.13783160284626778        193.49389370406107     
  0.13904032797895752        192.64146386236638     
  0.14025965312221250        191.77789352038400     
  0.14148967123366302        190.90310601213457     
  0.14273047608613862        190.01702668174028     
  0.14398216227481708        189.11958299634512     
  0.14524482522443607        188.21070466191392     
  0.14651856119656809        187.29032374191814     
  0.14780346729695903        186.35837477891025     
  0.14909964148293137        185.41479491898724     
  0.15040718257085198        184.45952403913589     
  0.15172619024366571        183.49250487745184     
  0.15305676505849489        182.51368316621492     
  0.15439900845430551        181.52300776780191     
  0.15575302275964048        180.52043081341020     
  0.15711891120042104        179.50590784455932     
  0.15849677790781630        178.47939795733348     
  0.15988672792618183        177.44086394931927     
  0.16128886722106806        176.39027246918721     
  0.16270330268729860        175.32759416885781     
  0.16413014215711974        174.25280385818596     
  0.16556949440842109        173.16588066208877     
  0.16702146917302865        172.06680818003426     
  0.16848617714507028        170.95557464779915     
  0.16996372998941475        169.83217310139574     
  0.17145424035018478        168.69660154305669     
  0.17295782185934452        167.54886310916029     
  0.17447458914536265        166.38896623996334     
  0.17600465784195132        165.21692485100348     
  0.17754814459688162        164.03275850601881     
  0.17910516708087645        162.83649259122180     
  0.18067584399658143        161.62815849075375     
  0.18226029508761446        160.40779376313262     
  0.18385864114769448        159.17544231849627     
  0.18547100402985059        157.93115459642857     
  0.18709750665571157        156.67498774414457     
  0.18873827302487717        155.40700579479528     
  0.19039342822437141        154.12727984564143     
  0.19206309843817893        152.83588823582869     
  0.19374741095686465        151.53291672348513     
  0.19544649418727833        150.21845866184424     
  0.19716047766234360        148.89261517408497     
  0.19888949205093337        147.55549532656138     
  0.20063366916783160        146.20721630008350     
  0.20239314198378225        144.84790355889126     
  0.20416804463562691        143.47769101695030     
  0.20595851243653074        142.09672120118205     
  0.20776468188629829        140.70514541122438     
  0.20958669068178015        139.30312387530265     
  0.21142467772737009        137.89082590177736     
  0.21327878314559509        136.46843002591567     
  0.21514914828779766        135.03612415142135     
  0.21703591574491204        133.59410568624031     
  0.21893922935833501        132.14258167214484     
  0.22085923423089179        130.68176890758374     
  0.22279607673789828        129.21189406327252     
  0.22474990453832033        127.73319378998204     
  0.22672086658603074        126.24591481797228     
  0.22870911314116507        124.75031404750366     
  0.23071479578157697        123.24665862984673     
  0.23273806741439412        121.73522603820030     
  0.23477908228767533        120.21630412791646     
  0.23683799600216987        118.69019118542256     
  0.23891496552318017        117.15719596522135     
  0.24101014919252825        115.61763771434363     
  0.24312370674062725        114.07184618362180     
  0.24525579929865882        112.52016162514839     
  0.24740658941085714        110.96293477528135     
  0.24957624104690102        109.40052682255590     
  0.25176491961441422        107.83330935986412     
  0.25397279197157585        106.26166432026628     
  0.25620002643984097        104.68598389580222     
  0.25844679281677274        103.10667043867781     
  0.26071326238898779        101.52413634421124     
  0.26299960794521404        99.938803914936244     
  0.26530600378946390        98.351105205271821     
  0.26763262575432256        96.761481846186882     
  0.26997965121435302        95.170384849307268     
  0.27234725909961849        93.578274389935828     
  0.27473562990932343        91.985619568481951     
  0.27714494572557452        90.392898149825783     
  0.27957539022726163        88.800596280177103     
  0.28202714870406137        87.209208181020756     
  0.28450040807056276        85.619235819784720     
  0.28699535688051697        84.031188556906926     
  0.28951218534121231        82.445582769024554     
  0.29205108532797486        80.862941448061363     
  0.29461225039879663        79.283793776041591     
  0.29719587580909168        77.708674675518935     
  0.29980215852658176        76.138124335569870     
  0.30243129724631279        74.572687713368310     
  0.30508349240580257        73.012914011428251     
  0.30775894620032135        71.459356130674720     
  0.31045786259830699        69.912570099581927     
  0.31318044735691464        68.373114479698884     
  0.31592690803770307        66.841549747968685     
  0.31869745402245853        65.318437656334865     
  0.32149229652915734        63.804340569223214     
  0.32431164862806861        62.299820779580031     
  0.32715572525799813        60.805439804248266     
  0.33002474324267428        59.321757659563730     
  0.33291892130727840        57.849332118155829     
  0.33583848009511968        56.388717948045255     
  0.33878364218445606        54.940466135236953     
  0.34175463210546320        53.505123091115856     
  0.34475167635735188        52.083229846063297     
  0.34777500342563561        50.675321230822099     
  0.35082484379954959        49.281925047248563     
  0.35390142998962271        47.903561230199536     
  0.35700499654540319        46.540741002411899     
  0.36013578007334018        45.193966024338188     
  0.36329401925482163        43.863727541007471     
  0.36647995486437085        42.550505528081644     
  0.36969382978800241        41.254767839375823     
  0.37293588904173897        39.976969358204855     
  0.37620637979029048        38.717551155006213     
  0.37950555136589736        37.476939653771652     
  0.38283365528733898        36.255545809896184     
  0.38619094527910819        35.053764302120435     
  0.38957767729075515        33.871972741301477     
  0.39299410951639968        32.710530898798922     
  0.39644050241441542        31.569779957301847     
  0.39991711872728614        30.450041786952429     
  0.40342422350163676        29.351618249639273     
  0.40696208410843926        28.274790534339509     
  0.41053097026339697        27.219818526379683     
  0.41413115404750589        26.186940213465292     
  0.41776290992779802        25.176371131290523     
  0.42142651477826581        24.188303851490257     
  0.42512224790096981        23.222907514628083     
  0.42885039104733225        22.280327410830942     
  0.43261122843961664        21.360684610581913     
  0.43640504679259612        20.464075648065123     
  0.44023213533541167        19.590572259323931     
  0.44409278583362205        18.740221177342249     
  0.44798729261144732        17.913043985991585     
  0.45191595257420669        17.109037034601492     
  0.45587906523095445        16.328171414709736     
  0.45987693271731284        15.570393000331539     
  0.46390985981850663        14.835622552853643     
  0.46797815399259840        14.123755891411720     
  0.47208212539392874        13.434664129347203     
  0.47622208689676115        12.768193977065390     
  0.48039835411913467        12.124168111329771     
  0.48461124544692574        11.502385610730865     
  0.48886108205812090        10.902622456761970     
  0.49314818794730231        10.324632099621351     
  0.49747288995034838        9.7681460875419592     
  0.50183551776935065        9.2328747581279274     
  0.50623640399774872        8.7185079898540110     
  0.51067588414568732        8.2247160115612221     
  0.51515429666559343        7.7511502674635047     
  0.51967198297797934        7.2974443348652933     
  0.52422928749747189        6.8632148914846454     
  0.52882655765906894        6.4480627289808616     
  0.53346414394462682        6.0515738090026021     
  0.53814239990958068        5.6733203578055891     
  0.54286168220989739        5.3128619952397678     
  0.54762235062926712        4.9697468936764704     
  0.55242476810653107        4.6435129622406706     
  0.55726930076335168        4.3336890515317368     
  0.56215631793212395        4.0397961738625803     
  0.56708619218413248        3.7613487339220688     
  0.57205929935795541        3.4978557646719248     
  0.57707601858811675        3.2488221632278518     
  0.58213673233399110        3.0137499214470180     
  0.58724182640896017        2.7921393459515294     
  0.59239169000982717        2.5834902623600713     
  0.59758671574648692        2.3873031985792226     
  0.60282729967185811        2.2030805421205653     
  0.60811384131207669        2.0303276665610572     
  0.61344674369695462        1.8685540224500685     
  0.61882641339070565        1.7172741881872020     
  0.62425326052294039        1.5760088766484923     
  0.62972769881993396        1.4442858936234031     
  0.63525014563616600        1.3216410444391673     
  0.64082102198613977        1.2076189854897397     
  0.64644075257647837        1.1017740177518260     
  0.65210976583830316        1.0036708197563740     
  0.65782849395989607       0.91288511788782589     
  0.66359737291964838       0.82900429230150363     
  0.66941684251929823       0.75162791717808441     
  0.67528734641745980       0.68036823446926997     
  0.68120933216344703       0.61485056072648248     
  0.68718325123139212       0.55471362704064586     
  0.69320955905466586       0.49960985255157558     
  0.69928871506059809       0.44920555240647436     
  0.70542118270550258       0.40318108145411313     
  0.71160742951000999       0.36123091535093099     
  0.71784792709471024       0.32306367112378964     
  0.72414315121610706       0.28840206957801251     
  0.73049358180288848       0.25698284225557610     
  0.73689970299251528       0.22855658593415074     
  0.74336200316812984       0.20288756791066925     
  0.74988097499578887       0.17975348553129045     
  0.75645711546202332       0.15894518361146709     
  0.76309092591172678       0.14026633353426232     
  0.76978291208637617       0.12353307792142837     
  0.77653358416258855       0.10857364483999450     
  0.78334345679101514        9.5227935537512909E-002
  0.79021304913557666        8.3347089692514295E-002
  0.79714288491304264        7.2793032124385648E-002
  0.80413349243295884        6.3438004830496914E-002
  0.81118540463792244        5.5164088110056457E-002
  0.81829915914421347        4.7862714396283992E-002
  0.82547529828278032        4.1434178253841228E-002
  0.83271436914058528        3.5787145810023124E-002
  0.84001692360231306        3.0838166679231515E-002
  0.84738351839244486        2.6511191214095141E-002
  0.85481471511770113        2.2737095676724974E-002
  0.86231108030985681        1.9453217673518111E-002
  0.86987318546893200        1.6602903940126614E-002
  0.87750160710676139        1.4135072303108696E-002
  0.88519692679094586        1.2003789384663358E-002
  0.89295973118918937        1.0167865359831609E-002
  0.90079061211402423        8.5904668245256870E-003
  0.90869016656792989        7.2387485903633985E-003
  0.91665899678884621        6.0835049909020644E-003
  0.92469771029608627        5.0988410655270905E-003
  0.93280691993665177        4.2618637836851821E-003
  0.94098724393195432        3.5523932847441628E-003
  0.94923930592494754        2.9526939385601516E-003
  0.95756373502767056        2.4472248795536864E-003
  0.96596116586921099        2.0224095331256549E-003
  0.97443223864408612        1.6664235376670864E-003
  0.98297759916104921        1.3690003680249152E-003
  0.99159789889232486        1.1212538866157632E-003
   1.0002937950232749        9.1551698573306224E-004
   1.0090659505024997        7.4519543807244576E-004
   1.0179150340923804        6.0463604104378629E-004
   1.0268417204200617        4.8900812285083148E-004
   1.0358466900288854        3.9419747330843302E-004
   1.0449306294302714        3.1671176857683587E-004
   1.0540942311560557        2.5359657503250959E-004
   1.0633381938112874        2.0236104197326690E-004
   1.0726632221274868        1.6091242440166722E-004
   1.0820700270163741        1.2749861442182825E-004
   1.0915593256240657        1.0065790156334282E-004
   1.1011318413857467        7.9175227437184713E-005
   1.1107883040808255        6.2044247452603388E-005
   1.1205294498885676        4.8434560905249233E-005
   1.1303560214442216        3.7663519719228179E-005
   1.1402687678956340        2.9172074735799260E-005
   1.1502684449603626        2.2504166047173078E-005
   1.1603558149832904        1.7289209942795506E-005
   1.1705316469947440        1.3227279139172487E-005
   1.1807967167691218        1.0076614772057595E-005
   1.1911518068840374        7.6431479007647160E-006
   1.2015977067799808        5.7717448486500929E-006
   1.2121352128205025        4.3389244932948648E-006
   1.2227651283529259        3.2468265986747330E-006
   1.2334882637695928        2.4182384763864230E-006
   1.2443054365696442        1.7925127441036807E-006
   1.2552174714213449        1.3222318219918656E-006
   1.2662252002249521        9.7049520375988081E-007
   1.2773294621761400        7.0872360981455397E-007
   1.2885311038299732        5.1489004008132841E-007
   1.2998309791654497        3.7210166532105837E-007
   1.3112299496506030        2.6746860265368122E-007
   1.3227288843081793        1.9120608653744383E-007
   1.3343286597818869        1.3592553908058062E-007
   1.3460301604032319        9.6077724590971764E-008
   1.3578342782589348        6.7517695025961455E-008
   1.3697419132589415        4.7166737531539869E-008
   1.3817539732050284        3.2751153506109120E-008
   1.3938713738600119        2.2601550044778068E-008
   1.4060950390175635        1.5499517122933906E-008
   1.4184259005726347        1.0561194037731073E-008
   1.4308648985925045        7.1493821152766357E-009
   1.4434129813884462        4.8076128655029336E-009
   1.4560711055880233        3.2109973626518633E-009
   1.4688402362080206        2.1298205312275059E-009
   1.4817213467280139        1.4027520596825151E-009
   1.4947154191645846        9.1726544257029018E-010
   1.5078234441461866        5.9542332017091888E-010
   1.5210464209886680        3.8363032104382622E-010
   1.5343853577714568        2.4529854388634120E-010
   1.5478412714144121        1.5563588641547652E-010
   1.5614151877553530        9.7970220932762098E-011
   1.5751081416282642        6.1176398224439979E-011
   1.5889211769421887        3.7889087080631861E-011
   1.6028553467608124        2.3271199804517529E-011
   1.6169117133827464        1.4171988560143215E-011
   1.6310913484225131        8.5562245962380334E-012
   1.6453953328922439        5.1203998615817231E-012
   1.6598247572840905        3.0368672049560722E-012
   1.6743807216533626        1.7847475093635111E-012
   1.6890643357023913        1.0391651360982303E-012
   1.7038767188651303        5.9934346731558090E-013
   1.7188190003924977        3.4235438277342759E-013
   1.7338923194384666        1.9364631230843014E-013
   1.7490978251469111        1.0844234835110952E-013
   1.7644366767392134        6.0112783781942386E-014
   1.7799100436026387        3.2978709809656693E-014
   1.7955191053794870        1.7902708882009670E-014
   1.8112650520570239        9.6147981695089517E-015
   1.8271490840582030        5.1075739018021389E-015
   1.8431724123331814        2.6832279870354063E-015
   1.8593362584516395        1.3937436046658458E-015
   1.8756418546959095        7.1565405529258009E-016
   1.8920904441549207        3.6318625425903762E-016
   1.9086832808189693        1.8212571832057777E-016
   1.9254216296753186        9.0227064463469395E-017
   1.9423067668046372        4.4150188900021059E-017
   1.9593399794782840        2.1333564095946786E-017
   1.9765225662564463        1.0177302522313193E-017
   1.9938558370871375        4.7922781477651918E-018
