   4.3859546913937069E-006   3191874.8023668705     
   4.4244176676404469E-006   3164125.5898119891     
   4.4632179479967476E-006   3136617.6106540179     
   4.5023584904776523E-006   3109348.7677685157     
   4.5418422790387509E-006   3082316.9822620675     
   4.5816723238036684E-006   3055520.1933137830     
   4.6218516612935423E-006   3028956.3580182013     
   4.6623833546585275E-006   3002623.4512295295     
   4.7032704939113134E-006   2976519.4654072640     
   4.7445161961627014E-006   2950642.4104631366     
   4.7861236058592410E-006   2924990.3136093970     
   4.8280958950229550E-006   2899561.2192084147     
   4.8704362634931637E-006   2874353.1886235843     
   4.9131479391704306E-006   2849364.3000715328     
   4.9562341782626507E-006   2824592.6484756079     
   4.9996982655332874E-006   2800036.3453206387     
   5.0435435145518006E-006   2775693.5185089642     
   5.0877732679462564E-006   2751562.3122177068     
   5.1323908976581663E-006   2727640.8867572946     
   5.1773998051995430E-006   2703927.4184312047     
   5.2228034219122331E-006   2680420.0993969319     
   5.2686052092295048E-006   2657117.1375281652     
   5.3148086589399366E-006   2634016.7562781605     
   5.3614172934536268E-006   2611117.1945443018     
   5.4084346660707238E-006   2588416.7065338399     
   5.4558643612523264E-006   2565913.5616308018     
   5.5037099948937442E-006   2543606.0442640469     
   5.5519752146001699E-006   2521492.4537764853     
   5.6006636999647537E-006   2499571.1042954205     
   5.6497791628491345E-006   2477840.3246040200     
   5.6993253476664103E-006   2456298.4580139150     
   5.7493060316666087E-006   2434943.8622388956     
   5.7997250252246477E-006   2413774.9092697054     
   5.8505861721308308E-006   2392789.9852499301     
   5.9018933498838828E-006   2371987.4903529617     
   5.9536504699865631E-006   2351365.8386600316     
   6.0058614782438589E-006   2330923.4580393066     
   6.0585303550638102E-006   2310658.7900260319     
   6.1116611157609574E-006   2290570.2897037202     
   6.1652578108624609E-006   2270656.4255863726     
   6.2193245264168971E-006   2250915.6795017216     
   6.2738653843057704E-006   2231346.5464754896     
   6.3288845425577489E-006   2211947.5346166571     
   6.3843861956656614E-006   2192717.1650037202     
   6.4403745749062749E-006   2173653.9715719507     
   6.4968539486628726E-006   2154756.5010016165     
   6.5538286227506589E-006   2136023.3126071966     
   6.6113029407450296E-006   2117452.9782275376     
   6.6692812843127035E-006   2099044.0821169815     
   6.7277680735457754E-006   2080795.2208374331     
   6.7867677672986855E-006   2062705.0031513623     
   6.8462848635281486E-006   2044772.0499157442     
   6.9063238996360707E-006   2026994.9939769143     
   6.9668894528154585E-006   2009372.4800663448     
   7.0279861403993773E-006   1991903.1646973181     
   7.0896186202129568E-006   1974585.7160625085     
   7.1517915909284939E-006   1957418.8139324472     
   7.2145097924236639E-006   1940401.1495548689     
   7.2777780061428733E-006   1923531.4255549426     
   7.3416010554617806E-006   1906808.3558363586     
   7.4059838060550239E-006   1890230.6654832829     
   7.4709311662671556E-006   1873797.0906631614     
   7.5364480874868432E-006   1857506.3785303682     
   7.6025395645243502E-006   1841357.2871306927     
   7.6692106359923219E-006   1825348.5853066582     
   7.7364663846899181E-006   1809479.0526036599     
   7.8043119379903039E-006   1793747.4791769220     
   7.8727524682315502E-006   1778152.6656992657     
   7.9417931931109555E-006   1762693.4232696707     
   8.0114393760828277E-006   1747368.5733226410     
   8.0816963267597509E-006   1732176.9475383551     
   8.1525694013173790E-006   1717117.3877535928     
   8.2240640029027697E-006   1702188.7458734445     
   8.2961855820463055E-006   1687389.8837837826     
   8.3689396370772292E-006   1672719.6732644937     
   8.4423317145428118E-006   1658176.9959034685     
   8.5163674096312099E-006   1643760.7430113372     
   8.5910523665980281E-006   1629469.8155369451     
   8.6663922791966135E-006   1615303.1239835655     
   8.7423928911121345E-006   1601259.5883258393     
   8.8190599963994583E-006   1587338.1379274374     
   8.8963994399248764E-006   1573537.7114594392     
   8.9744171178116949E-006   1559857.2568194179     
   9.0531189778897432E-006   1546295.7310512345     
   9.1325110201488093E-006   1532852.1002655234     
   9.2125992971960712E-006   1519525.3395608733     
   9.2933899147175168E-006   1506314.4329456920     
   9.3748890319434375E-006   1493218.3732607490     
   9.4571028621179740E-006   1480236.1621023940     
   9.5400376729728110E-006   1467366.8097464407     
   9.6236997872049922E-006   1454609.3350727144     
   9.7080955829589613E-006   1441962.7654902518     
   9.7932314943127947E-006   1429426.1368631588     
   9.8791140117687350E-006   1416998.4934371011     
   9.9657496827479874E-006   1404678.8877664465     
   1.0053145112089889E-005   1392466.3806420302     
   1.0141306962555443E-005   1380360.0410195536     
   1.0230241955335252E-005   1368358.9459486054     
   1.0319956870561934E-005   1356462.1805022992     
   1.0410458547827020E-005   1344668.8377075179     
   1.0501753886702375E-005   1332978.0184757749     
   1.0593849847266204E-005   1321388.8315346662     
   1.0686753450633673E-005   1309900.3933599230     
   1.0780471779492167E-005   1298511.8281080562     
   1.0875011978641257E-005   1287222.2675495835     
   1.0970381255537406E-005   1276030.8510028380     
   1.1066586880843428E-005   1264936.7252683535     
   1.1163636188982796E-005   1253939.0445638180     
   1.1261536578698777E-005   1243036.9704595965     
   1.1360295513618517E-005   1232229.6718148070     
   1.1459920522822023E-005   1221516.3247139591     
   1.1560419201416162E-005   1210896.1124041453     
   1.1661799211113690E-005   1200368.2252327674     
   1.1764068280817369E-005   1189931.8605858146     
   1.1867234207209170E-005   1179586.2228266748     
   1.1971304855344696E-005   1169330.5232354770     
   1.2076288159252762E-005   1159163.9799489623     
   1.2182192122540292E-005   1149085.8179008754     
   1.2289024819002460E-005   1139095.2687628777     
   1.2396794393238232E-005   1129191.5708859724     
   1.2505509061271276E-005   1119373.9692424370     
   1.2615177111176330E-005   1109641.7153682630     
   1.2725806903711055E-005   1099994.0673060969     
   1.2837406872953439E-005   1090430.2895486732     
   1.2949985526944787E-005   1080949.6529827428     
   1.3063551448338339E-005   1071551.4348334875     
   1.3178113295053594E-005   1062234.9186094180     
   1.3293679800936359E-005   1052999.3940477506     
   1.3410259776424593E-005   1043844.1570602588     
   1.3527862109220085E-005   1034768.5096795959     
   1.3646495764966028E-005   1025771.7600060846     
   1.3766169787930529E-005   1016853.2221549671     
   1.3886893301696127E-005   1008012.2162041176     
   1.4008675509855332E-005   999248.06814220513     
   1.4131525696712287E-005   990560.10981730977     
   1.4255453227990570E-005   981947.67888598563     
   1.4380467551547225E-005   973410.11876276380     
   1.4506578198093006E-005   964946.77857009857     
   1.4633794781919006E-005   956557.01308874390     
   1.4762127001629592E-005   948240.18270856724     
   1.4891584640881814E-005   939995.65337978431     
   1.5022177569131273E-005   931822.79656462267     
   1.5153915742384539E-005   923720.98918940453     
   1.5286809203958173E-005   915689.61359704449     
   1.5420868085244392E-005   907728.05749996030     
   1.5556102606483458E-005   899835.71393339627     
   1.5692523077542836E-005   892011.98120914865     
   1.5830139898703190E-005   884256.26286969543     
   1.5968963561451271E-005   876567.96764272312     
   1.6109004649279738E-005   868946.50939605141     
   1.6250273838494041E-005   861391.30709294672     
   1.6392781899026331E-005   853901.78474782710     
   1.6536539695256522E-005   846477.37138235068     
   1.6681558186840579E-005   839117.50098188478     
   1.6827848429546020E-005   831821.61245235614     
   1.6975421576094803E-005   824589.14957747399     
   1.7124288877013555E-005   817419.56097632577     
   1.7274461681491293E-005   810312.30006134219     
   1.7425951438244633E-005   803266.82499662705     
   1.7578769696390632E-005   796282.59865664726     
   1.7732928106327220E-005   789359.08858528838     
   1.7888438420621434E-005   782495.76695525635     
   1.8045312494905360E-005   775692.11052784207     
   1.8203562288779992E-005   768947.60061302956     
   1.8363199866726996E-005   762261.72302995122     
   1.8524237399028459E-005   755633.96806769096     
   1.8686687162694710E-005   749063.83044642326     
   1.8850561542400304E-005   742550.80927889328     
   1.9015873031428170E-005   736094.40803223068     
   1.9182634232622072E-005   729694.13449009508     
   1.9350857859347404E-005   723349.50071515003     
   1.9520556736460430E-005   717060.02301186661     
   1.9691743801285993E-005   710825.22188964649     
   1.9864432104603849E-005   704644.62202626618     
   2.0038634811643566E-005   698517.75223164214     
   2.0214365203088270E-005   692444.14541190607     
   2.0391636676087060E-005   686423.33853379730     
   2.0570462745276398E-005   680454.87258936197     
   2.0750857043810428E-005   674538.29256095795     
   2.0932833324400311E-005   668673.14738656871     
   2.1116405460362692E-005   662858.98992541339     
   2.1301587446677370E-005   657095.37692385854     
   2.1488393401054214E-005   651381.86898162705     
   2.1676837565009475E-005   645718.03051829804     
   2.1866934304951504E-005   640103.42974010052     
   2.2058698113276004E-005   634537.63860699418     
   2.2252143609470889E-005   629020.23280003737     
   2.2447285541230828E-005   623550.79168903839     
   2.2644138785581553E-005   618128.89830048743     
   2.2842718350014065E-005   612754.13928576768     
   2.3043039373628736E-005   607426.10488964396     
   2.3245117128289474E-005   602144.38891902321     
   2.3448967019788006E-005   596908.58871198713     
   2.3654604589018363E-005   591718.30510709668     
   2.3862045513161683E-005   586573.14241295843     
   2.4071305606881371E-005   581472.70837806060     
   2.4282400823528786E-005   576416.61416086683     
   2.4495347256359449E-005   571404.47430017462     
   2.4710161139759965E-005   566435.90668572614     
   2.4926858850485672E-005   561510.53252907994     
   2.5145456908909163E-005   556627.97633473121     
   2.5365971980279739E-005   551787.86587148672     
   2.5588420875993920E-005   546989.83214408543     
   2.5812820554877100E-005   542233.50936506910     
   2.6039188124476438E-005   537518.53492689470     
   2.6267540842365065E-005   532844.54937429086     
   2.6497896117457772E-005   528211.19637685304     
   2.6730271511338206E-005   523618.12270187965     
   2.6964684739597710E-005   519064.97818744177     
   2.7201153673185894E-005   514551.41571568721     
   2.7439696339773091E-005   510077.09118637856     
   2.7680330925124691E-005   505641.66349065944     
   2.7923075774487613E-005   501244.79448504915     
   2.8167949393988853E-005   496886.14896566415     
   2.8414970452046362E-005   492565.39464266307     
   2.8664157780792245E-005   488282.20211491344     
   2.8915530377508487E-005   484036.24484487961     
   2.9169107406075229E-005   479827.19913372869     
   2.9424908198431788E-005   475654.74409665208     
   2.9682952256050432E-005   471518.56163840275     
   2.9943259251423153E-005   467418.33642904455     
   3.0205849029561398E-005   463353.75587991223     
   3.0470741609509013E-005   459324.51011978067     
   3.0737957185868436E-005   455330.29197124130     
   3.1007516130340266E-005   451370.79692728433     
   3.1279438993276338E-005   447445.72312808246     
   3.1553746505246427E-005   443554.77133798023     
   3.1830459578618663E-005   439697.64492267964     
   3.2109599309153858E-005   435874.04982662591     
   3.2391186977613760E-005   432083.69455059018     
   3.2675244051383433E-005   428326.29012944573     
   3.2961792186107875E-005   424601.55011013878     
   3.3250853227342974E-005   420909.19052984979     
   3.3542449212220947E-005   417248.92989434541     
   3.3836602371130385E-005   413620.48915651732     
   3.4133335129411025E-005   410023.59169510985     
   3.4432670109063391E-005   406457.96329362999     
   3.4734630130473438E-005   402923.33211944322     
   3.5039238214152283E-005   399419.42870304809     
   3.5346517582491254E-005   395945.98591753439     
   3.5656491661532259E-005   392502.73895821744     
   3.5969184082753734E-005   389089.42532245006     
   3.6284618684872241E-005   385705.78478961048     
   3.6602819515659841E-005   382351.55940126389     
   3.6923810833777432E-005   379026.49344149616     
   3.7247617110624182E-005   375730.33341741899     
   3.7574263032203070E-005   372462.82803984510     
   3.7903773501003001E-005   369223.72820412932     
   3.8236173637897163E-005   366012.78697117890     
   3.8571488784058272E-005   362829.75954862655     
   3.8909744502890425E-005   359674.40327216923     
   3.9250966581978023E-005   356546.47758706758     
   3.9595181035051739E-005   353445.74402980675     
   3.9942414103971706E-005   350371.96620991692     
   4.0292692260728111E-005   347324.90979195124     
   4.0646042209459367E-005   344304.34247762145     
   4.1002490888487931E-005   341310.03398808726     
   4.1362065472374011E-005   338341.75604640157     
   4.1724793373987257E-005   335399.28236010659     
   4.2090702246596660E-005   332482.38860398228     
   4.2459819985978736E-005   329590.85240294470     
   4.2832174732544202E-005   326724.45331509219     
   4.3207794873483354E-005   323882.97281490022     
   4.3586709044930190E-005   321066.19427656144     
   4.3968946134145527E-005   318273.90295747027     
   4.4354535281719329E-005   315505.88598185277     
   4.4743505883792256E-005   312761.93232453626     
   4.5135887594296727E-005   310041.83279486251     
   4.5531710327217681E-005   307345.38002073893     
   4.5931004258873112E-005   304672.36843282968     
   4.6333799830214631E-005   302022.59424888331     
   4.6740127749148157E-005   299395.85545819718     
   4.7150018992875029E-005   296791.95180621685     
   4.7563504810253595E-005   294210.68477926927     
   4.7980616724181535E-005   291651.85758942855     
   4.8401386533999083E-005   289115.27515951364     
   4.8825846317913300E-005   286600.74410821579     
   4.9254028435443581E-005   284108.07273535669     
   4.9685965529888744E-005   281637.07100727293     
   5.0121690530815542E-005   279187.55054232862     
   5.0561236656569205E-005   276759.32459655410     
   5.1004637416805842E-005   274352.20804940863     
   5.1451926615047149E-005   271966.01738966798     
   5.1903138351257467E-005   269600.57070143358     
   5.2358307024443483E-005   267255.68765026389     
   5.2817467335276684E-005   264931.18946942652     
   5.3280654288738834E-005   262626.89894626942     
   5.3747903196790672E-005   260342.64040871034     
   5.4219249681063927E-005   258078.23971184538     
   5.4694729675577083E-005   255833.52422467078     
   5.5174379429474809E-005   253608.32281692408     
   5.5658235509791527E-005   251402.46584603618     
   5.6146334804239163E-005   249215.78514419883     
   5.6638714524019327E-005   247048.11400554446     
   5.7135412206660225E-005   244899.28717343617     
   5.7636465718878374E-005   242769.14082786979     
   5.8141913259465438E-005   240657.51257298444     
   5.8651793362200416E-005   238564.24142468197     
   5.9166144898787348E-005   236489.16779835397     
   5.9685007081818722E-005   234432.13349671569     
   6.0208419467764963E-005   232392.98169774556     
   6.0736421959990091E-005   230371.55694272925     
   6.1269054811793829E-005   228367.70512440844     
   6.1806358629480426E-005   226381.27347523178     
   6.2348374375454255E-005   224412.11055570850     
   6.2895143371342779E-005   222460.06624286307     
   6.3446707301146745E-005   220524.99171879058     
   6.4003108214418021E-005   218606.73945931054     
   6.4564388529465328E-005   216705.16322272128     
   6.5130591036588115E-005   214820.11803864979     
   6.5701758901338757E-005   212951.46019700015     
   6.6277935667813332E-005   211099.04723699755     
   6.6859165261971308E-005   209262.73793632738     
   6.7445491994984347E-005   207442.39230036887     
   6.8036960566614392E-005   205637.87155152246     
   6.8633616068621524E-005   203849.03811862960     
   6.9235503988201565E-005   202075.75562648498     
   6.9842670211453867E-005   200317.88888543946     
   7.0455161026879590E-005   198575.30388109395     
   7.1073023128910559E-005   196847.86776408216     
   7.1696303621469085E-005   195135.44883994278     
   7.2325050021559075E-005   193437.91655907963     
   7.2959310262888546E-005   191755.14150680864     
   7.3599132699523947E-005   190086.99539349208     
   7.4244566109576550E-005   188433.35104475761     
   7.4895659698921108E-005   186794.08239180350     
   7.5552463104947210E-005   185169.06446178691     
   7.6215026400343406E-005   183558.17336829705     
   7.6883400096914708E-005   181961.28630190968     
   7.7557635149433349E-005   180378.28152082505     
   7.8237782959523472E-005   178809.03834158654     
   7.8923895379579849E-005   177253.43712987998     
   7.9616024716720889E-005   175711.35929141336     
   8.0314223736776424E-005   174182.68726287517     
   8.1018545668310412E-005   172667.30450297214     
   8.1729044206678889E-005   171165.09548354440     
   8.2445773518123578E-005   169675.94568075752     
   8.3168788243901344E-005   168199.74156637234     
   8.3898143504449821E-005   166736.37059908922     
   8.4633894903589750E-005   165285.72121596866     
   8.5376098532763915E-005   163847.68282392583     
   8.6124810975313451E-005   162422.14579129952     
   8.6880089310791613E-005   161009.00143949396     
   8.7641991119315237E-005   159608.14203469356     
   8.8410574485954632E-005   158219.46077964973     
   8.9185898005161640E-005   156842.85180553875     
   8.9968020785236843E-005   155478.21016389076     
   9.0757002452835676E-005   154125.43181858910     
   9.1552903157514278E-005   152784.41363793827     
   9.2355783576315099E-005   151455.05338680206     
   9.3165704918392613E-005   150137.24971880935     
   9.3982728929679931E-005   148830.90216862751     
   9.4806917897595917E-005   147535.91114430330     
   9.5638334655793916E-005   146252.17791967074     
   9.6477042588951928E-005   144979.60462682386     
   9.7323105637604949E-005   143718.09424865586     
   9.8176588303019503E-005   142467.55061146297     
   9.9037555652111068E-005   141227.87837761233     
   9.9906073322404614E-005   139998.98303827347     
   1.0078220752703855E-004   138780.77090621370     
   1.0166602505981264E-004   137573.14910865543     
   1.0255759330028012E-004   136376.02558019588     
   1.0345698021888460E-004   135189.30905578830     
   1.0436425438214184E-004   134012.90906378403     
   1.0527948495786706E-004   132846.73591903571     
   1.0620274172044815E-004   131690.70071605936     
   1.0713409505616493E-004   130544.71532225680     
   1.0807361596855534E-004   129408.69237119672     
   1.0902137608382841E-004   128282.54525595406     
   1.0997744765632493E-004   127166.18812250727     
   1.1094190357402572E-004   126059.53586319330     
   1.1191481736410866E-004   124962.50411021902     
   1.1289626319855389E-004   123875.00922922936     
   1.1388631589979870E-004   122796.96831293132     
   1.1488505094644159E-004   121728.29917477336     
   1.1589254447899659E-004   120668.92034267966     
   1.1690887330569803E-004   119618.75105283906     
   1.1793411490835610E-004   118577.71124354775     
   1.1896834744826385E-004   117545.72154910573     
   1.2001164977215593E-004   116522.70329376617     
   1.2106410141821972E-004   115508.57848573739     
   1.2212578262215897E-004   114503.26981123694     
   1.2319677432331080E-004   113506.70062859761     
   1.2427715817081624E-004   112518.79496242436     
   1.2536701652984488E-004   111539.47749780217     
   1.2646643248787428E-004   110568.67357455440     
   1.2757548986102406E-004   109606.30918155078     
   1.2869427320044599E-004   108652.31095106516     
   1.2982286779876986E-004   107706.60615318203     
   1.3096135969660588E-004   106769.12269025193     
   1.3210983568910428E-004   105839.78909139491     
   1.3326838333257206E-004   104918.53450705184     
   1.3443709095114833E-004   104005.28870358289     
   1.3561604764353760E-004   103099.98205791340     
   1.3680534328980261E-004   102202.54555222584     
   1.3800506855821633E-004   101312.91076869816     
   1.3921531491217440E-004   100431.00988428779     
   1.4043617461716778E-004   99556.775665561072     
   1.4166774074781714E-004   98690.141463567576     
   1.4291010719496823E-004   97831.041208758921     
   1.4416336867285014E-004   96979.409405951912     
   1.4542762072629572E-004   96135.181129335426     
   1.4670295973802589E-004   95298.292017520478     
   1.4798948293599746E-004   94468.678268633681     
   1.4928728840081536E-004   93646.276635453236     
   1.5059647507321031E-004   92831.024420586837     
   1.5191714276158148E-004   92022.859471692267     
   1.5324939214960573E-004   91221.720176738629     
   1.5459332480391333E-004   90427.545459309680     
   1.5594904318183117E-004   89640.274773947152     
   1.5731665063919376E-004   88859.848101535259     
   1.5869625143822284E-004   88086.205944724759     
   1.6008795075547576E-004   87319.289323397359     
   1.6149185468986420E-004   86559.039770168936     
   1.6290807027074256E-004   85805.399325932347     
   1.6433670546606751E-004   85058.310535438883     
   1.6577786919062947E-004   84317.716442917721     
   1.6723167131435550E-004   83583.560587734202     
   1.6869822267068577E-004   82855.787000085213     
   1.7017763506502309E-004   82134.340196732184     
   1.7167002128325656E-004   81419.165176771290     
   1.7317549510036001E-004   80710.207417440470     
   1.7469417128906589E-004   80007.412869962529     
   1.7622616562861529E-004   79310.727955424794     
   1.7777159491358437E-004   78620.099560694449     
   1.7933057696278869E-004   77935.475034369127     
   1.8090323062826510E-004   77256.802182763218     
   1.8248967580433291E-004   76584.029265928650     
   1.8409003343673399E-004   75917.104993710236     
   1.8570442553185359E-004   75255.978521835830     
   1.8733297516602146E-004   74600.599448039764     
   1.8897580649489506E-004   73950.917808220504     
   1.9063304476292468E-004   73306.884072631554     
   1.9230481631290165E-004   72668.449142105383     
   1.9399124859559045E-004   72035.564344310333     
   1.9569247017944512E-004   71408.181430039825     
   1.9740861076041085E-004   70786.252569534292     
   1.9913980117181176E-004   70169.730348834419     
   2.0088617339432505E-004   69558.567766166743     
   2.0264786056604299E-004   68952.718228360216     
   2.0442499699262280E-004   68352.135547294136     
   2.0621771815752576E-004   67756.773936376936     
   2.0802616073234621E-004   67166.588007055441     
   2.0985046258723065E-004   66581.532765354816     
   2.1169076280138887E-004   66001.563608448050     
   2.1354720167369667E-004   65426.636321255770     
   2.1541992073339199E-004   64856.707073075464     
   2.1730906275086462E-004   64291.732414239770     
   2.1921477174854050E-004   63731.669272804204     
   2.2113719301186167E-004   63176.474951263350     
   2.2307647310036236E-004   62626.107123295762     
   2.2503275985884212E-004   62080.523830537182     
   2.2700620242863725E-004   61539.683479381769     
   2.2899695125899069E-004   61003.544837811001     
   2.3100515811852202E-004   60472.067032250445     
   2.3303097610679759E-004   59945.209544453573     
   2.3507455966600261E-004   59422.932208412778     
   2.3713606459271517E-004   58905.195207297307     
   2.3921564804978382E-004   58391.959070417644     
   2.4131346857830907E-004   57883.184670216506     
   2.4342968610973012E-004   57378.833219285792     
   2.4556446197801767E-004   56878.866267409561     
   2.4771795893197338E-004   56383.245698632723     
   2.4989034114763727E-004   55891.933728355216     
   2.5208177424080426E-004   55404.892900451377     
   2.5429242527965008E-004   54922.086084414383     
   2.5652246279746785E-004   54443.476472525683     
   2.5877205680551699E-004   53969.027577048626     
   2.6104137880598386E-004   53498.703227447033     
   2.6333060180505684E-004   53032.467567627493     
   2.6563990032611593E-004   52570.285053205807     
   2.6796945042303747E-004   52112.120448797265     
   2.7031942969361629E-004   51657.938825330399     
   2.7269001729310512E-004   51207.705557384019     
   2.7508139394787285E-004   50761.386320547550     
   2.7749374196918240E-004   50318.947088804256     
   2.7992724526708997E-004   49880.354131937129     
   2.8238208936446528E-004   49445.574012957419     
   2.8485846141113562E-004   49014.573585555627     
   2.8735655019815359E-004   48587.319991574288     
   2.8987654617218956E-004   48163.780658503194     
   2.9241864145005146E-004   47743.923296996029     
   2.9498302983333021E-004   47327.715898408831     
   2.9756990682317560E-004   46915.126732359618     
   3.0017946963519984E-004   46506.124344309479     
   3.0281191721451327E-004   46100.677553164525     
   3.0546745025089090E-004   45698.755448898752     
   3.0814627119407276E-004   45300.327390197548     
   3.1084858426919776E-004   44905.363002121667     
   3.1357459549237330E-004   44513.832173791627     
   3.1632451268638146E-004   44125.705056091996     
   3.1909854549652244E-004   43740.952059395953     
   3.2189690540659752E-004   43359.543851309361     
   3.2471980575503193E-004   42981.451354434568     
   3.2756746175113919E-004   42606.645744153633     
   3.3044009049152756E-004   42235.098446430915     
   3.3333791097665149E-004   41866.781135634534     
   3.3626114412750710E-004   41501.665732377005     
   3.3921001280247463E-004   41139.724401374537     
   3.4218474181430859E-004   40780.929549324901     
   3.4518555794727646E-004   40425.253822803905     
   3.4821268997444859E-004   40072.670106179947     
   3.5126636867513863E-004   39723.151519546882     
   3.5434682685249778E-004   39376.671416674726     
   3.5745429935126274E-004   39033.203382978252     
   3.6058902307565984E-004   38692.721233503224     
   3.6375123700746568E-004   38355.199010930155     
   3.6694118222422629E-004   38020.610983595339     
   3.7015910191763661E-004   37688.931643529198     
   3.7340524141207999E-004   37360.135704511653     
   3.7667984818333166E-004   37034.198100144305     
   3.7998317187742508E-004   36711.093981939528     
   3.8331546432968431E-004   36390.798717426042     
   3.8667697958392322E-004   36073.287888271057     
   3.9006797391181303E-004   35758.537288418607     
   3.9348870583241942E-004   35446.522922244287     
   3.9693943613191174E-004   35137.221002725775     
   4.0042042788344408E-004   34830.607949629470     
   4.0393194646721131E-004   34526.660387712742     
   4.0747425959068110E-004   34225.355144941903     
   4.1104763730900266E-004   33926.669250725667     
   4.1465235204559531E-004   33630.579934163936     
   4.1828867861291706E-004   33337.064622311758     
   4.2195689423341553E-004   33046.100938458483     
   4.2565727856066235E-004   32757.666700421843     
   4.2939011370067337E-004   32471.739918856831     
   4.3315568423341538E-004   32188.298795579307     
   4.3695427723450177E-004   31907.321721904158     
   4.4078618229707813E-004   31628.787276997926     
   4.4465169155389998E-004   31352.674226245756     
   4.4855109969960420E-004   31078.961519632525     
   4.5248470401317562E-004   30807.628290138069     
   4.5645280438061039E-004   30538.653852146334     
   4.6045570331777893E-004   30272.017699868356     
   4.6449370599348818E-004   30007.699505778979     
   4.6856712025274735E-004   29745.679119067161     
   4.7267625664023646E-004   29485.936564099695     
   4.7682142842398194E-004   29228.452038898376     
   4.8100295161923877E-004   28973.205913630325     
   4.8522114501258265E-004   28720.178729111489     
   4.8947633018621341E-004   28469.351195323139     
   4.9376883154247139E-004   28220.704189941214     
   4.9809897632856898E-004   27974.218756878548     
   5.0246709466153863E-004   27729.876104839710     
   5.0687351955340033E-004   27487.657605888380     
   5.1131858693654946E-004   27247.544794027221     
   5.1580263568936670E-004   27009.519363790121     
   5.2032600766205382E-004   26773.563168846609     
   5.2488904770269472E-004   26539.658220618450     
   5.2949210368354602E-004   26307.786686908232     
   5.3413552652755748E-004   26077.930890539927     
   5.3881967023512516E-004   25850.073308011211     
   5.4354489191108012E-004   25624.196568157520     
   5.4831155179191197E-004   25400.283450827770     
   5.5312001327323293E-004   25178.316885571490     
   5.5797064293748155E-004   24958.279950337474     
   5.6286381058187022E-004   24740.155870183644     
   5.6779988924657721E-004   24523.928015998230     
   5.7277925524318600E-004   24309.579903232010     
   5.7780228818337428E-004   24097.095190641528     
   5.8286937100785429E-004   23886.457679043364     
   5.8798089001556742E-004   23677.651310079094     
   5.9313723489313368E-004   23470.660164991088     
   5.9833879874456096E-004   23265.468463408910     
   6.0358597812121381E-004   23062.060562146264     
   6.0887917305204524E-004   22860.420954008405     
   6.1421878707409376E-004   22660.534266609902     
   6.1960522726324779E-004   22462.385261202759     
   6.2503890426528024E-004   22265.958831514556     
   6.3052023232715412E-004   22071.240002596907     
   6.3604962932860417E-004   21878.213929683738     
   6.4162751681399435E-004   21686.865897059604     
   6.4725432002445561E-004   21497.181316937767     
   6.5293046793030390E-004   21309.145728348158     
   6.5865639326374500E-004   21122.744796034804     
   6.6443253255186357E-004   20937.964309363051     
   6.7025932614990286E-004   20754.790181236109     
   6.7613721827483662E-004   20573.208447021170     
   6.8206665703923438E-004   20393.205263484735     
   6.8804809448542385E-004   20214.766907737270     
   6.9408198661995428E-004   20037.879776187016     
   7.0016879344836000E-004   19862.530383502883     
   7.0630897901023020E-004   19688.705361586395     
   7.1250301141458625E-004   19516.391458552513     
   7.1875136287556792E-004   19345.575537719393     
   7.2505450974843502E-004   19176.244576606849     
   7.3141293256588180E-004   19008.385665943584     
   7.3782711607467226E-004   18841.986008683030     
   7.4429754927259550E-004   18677.032919027715     
   7.5082472544574490E-004   18513.513821462180     
   7.5740914220612601E-004   18351.416249794212     
   7.6405130152959141E-004   18190.727846204500     
   7.7075170979411104E-004   18031.436360304517     
   7.7751087781837639E-004   17873.529648202533     
   7.8432932090074375E-004   17716.995671577879     
   7.9120755885851908E-004   17561.822496763139     
   7.9814611606758719E-004   17407.998293834375     
   8.0514552150238896E-004   17255.511335709249     
   8.1220630877624806E-004   17104.349997252979     
   8.1932901618205249E-004   16954.502754392106     
   8.2651418673329255E-004   16805.958183235918     
   8.3376236820545781E-004   16658.704959205505     
   8.4107411317779844E-004   16512.731856170449     
   8.4844997907545215E-004   16368.027745592963     
   8.5589052821194043E-004   16224.581595679483     
   8.6339632783203734E-004   16082.382470539646     
   8.7096795015501527E-004   15941.419529352568     
   8.7860597241826816E-004   15801.682025540391     
   8.8631097692131941E-004   15663.159305948970     
   8.9408355107021404E-004   15525.840810035728     
   9.0192428742230039E-004   15389.716069064567     
   9.0983378373140559E-004   15254.774705307746     
   9.1781264299340640E-004   15121.006431254707     
   9.2586147349219916E-004   14988.401048827835     
   9.3398088884607405E-004   14856.948448604944     
   9.4217150805449550E-004   14726.638609048574     
   9.5043395554529251E-004   14597.461595742010     
   9.5876886122226303E-004   14469.407560631887     
   9.6717686051319676E-004   14342.466741277422     
   9.7565859441831710E-004   14216.629460106144     
   9.8421470955914968E-004   14091.886123676124     
   9.9284585822781869E-004   13968.227221944600     
   1.0015526984367758E-003   13845.643327542941     
   1.0103358939689644E-003   13724.125095057971     
   1.0191961144284257E-003   13603.663260319472     
   1.0281340352913458E-003   13484.248639693948     
   1.0371503379575527E-003   13365.872129384463     
   1.0462457098024641E-003   13248.524704736625     
   1.0554208442294908E-003   13132.197419550555     
   1.0646764407228994E-003   13016.881405398881     
   1.0740132049011394E-003   12902.567870950625     
   1.0834318485706367E-003   12789.248101300971     
   1.0929330897800600E-003   12676.913457306902     
   1.1025176528750629E-003   12565.555374928555     
   1.1121862685535048E-003   12455.165364576333     
   1.1219396739211580E-003   12345.735010463701     
   1.1317786125479023E-003   12237.255969965576     
   1.1417038345244125E-003   12129.719972982326     
   1.1517160965193421E-003   12023.118821309285     
   1.1618161618370106E-003   11917.444388011758     
   1.1720048004755952E-003   11812.688616805430     
   1.1822827891858326E-003   11708.843521442201     
   1.1926509115302369E-003   11605.901185101342     
   1.2031099579428352E-003   11503.853759785938     
   1.2136607257894284E-003   11402.693465724587     
   1.2243040194283798E-003   11302.412590778302     
   1.2350406502719367E-003   11203.003489852559     
   1.2458714368480911E-003   11104.458584314456     
   1.2567972048629795E-003   11006.770361414972     
   1.2678187872638348E-003   10909.931373716194     
   1.2789370243024862E-003   10813.934238523552     
   1.2901527635994169E-003   10718.771637323025     
   1.3014668602083861E-003   10624.436315223153     
   1.3128801766816138E-003   10530.921080401984     
   1.3243935831355402E-003   10438.218803558797     
   1.3360079573171597E-003   10346.322417370569     
   1.3477241846709394E-003   10255.224915953211     
   1.3595431584063208E-003   10164.919354327447     
   1.3714657795658163E-003   10075.398847889370     
   1.3834929570937023E-003   9986.6565718855818     
   1.3956256079053135E-003   9898.6857608928913     
   1.4078646569569454E-003   9811.4797083025551     
   1.4202110373163722E-003   9725.0317658089843     
   1.4326656902339790E-003   9639.3353429029066     
   1.4452295652145203E-003   9554.3839063689356     
   1.4579036200895075E-003   9470.1709797874992     
   1.4706888210902318E-003   9386.6901430411017     
   1.4835861429214258E-003   9303.9350318248726     
   1.4965965688355717E-003   9221.8993371614015     
   1.5097210907078630E-003   9140.5768049197377     
   1.5229607091118199E-003   9059.9612353386237     
   1.5363164333955729E-003   8980.0464825538329     
   1.5497892817588085E-003   8900.8264541296467     
   1.5633802813303976E-003   8822.2951105943885     
   1.5770904682466979E-003   8744.4464649799957     
   1.5909208877305475E-003   8667.2745823655969     
   1.6048725941709477E-003   8590.7735794250711     
   1.6189466512034488E-003   8514.9376239785124     
   1.6331441317912363E-003   8439.7609345476139     
   1.6474661183069311E-003   8365.2377799149308     
   1.6619137026151062E-003   8291.3624786869186     
   1.6764879861555285E-003   8218.1293988608413     
   1.6911900800271262E-003   8145.5329573954104     
   1.7060211050726984E-003   8073.5676197851353     
   1.7209821919643635E-003   8002.2278996384175     
   1.7360744812897587E-003   7931.5083582592906     
   1.7512991236389936E-003   7861.4036042327925     
   1.7666572796923700E-003   7791.9082930139502     
   1.7821501203088663E-003   7723.0171265203380     
   1.7977788266154021E-003   7654.7248527281790     
   1.8135445900968818E-003   7587.0262652719530     
   1.8294486126870318E-003   7519.9162030474818     
   1.8454921068600306E-003   7453.3895498184811     
   1.8616762957229455E-003   7387.4412338265183     
   1.8780024131089773E-003   7322.0662274043661     
   1.8944717036715245E-003   7257.2595465927270     
   1.9110854229790724E-003   7193.0162507602590     
   1.9278448376109133E-003   7129.3314422269523     
   1.9447512252537063E-003   7066.2002658907386     
   1.9618058747988849E-003   7003.6179088573726     
   1.9790100864409176E-003   6941.5796000735127     
   1.9963651717764316E-003   6880.0806099630063     
   2.0138724539042036E-003   6819.1162500663359     
   2.0315332675260303E-003   6758.6818726831880     
   2.0493489590484811E-003   6698.7728705181398     
   2.0673208866855432E-003   6639.3846763294296     
   2.0854504205621710E-003   6580.5127625807709     
   2.1037389428187349E-003   6522.1526410961969     
   2.1221878477163973E-003   6464.2998627179131     
   2.1407985417434021E-003   6406.9500169671155     
   2.1595724437223044E-003   6350.0987317077597     
   2.1785109849181347E-003   6293.7416728132575     
   2.1976156091475158E-003   6237.8745438360720     
   2.2168877728887346E-003   6182.4930856801766     
   2.2363289453927785E-003   6127.5930762763755     
   2.2559406087953489E-003   6073.1703302604219     
   2.2757242582298531E-003   6019.2206986539759     
   2.2956814019413877E-003   5965.7400685483017     
   2.3158135614017258E-003   5912.7243627907128     
   2.3361222714253049E-003   5860.1695396737896     
   2.3566090802862412E-003   5808.0715926272278     
   2.3772755498363629E-003   5756.4265499124340     
   2.3981232556242803E-003   5705.2304743197328     
   2.4191537870155017E-003   5654.4794628682275     
   2.4403687473136025E-003   5604.1696465082632     
   2.4617697538824560E-003   5554.2971898264705     
   2.4833584382695341E-003   5504.8582907533955     
   2.5051364463302946E-003   5455.8491802736462     
   2.5271054383536537E-003   5407.2661221385788     
   2.5492670891885641E-003   5359.1054125814690     
   2.5716230883716966E-003   5311.3633800351645     
   2.5941751402562495E-003   5264.0363848522038     
   2.6169249641418788E-003   5217.1208190273464     
   2.6398742944057775E-003   5170.6131059225308     
   2.6630248806348944E-003   5124.5096999942289     
   2.6863784877593187E-003   5078.8070865231548     
   2.7099368961868366E-003   5033.5017813463301     
   2.7337019019386573E-003   4988.5903305914953     
   2.7576753167863430E-003   4944.0693104138018     
   2.7818589683899280E-003   4899.9353267348160     
   2.8062547004372557E-003   4856.1850149837910     
   2.8308643727845374E-003   4812.8150398411653     
   2.8556898615981377E-003   4769.8220949843317     
   2.8807330594976129E-003   4727.2029028355792     
   2.9059958756999949E-003   4684.9542143122462     
   2.9314802361653453E-003   4643.0728085790479     
   2.9571880837435849E-003   4601.5554928025449     
   2.9831213783226103E-003   4560.3991019077603     
   3.0092820969777096E-003   4519.6004983369103     
   3.0356722341222898E-003   4479.1565718102147     
   3.0622938016599218E-003   4439.0642390888224     
   3.0891488291377263E-003   4399.3204437397726     
   3.1162393639010966E-003   4359.9221559029975     
   3.1435674712497834E-003   4320.8663720603781     
   3.1711352345953465E-003   4282.1501148067737     
   3.1989447556199885E-003   4243.7704326230778     
   3.2269981544367798E-003   4205.7243996512125     
   3.2552975697512899E-003   4168.0091154711117     
   3.2838451590246360E-003   4130.6217048796234     
   3.3126430986379607E-003   4093.5593176713428     
   3.3416935840583544E-003   4056.8191284213485     
   3.3709988300062274E-003   4020.3983362698364     
   3.4005610706241566E-003   3984.2941647086122     
   3.4303825596472097E-003   3948.5038613694555     
   3.4604655705747604E-003   3913.0246978143173     
   3.4908123968438167E-003   3877.8539693273419     
   3.5214253520038626E-003   3842.9889947087054     
   3.5523067698932371E-003   3808.4271160702301     
   3.5834590048170593E-003   3774.1656986328048     
   3.6148844317267126E-003   3740.2021305255380     
   3.6465854464009049E-003   3706.5338225866767     
   3.6785644656283137E-003   3673.1582081662532     
   3.7108239273918376E-003   3640.0727429304393     
   3.7433662910544572E-003   3607.2749046676249     
   3.7761940375467310E-003   3574.7621930961532     
   3.8093096695559362E-003   3542.5321296737534     
   3.8427157117168617E-003   3510.5822574086196     
   3.8764147108042808E-003   3478.9101406721429     
   3.9104092359271104E-003   3447.5133650132525     
   3.9447018787242714E-003   3416.3895369743959     
   3.9792952535622657E-003   3385.5362839091117     
   4.0141919977344891E-003   3354.9512538011754     
   4.0493947716622909E-003   3324.6321150853464     
   4.0849062590977954E-003   3294.5765564696485     
   4.1207291673285027E-003   3264.7822867592135     
   4.1568662273836852E-003   3235.2470346816513     
   4.1933201942425920E-003   3205.9685487139354     
   4.2300938470444804E-003   3176.9445969108083     
   4.2671899893004890E-003   3148.1729667346672     
   4.3046114491073701E-003   3119.6514648869311     
   4.3423610793630919E-003   3091.3779171408855     
   4.3804417579843382E-003   3063.3501681759717     
   4.4188563881259095E-003   3035.5660814135231     
   4.4576078984020521E-003   3008.0235388539290     
   4.4966992431097284E-003   2980.7204409152178     
   4.5361334024538371E-003   2953.6547062730433     
   4.5759133827744233E-003   2926.8242717020671     
   4.6160422167758671E-003   2900.2270919187135     
   4.6565229637580887E-003   2873.8611394253066     
   4.6973587098497818E-003   2847.7244043555515     
   4.7385525682436900E-003   2821.8148943213650     
   4.7801076794339445E-003   2796.1306342610465     
   4.8220272114554898E-003   2770.6696662887589     
   4.8643143601256027E-003   2745.4300495453276     
   4.9069723492875320E-003   2720.4098600503398     
   4.9500044310562749E-003   2695.6071905555241     
   4.9934138860665079E-003   2671.0201503994149     
   5.0372040237226922E-003   2646.6468653632796     
   5.0813781824513718E-003   2622.4854775282961     
   5.1259397299556909E-003   2598.5341451339787     
   5.1708920634721267E-003   2574.7910424378401     
   5.2162386100294928E-003   2551.2543595762700     
   5.2619828267102030E-003   2527.9223024266212     
   5.3081282009138277E-003   2504.7930924705129     
   5.3546782506229641E-003   2481.8649666583087     
   5.4016365246714352E-003   2459.1361772747823     
   5.4490066030148439E-003   2436.6049918059512     
   5.4967920970034941E-003   2414.2696928070791     
   5.5449966496577147E-003   2392.1285777718099     
   5.5936239359455865E-003   2370.1799590024625     
   5.6426776630631144E-003   2348.4221634814439     
   5.6921615707168534E-003   2326.8535327437835     
   5.7420794314090064E-003   2305.4724227507859     
   5.7924350507250364E-003   2284.2772037647696     
   5.8432322676237871E-003   2263.2662602249193     
   5.8944749547301554E-003   2242.4379906242011     
   5.9461670186303286E-003   2221.7908073873577     
   5.9983124001696097E-003   2201.3231367499698     
   6.0509150747528563E-003   2181.0334186385717     
   6.1039790526475537E-003   2160.9201065518037     
   6.1575083792895433E-003   2140.9816674426152     
   6.2115071355914363E-003   2121.2165816014794     
   6.2659794382537307E-003   2101.6233425406417     
   6.3209294400786535E-003   2082.2004568793618     
   6.3763613302867594E-003   2062.9464442301760     
   6.4322793348363036E-003   2043.8598370861309     
   6.4886877167454173E-003   2024.9391807090158     
   6.5455907764171047E-003   2006.1830330185674     
   6.6029928519670935E-003   1987.5899644826352     
   6.6608983195545609E-003   1969.1585580083124     
   6.7193115937157601E-003   1950.8874088340124     
   6.7782371277005640E-003   1932.7751244224912     
   6.8376794138119770E-003   1914.8203243548012     
   6.8976429837486050E-003   1897.0216402251708     
   6.9581324089501477E-003   1879.3777155368011     
   7.0191523009459026E-003   1861.8872055985769     
   7.0807073117063399E-003   1844.5487774226738     
   7.1428021339977523E-003   1827.3611096230627     
   7.2054415017400158E-003   1810.3228923149061     
   7.2686301903674934E-003   1793.4328270148189     
   7.3323730171930938E-003   1776.6896265420173     
   7.3966748417755345E-003   1760.0920149203214     
   7.4615405662898171E-003   1743.6387272810161     
   7.5269751359009528E-003   1727.3285097665632     
   7.5929835391409708E-003   1711.1601194351545     
   7.6595708082892204E-003   1695.1323241661000     
   7.7267420197560293E-003   1679.2439025660374     
   7.7945022944697030E-003   1663.4936438759742     
   7.8628567982669314E-003   1647.8803478791315     
   7.9318107422866220E-003   1632.4028248095997     
   8.0013693833671708E-003   1617.0598952617929     
   8.0715380244472373E-003   1601.8503901006939     
   8.1423220149700222E-003   1586.7731503728874     
   8.2137267512910842E-003   1571.8270272183704     
   8.2857576770897570E-003   1557.0108817831356     
   8.3584202837841456E-003   1542.3235851325194     
   8.4317201109497791E-003   1527.7640181653128     
   8.5056627467419328E-003   1513.3310715286168     
   8.5802538283216555E-003   1499.0236455334530     
   8.6554990422855194E-003   1484.8406500711096     
   8.7314041250991584E-003   1470.7810045302178     
   8.8079748635345925E-003   1456.8436377145638     
   8.8852170951113987E-003   1443.0274877616125     
   8.9631367085417409E-003   1429.3315020617513     
   9.0417396441793123E-003   1415.7546371782414     
   9.1210318944722046E-003   1402.2958587678722     
   9.2010195044197572E-003   1388.9541415023102     
   9.2817085720334098E-003   1375.7284689901426     
   9.3631052488015974E-003   1362.6178336995970     
   9.4452157401587120E-003   1349.6212368819552     
   9.5280463059581964E-003   1336.7376884956241     
   9.6116032609497807E-003   1323.9662071308815     
   9.6958929752608784E-003   1311.3058199352872     
   9.7809218748822480E-003   1298.7555625397420     
   9.8666964421578792E-003   1286.3144789852022     
   9.9532232162791862E-003   1273.9816216500394     
   1.0040508793783542E-002   1261.7560511780380     
   1.0128559829057179E-002   1249.6368364070245     
   1.0217383034842488E-002   1237.6230542981339     
   1.0306985182749792E-002   1225.7137898656877     
   1.0397373103773578E-002   1213.9081361077017     
   1.0488553688813287E-002   1202.2051939369960     
   1.0580533889198643E-002   1190.6040721129204     
   1.0673320717219603E-002   1179.1038871736819     
   1.0766921246660959E-002   1167.7037633692607     
   1.0861342613341617E-002   1156.4028325949307     
   1.0956592015658609E-002   1145.2002343253610     
   1.1052676715135882E-002   1134.0951155492990     
   1.1149604036977886E-002   1123.0866307048314     
   1.1247381370628034E-002   1112.1739416152252     
   1.1346016170332046E-002   1101.3562174253216     
   1.1445515955706236E-002   1090.6326345385085     
   1.1545888312310798E-002   1080.0023765542412     
   1.1647140892228078E-002   1069.4646342061214     
   1.1749281414645981E-002   1059.0186053005216     
   1.1852317666446427E-002   1048.6634946557581     
   1.1956257502799019E-002   1038.3985140417994     
   1.2061108847759886E-002   1028.2228821205154     
   1.2166879694875801E-002   1018.1358243864486     
   1.2273578107793569E-002   1008.1365731081229     
   1.2381212220874786E-002   998.22436726986405     
   1.2489790239815977E-002   988.39845251414386     
   1.2599320442274169E-002   978.65808108443491     
   1.2709811178497954E-002   969.00251176857796     
   1.2821270871964092E-002   959.43100984264709     
   1.2933708020019688E-002   949.94284701532240     
   1.3047131194530003E-002   940.53730137275465     
   1.3161549042531948E-002   931.21365732392701     
   1.3276970286893309E-002   921.97120554649700     
   1.3393403726977747E-002   912.80924293313046     
   1.3510858239315639E-002   903.72707253831345     
   1.3629342778280798E-002   894.72400352563500     
   1.3748866376773127E-002   885.79935111555119     
   1.3869438146907255E-002   876.95243653361001     
   1.3991067280707222E-002   868.18258695914460     
   1.4113763050807250E-002   859.48913547442498     
   1.4237534811158659E-002   850.87142101426855     
   1.4362391997742979E-002   842.32878831610321     
   1.4488344129291337E-002   833.86058787047705     
   1.4615400808010113E-002   825.46617587201968     
   1.4743571720313004E-002   817.14491417083798     
   1.4872866637559471E-002   808.89617022435755     
   1.5003295416799687E-002   800.71931704959457     
   1.5134868001526003E-002   792.61373317585935     
   1.5267594422431014E-002   784.57880259788988     
   1.5401484798172270E-002   776.61391472940682     
   1.5536549336143677E-002   768.71846435709244     
   1.5672798333253701E-002   760.89185159498334     
   1.5810242176710353E-002   753.13348183928099     
   1.5948891344813084E-002   745.44276572357035     
   1.6088756407751627E-002   737.81911907444589     
   1.6229848028411823E-002   730.26196286754396     
   1.6372176963188538E-002   722.77072318397416     
   1.6515754062805688E-002   715.34483116714864     
   1.6660590273143473E-002   707.98372298000413     
   1.6806696636072850E-002   700.68683976262002     
   1.6954084290297346E-002   693.45362759021896     
   1.7102764472202214E-002   686.28353743155640     
   1.7252748516711089E-002   679.17602510768882     
   1.7404047858150105E-002   672.13055125112476     
   1.7556674031119629E-002   665.14658126534766     
   1.7710638671373610E-002   658.22358528471409     
   1.7865953516706674E-002   651.36103813472096     
   1.8022630407848950E-002   644.55841929264000     
   1.8180681289368790E-002   637.81521284851624     
   1.8340118210583390E-002   631.13090746652597     
   1.8500953326477377E-002   624.50499634669723     
   1.8663198898629468E-002   617.93697718698047     
   1.8826867296147288E-002   611.42635214567520     
   1.8991970996610305E-002   604.97262780420635     
   1.9158522587021120E-002   598.57531513024605     
   1.9326534764765042E-002   592.23392944118132     
   1.9496020338578102E-002   585.94799036792313     
   1.9666992229523558E-002   579.71702181905414     
   1.9839463471976952E-002   573.54055194531270     
   2.0013447214619819E-002   567.41811310441039     
   2.0188956721442084E-002   561.34924182618192     
   2.0366005372753283E-002   555.33347877806295     
   2.0544606666202638E-002   549.37036873089255     
   2.0724774217808072E-002   543.45946052503996     
   2.0906521762994245E-002   537.60030703685493     
   2.1089863157639721E-002   531.79246514542979     
   2.1274812379133281E-002   526.03549569968607     
   2.1461383527439516E-002   520.32896348576764     
   2.1649590826173779E-002   514.67243719474766     
   2.1839448623686537E-002   509.06548939064510     
   2.2030971394157252E-002   503.50769647874506     
   2.2224173738697846E-002   497.99863867422607     
   2.2419070386465838E-002   492.53789997108527     
   2.2615676195787280E-002   487.12506811136586     
   2.2814006155289460E-002   481.75973455468090     
   2.3014075385043641E-002   476.44149444802929     
   2.3215899137717731E-002   471.16994659590716     
   2.3419492799739122E-002   465.94469343070875     
   2.3624871892467696E-002   460.76534098341284     
   2.3832052073379115E-002   455.63149885455749     
   2.4041049137258536E-002   450.54278018549587     
   2.4251879017404707E-002   445.49880162993634     
   2.4464557786844716E-002   440.49918332575794     
   2.4679101659559319E-002   435.54354886710502     
   2.4895526991719073E-002   430.63152527675561     
   2.5113850282931248E-002   425.76274297876392     
   2.5334088177497736E-002   420.93683577137062     
   2.5556257465683945E-002   416.15344080018349     
   2.5780375084998843E-002   411.41219853162340     
   2.6006458121486220E-002   406.71275272663570     
   2.6234523811027283E-002   402.05475041466093     
   2.6464589540654650E-002   397.43784186786939     
   2.6696672849877909E-002   392.86168057564930     
   2.6930791432020748E-002   388.32592321935493     
   2.7166963135569870E-002   383.83022964730611     
   2.7405205965535685E-002   379.37426285003954     
   2.7645538084824964E-002   374.95768893581214     
   2.7887977815625530E-002   370.58017710634897     
   2.8132543640803066E-002   366.24139963284028     
   2.8379254205310234E-002   361.94103183217908     
   2.8628128317608043E-002   357.67875204344392     
   2.8879184951099823E-002   353.45424160461840     
   2.9132443245577639E-002   349.26718482955027     
   2.9387922508681493E-002   345.11726898514598     
   2.9645642217371246E-002   341.00418426879958     
   2.9905622019411507E-002   336.92762378605221     
   3.0167881734869510E-002   332.88728352848216     
   3.0432441357626124E-002   328.88286235182437     
   3.0699321056900156E-002   324.91406195431307     
   3.0968541178785954E-002   320.98058685525046     
   3.1240122247804546E-002   317.08214437379689     
   3.1514084968468387E-002   313.21844460798070     
   3.1790450226859772E-002   309.38920041392640     
   3.2069239092223159E-002   305.59412738529880     
   3.2350472818571396E-002   301.83294383296095     
   3.2634172846306091E-002   298.10537076484502     
   3.2920360803852140E-002   294.41113186603127     
   3.3209058509306617E-002   290.74995347903786     
   3.3500287972102132E-002   287.12156458431298     
   3.3794071394684745E-002   283.52569678093471     
   3.4090431174206619E-002   279.96208426750979     
   3.4389389904233528E-002   276.43046382327327     
   3.4690970376467289E-002   272.93057478938675     
   3.4995195582483367E-002   269.46215905043016     
   3.5302088715483640E-002   266.02496101608909     
   3.5611673172064630E-002   262.61872760303152     
   3.5923972554001135E-002   259.24320821697609     
   3.6239010670045604E-002   255.89815473494497     
   3.6556811537743213E-002   252.58332148770296     
   3.6877399385262896E-002   249.29846524237911     
   3.7200798653244424E-002   246.04334518526841     
   3.7527033996661713E-002   242.81772290481092     
   3.7856130286702393E-002   239.62136237474868     
   3.8188112612663958E-002   236.45402993745356     
   3.8523006283866471E-002   233.31549428742852     
   3.8860836831582077E-002   230.20552645497588     
   3.9201630010981425E-002   227.12389979003260     
   3.9545411803097189E-002   224.07038994616974     
   3.9892208416804735E-002   221.04477486475298     
   4.0242046290820253E-002   218.04683475926140     
   4.0594952095716327E-002   215.07635209976354     
   4.0950952735955254E-002   212.13311159754662     
   4.1310075351940125E-002   209.21690018989662     
   4.1672347322083934E-002   206.32750702502656     
   4.2037796264896857E-002   203.46472344715085     
   4.2406450041091753E-002   200.62834298170208     
   4.2778336755708218E-002   197.81816132068803     
   4.3153484760255198E-002   195.03397630818444     
   4.3531922654872462E-002   192.27558792596378     
   4.3913679290510946E-002   189.54279827925322     
   4.4298783771132277E-002   186.83541158262165     
   4.4687265455927584E-002   184.15323414599163     
   4.5079153961555742E-002   181.49607436077139     
   4.5474479164401255E-002   178.86374268610746     
   4.5873271202851937E-002   176.25605163525046     
   4.6275560479596578E-002   173.67281576203300     
   4.6681377663942751E-002   171.11385164745690     
   4.7090753694154955E-002   168.57897788638229     
   4.7503719779813214E-002   166.06801507432152     
   4.7920307404192466E-002   163.58078579432527     
   4.8340548326662694E-002   161.11711460396782     
   4.8764474585110192E-002   158.67682802241666     
   4.9192118498380039E-002   156.25975451759120     
   4.9623512668739961E-002   153.86572449340150     
   5.0058689984365863E-002   151.49457027706444     
   5.0497683621849095E-002   149.14612610649340     
   5.0940527048725759E-002   146.82022811775641     
   5.1387254026028145E-002   144.51671433259901     
   5.1837898610858600E-002   142.23542464602622     
   5.2292495158985902E-002   139.97620081394035     
   5.2751078327464486E-002   137.73888644082859     
   5.3213683077276537E-002   135.52332696749693     
   5.3680344675997346E-002   133.32936965884272     
   5.4151098700483999E-002   131.15686359166540     
   5.4625981039587622E-002   129.00565964250467     
   5.5105027896889487E-002   126.87561047550469     
   5.5588275793461005E-002   124.76657053029804     
   5.6075761570648024E-002   122.67839600990197     
   5.6567522392879474E-002   120.61094486862412     
   5.7063595750500698E-002   118.56407679996875     
   5.7564019462631580E-002   116.53765322454039     
   5.8068831680049747E-002   114.53153727793662     
   5.8578070888099097E-002   112.54559379862457     
   5.9091775909623799E-002   110.57968931579434     
   5.9609985907928022E-002   108.63369203718331     
   6.0132740389761616E-002   106.70747183686441     
   6.0660079208331996E-002   104.80090024299044     
   6.1192042566342426E-002   102.91385042548907     
   6.1728671019056970E-002   101.04619718370009     
   6.2270005477392282E-002   99.197816933947806     
   6.2816087211036500E-002   97.368587697041349     
   6.3366957851595601E-002   95.558389085695055     
   6.3922659395767190E-002   93.767102291860510     
   6.4483234208542226E-002   91.994610073963216     
   6.5048725026434828E-002   90.240796744034611     
   6.5619174960740323E-002   88.505548154732239     
   6.6194627500821987E-002   86.788751686237902     
   6.6775126517426481E-002   85.090296233027146     
   6.7360716266028450E-002   83.410072190498610     
   6.7951441390204384E-002   81.747971441457310     
   6.8547346925036223E-002   80.103887342438881     
   6.9148478300544547E-002   78.477714709868692     
   6.9754881345152134E-002   76.869349806044369     
   7.0366602289177696E-002   75.278690324932356     
   7.0983687768360421E-002   73.705635377767948     
   7.1606184827415292E-002   72.150085478450052     
   7.2234140923619572E-002   70.611942528719240     
   7.2867603930430985E-002   69.091109803107969     
   7.3506622141137207E-002   67.587491933654363     
   7.4151244272537803E-002   66.100994894366522     
   7.4801519468658123E-002   64.631525985427260     
   7.5457497304495899E-002   63.178993817128585     
   7.6119227789800792E-002   61.743308293522986     
   7.6786761372886897E-002   60.324380595782287     
   7.7460148944478724E-002   58.922123165249701     
   7.8139441841591092E-002   57.536449686175274     
   7.8824691851442780E-002   56.167275068121938     
   7.9515951215404709E-002   54.814515428030361     
   8.0213272632982585E-002   53.478088071929221     
   8.0916709265834649E-002   52.157911476280589     
   8.1626314741824454E-002   50.853905268945510     
   8.2342143159109357E-002   49.565990209758994     
   8.3064249090264802E-002   48.294088170700917     
   8.3792687586444731E-002   47.038122115649784     
   8.4527514181578514E-002   45.798016079706855     
   8.5268784896604749E-002   44.573695148077775     
   8.6016556243741993E-002   43.365085434498042     
   8.6770885230797290E-002   42.172114059189724     
   8.7531829365512043E-002   40.994709126336588     
   8.8299446659946407E-002   39.832799701063308     
   8.9073795634901864E-002   38.686315785907141     
   8.9854935324382684E-002   37.555188296768080     
   9.0642925280096487E-002   36.439349038324693     
   9.1437825575994308E-002   35.338730678902039     
   9.2239696812850491E-002   34.253266724779962     
   9.3048600122882588E-002   33.182891493927954     
   9.3864597174411993E-002   32.127540089154209     
   9.4687750176565305E-002   31.087148370656081     
   9.5518121884017024E-002   30.061652927960210     
   9.6355775601773677E-002   29.050991051239791     
   9.7200775190000033E-002   28.055100701996324     
   9.8053185068887702E-002   27.073920483096103     
   9.8913070223566157E-002   26.107389608148040     
   9.9780496209057185E-002   25.155447870213010     
  0.10065552915527244        24.218035609833905     
  0.10153823577205510        23.295093682375835     
  0.10242868335426562        22.386563424667344     
  0.10332693978691201        21.492386620932422     
  0.10423307355032518        20.612505468005637     
  0.10514715372537982        19.746862539821223     
  0.10606924999876072        18.895400751169703     
  0.10699943266827558        18.058063320713728     
  0.10793777264821429        17.234793733258556     
  0.10888434147475524        16.425535701270803     
  0.10983921131141891        15.630233125641269     
  0.11080245495456956        14.848830055688211     
  0.11177414583896485        14.081270648398473     
  0.11275435804335440        13.327499126904812     
  0.11374316629612725        12.587459738198575     
  0.11474064598100898        11.861096710078783     
  0.11574687314280867        11.148354207339040     
  0.11676192449321639        10.449176287195371     
  0.11778587741665143        9.7635068539598677     
  0.11881880997616186        9.0912896129650136     
  0.11986080091937580        8.4324680237471910     
  0.12091192968450497        7.7869852524974306     
  0.12197227640640072        7.1547841237904777     
  0.12304192192266332        6.5358070716044381     
  0.12412094777980474        5.9299960896445327     
  0.12520943623946562        5.3372926809883694     
  0.12630747028468642        4.7576378070693579     
  0.12741513362623405        4.1909718360192585     
  0.12853251070898356        3.6372344903917622     
  0.12965968671835598        3.0963647942922137     
  0.13079674758681267        2.5683010199396534     
  0.13194378000040649        2.0529806336908507     
  0.13310087140539043        1.5503402415589846     
  0.13426811001488440        1.0603155342596580     
  0.13544558481560015       0.58284123182342285     
  0.13663338557462548       0.11785102781402657     
  0.13783160284626778      -0.33472246680538831     
  0.13904032797895752      -0.77494778011045184     
  0.14025965312221250       -1.2028946359111217     
  0.14148967123366302       -1.6186340106506378     
  0.14273047608613862       -2.0222381904535922     
  0.14398216227481708       -2.4137808282639099     
  0.14524482522443607       -2.7933370010106984     
  0.14651856119656809       -3.1609832667358120     
  0.14780346729695903       -3.5167977216145516     
  0.14909964148293137       -3.8608600567959712     
  0.15040718257085198       -4.1932516149865222     
  0.15172619024366571       -4.5140554466965312     
  0.15305676505849489       -4.8233563660650418     
  0.15439900845430551       -5.1212410061755520     
  0.15575302275964048       -5.4077978737696242     
  0.15711891120042104       -5.6831174032635232     
  0.15849677790781630       -5.9472920099672137     
  0.15988672792618183       -6.2004161424017070     
  0.16128886722106806       -6.4425863336076361     
  0.16270330268729860       -6.6739012513320688     
  0.16413014215711974       -6.8944617469787346     
  0.16556949440842109       -7.1043709032010156     
  0.16702146917302865       -7.3037340800144790     
  0.16848617714507028       -7.4926589593012096     
  0.16996372998941475       -7.6712555875747341     
  0.17145424035018478       -7.8396364168704906     
  0.17295782185934452       -7.9979163436232739     
  0.17447458914536265       -8.1462127453897466     
  0.17600465784195132       -8.2846455152707250     
  0.17754814459688162       -8.4133370938847492     
  0.17910516708087645       -8.5324124987415502     
  0.18067584399658143       -8.6419993508616813     
  0.18226029508761446       -8.7422278984851260     
  0.18385864114769448       -8.8332310377105472     
  0.18547100402985059       -8.9151443299039670     
  0.18709750665571157       -8.9881060157148056     
  0.18873827302487717       -9.0522570255352264     
  0.19039342822437141       -9.1077409862379710     
  0.19206309843817893       -9.1547042240274621     
  0.19374741095686465       -9.1932957632385666     
  0.19544649418727833       -9.2236673209180893     
  0.19716047766234360       -9.2459732970240722     
  0.19888949205093337       -9.2603707600800576     
  0.20063366916783160       -9.2670194281229215     
  0.20239314198378225       -9.2660816447852881     
  0.20416804463562691       -9.2577223503564383     
  0.20595851243653074       -9.2421090476695582     
  0.20776468188629829       -9.2194117626671144     
  0.20958669068178015       -9.1898029995015094     
  0.21142467772737009       -9.1534576900333064     
  0.21327878314559509       -9.1105531375965896     
  0.21514914828779766       -9.0612689549075043     
  0.21703591574491204       -9.0057869960006371     
  0.21893922935833501       -8.9442912820863612     
  0.22085923423089179       -8.8769679212327475     
  0.22279607673789828       -8.8040050217852581     
  0.22474990453832033       -8.7255925994499250     
  0.22672086658603074       -8.6419224779779142     
  0.22870911314116507       -8.5531881834024333     
  0.23071479578157697       -8.4595848317938476     
  0.23273806741439412       -8.3613090105139491     
  0.23477908228767533       -8.2585586529664994     
  0.23683799600216987       -8.1515329068586553     
  0.23891496552318017       -8.0404319960059709     
  0.24101014919252825       -7.9254570757327016     
  0.24312370674062725       -7.8068100819396804     
  0.24525579929865882       -7.6846935739321651     
  0.24740658941085714       -7.5593105711231132     
  0.24957624104690102       -7.4308643837488901     
  0.25176491961441422       -7.2995584377588756     
  0.25397279197157585       -7.1655960940642203     
  0.25620002643984097       -7.0291804623562655     
  0.25844679281677274       -6.8905142097306609     
  0.26071326238898779       -6.7497993643796690     
  0.26299960794521404       -6.6072371146417126     
  0.26530600378946390       -6.4630276037245054     
  0.26763262575432256       -6.3173697204454839     
  0.26997965121435302       -6.1704608863612158     
  0.27234725909961849       -6.0224968396849370     
  0.27473562990932343       -5.8736714164194233     
  0.27714494572557452       -5.7241763291599703     
  0.27957539022726163       -5.5742009440495046     
  0.28202714870406137       -5.4239320563949924     
  0.28450040807056276       -5.2735536654804207     
  0.28699535688051697       -5.1232467491373548     
  0.28951218534121231       -4.9731890386585782     
  0.29205108532797486       -4.8235547946640196     
  0.29461225039879663       -4.6745145845502876     
  0.29719587580909168       -4.5262350621759353     
  0.29980215852658176       -4.3788787504536657     
  0.30243129724631279       -4.2326038275378011     
  0.30508349240580257       -4.0875639173107707     
  0.30775894620032135       -3.9439078848846911     
  0.31045786259830699       -3.8017796378448914     
  0.31318044735691464       -3.6613179339698050     
  0.31592690803770307       -3.5226561961662703     
  0.31869745402245853       -3.3859223353610304     
  0.32149229652915734       -3.2512385820877121     
  0.32431164862806861       -3.1187213275034651     
  0.32715572525799813       -2.9884809745605949     
  0.33002474324267428       -2.8606218000463812     
  0.33291892130727840       -2.7352418281875117     
  0.33583848009511968       -2.6124327164953982     
  0.33878364218445606       -2.4922796545038466     
  0.34175463210546320       -2.3748612760215693     
  0.34475167635735188       -2.2602495854892464     
  0.34777500342563561       -2.1485098989925753     
  0.35082484379954959       -2.0397008004415991     
  0.35390142998962271       -1.9338741133795363     
  0.35700499654540319       -1.8310748888343120     
  0.36013578007334018       -1.7313414095708826     
  0.36329401925482163       -1.6347052110435314     
  0.36647995486437085       -1.5411911192845018     
  0.36969382978800241       -1.4508173058987150     
  0.37293588904173897       -1.3635953602640782     
  0.37620637979029048       -1.2795303789637629     
  0.37950555136589736       -1.1986210724001936     
  0.38283365528733898       -1.1208598884618919     
  0.38619094527910819       -1.0462331530332811     
  0.38957767729075515      -0.97472122705463171     
  0.39299410951639968      -0.90629867975555101     
  0.39644050241441542      -0.84093447760042217     
  0.39991711872728614      -0.77859218839958011     
  0.40342422350163676      -0.71923019995503523     
  0.40696208410843926      -0.66280195252646212     
  0.41053097026339697      -0.60925618432079709     
  0.41413115404750589      -0.55853718912941552     
  0.41776290992779802      -0.51058508515993584     
  0.42142651477826581      -0.46533609403667775     
  0.42512224790096981      -0.42272282887489343     
  0.42885039104733225      -0.38267459027005124     
  0.43261122843961664      -0.34511766898517404     
  0.43640504679259612      -0.30997565406726313     
  0.44023213533541167      -0.27716974507874248     
  0.44409278583362205      -0.24661906709227477     
  0.44798729261144732      -0.21824098706769712     
  0.45191595257420669      -0.19195143020879168     
  0.45587906523095445      -0.16766519488552767     
  0.45987693271731284      -0.14529626470470713     
  0.46390985981850663      -0.12475811631880740     
  0.46797815399259840      -0.10596402157971552     
  0.47208212539392874       -8.8827342670788845E-002
  0.47622208689676115       -7.3261818887615515E-002
  0.48039835411913467       -5.9181843784800403E-002
  0.48461124544692574       -4.6502731462801261E-002
  0.48886108205812090       -3.5140970835412677E-002
  0.49314818794730231       -2.5014466794030632E-002
  0.49747288995034838       -1.6042767269472291E-002
  0.50183551776935065       -8.1472752847739915E-003
  0.50623640399774872       -1.2514451927447823E-003
  0.51067588414568732        4.7190376008319213E-003
  0.51515429666559343        9.8360940143926712E-003
  0.51967198297797934        1.4169106236222806E-002
  0.52422928749747189        1.7784790584509214E-002
  0.52882655765906894        2.0747088502945266E-002
  0.53346414394462682        2.3117075786473595E-002
  0.53814239990958068        2.4952890004608763E-002
  0.54286168220989739        2.6309675963459123E-002
  0.54762235062926712        2.7239548923132628E-002
  0.55242476810653107        2.7791575166038807E-002
  0.55726930076335168        2.8011769394827857E-002
  0.56215631793212395        2.7943108327595167E-002
  0.56708619218413248        2.7625559753667872E-002
  0.57205929935795541        2.7096126216775540E-002
  0.57707601858811675        2.6388902404836545E-002
  0.58213673233399110        2.5535145247713831E-002
  0.58724182640896017        2.4563355656988362E-002
  0.59239169000982717        2.3499370785681206E-002
  0.59758671574648692        2.2366465641479316E-002
  0.60282729967185811        2.1185462854716203E-002
  0.60811384131207669        1.9974849382383586E-002
  0.61344674369695462        1.8750898921865045E-002
  0.61882641339070565        1.7527798812737194E-002
  0.62425326052294039        1.6317780221694722E-002
  0.62972769881993396        1.5131250433917998E-002
  0.63525014563616600        1.3976926113505733E-002
  0.64082102198613977        1.2861966445177439E-002
  0.64644075257647837        1.1792105128494754E-002
  0.65210976583830316        1.0771780263348019E-002
  0.65782849395989607        9.8042612403639734E-003
  0.66359737291964838        8.8917718310294186E-003
  0.66941684251929823        8.0356087584697033E-003
  0.67528734641745980        7.2362551197060893E-003
  0.68120933216344703        6.4934881225330102E-003
  0.68718325123139212        5.8064806936145991E-003
  0.69320955905466586        5.1738966077140985E-003
  0.69928871506059809        4.5939788799131825E-003
  0.70542118270550258        4.0646312520546853E-003
  0.71160742951000999        3.5834926903894719E-003
  0.71784792709471024        3.1480048924938733E-003
  0.72414315121610706        2.7554728771008088E-003
  0.73049358180288848        2.4031187997707246E-003
  0.73689970299251528        2.0881291997212476E-003
  0.74336200316812984        1.8076959381402372E-003
  0.74988097499578887        1.5590511356070036E-003
  0.75645711546202332        1.3394964556495094E-003
  0.76309092591172678        1.1464271129298037E-003
  0.76978291208637617        9.7735100817585886E-004
  0.77653358416258855        8.2990340798662614E-004
  0.78334345679101514        7.0185759637765880E-004
  0.79021304913557666        5.9113192685449675E-004
  0.79714288491304264        4.9579369944195099E-004
  0.80413349243295884        4.1406027707541573E-004
  0.81118540463792244        3.4429784074606253E-004
  0.81829915914421347        2.8501816349917443E-004
  0.82547529828278032        2.3487376054635227E-004
  0.83271436914058528        1.9265174710803620E-004
  0.84001692360231306        1.5726670787985725E-004
  0.84738351839244486        1.2775285291754938E-004
  0.85481471511770113        1.0325570492253393E-004
  0.86231108030985681        8.3023532996768460E-005
  0.86987318546893200        6.6398718473449961E-005
  0.87750160710676139        5.2809209905387982E-005
  0.88519692679094586        4.1760197119820934E-005
  0.89295973118918937        3.2826108766977047E-005
  0.90079061211402423        2.5643014265354033E-005
  0.90869016656792989        1.9901489671799119E-005
  0.91665899678884621        1.5339987901544569E-005
  0.92469771029608627        1.1738736949933249E-005
  0.93280691993665177        8.9141753222773086E-006
  0.94098724393195432        6.7139217079087015E-006
  0.94923930592494754        5.0122659415327171E-006
  0.95756373502767056        3.7061603459241653E-006
  0.96596116586921099        2.7116844831550023E-006
  0.97443223864408612        1.9609519752006040E-006
  0.98297759916104921        1.3994251945776792E-006
  0.99159789889232486        9.8360207162166944E-007
   1.0002937950232749        6.7903881756220062E-007
   1.0090659505024997        4.5867282795290333E-007
   1.0179150340923804        3.0141122566558382E-007
   1.0268417204200617        1.9095225659813208E-007
   1.0358466900288854        1.1480891062280773E-007
   1.0449306294302714        6.3506569030769225E-008
   1.0540942311560557        2.9929060305024487E-008
   1.0633381938112874        8.7901396571957536E-009
   1.0726632221274868       -3.7899862475747719E-009
   1.0820700270163741       -1.0620953043552305E-008
   1.0915593256240657       -1.3706838404642620E-008
   1.1011318413857467       -1.4452351410194014E-008
   1.1107883040808255       -1.3821884793709966E-008
   1.1205294498885676       -1.2460897198478360E-008
   1.1303560214442216       -1.0787492855620247E-008
   1.1402687678956340       -9.0606681995689803E-009
   1.1502684449603626       -7.4304890873401014E-009
   1.1603558149832904       -5.9744350815564622E-009
   1.1705316469947440       -4.7232829246369826E-009
   1.1807967167691218       -3.6791828384853677E-009
   1.1911518068840374       -2.8279912212689901E-009
   1.2015977067799808       -2.1474445948938314E-009
   1.2121352128205025       -1.6123760419293356E-009
   1.2227651283529259       -1.1978718237164898E-009
   1.2334882637695928       -8.8102878939023171E-010
   1.2443054365696442       -6.4179051173753290E-010
   1.2552174714213449       -4.6320133284224547E-010
   1.2662252002249521       -3.3131370753356967E-010
   1.2773294621761400       -2.3490786358096703E-010
   1.2885311038299732       -1.6512762672482302E-010
   1.2998309791654497       -1.1509721873480814E-010
   1.3112299496506030       -7.9556869892606557E-011
   1.3227288843081793       -5.4536995992910659E-011
   1.3343286597818869       -3.7078995619864909E-011
   1.3460301604032319       -2.5003537563401789E-011
   1.3578342782589348       -1.6723117637263386E-011
   1.3697419132589415       -1.1093631821018391E-011
   1.3817539732050284       -7.2989937427376425E-012
   1.3938713738600119       -4.7628969658871742E-012
   1.4060950390175635       -3.0823307331895237E-012
   1.4184259005726347       -1.9781679327660529E-012
   1.4308648985925045       -1.2589093069654706E-012
   1.4434129813884462       -7.9440210520012517E-013
   1.4560711055880233       -4.9700910402995751E-013
   1.4688402362080206       -3.0826625926047049E-013
   1.4817213467280139       -1.8953156073855253E-013
   1.4947154191645846       -1.1550051441453909E-013
   1.5078234441461866       -6.9756224920046513E-014
   1.5210464209886680       -4.1747030825267906E-014
   1.5343853577714568       -2.4754599105489172E-014
   1.5478412714144121       -1.4541705110677936E-014
   1.5614151877553530       -8.4614113916738423E-015
   1.5751081416282642       -4.8761247810933004E-015
   1.5889211769421887       -2.7825660651804982E-015
   1.6028553467608124       -1.5721238026375305E-015
   1.6169117133827464       -8.7928231820113261E-016
   1.6310913484225131       -4.8674101209429220E-016
   1.6453953328922439       -2.6663747609739342E-016
   1.6598247572840905       -1.4451794053739602E-016
   1.6743807216533626       -7.7485675308445445E-017
   1.6890643357023913       -4.1090369495100715E-017
   1.7038767188651303       -2.1547439742941867E-017
   1.7188190003924977       -1.1171320966763457E-017
   1.7338923194384666       -5.7250731397668536E-018
   1.7490978251469111       -2.8995984033056861E-018
   1.7644366767392134       -1.4510615924950143E-018
   1.7799100436026387       -7.1735501686899529E-019
   1.7955191053794870       -3.5025962741926031E-019
   1.8112650520570239       -1.6887262507427686E-019
   1.8271490840582030       -8.0379530668083311E-020
   1.8431724123331814       -3.7761630283032955E-020
   1.8593362584516395       -1.7505530692313879E-020
   1.8756418546959095       -8.0060352888224039E-021
   1.8920904441549207       -3.6113863327112852E-021
   1.9086832808189693       -1.6063468533247777E-021
   1.9254216296753186       -7.0437906316081506E-022
   1.9423067668046372       -3.0441509333682914E-022
   1.9593399794782840       -1.2963059196750436E-022
   1.9765225662564463       -5.4377268725727368E-023
   1.9938558370871375       -2.2463675467782674E-023
