 ENTER Z, NR
 PLEASE ENTER RELATIVITY FACTOR.  (0=NR, 1=REL.)
 PLEASE ENTER IUFLAG. (0=U, 1=SU, 2=R).
 PLEASE ENTER NFC, NEL, RATIO, ETOL, XNUM
 PLEASE ENTER N L M J S OCC.
     110.160931    -63.012373
      10.017768    -64.328798
       8.777696    -65.449238
       7.684687    -66.396352
       6.722596    -67.191246
       5.876884    -67.853457
       5.134464    -68.400952
       4.483563    -68.849987
       3.917476    -69.215386
       3.435866    -69.510298
       3.011488    -69.746434
       2.637810    -69.934030
       2.309030    -70.081933
       2.019987    -70.197702
       1.766094    -70.287705
       1.543275    -70.357243
       1.347906    -70.410670
       1.176764    -70.451517
       1.026987    -70.482620
       0.896027    -70.506226
       0.781620    -70.524101
       0.681756    -70.537616
       0.594649    -70.547830
       0.521342    -70.555551
       0.458020    -70.561395
       0.402708    -70.565826
       0.354355    -70.569195
       0.312052    -70.571764
       0.275010    -70.573729
       0.242548    -70.575238
       0.214074    -70.576401
       0.189076    -70.577301
       0.167111    -70.578000
       0.147794    -70.578545
       0.130791    -70.578972
       0.115812    -70.579306
       0.102606    -70.579569
       0.090955    -70.579777
       0.080666    -70.579941
       0.071575    -70.580071
       0.063536    -70.580174
       0.056423    -70.580256
       0.050125    -70.580321
       0.044545    -70.580373
       0.039600    -70.580414
       0.035214    -70.580447
       0.031322    -70.580474
       0.027868    -70.580495
       0.024800    -70.580512
       0.022075    -70.580525
       0.019653    -70.580536
       0.017499    -70.580545
       0.015584    -70.580551
       0.013881    -70.580557
       0.012365    -70.580561
       0.011016    -70.580565
       0.009815    -70.580568
       0.008746    -70.580570
       0.007794    -70.580572
       0.006946    -70.580574
       0.006191    -70.580575
       0.005518    -70.580576
       0.004918    -70.580577
       0.004393    -70.580577
       0.003951    -70.580578
       0.003554    -70.580578
       0.003197    -70.580578
       0.002876    -70.580579
       0.002588    -70.580579
       0.002329    -70.580579
       0.002095    -70.580579
       0.001885    -70.580579
       0.001697    -70.580579
       0.001527    -70.580579
       0.001374    -70.580579
       0.001237    -70.580580
       0.001113    -70.580580
       0.001002    -70.580580
       0.000902    -70.580580
       0.000812    -70.580580
       0.000731    -70.580580
       0.000658    -70.580580
       0.000592    -70.580580
       0.000533    -70.580580
       0.000480    -70.580580
       0.000432    -70.580580
       0.000389    -70.580580
       0.000351    -70.580580
       0.000316    -70.580580
       0.000284    -70.580580
       0.000256    -70.580580
       0.000231    -70.580580
       0.000208    -70.580580
       0.000187    -70.580580
       0.000168    -70.580580
       0.000152    -70.580580
       0.000137    -70.580580
       0.000123    -70.580580
       0.000111    -70.580580
       0.000100    -70.580580
    1   0 0   0/2   1    2.0000         -3.595681
    2   1 1   2/2   1    2.0000         -2.345314
    2   1 0   2/2   1    2.0000         -2.345314
    2   1-1   2/2   1    2.0000         -2.345314
    3   2 2   4/2   1    1.0000         -0.767089
    3   2 1   4/2   1    1.0000         -0.767089
    3   2 0   4/2   1    1.0000         -0.767089
    2   0 0   0/2   1    1.0000         -0.506154
 TOTAL ENERGY =      -70.580580  -1920.610504
 PLEASE ENTER FULL FILENAME.
