                                                  
                                                                                                                                                                                                                                                                
         SCF,CCSD
   -1519.127719,   -1520.408431
   -1519.067477,   -1520.407477
   -1518.905511,   -1520.342756
   -1518.867283,   -1520.089946
   -1518.829193,   -1520.127605
   -1518.274948,   -1519.460286
   -1517.075123,   -1518.170196
   -1515.129620,   -1516.149411
   -1512.419087,   -1513.362291
   -1508.493316,   -1509.402847
   -1503.631428,   -1504.501794
   -1497.697735,   -1498.536373
   -1490.626238,   -1491.440549
   -1482.436145,   -1483.219988
   -1392.995131,   -1393.471370
   -1519.064799,   -1520.449805
                                                  
