                                                  
                                                                                                                                                                                                                                                                
                                                                                                                                                                                                                                                                
                                                                                                                                                                                                                                                                
                                                                                                                                                                                                                                                                
                                                                                                                                                                                                                                                                
         SCF,CCSD
   -1519.125338,   -1520.347108
   -1519.064992,   -1520.343398
   -1518.902993,   -1520.276441
   -1518.864873,   -1520.029451
   -1518.826630,   -1520.064295
   -1518.272446,   -1519.400256
   -1517.072477,   -1518.113790
   -1515.127106,   -1516.097596
   -1512.416813,   -1513.315676
   -1508.491190,   -1509.360447
   -1503.629419,   -1504.463765
   -1497.695914,   -1498.503246
   -1490.624732,   -1491.412942
   -1482.435069,   -1483.198139
   -1392.994069,   -1393.459640
   -1519.062319,   -1520.384855
                                                  
