                                                  
                                                                                                                                                                                                                                                                
     Z,SCF,CCSD
   1.10,   -71.28097725,   -71.84177647
   1.15,   -71.31783530,   -71.87477492
   1.20,   -71.34868492,   -71.90160090
   1.25,   -71.37438975,   -71.92326546
   1.30,   -71.39566938,   -71.94060146
   1.35,   -71.41313656,   -71.95430086
   1.40,   -71.42732031,   -71.96494126
   1.45,   -71.43868034,   -71.97301230
   1.50,   -71.44761705,   -71.97892253
   1.55,   -71.45447886,   -71.98302303
   1.60,   -71.45956836,   -71.98560301
   1.65,   -71.46314760,   -71.98691302
   1.70,   -71.46544299,   -71.98716684
   1.75,   -71.46664972,   -71.98654474
   1.80,   -71.46693584,   -71.98520146
   1.85,   -71.46644587,   -71.98325727
   1.90,   -71.46530403,   -71.98084453
   1.95,   -71.46361703,   -71.97803837
   2.00,   -71.46147649,   -71.97492784
   2.05,   -71.45896103,   -71.97158344
   2.10,   -71.45613813,   -71.96806008
   2.15,   -71.45306565,   -71.96441487
   2.20,   -71.44979316,   -71.96068881
   2.25,   -71.44636316,   -71.95691636
   2.30,   -71.44281199,   -71.95313208
                                                  
