                                                  
                                                                                                                                                                                                                                                                
        SCF,CCSD
   -169.94220679,   -170.82312811
   -169.88213792,   -170.82368178
   -169.71738217,   -170.75886472
   -169.68246720,   -170.50542558
   -169.64478620,   -170.54496064
   -169.09044491,   -169.87622050
   -167.88358727,   -168.57897276
   -165.92170588,   -166.54303799
   -163.18397382,   -163.73119613
   -159.21212259,   -159.73240131
   -154.28763637,   -154.77676135
   -148.27107914,   -148.73952569
   -141.09354518,   -141.55262802
   -132.77271203,   -133.21882333
    -42.99901395,    -43.11457955
   -169.87930591,   -170.86559255
                                                  
