                                                  
                                                                                                                                                                                                                                                                
        SCF,CCSD
   -169.94085542,   -170.76058693
   -169.88069988,   -170.75752389
   -169.71591343,   -170.68972070
   -169.68108740,   -170.44399943
   -169.64327978,   -170.47982358
   -169.08898358,   -169.81545100
   -167.88197371,   -168.52341675
   -165.92020220,   -166.49417475
   -163.18267523,   -163.68981001
   -159.21091871,   -159.69631566
   -154.28648221,   -154.74598343
   -148.27003857,   -148.71447537
   -141.09273374,   -141.53379015
   -132.77222418,   -133.20612585
    -42.99852462,    -43.11385933
   -169.87775068,   -170.79816832
                                                  
