                                                  
                                                                                                                                                                                                                                                                
        SCF,CCSD
   -196.56620282,   -197.53945960
   -196.56588855,   -197.59371775
   -196.29289479,   -197.20661819
   -196.32484940,   -197.30962859
   -195.68699738,   -196.56060706
   -194.43135846,   -195.20608654
   -192.40446726,   -193.09737218
   -189.51835978,   -190.14225963
   -185.76749895,   -186.32014955
   -180.66620455,   -181.19412584
   -174.53475676,   -175.03249656
   -167.23154035,   -167.70902732
   -158.69127821,   -159.15923180
   -148.94111837,   -149.39466865
    -47.44154301,    -47.56263730
   -196.56692048,   -197.63939572
                                                  
