                                                  
                                                                                                                                                                                                                                                                
        SCF,CCSD
   -196.56497186,   -197.51661617
   -196.56467469,   -197.56985542
   -196.29166930,   -197.18411268
   -196.32363922,   -197.28607879
   -195.68577862,   -196.53832660
   -194.43010696,   -195.18534195
   -192.40318216,   -193.07867794
   -189.51706340,   -190.12613931
   -185.76624379,   -186.30685182
   -180.66503397,   -181.18256026
   -174.53370185,   -175.02269042
   -167.23062852,   -167.70099733
   -158.69054791,   -159.15299157
   -148.94062339,   -149.39021562
    -47.44098509,    -47.56200718
   -196.56559159,   -197.61508604
                                                  
