                                                  
                                                                                                                                                                                                                                                                
        SCF,CCSD
   -144.94323248,   -145.74491486
   -144.87299867,   -145.72209523
   -144.66040291,   -145.61070119
   -144.69743500,   -145.44097102
   -144.63903183,   -145.44811387
   -144.11974881,   -144.82766891
   -142.97621944,   -143.60651002
   -141.17028534,   -141.72582483
   -138.26817151,   -138.79780773
   -134.52166137,   -135.02133527
   -129.80180883,   -130.28097994
   -124.04705460,   -124.51500955
   -117.27809175,   -117.72855040
    -38.49129388,    -38.61626543
   -144.86607006,   -145.76073608
                                                  
