                                                  
                                                                                                                                                                                                                                                                
        SCF,CCSD
   -123.11359646,   -123.78839943
   -123.03790313,   -123.74974275
   -122.82169393,   -123.62400571
   -122.88036722,   -123.49943525
   -122.80642771,   -123.48136426
   -102.70261803,   -103.10728378
    -34.53414370,    -34.63630899
   -123.02669775,   -123.78313507
   -122.31465044,   -122.90072920
   -121.27423471,   -121.78078459
   -119.28196255,   -119.75885425
   -116.53016666,   -116.97601000
   -112.88624100,   -113.31186798
   -108.27652134,   -108.69307554
                                                  
