                                                  
                                                                                                                                                                                                                                                                
        SCF,CCSD
   -169.07466726,   -169.96826240
   -169.01594328,   -169.96867463
   -168.85465261,   -169.90499098
   -168.81454720,   -169.64954133
   -168.77762610,   -169.68849986
   -168.22205758,   -169.01939077
   -167.01981027,   -167.72716280
   -165.07053070,   -165.70399467
   -162.35503774,   -162.91433687
   -158.41942202,   -158.95196777
   -153.54552035,   -154.04699910
   -147.59701658,   -148.07762244
   -140.50790777,   -140.97843878
   -132.29824746,   -132.75446554
    -42.88155666,    -42.99728697
   -169.01331230,   -170.01135901
                                                  
