                                                  
                                                                                                                                                                                                                                                                
        SCF,CCSD
   -169.07470056,   -169.94922309
   -169.01597709,   -169.94862734
   -168.85468083,   -169.88408193
   -168.81457704,   -169.63077239
   -168.77766146,   -169.66866077
   -168.22208588,   -169.00075040
   -167.01983041,   -167.71027162
   -165.07053934,   -165.68944904
   -162.35505227,   -162.90243750
   -158.41943558,   -158.94166643
   -153.54551985,   -154.03830739
   -147.59699787,   -148.07055970
   -140.50787565,   -140.97302195
   -132.29820515,   -132.75067300
    -42.88151065,    -42.99714852
   -169.01323158,   -169.99091614
                                                  
