                                                  
                                                                                                                                                                                                                                                                
        SCF,CCSD
   -169.07290121,   -169.90524343
   -169.01410877,   -169.90204107
   -168.85280287,   -169.83536376
   -168.81274754,   -169.58765599
   -168.77571799,   -169.62290992
   -168.22016338,   -168.95816573
   -167.01774867,   -167.67114632
   -165.06860261,   -165.65470082
   -162.35337692,   -162.87259477
   -158.41790814,   -158.91559018
   -153.54409574,   -154.01599706
   -147.59573349,   -148.05242921
   -140.50688559,   -140.95956693
   -132.29760023,   -132.74191491
    -42.88071788,    -42.99621240
   -169.01136446,   -169.94342708
                                                  
