                                                  
                                                                                                                                                                                                                                                                
       SCF,CCSD
   -71.04597100,   -71.56443255
   -71.03530919,   -71.55230080
   -70.91405566,   -71.46563667
   -70.83646344,   -71.30543311
   -70.82255122,   -71.31216238
   -65.21798854,   -65.58136482
   -23.50633572,   -23.59823401
   -71.01773904,   -71.57813360
   -70.33425291,   -70.77694712
   -69.29244485,   -69.70186619
   -67.59767753,   -67.98457495
                                                  
