                                                  
                                                                                                                                                                                                                                                                
       SCF,CCSD
   -71.04549004,   -71.54520975
   -71.03479109,   -71.53170512
   -70.91350364,   -71.44396763
   -70.83596545,   -71.28651030
   -70.82202478,   -71.29134752
   -65.21774981,   -65.57322207
   -23.50597088,   -23.59776272
   -71.01718458,   -71.55729004
   -70.33370395,   -70.75798458
   -69.29198060,   -69.68587792
   -67.59729838,   -67.97237115
                                                  
