                                                  
                                                                                                                                                                                                                                                                
       SCF,CCSD
   -46.25509464,   -46.68265173
   -46.21353459,   -46.62670867
   -46.08253218,   -46.51866223
   -46.05664581,   -46.44131950
   -46.02182867,   -46.41419610
   -45.60531478,   -45.96814907
   -44.72619377,   -45.06033451
   -17.34005228,   -17.42232438
   -46.20324787,   -46.66112151
                                                  
