                                                  
                                                                                                                                                                                                                                                                
       SCF,CCSD
   -46.25506604,   -46.67650588
   -46.21350646,   -46.61988539
   -46.08250643,   -46.51154152
   -46.05661839,   -46.43527781
   -46.02180326,   -46.40724234
   -45.60528653,   -45.96220528
   -44.72616066,   -45.05581629
   -17.34002005,   -17.42219789
   -46.20319768,   -46.65451342
                                                  
