   4.5852653122108573E-006   98.591908853539223     
   4.6254247563401094E-006   98.591908852679097     
   4.6659359316872839E-006   98.591908852269512     
   4.7068019188440691E-006   98.591908852775873     
   4.7480258253831063E-006   98.591908852335251     
   4.7896107860943068E-006   98.591908851878657     
   4.8315599632232239E-006   98.591908851405833     
   4.8738765467115266E-006   98.591908851382186     
   4.9165637544395687E-006   98.591908850410420     
   4.9596248324710861E-006   98.591908849887176     
   5.0030630553000359E-006   98.591908849346538     
   5.0468817260996025E-006   98.591908849253855     
   5.0910841769733811E-006   98.591908848677548     
   5.1356737692087528E-006   98.591908849014203     
   5.1806538935324972E-006   98.591908847935201     
   5.2260279703686296E-006   98.591908847302875     
   5.2717994500984968E-006   98.591908846185589     
   5.3179718133231599E-006   98.591908845979958     
   5.3645485711280665E-006   98.591908845754347     
   5.4115332653500453E-006   98.591908845042695     
   5.4589294688466375E-006   98.591908844775958     
   5.5067407857677873E-006   98.591908844022555     
   5.5549708518299148E-006   98.591908843713327     
   5.6036233345923828E-006   98.591908842450977     
   5.6527019337363937E-006   98.591908842097695     
   5.7022103813463184E-006   98.591908842187507     
   5.7521524421935011E-006   98.591908840857343     
   5.8025319140225432E-006   98.591908840435053     
   5.8533526278400889E-006   98.591908839756172     
   5.9046184482061528E-006   98.591908838820189     
   5.9563332735279945E-006   98.591908838092422     
   6.0085010363565569E-006   98.591908837805192     
   6.0611257036855148E-006   98.591908837259581     
   6.1142112772529384E-006   98.591908836687992     
   6.1677617938455950E-006   98.591908835857168     
   6.2217813256059159E-006   98.591908834533768     
   6.2762739803416605E-006   98.591908834347123     
   6.3312439018382792E-006   98.591908833899765     
   6.3866952701740282E-006   98.591908833191269     
   6.4426323020378264E-006   98.591908832221094     
   6.4990592510499113E-006   98.591908831454361     
   6.5559804080852908E-006   98.591908830890588     
   6.6134001016000410E-006   98.591908829830714     
   6.6713226979604537E-006   98.591908829205664     
   6.7297526017750638E-006   98.591908828549037     
   6.7886942562295936E-006   98.591908827161944     
   6.8481521434248206E-006   98.591908826440715     
   6.9081307847174173E-006   98.591908825686346     
   6.9686347410637632E-006   98.591908824898240     
   7.0296686133667756E-006   98.591908823842886     
   7.0912370428257761E-006   98.591908822985488     
   7.1533447112894192E-006   98.591908822325280     
   7.2159963416117198E-006   98.591908820930428     
   7.2791966980111870E-006   98.591908820197233     
   7.3429505864331108E-006   98.591908819193748     
   7.4072628549150246E-006   98.591908818384951     
   7.4721383939553624E-006   98.591908817304471     
   7.5375821368853426E-006   98.591908816417373     
   7.6035990602441216E-006   98.591908815490143     
   7.6701941841572160E-006   98.591908814521901     
   7.7373725727182592E-006   98.591908813279304     
   7.8051393343740766E-006   98.591908811994330     
   7.8734996223131589E-006   98.591908811131930     
   7.9424586348575186E-006   98.591908809992873     
   8.0120216158579909E-006   98.591908808343504     
   8.0821938550929904E-006   98.591908807347295     
   8.1529806886707577E-006   98.591908806304758     
   8.2243874994351437E-006   98.591908804982495     
   8.2964197173749215E-006   98.591908803845172     
   8.3690828200367146E-006   98.591908802659191     
   8.4423823329415175E-006   98.591908801190783     
   8.5163238300048725E-006   98.591908800137617     
   8.5909129339607306E-006   98.591908798334771     
   8.6661553167890233E-006   98.591908797643811     
   8.7420567001469684E-006   98.591908795735549     
   8.8186228558041690E-006   98.591908794471777     
   8.8958596060815151E-006   98.591908793385812     
   8.9737728242939281E-006   98.591908791778195     
   9.0523684351969893E-006   98.591908789880790     
   9.1316524154374714E-006   98.591908788856756     
   9.2116307940078229E-006   98.591908787075255     
   9.2923096527046347E-006   98.591908785932219     
   9.3736951265911079E-006   98.591908783796782     
   9.4557934044635968E-006   98.591908782297764     
   9.5386107293222095E-006   98.591908780968254     
   9.6221533988455571E-006   98.591908779108735     
   9.7064277658696315E-006   98.591908777416620     
   9.7914402388709180E-006   98.591908775657771     
   9.8771972824536896E-006   98.591908774064024     
   9.9637054178416150E-006   98.591908772168438     
   1.0050971223373640E-005   98.591908770435424     
   1.0139001335004228E-005   98.591908768630987     
   1.0227802446807980E-005   98.591908766753846     
   1.0317381311488672E-005   98.591908764337063     
   1.0407744740892743E-005   98.591908762543454     
   1.0498899606527306E-005   98.591908760906051     
   1.0590852840082650E-005   98.591908758725054     
   1.0683611433959381E-005   98.591908756697535     
   1.0777182441800112E-005   98.591908754589298     
   1.0871572979025872E-005   98.591908752398922     
   1.0966790223377160E-005   98.591908750357732     
   1.1062841415459780E-005   98.591908748231504     
   1.1159733859295424E-005   98.591908746018703     
   1.1257474922877108E-005   98.591908743485021     
   1.1356072038729439E-005   98.591908741327330     
   1.1455532704473821E-005   98.591908739194878     
   1.1555864483398583E-005   98.591908736736769     
   1.1657075005034131E-005   98.591908734184130     
   1.1759171965733107E-005   98.591908731535483     
   1.1862163129255642E-005   98.591908729138197     
   1.1966056327359747E-005   98.591908726757850     
   1.2070859460396857E-005   98.591908724043435     
   1.2176580497912592E-005   98.591908721458736     
   1.2283227479252800E-005   98.591908718652746     
   1.2390808514174878E-005   98.591908715972920     
   1.2499331783464462E-005   98.591908713068051     
   1.2608805539557540E-005   98.591908710285480     
   1.2719238107167961E-005   98.591908707274115     
   1.2830637883920504E-005   98.591908704497541     
   1.2943013340989424E-005   98.591908701371693     
   1.3056373023742654E-005   98.591908698243742     
   1.3170725552391611E-005   98.591908695111670     
   1.3286079622646693E-005   98.591908692089788     
   1.3402444006378550E-005   98.591908688826550     
   1.3519827552285092E-005   98.591908685669182     
   1.3638239186564398E-005   98.591908682149636     
   1.3757687913593482E-005   98.591908678847773     
   1.3878182816613007E-005   98.591908675179212     
   1.3999733058418003E-005   98.591908671840116     
   1.4122347882054653E-005   98.591908668362350     
   1.4246036611523126E-005   98.591908664627141     
   1.4370808652486635E-005   98.591908660864760     
   1.4496673492986656E-005   98.591908656956349     
   1.4623640704164428E-005   98.591908653248595     
   1.4751719940988779E-005   98.591908649389524     
   1.4880920942990311E-005   98.591908645376520     
   1.5011253535002020E-005   98.591908641323329     
   1.5142727627906422E-005   98.591908637227164     
   1.5275353219389188E-005   98.591908633085239     
   1.5409140394699411E-005   98.591908628894714     
   1.5544099327416513E-005   98.591908624303414     
   1.5680240280223871E-005   98.591908619890432     
   1.5817573605689234E-005   98.591908615536397     
   1.5956109747051949E-005   98.591908611005380     
   1.6095859239017106E-005   98.591908606294311     
   1.6236832708556631E-005   98.591908601516394     
   1.6379040875717386E-005   98.591908596784833     
   1.6522494554436346E-005   98.591908591863586     
   1.6667204653362946E-005   98.591908586632769     
   1.6813182176688590E-005   98.591908581787578     
   1.6960438224983445E-005   98.591908576742441     
   1.7108983996040569E-005   98.591908571377417     
   1.7258830785727413E-005   98.591908566038228     
   1.7409989988844810E-005   98.591908560604736     
   1.7562473099993445E-005   98.591908555073275     
   1.7716291714447971E-005   98.591908549440092     
   1.7871457529038716E-005   98.591908543817738     
   1.8027982343041173E-005   98.591908537853044     
   1.8185878059073228E-005   98.591908531891335     
   1.8345156684000299E-005   98.591908525812130     
   1.8505830329848338E-005   98.591908519727667     
   1.8667911214724900E-005   98.591908513401023     
   1.8831411663748232E-005   98.591908507060708     
   1.8996344109984497E-005   98.591908500469572     
   1.9162721095393246E-005   98.591908494088926     
   1.9330555271781134E-005   98.591908487215591     
   1.9499859401764011E-005   98.591908480427321     
   1.9670646359737397E-005   98.591908473370040     
   1.9842929132855544E-005   98.591908466388389     
   2.0016720822018972E-005   98.591908459361008     
   2.0192034642870725E-005   98.591908451933875     
   2.0368883926801321E-005   98.591908444334734     
   2.0547282121962498E-005   98.591908436907829     
   2.0727242794289885E-005   98.591908429065938     
   2.0908779628534569E-005   98.591908421385796     
   2.1091906429303728E-005   98.591908413280066     
   2.1276637122110381E-005   98.591908405325313     
   2.1462985754432324E-005   98.591908397050332     
   2.1650966496780345E-005   98.591908388449554     
   2.1840593643775794E-005   98.591908379982897     
   2.2031881615237576E-005   98.591908371062431     
   2.2224844957278695E-005   98.591908362264348     
   2.2419498343412367E-005   98.591908353116850     
   2.2615856575667851E-005   98.591908344195929     
   2.2813934585716034E-005   98.591908334796813     
   2.3013747436004885E-005   98.591908325320645     
   2.3215310320904844E-005   98.591908315644503     
   2.3418638567864254E-005   98.591908305587140     
   2.3623747638574887E-005   98.591908295665718     
   2.3830653130147731E-005   98.591908285524198     
   2.4039370776298998E-005   98.591908275213854     
   2.4249916448546623E-005   98.591908264611192     
   2.4462306157417110E-005   98.591908253767230     
   2.4676556053663084E-005   98.591908242907465     
   2.4892682429491400E-005   98.591908231733413     
   2.5110701719802072E-005   98.591908220528524     
   2.5330630503438030E-005   98.591908208761254     
   2.5552485504445822E-005   98.591908197122251     
   2.5776283593347362E-005   98.591908185196047     
   2.6002041788422802E-005   98.591908173032721     
   2.6229777257004692E-005   98.591908160798653     
   2.6459507316783389E-005   98.591908148194392     
   2.6691249437123973E-005   98.591908135386007     
   2.6925021240394667E-005   98.591908122481129     
   2.7160840503306891E-005   98.591908109121732     
   2.7398725158267043E-005   98.591908095647995     
   2.7638693294740179E-005   98.591908081934349     
   2.7880763160625529E-005   98.591908067971445     
   2.8124953163644167E-005   98.591908053749790     
   2.8371281872738776E-005   98.591908039317929     
   2.8619768019485674E-005   98.591908024549497     
   2.8870430499519242E-005   98.591908009667407     
   2.9123288373968787E-005   98.591907994428652     
   2.9378360870908021E-005   98.591907978881068     
   2.9635667386817207E-005   98.591907963188618     
   2.9895227488058133E-005   98.591907947049634     
   3.0157060912362003E-005   98.591907930685920     
   3.0421187570330347E-005   98.591907914086448     
   3.0687627546949084E-005   98.591907897239878     
   3.0956401103115836E-005   98.591907879843603     
   3.1227528677180651E-005   98.591907862468105     
   3.1501030886500174E-005   98.591907844635614     
   3.1776928529005449E-005   98.591907826392401     
   3.2055242584783503E-005   98.591907808016970     
   3.2335994217672662E-005   98.591907789322278     
   3.2619204776871967E-005   98.591907770237242     
   3.2904895798564621E-005   98.591907750748902     
   3.3193089007555645E-005   98.591907731018637     
   3.3483806318923933E-005   98.591907710800115     
   3.3777069839688691E-005   98.591907690312439     
   3.4072901870490583E-005   98.591907669425296     
   3.4371324907287476E-005   98.591907648240863     
   3.4672361643065154E-005   98.591907626628313     
   3.4976034969562909E-005   98.591907604689368     
   3.5282367979014364E-005   98.591907582292606     
   3.5591383965903403E-005   98.591907559597473     
   3.5903106428735608E-005   98.591907536355563     
   3.6217559071825119E-005   98.591907512900434     
   3.6534765807097220E-005   98.591907488925045     
   3.6854750755906637E-005   98.591907464471205     
   3.7177538250871831E-005   98.591907439755119     
   3.7503152837725281E-005   98.591907414410741     
   3.7831619277180057E-005   98.591907388653624     
   3.8162962546812680E-005   98.591907362582646     
   3.8497207842962507E-005   98.591907335947269     
   3.8834380582647700E-005   98.591907308787540     
   3.9174506405498062E-005   98.591907281317788     
   3.9517611175704706E-005   98.591907253286507     
   3.9863720983986876E-005   98.591907224616335     
   4.0212862149575954E-005   98.591907195578841     
   4.0565061222216867E-005   98.591907166154385     
   4.0920344984186964E-005   98.591907136031637     
   4.1278740452332681E-005   98.591907105364896     
   4.1640274880123954E-005   98.591907074249690     
   4.2004975759726646E-005   98.591907042606550     
   4.2372870824093154E-005   98.591907010355726     
   4.2743988049071278E-005   98.591906977475304     
   4.3118355655531619E-005   98.591906944059275     
   4.3496002111513599E-005   98.591906910259581     
   4.3876956134390173E-005   98.591906875645634     
   4.4261246693051663E-005   98.591906840484938     
   4.4648903010108600E-005   98.591906804637063     
   4.5039954564113938E-005   98.591906768194121     
   4.5434431091804641E-005   98.591906731131303     
   4.5832362590362978E-005   98.591906693423311     
   4.6233779319697624E-005   98.591906655015322     
   4.6638711804744659E-005   98.591906615939536     
   4.7047190837788835E-005   98.591906576111057     
   4.7459247480805076E-005   98.591906535764736     
   4.7874913067820519E-005   98.591906494523840     
   4.8294219207297302E-005   98.591906452680433     
   4.8717197784536078E-005   98.591906410002281     
   4.9143880964100755E-005   98.591906366635016     
   4.9574301192264343E-005   98.591906322578211     
   5.0008491199476269E-005   98.591906277627118     
   5.0446484002851298E-005   98.591906231896729     
   5.0888312908680274E-005   98.591906185385028     
   5.1334011514962805E-005   98.591906138002145     
   5.1783613713962166E-005   98.591906089919547     
   5.2237153694782570E-005   98.591906040842531     
   5.2694665945969018E-005   98.591905991028796     
   5.3156185258129899E-005   98.591905940240565     
   5.3621746726582573E-005   98.591905888647176     
   5.4091385754022137E-005   98.591905836067781     
   5.4565138053213525E-005   98.591905782583098     
   5.5043039649707259E-005   98.591905728185822     
   5.5525126884578902E-005   98.591905672751579     
   5.6011436417192555E-005   98.591905616446383     
   5.6502005227988536E-005   98.591905559115446     
   5.6996870621295510E-005   98.591905500777955     
   5.7496070228167208E-005   98.591905441394260     
   5.7999642009243990E-005   98.591905380981984     
   5.8507624257639505E-005   98.591905319470982     
   5.9020055601852597E-005   98.591905256935803     
   5.9536975008704776E-005   98.591905193246561     
   6.0058421786303312E-005   98.591905128476299     
   6.0584435587030395E-005   98.591905062522670     
   6.1115056410558367E-005   98.591904995486345     
   6.1650324606891477E-005   98.591904927176159     
   6.2190280879434158E-005   98.591904857749284     
   6.2734966288086302E-005   98.591904787071172     
   6.3284422252365518E-005   98.591904715093648     
   6.3838690554556836E-005   98.591904641913288     
   6.4397813342889919E-005   98.591904567422119     
   6.4961833134744181E-005   98.591904491656607     
   6.5530792819881920E-005   98.591904414536089     
   6.6104735663709789E-005   98.591904336008099     
   6.6683705310568818E-005   98.591904256193772     
   6.7267745787053266E-005   98.591904174922348     
   6.7856901505358545E-005   98.591904092167596     
   6.8451217266658439E-005   98.591904008047806     
   6.9050738264511913E-005   98.591903922389264     
   6.9655510088299829E-005   98.591903835220990     
   7.0265578726691615E-005   98.591903746600082     
   7.0880990571142445E-005   98.591903656349700     
   7.1501792419420939E-005   98.591903564495794     
   7.2128031479167849E-005   98.591903471063091     
   7.2759755371485846E-005   98.591903375958879     
   7.3397012134560760E-005   98.591903279205752     
   7.4039850227314579E-005   98.591903180737859     
   7.4688318533090381E-005   98.591903080546331     
   7.5342466363369632E-005   98.591902978621135     
   7.6002343461521846E-005   98.591902874834716     
   7.6668000006587387E-005   98.591902769261907     
   7.7339486617093123E-005   98.591902661859905     
   7.8016854354901651E-005   98.591902552555609     
   7.8700154729094150E-005   98.591902441303773     
   7.9389439699887376E-005   98.591902328086690     
   8.0084761682584817E-005   98.591902212885657     
   8.0786173551562453E-005   98.591902095680354     
   8.1493728644289613E-005   98.591901976361896     
   8.2207480765384799E-005   98.591901854936367     
   8.2927484190707237E-005   98.591901731437559     
   8.3653793671484118E-005   98.591901605752298     
   8.4386464438474050E-005   98.591901477853156     
   8.5125552206167032E-005   98.591901347682210     
   8.5871113177021050E-005   98.591901215267256     
   8.6623204045736010E-005   98.591901080488952     
   8.7381882003564825E-005   98.591900943284742     
   8.8147204742662557E-005   98.591900803764901     
   8.8919230460473371E-005   98.591900661747189     
   8.9698017864156139E-005   98.591900517222143     
   9.0483626175048696E-005   98.591900370178706     
   9.1276115133171129E-005   98.591900220516777     
   9.2075545001768692E-005   98.591900068250851     
   9.2881976571894349E-005   98.591899913291940     
   9.3695471167031501E-005   98.591899755607130     
   9.4516090647757246E-005   98.591899595147368     
   9.5343897416446437E-005   98.591899431876129     
   9.6178954422016882E-005   98.591899265682343     
   9.7021325164716271E-005   98.591899096671085     
   9.7871073700950845E-005   98.591898924552652     
   9.8728264648156479E-005   98.591898749515508     
   9.9592963189712387E-005   98.591898571338561     
   1.0046523507989780E-004   98.591898390016922     
   1.0134514664889225E-004   98.591898205543657     
   1.0223276480781936E-004   98.591898017822189     
   1.0312815705383510E-004   98.591897826812072     
   1.0403139147526038E-004   98.591897632383223     
   1.0494253675675872E-004   98.591897434548827     
   1.0586166218455931E-004   98.591897233261562     
   1.0678883765172559E-004   98.591897028413428     
   1.0772413366347029E-004   98.591896819995952     
   1.0866762134251677E-004   98.591896607838180     
   1.0961937243450740E-004   98.591896391999342     
   1.1057945931345935E-004   98.591896172361686     
   1.1154795498726815E-004   98.591895948862913     
   1.1252493310325931E-004   98.591895721423725     
   1.1351046795378887E-004   98.591895489991032     
   1.1450463448189264E-004   98.591895254465584     
   1.1550750828698522E-004   98.591895014803384     
   1.1651916563060873E-004   98.591894770957765     
   1.1753968344223197E-004   98.591894522762686     
   1.1856913932510044E-004   98.591894270209195     
   1.1960761156213745E-004   98.591894013241898     
   1.2065517912189701E-004   98.591893751743953     
   1.2171192166456882E-004   98.591893485624752     
   1.2277791954803596E-004   98.591893214877757     
   1.2385325383398540E-004   98.591892939318541     
   1.2493800629407233E-004   98.591892658919676     
   1.2603225941613816E-004   98.591892373606640     
   1.2713609641048327E-004   98.591892083258017     
   1.2824960121619452E-004   98.591891787777968     
   1.2937285850752824E-004   98.591891487125451     
   1.3050595370034916E-004   98.591891181168535     
   1.3164897295862558E-004   98.591890869844462     
   1.3280200320098161E-004   98.591890553043157     
   1.3396513210730678E-004   98.591890230665371     
   1.3513844812542333E-004   98.591889902578970     
   1.3632204047781218E-004   98.591889568749764     
   1.3751599916839762E-004   98.591889229066993     
   1.3872041498939156E-004   98.591888883386616     
   1.3993537952819749E-004   98.591888531633458     
   1.4116098517437517E-004   98.591888173640825     
   1.4239732512666618E-004   98.591887809397804     
   1.4364449340008105E-004   98.591887438743839     
   1.4490258483304847E-004   98.591887061557514     
   1.4617169509462699E-004   98.591886677742167     
   1.4745192069178013E-004   98.591886287167455     
   1.4874335897671487E-004   98.591885889713041     
   1.5004610815428480E-004   98.591885485268477     
   1.5136026728945773E-004   98.591885073747619     
   1.5268593631484912E-004   98.591884654942987     
   1.5402321603832101E-004   98.591884228773296     
   1.5537220815064792E-004   98.591883795093963     
   1.5673301523324958E-004   98.591883353784425     
   1.5810574076599175E-004   98.591882904718886     
   1.5949048913505489E-004   98.591882447751686     
   1.6088736564087215E-004   98.591881982775561     
   1.6229647650613669E-004   98.591881509546681     
   1.6371792888387926E-004   98.591881028048590     
   1.6515183086561621E-004   98.591880538069859     
   1.6659829148956939E-004   98.591880039451667     
   1.6805742074895748E-004   98.591879532072824     
   1.6952932960036035E-004   98.591879015748077     
   1.7101412997215659E-004   98.591878490373290     
   1.7251193477303472E-004   98.591877955707332     
   1.7402285790057916E-004   98.591877411633533     
   1.7554701424993147E-004   98.591876858014473     
   1.7708451972252707E-004   98.591876294662569     
   1.7863549123490899E-004   98.591875721368780     
   1.8020004672761845E-004   98.591875138034084     
   1.8177830517416340E-004   98.591874544377674     
   1.8337038659006557E-004   98.591873940301184     
   1.8497641204198698E-004   98.591873325589859     
   1.8659650365693601E-004   98.591872700050772     
   1.8823078463155453E-004   98.591872063520157     
   1.8987937924148587E-004   98.591871415797499     
   1.9154241285082542E-004   98.591870756645733     
   1.9322001192165339E-004   98.591870085936279     
   1.9491230402365162E-004   98.591869403401802     
   1.9661941784380424E-004   98.591868708839627     
   1.9834148319618336E-004   98.591868002075358     
   2.0007863103182067E-004   98.591867282868037     
   2.0183099344866528E-004   98.591866550997310     
   2.0359870370162874E-004   98.591865806256124     
   2.0538189621271841E-004   98.591865048406760     
   2.0718070658125898E-004   98.591864277231736     
   2.0899527159420414E-004   98.591863492489864     
   2.1082572923653809E-004   98.591862693923531     
   2.1267221870176843E-004   98.591861881309399     
   2.1453488040251077E-004   98.591861054385305     
   2.1641385598116623E-004   98.591860212937746     
   2.1830928832069227E-004   98.591859356663235     
   2.2022132155546801E-004   98.591858485306375     
   2.2215010108225455E-004   98.591857598645078     
   2.2409577357125144E-004   98.591856696359741     
   2.2605848697724990E-004   98.591855778192752     
   2.2803839055088383E-004   98.591854843882999     
   2.3003563484997911E-004   98.591853893129240     
   2.3205037175100271E-004   98.591852925626398     
   2.3408275446061151E-004   98.591851941116147     
   2.3613293752730290E-004   98.591850939277720     
   2.3820107685316698E-004   98.591849919807487     
   2.4028732970574179E-004   98.591848882390138     
   2.4239185472997249E-004   98.591847826726962     
   2.4451481196027515E-004   98.591846752485111     
   2.4665636283270620E-004   98.591845659340947     
   2.4881667019723865E-004   98.591844546943378     
   2.5099589833014563E-004   98.591843414993775     
   2.5319421294649235E-004   98.591842263100062     
   2.5541178121273771E-004   98.591841090951164     
   2.5764877175944609E-004   98.591839898171514     
   2.5990535469411051E-004   98.591838684400358     
   2.6218170161408812E-004   98.591837449262755     
   2.6447798561964899E-004   98.591836192383767     
   2.6679438132713929E-004   98.591834913402863     
   2.6913106488225932E-004   98.591833611907930     
   2.7148821397345854E-004   98.591832287493531     
   2.7386600784544722E-004   98.591830939796694     
   2.7626462731282703E-004   98.591829568365938     
   2.7868425477384050E-004   98.591828172806430     
   2.8112507422424124E-004   98.591826752684966     
   2.8358727127128546E-004   98.591825307566239     
   2.8607103314784628E-004   98.591823837019831     
   2.8857654872665122E-004   98.591822340590682     
   2.9110400853464476E-004   98.591820817842517     
   2.9365360476747688E-004   98.591819268277504     
   2.9622553130411740E-004   98.591817691437740     
   2.9881998372160024E-004   98.591816086846819     
   3.0143715930989464E-004   98.591814454031351     
   3.0407725708690833E-004   98.591812792462150     
   3.0674047781362125E-004   98.591811101670658     
   3.0942702400935194E-004   98.591809381103047     
   3.1213709996715785E-004   98.591807630272257     
   3.1487091176937032E-004   98.591805848605446     
   3.1762866730326584E-004   98.591804035617827     
   3.2041057627687407E-004   98.591802190701344     
   3.2321685023492514E-004   98.591800313313712     
   3.2604770257493588E-004   98.591798402897723     
   3.2890334856343714E-004   98.591796458837280     
   3.3178400535234352E-004   98.591794480566307     
   3.3468989199546598E-004   98.591792467480786     
   3.3762122946516993E-004   98.591790418982185     
   3.4057824066917764E-004   98.591788334411461     
   3.4356115046751989E-004   98.591786213157775     
   3.4657018568963428E-004   98.591784054570894     
   3.4960557515161423E-004   98.591781858004197     
   3.5266754967360896E-004   98.591779622763397     
   3.5575634209737575E-004   98.591777348186156     
   3.5887218730398546E-004   98.591775033576141     
   3.6201532223168451E-004   98.591772678224203     
   3.6518598589391140E-004   98.591770281411812     
   3.6838441939747251E-004   98.591767842428567     
   3.7161086596087676E-004   98.591765360517172     
   3.7486557093283025E-004   98.591762834909389     
   3.7814878181089356E-004   98.591760264869009     
   3.8146074826030205E-004   98.591757649589709     
   3.8480172213295141E-004   98.591754988263375     
   3.8817195748654907E-004   98.591752280105169     
   3.9157171060393345E-004   98.591749524284040     
   3.9500124001256253E-004   98.591746719958110     
   3.9846080650417324E-004   98.591743866274385     
   4.0195067315461249E-004   98.591740962357363     
   4.0547110534384267E-004   98.591738007333561     
   4.0902237077612154E-004   98.591735000298570     
   4.1260473950035950E-004   98.591731940337866     
   4.1621848393065498E-004   98.591728826512110     
   4.1986387886700936E-004   98.591725657874179     
   4.2354120151622384E-004   98.591722433472682     
   4.2725073151297888E-004   98.591719152317921     
   4.3099275094109880E-004   98.591715813400242     
   4.3476754435500185E-004   98.591712415724999     
   4.3857539880133871E-004   98.591708958239479     
   4.4241660384082072E-004   98.591705439886681     
   4.4629145157023853E-004   98.591701859619093     
   4.5020023664467423E-004   98.591698216325426     
   4.5414325629990763E-004   98.591694508902322     
   4.5812081037501932E-004   98.591690736224649     
   4.6213320133519086E-004   98.591686897137549     
   4.6618073429470551E-004   98.591682990473657     
   4.7026371704014986E-004   98.591679015045230     
   4.7438246005381901E-004   98.591674969639541     
   4.7853727653732637E-004   98.591670853021640     
   4.8272848243542053E-004   98.591666663937531     
   4.8695639646001079E-004   98.591662401127394     
   4.9122134011440281E-004   98.591658063270387     
   4.9552363771774666E-004   98.591653649063829     
   4.9986361642969908E-004   98.591649157149504     
   5.0424160627530188E-004   98.591644586163625     
   5.0865794017007778E-004   98.591639934721371     
   5.1311295394534636E-004   98.591635201383156     
   5.1760698637376163E-004   98.591630384734088     
   5.2214037919507349E-004   98.591625483302181     
   5.2671347714211472E-004   98.591620495583612     
   5.3132662796701502E-004   98.591615420059441     
   5.3598018246764573E-004   98.591610255194666     
   5.4067449451429518E-004   98.591604999411743     
   5.4540992107657814E-004   98.591599651100552     
   5.5018682225058103E-004   98.591594208642533     
   5.5500556128624406E-004   98.591588670376922     
   5.5986650461498501E-004   98.591583034617969     
   5.6477002187756272E-004   98.591577299635446     
   5.6971648595218621E-004   98.591571463711688     
   5.7470627298286919E-004   98.591565525042199     
   5.7973976240803342E-004   98.591559481825470     
   5.8481733698936215E-004   98.591553332218098     
   5.8993938284090702E-004   98.591547074355162     
   5.9510628945844829E-004   98.591540706323713     
   6.0031844974911400E-004   98.591534226183171     
   6.0557626006125804E-004   98.591527631964141     
   6.1088012021459886E-004   98.591520921656013     
   6.1623043353062367E-004   98.591514093220212     
   6.2162760686325781E-004   98.591507144556118     
   6.2707205062980374E-004   98.591500073561463     
   6.3256417884214927E-004   98.591492878079748     
   6.3810440913825140E-004   98.591485555917558     
   6.4369316281389440E-004   98.591478104853195     
   6.4933086485472597E-004   98.591470522606727     
   6.5501794396857532E-004   98.591462806867185     
   6.6075483261805235E-004   98.591454955283922     
   6.6654196705343417E-004   98.591446965468435     
   6.7237978734583867E-004   98.591438834981972     
   6.7826873742068917E-004   98.591430561348460     
   6.8420926509147077E-004   98.591422142056473     
   6.9020182209378485E-004   98.591413574520857     
   6.9624686411969949E-004   98.591404856143356     
   7.0234485085240159E-004   98.591395984273930     
   7.0849624600115367E-004   98.591386956183726     
   7.1470151733655390E-004   98.591377769154349     
   7.2096113672610884E-004   98.591368420370173     
   7.2727558017011387E-004   98.591358906971266     
   7.3364532783785083E-004   98.591349226065802     
   7.4007086410410121E-004   98.591339374711907     
   7.4655267758597912E-004   98.591329349902878     
   7.5309126118008776E-004   98.591319148579629     
   7.5968711210000028E-004   98.591308767637685     
   7.6634073191406984E-004   98.591298203901601     
   7.7305262658357017E-004   98.591287454169901     
   7.7982330650117017E-004   98.591276515158512     
   7.8665328652974590E-004   98.591265383525695     
   7.9354308604153269E-004   98.591254055886225     
   8.0049322895761903E-004   98.591242528783511     
   8.0750424378778750E-004   98.591230798711081     
   8.1457666367070435E-004   98.591218862082741     
   8.2171102641446082E-004   98.591206715261279     
   8.2890787453746939E-004   98.591194354553863     
   8.3616775530971925E-004   98.591181776184442     
   8.4349122079439181E-004   98.591168976321740     
   8.5087882788984100E-004   98.591155951062433     
   8.5833113837194242E-004   98.591142696431859     
   8.6584871893681157E-004   98.591129208394364     
   8.7343214124389738E-004   98.591115482835647     
   8.8108198195945312E-004   98.591101515571268     
   8.8879882280038815E-004   98.591087302339758     
   8.9658325057850202E-004   98.591072838816558     
   9.0443585724510919E-004   98.591058120585188     
   9.1235723993605185E-004   98.591043143158288     
   9.2034800101710760E-004   98.591027901970591     
   9.2840874812979621E-004   98.591012392372420     
   9.3654009423758543E-004   98.590996609637330     
   9.4474265767250331E-004   98.590980548951819     
   9.5301706218215766E-004   98.590964205417123     
   9.6136393697716796E-004   98.590947574051910     
   9.6978391677901208E-004   98.590930649782933     
   9.7827764186829251E-004   98.590913427445486     
   9.8684575813342591E-004   98.590895901796273     
   9.9548891711975698E-004   98.590878067484397     
   1.0042077760791055E-003   98.590859919073011     
   1.0130029980197448E-003   98.590841451024971     
   1.0218752517568187E-003   98.590822657708060     
   1.0308252119632009E-003   98.590803533391068     
   1.0398535592207993E-003   98.590784072240183     
   1.0489609800723085E-003   98.590764268323881     
   1.0581481670734172E-003   98.590744115599961     
   1.0674158188454727E-003   98.590723607914924     
   1.0767646401286044E-003   98.590702739018212     
   1.0861953418353173E-003   98.590681502548705     
   1.0957086411045489E-003   98.590659892019659     
   1.1053052613562045E-003   98.590637900841358     
   1.1149859323461673E-003   98.590615522311481     
   1.1247513902217915E-003   98.590592749595800     
   1.1346023775778821E-003   98.590569575747224     
   1.1445396435131622E-003   98.590545993701255     
   1.1545639436872383E-003   98.590521996256371     
   1.1646760403780619E-003   98.590497576098670     
   1.1748767025398963E-003   98.590472725769104     
   1.1851667058617890E-003   98.590447437691580     
   1.1955468328265593E-003   98.590421704145967     
   1.2060178727702983E-003   98.590395517282673     
   1.2165806219423948E-003   98.590368869108204     
   1.2272358835660822E-003   98.590341751498414     
   1.2379844678995198E-003   98.590314156172440     
   1.2488271922974062E-003   98.590286074703812     
   1.2597648812731344E-003   98.590257498530832     
   1.2707983665614891E-003   98.590228418934885     
   1.2819284871818952E-003   98.590198827033987     
   1.2931560895022185E-003   98.590168713797027     
   1.3044820273031275E-003   98.590138070039728     
   1.3159071618430158E-003   98.590106886401628     
   1.3274323619234961E-003   98.590075153372624     
   1.3390585039554656E-003   98.590042861257729     
   1.3507864720257515E-003   98.590010000202739     
   1.3626171579643393E-003   98.589976560186301     
   1.3745514614121900E-003   98.589942530988992     
   1.3865902898896520E-003   98.589907902224951     
   1.3987345588654721E-003   98.589872663320108     
   1.4109851918264087E-003   98.589836803525230     
   1.4233431203474593E-003   98.589800311888354     
   1.4358092841626972E-003   98.589763177264160     
   1.4483846312367335E-003   98.589725388316907     
   1.4610701178368038E-003   98.589686933513946     
   1.4738667086054839E-003   98.589647801105258     
   1.4867753766340446E-003   98.589607979146081     
   1.4997971035364500E-003   98.589567455478402     
   1.5129328795239999E-003   98.589526217719538     
   1.5261837034806305E-003   98.589484253288731     
   1.5395505830388717E-003   98.589441549360146     
   1.5530345346564706E-003   98.589398092897113     
   1.5666365836936860E-003   98.589353870624194     
   1.5803577644912597E-003   98.589308869038206     
   1.5941991204490708E-003   98.589263074390828     
   1.6081617041054802E-003   98.589216472698610     
   1.6222465772173669E-003   98.589169049724291     
   1.6364548108408685E-003   98.589120790982577     
   1.6507874854128270E-003   98.589071681729678     
   1.6652456908329491E-003   98.589021706967685     
   1.6798305265466836E-003   98.588970851427234     
   1.6945431016288299E-003   98.588919099570063     
   1.7093845348678716E-003   98.588866435586453     
   1.7243559548510551E-003   98.588812843385654     
   1.7394585000502104E-003   98.588758306593064     
   1.7546933189083226E-003   98.588702808543985     
   1.7700615699268645E-003   98.588646332282025     
   1.7855644217538917E-003   98.588588860547077     
   1.8012030532729105E-003   98.588530375776998     
   1.8169786536925234E-003   98.588470860100529     
   1.8328924226368604E-003   98.588410295326213     
   1.8489455702368023E-003   98.588348662947055     
   1.8651393172220011E-003   98.588285944120116     
   1.8814748950137104E-003   98.588222119683081     
   1.8979535458184247E-003   98.588157170120724     
   1.9145765227223410E-003   98.588091075583378     
   1.9313450897866470E-003   98.588023815862925     
   1.9482605221436446E-003   98.587955370402483     
   1.9653241060937146E-003   98.587885718273839     
   1.9825371392031303E-003   98.587814838183618     
   1.9999009304027295E-003   98.587742708461690     
   2.0174168000874479E-003   98.587669307051840     
   2.0350860802167284E-003   98.587594611512543     
   2.0529101144158035E-003   98.587518599004454     
   2.0708902580778735E-003   98.587441246278701     
   2.0890278784671699E-003   98.587362529683929     
   2.1073243548229295E-003   98.587282425144906     
   2.1257810784642748E-003   98.587200908164476     
   2.1443994528960136E-003   98.587117953807223     
   2.1631808939153669E-003   98.587033536705974     
   2.1821268297196289E-003   98.586947631036054     
   2.2012387010147739E-003   98.586860210519319     
   2.2205179611250081E-003   98.586771248413129     
   2.2399660761032890E-003   98.586680717501253     
   2.2595845248428044E-003   98.586588590088297     
   2.2793747991894362E-003   98.586494837988482     
   2.2993384040552001E-003   98.586399432514639     
   2.3194768575326881E-003   98.586302344476422     
   2.3397916910105048E-003   98.586203544163197     
   2.3602844492897237E-003   98.586103001341343     
   2.3809566907013525E-003   98.586000685243192     
   2.4018099872248387E-003   98.585896564555213     
   2.4228459246076043E-003   98.585790607408796     
   2.4440661024856319E-003   98.585682781371816     
   2.4654721345051056E-003   98.585573053445472     
   2.4870656484451185E-003   98.585461390035221     
   2.5088482863414533E-003   98.585347756960772     
   2.5308217046114460E-003   98.585232119432931     
   2.5529875741799476E-003   98.585114442050752     
   2.5753475806063841E-003   98.584994688781592     
   2.5979034242129334E-003   98.584872822962097     
   2.6206568202138216E-003   98.584748807272945     
   2.6436094988457532E-003   98.584622603738126     
   2.6667632054994828E-003   98.584494173706986     
   2.6901197008525430E-003   98.584363477850417     
   2.7136807610031268E-003   98.584230476136185     
   2.7374481776051519E-003   98.584095127828533     
   2.7614237580045001E-003   98.583957391469625     
   2.7856093253764563E-003   98.583817224864816     
   2.8100067188643451E-003   98.583674585072288     
   2.8346177937193886E-003   98.583529428394286     
   2.8594444214417800E-003   98.583381710359703     
   2.8844884899230042E-003   98.583231385701367     
   2.9097519035893942E-003   98.583078408362184     
   2.9352365835469511E-003   98.582922731460002     
   2.9609444677274311E-003   98.582764307287732     
   2.9868775110357100E-003   98.582603087292227     
   3.0130376854984441E-003   98.582439022057400     
   3.0394269804140217E-003   98.582272061296095     
   3.0660474025038446E-003   98.582102153830022     
   3.0929009760649172E-003   98.581929247569917     
   3.1199897431237848E-003   98.581753289509493     
   3.1473157635918143E-003   98.581574225699512     
   3.1748811154218336E-003   98.581392001235542     
   3.2026878947661510E-003   98.581206560240844     
   3.2307382161359463E-003   98.581017845849601     
   3.2590342125620700E-003   98.580825800186091     
   3.2875780357572433E-003   98.580630364351009     
   3.3163718562796781E-003   98.580431478400527     
   3.3454178636981380E-003   98.580229081326451     
   3.3747182667584370E-003   98.580023111042777     
   3.4042752935513980E-003   98.579813504359095     
   3.4340911916822844E-003   98.579600196968443     
   3.4641682284417175E-003   98.579383123423185     
   3.4945086909780837E-003   98.579162217112071     
   3.5251148864714589E-003   98.578937410247562     
   3.5559891423090528E-003   98.578708633835845     
   3.5871338062621900E-003   98.578475817661911     
   3.6185512466648429E-003   98.578238890266533     
   3.6502438525937244E-003   98.577997778920917     
   3.6822140340499634E-003   98.577752409608252     
   3.7144642221423672E-003   98.577502706997791     
   3.7469968692722898E-003   98.577248594422713     
   3.7798144493201200E-003   98.576989993857779     
   3.8129194578334046E-003   98.576726825890319     
   3.8463144122166146E-003   98.576459009702035     
   3.8800018519225773E-003   98.576186463038511     
   3.9139843386455861E-003   98.575909102186927     
   3.9482644565161946E-003   98.575626841949884     
   3.9828448122977275E-003   98.575339595614537     
   4.0177280355845005E-003   98.575047274933809     
   4.0529167790017894E-003   98.574749790090237     
   4.0884137184075374E-003   98.574447049676394     
   4.1242215530958399E-003   98.574138960658274     
   4.1603430060022026E-003   98.573825428351682     
   4.1967808239106079E-003   98.573506356391903     
   4.2335377776623832E-003   98.573181646703887     
   4.2706166623669040E-003   98.572851199468801     
   4.3080202976141478E-003   98.572514913098502     
   4.3457515276890983E-003   98.572172684199529     
   4.3838132217880353E-003   98.571824407538855     
   4.4222082742367205E-003   98.571469976020865     
   4.4609396047104836E-003   98.571109280641394     
   4.5000101584562503E-003   98.570742210464857     
   4.5394229065165038E-003   98.570368652582090     
   4.5791808459552134E-003   98.569988492078380     
   4.6192870000857375E-003   98.569601611997626     
   4.6597444187007299E-003   98.569207893305077     
   4.7005561783040528E-003   98.568807214851944     
   4.7417253823447214E-003   98.568399453334393     
   4.7832551614529033E-003   98.567984483258442     
   4.8251486736779784E-003   98.567562176900935     
   4.8674091047286889E-003   98.567132404263987     
   4.9100396682153881E-003   98.566695033043459     
   4.9530436058944109E-003   98.566249928579595     
   4.9964241879145947E-003   98.565796953821177     
   5.0401847130659401E-003   98.565335969276674     
   5.0843285090304705E-003   98.564866832977486     
   5.1288589326352755E-003   98.564389400427530     
   5.1737793701077733E-003   98.563903524561880     
   5.2190932373332079E-003   98.563409055699452     
   5.2648039801144100E-003   98.562905841498207     
   5.3109150744338170E-003   98.562393726902116     
   5.3574300267178075E-003   98.561872554099239     
   5.4043523741033311E-003   98.561342162469714     
   5.4516856847068871E-003   98.560802388534341     
   5.4994335578958569E-003   98.560253065904675     
   5.5475996245622069E-003   98.559694025232517     
   5.5961875473985933E-003   98.559125094152591     
   5.6452010211768874E-003   98.558546097233034     
   5.6946437730291313E-003   98.557956855919656     
   5.7445195627309669E-003   98.557357188477624     
   5.7948321829875363E-003   98.556746909937971     
   5.8455854597218911E-003   98.556125832035264     
   5.8967832523659286E-003   98.555493763153834     
   5.9484294541538706E-003   98.554850508264110     
   6.0005279924183232E-003   98.554195868863587     
   6.0530828288889180E-003   98.553529642911542     
   6.1060979599935755E-003   98.552851624771051     
   6.1595774171624030E-003   98.552161605138195     
   6.2135252671342654E-003   98.551459370982201     
   6.2679456122660179E-003   98.550744705473193     
   6.3228425908444762E-003   98.550017387920491     
   6.3782203774010917E-003   98.549277193696980     
   6.4340831830294069E-003   98.548523894173400     
   6.4904352557052705E-003   98.547757256643365     
   6.5472808806098723E-003   98.546977044252515     
   6.6046243804555966E-003   98.546183015923589     
   6.6624701158147373E-003   98.545374926279322     
   6.7208224854510886E-003   98.544552525566729     
   6.7796859266544404E-003   98.543715559579994     
   6.8390649155779994E-003   98.542863769576883     
   6.8989639675787759E-003   98.541996892200672     
   6.9593876375609416E-003   98.541114659395134     
   7.0203405203221950E-003   98.540216798322888     
   7.0818272509031704E-003   98.539303031276404     
   7.1438525049398929E-003   98.538373075593341     
   7.2064209990193376E-003   98.537426643565624     
   7.2695374910380813E-003   98.536463442350339     
   7.3332067805641169E-003   98.535483173876656     
   7.3974337092018224E-003   98.534485534751411     
   7.4622231609601302E-003   98.533470216166251     
   7.5275800626239276E-003   98.532436903797134     
   7.5935093841286959E-003   98.531385277705994     
   7.6600161389384471E-003   98.530315012241857     
   7.7271053844269553E-003   98.529225775936538     
   7.7947822222623449E-003   98.528117231400216     
   7.8630517987950260E-003   98.526989035215706     
   7.9319193054490436E-003   98.525840837827701     
   8.0013899791168495E-003   98.524672283437297     
   8.0714691025575314E-003   98.523483009884444     
   8.1421620047985241E-003   98.522272648537211     
   8.2134740615408541E-003   98.521040824174491     
   8.2854106955679175E-003   98.519787154865924     
   8.3579773771578492E-003   98.518511251852857     
   8.4311796244994925E-003   98.517212719425828     
   8.5050230041120254E-003   98.515891154798453     
   8.5795131312682554E-003   98.514546147979161     
   8.6546556704216147E-003   98.513177281645653     
   8.7304563356369099E-003   98.511784131007261     
   8.8069208910248348E-003   98.510366263674598     
   8.8840551511802889E-003   98.508923239521607     
   8.9618649816245351E-003   98.507454610545807     
   9.0403562992512378E-003   98.505959920727150     
   9.1195350727763958E-003   98.504438705883132     
   9.1994073231922227E-003   98.502890493522301     
   9.2799791242250025E-003   98.501314802693059     
   9.3612566027969565E-003   98.499711143834929     
   9.4432459394921398E-003   98.498079018617204     
   9.5259533690264537E-003   98.496417919788257     
   9.6093851807217343E-003   98.494727331008789     
   9.6935477189840132E-003   98.493006726690595     
   9.7784473837859761E-003   98.491255571831147     
   9.8640906311536249E-003   98.489473321840279     
   9.9504839736572204E-003   98.487659422370854     
   1.0037633980906511E-002   98.485813309139957     
   1.0125547280050313E-002   98.483934407751747     
   1.0214230556280452E-002   98.482022133514249     
   1.0303690553340131E-002   98.480075891253193     
   1.0393934074036744E-002   98.478095075123548     
   1.0484967980759175E-002   98.476079068416823     
   1.0576799195999641E-002   98.474027243365072     
   1.0669434702880105E-002   98.471938960940975     
   1.0762881545683280E-002   98.469813570653855     
   1.0857146830388301E-002   98.467650410344902     
   1.0952237725211096E-002   98.465448805974148     
   1.1048161461149468E-002   98.463208071407621     
   1.1144925332532965E-002   98.460927508197869     
   1.1242536697577559E-002   98.458606405362048     
   1.1341002978945199E-002   98.456244039155735     
   1.1440331664308231E-002   98.453839672841127     
   1.1540530306918808E-002   98.451392556453442     
   1.1641606526183243E-002   98.448901926562513     
   1.1743568008241424E-002   98.446367006027231     
   1.1846422506551281E-002   98.443787003749918     
   1.1950177842478388E-002   98.441161114422584     
   1.2054841905890725E-002   98.438488518271015     
   1.2160422655758644E-002   98.435768380792780     
   1.2266928120760091E-002   98.432999852490923     
   1.2374366399891135E-002   98.430182068602704     
   1.2482745663081839E-002   98.427314148823626     
   1.2592074151817529E-002   98.424395197026911     
   1.2702360179765490E-002   98.421424300975929     
   1.2813612133407178E-002   98.418400532034042     
   1.2925838472675940E-002   98.415322944867796     
   1.3039047731600343E-002   98.412190577143747     
   1.3153248518953116E-002   98.409002449221816     
   1.3268449518905802E-002   98.405757563842428     
   1.3384659491689115E-002   98.402454905806081     
   1.3501887274259097E-002   98.399093441649910     
   1.3620141780969116E-002   98.395672119317396     
   1.3739432004247730E-002   98.392189867819980     
   1.3859767015282498E-002   98.388645596896822     
   1.3981155964709790E-002   98.385038196663658     
   1.4103608083310619E-002   98.381366537258174     
   1.4227132682712583E-002   98.377629468479313     
   1.4351739156097948E-002   98.373825819417220     
   1.4477436978917934E-002   98.369954398079557     
   1.4604235709613252E-002   98.366013991009140     
   1.4732144990340968E-002   98.362003362895109     
   1.4861174547707705E-002   98.357921256176837     
   1.4991334193509304E-002   98.353766390641709     
   1.5122633825476921E-002   98.349537463014201     
   1.5255083428029699E-002   98.345233146537538     
   1.5388693073033999E-002   98.340852090550044     
   1.5523472920569305E-002   98.336392920049548     
   1.5659433219700820E-002   98.331854235255264     
   1.5796584309258843E-002   98.327234611156257     
   1.5934936618624950E-002   98.322532597054959     
   1.6074500668525102E-002   98.317746716103414     
   1.6215287071829645E-002   98.312875464827101     
   1.6357306534360360E-002   98.307917312644008     
   1.6500569855704559E-002   98.302870701372882     
   1.6645087930036329E-002   98.297734044732351     
   1.6790871746944946E-002   98.292505727833799     
   1.6937932392270552E-002   98.287184106660447     
   1.7086281048947185E-002   98.281767507541645     
   1.7235928997853117E-002   98.276254226614270     
   1.7386887618668731E-002   98.270642529276017     
   1.7539168390741836E-002   98.264930649628212     
   1.7692782893960604E-002   98.259116789909342     
   1.7847742809634141E-002   98.253199119916985     
   1.8004059921380759E-002   98.247175776420420     
   1.8161746116024044E-002   98.241044862561864     
   1.8320813384496766E-002   98.234804447248194     
   1.8481273822752713E-002   98.228452564529391     
   1.8643139632686483E-002   98.221987212968429     
   1.8806423123061373E-002   98.215406354997299     
   1.8971136710445369E-002   98.208707916263279     
   1.9137292920155327E-002   98.201889784962532     
   1.9304904387209464E-002   98.194949811162530     
   1.9473983857288126E-002   98.187885806109648     
   1.9644544187703034E-002   98.180695541529218     
   1.9816598348374990E-002   98.173376748906804     
   1.9990159422820133E-002   98.165927118762681     
   2.0165240609144878E-002   98.158344299908123     
   2.0341855221049504E-002   98.150625898691800     
   2.0520016688840598E-002   98.142769478230889     
   2.0699738560452305E-002   98.134772557629105     
   2.0881034502476602E-002   98.126632611180128     
   2.1063918301202491E-002   98.118347067557409     
   2.1248403863664393E-002   98.109913308989263     
   2.1434505218699648E-002   98.101328670418468     
   2.1622236518015338E-002   98.092590438647875     
   2.1811612037264415E-002   98.083695851470196     
   2.2002646177131244E-002   98.074642096782640     
   2.2195353464426717E-002   98.065426311684234     
   2.2389748553192881E-002   98.056045581559999     
   2.2585846225817278E-002   98.046496939145868     
   2.2783661394157061E-002   98.036777363577698     
   2.2983209100672929E-002   98.026883779425077     
   2.3184504519572983E-002   98.016813055705768     
   2.3387562957966644E-002   98.006562004884103     
   2.3592399857028643E-002   97.996127381849703     
   2.3799030793173200E-002   97.985505882880915     
   2.4007471479238526E-002   97.974694144587374     
   2.4217737765681657E-002   97.963688742835416     
   2.4429845641783774E-002   97.952486191653691     
   2.4643811236866077E-002   97.941082942119351     
   2.4859650821516314E-002   97.929475381225387     
   2.5077380808826037E-002   97.917659830727189     
   2.5297017755638702E-002   97.905632545969297     
   2.5518578363808705E-002   97.893389714691295     
   2.5742079481471440E-002   97.880927455813065     
   2.5967538104324485E-002   97.868241818198072     
   2.6194971376920000E-002   97.855328779395506     
   2.6424396593968464E-002   97.842184244360766     
   2.6655831201653789E-002   97.828804044152406     
   2.6889292798960015E-002   97.815183934607887     
   2.7124799139009555E-002   97.801319594995448     
   2.7362368130413237E-002   97.787206626641506     
   2.7602017838632087E-002   97.772840551536888     
   2.7843766487351099E-002   97.758216810916196     
   2.8087632459865033E-002   97.743330763814384     
   2.8333634300476307E-002   97.728177685597473     
   2.8581790715905185E-002   97.712752766468157     
   2.8832120576712281E-002   97.697051109946131     
   2.9084642918733535E-002   97.681067731321576     
   2.9339376944527765E-002   97.664797556082760     
   2.9596342024836866E-002   97.648235418316318     
   2.9855557700058846E-002   97.631376059080594     
   3.0117043681733707E-002   97.614214124750475     
   3.0380819854042399E-002   97.596744165335650     
   3.0646906275318856E-002   97.578960632768570     
   3.0915323179575294E-002   97.560857879164189     
   3.1186090978040870E-002   97.542430155051306     
   3.1459230260713809E-002   97.523671607571657     
   3.1734761797927134E-002   97.504576278651768     
   3.2012706541928102E-002   97.485138103141395     
   3.2293085628471468E-002   97.465350906922907     
   3.2575920378426736E-002   97.445208404988023     
   3.2861232299399433E-002   97.424704199483074     
   3.3149043087366638E-002   97.403831777721649     
   3.3439374628326773E-002   97.382584510163952     
   3.3732248999963931E-002   97.360955648364154     
   3.4027688473326677E-002   97.338938322882967     
   3.4325715514521647E-002   97.316525541165902     
   3.4626352786421913E-002   97.293710185387908     
   3.4929623150390360E-002   97.270485010262149     
   3.5235549668018090E-002   97.246842640813185     
   3.5544155602878144E-002   97.222775570115488     
   3.5855464422294515E-002   97.198276156993245     
   3.6169499799126661E-002   97.173336623686055     
   3.6486285613569668E-002   97.147949053475315     
   3.6805845954970190E-002   97.122105388273923     
   3.7128205123658241E-002   97.095797426176972     
   3.7453387632795099E-002   97.069016818975285     
   3.7781418210237346E-002   97.041755069628266     
   3.8112321800417244E-002   97.014003529699210     
   3.8446123566239582E-002   96.985753396748237     
   3.8782848890995154E-002   96.956995711688108     
   3.9122523380290992E-002   96.927721356096299     
   3.9465172863997436E-002   96.897921049488104     
   3.9810823398212382E-002   96.867585346547543     
   4.0159501267242631E-002   96.836704634315851     
   4.0511232985602635E-002   96.805269129338996     
   4.0866045300030726E-002   96.773268874771247     
   4.1223965191523049E-002   96.740693737436516     
   4.1585019877385263E-002   96.707533404845918     
   4.1949236813302197E-002   96.673777382172176     
   4.2316643695425725E-002   96.639414989179755     
   4.2687268462480797E-002   96.604435357110077     
   4.3061139297890051E-002   96.568827425522841     
   4.3438284631916915E-002   96.532579939092187     
   4.3818733143827525E-002   96.495681444357388     
   4.4202513764071638E-002   96.458120286428652     
   4.4589655676482542E-002   96.419884605646303     
   4.4980188320496300E-002   96.380962334194948     
   4.5374141393390396E-002   96.341341192671052     
   4.5771544852542041E-002   96.301008686604206     
   4.6172428917706169E-002   96.259952102931834     
   4.6576824073313511E-002   96.218158506428040     
   4.6984761070788646E-002   96.175614736084754     
   4.7396270930888496E-002   96.132307401446866     
   4.7811384946061172E-002   96.088222878899984     
   4.8230134682825630E-002   96.043347307912256     
   4.8652551984171989E-002   95.997666587228451     
   4.9078668971983055E-002   95.951166371017791     
   4.9508518049476903E-002   95.903832064975006     
   4.9942131903670937E-002   95.855648822375343     
   5.0379543507867545E-002   95.806601540082369     
   5.0820786124161403E-002   95.756674854510578     
   5.1265893305968910E-002   95.705853137541283     
   5.1714898900579641E-002   95.654120492393844     
   5.2167837051730226E-002   95.601460749451348     
   5.2624742202200724E-002   95.547857462040668     
   5.3085649096433755E-002   95.493293902170251     
   5.3550592783176573E-002   95.437753056221936     
   5.4019608618146288E-002   95.381217620600779     
   5.4492732266718427E-002   95.323669997342506     
   5.4969999706639010E-002   95.265092289678208     
   5.5451447230760426E-002   95.205466297558957     
   5.5937111449801249E-002   95.144773513139896     
   5.6427029295130215E-002   95.082995116224367     
   5.6921238021574616E-002   95.020111969671476     
   5.7419775210253245E-002   94.956104614764854     
   5.7922678771434200E-002   94.890953266546305     
   5.8429986947417668E-002   94.824637809114918     
   5.8941738315444026E-002   94.757137790892457     
   5.9457971790627326E-002   94.688432419857165     
   5.9978726628914528E-002   94.618500558747385     
   6.0504042430070668E-002   94.547320720236371     
   6.1033959140690125E-002   94.474871062080808     
   6.1568517057234269E-002   94.401129382243852     
   6.2107756829095730E-002   94.326073113996131     
   6.2651719461689515E-002   94.249679320995483     
   6.3200446319571182E-002   94.171924692348355     
   6.3753979129582292E-002   94.092785537656070     
   6.4312359984023501E-002   94.012237782046881     
   6.4875631343855322E-002   93.930256961197642     
   6.5443836041927037E-002   93.846818216348169     
   6.6017017286233798E-002   93.761896289310556     
   6.6595218663202324E-002   93.675465517476908     
   6.7178484141005301E-002   93.587499828829706     
   6.7766858072904931E-002   93.497972736956626     
   6.8360385200625609E-002   93.406857336075618     
   6.8959110657756229E-002   93.314126296072530     
   6.9563079973182326E-002   93.219751857556247     
   7.0172339074548187E-002   93.123705826935847     
   7.0786934291749357E-002   93.025959571523657     
   7.1406912360455654E-002   92.926484014669327     
   7.2032320425665167E-002   92.825249630930927     
   7.2663206045289211E-002   92.722226441286168     
   7.3299617193768887E-002   92.617384008391511     
   7.3941602265723064E-002   92.510691431893846     
   7.4589210079628557E-002   92.402117343800626     
   7.5242489881532440E-002   92.291629903915322     
   7.5901491348796757E-002   92.179196795345106     
   7.6566264593876263E-002   92.064785220086151     
   7.7236860168129001E-002   91.948361894695651     
   7.7913329065660522E-002   91.829893046057407     
   7.8595722727201500E-002   91.709344407247443     
   7.9284093044019496E-002   91.586681213510630     
   7.9978492361864953E-002   91.461868198354679     
   8.0678973484951677E-002   91.334869589770335     
   8.1385589679972239E-002   91.205649106589519     
   8.2098394680148595E-002   91.074169954987156     
   8.2817442689317983E-002   90.940394825140828     
   8.3542788386054875E-002   90.804285888055574     
   8.4274486927828879E-002   90.665804792565936     
   8.5012593955199042E-002   90.524912662527342     
   8.5757165596044932E-002   90.381570094206580     
   8.6508258469834773E-002   90.235737153885253     
   8.7265929691930977E-002   90.087373375688230     
   8.8030236877933363E-002   89.936437759649806     
   8.8801238148060430E-002   89.782888770031732     
   8.9578992131568932E-002   89.626684333907548     
   9.0363557971212330E-002   89.467781840025950     
   9.1154995327738048E-002   89.306138137971104     
   9.1953364384424391E-002   89.141709537633432     
   9.2758725851657023E-002   88.974451809007320     
   9.3571140971545466E-002   88.804320182333953     
   9.4390671522580308E-002   88.631269348604775     
   9.5217379824330872E-002   88.455253460444681     
   9.6051328742184264E-002   88.276226133392754     
   9.6892581692125820E-002   88.094140447600807     
   9.7741202645561479E-002   87.908948949967822     
   9.8597256134182312E-002   87.720603656731555     
   9.9460807254871775E-002   87.529056056539076     
  0.10033192167465578        87.334257114016225     
  0.10121066563569628        87.136157273859709     
  0.10209710596032850        86.934706465473937     
  0.10299131005614234        86.729854108176866     
  0.10389334592110819        86.521549116998870     
  0.10480328214874776        86.309739909099832     
  0.10572118793335010        86.094374410830028     
  0.10664713307523335        85.875400065461463     
  0.10758118798605260        85.652763841616547     
  0.10852342369415413        85.426412242422572     
  0.10947391184997668        85.196291315419643     
  0.11043272473149998        84.962346663252120     
  0.11139993524974091        84.724523455173554     
  0.11237561695429797        84.482766439395220     
  0.11335984403894407        84.237019956310476     
  0.11435269134726866        83.987227952626910     
  0.11535423437836885        83.733333996438489     
  0.11636454929259067        83.475281293271905     
  0.11738371291732062        83.213012703141899     
  0.11841180275282770        82.946470758648744     
  0.11944889697815689        82.675597684155491     
  0.12049507445707403        82.400335416079145     
  0.12155041474406293        82.120625624334764     
  0.12261499809037488        81.836409734967930     
  0.12368890545013121        81.547628954014655     
  0.12477221848647931        81.254224292627228     
  0.12586501957780252        80.956136593504482     
  0.12696739182398445        80.653306558666628     
  0.12807941905272807        80.345674778613756     
  0.12920118582593032        80.033181762909663     
  0.13033277744611241        79.715767972230054     
  0.13147427996290650        79.393373851917360     
  0.13262578017959911        79.065939867082761     
  0.13378736565973195        78.733406539296780     
  0.13495912473376057        78.395714484910172     
  0.13614114650577114        78.052804455046299     
  0.13733352086025633        77.704617377306903     
  0.13853633846895028        77.351094399231414     
  0.13974969079772367        76.992176933553267     
  0.14097367011353892        76.627806705290809     
  0.14220836949146662        76.257925800715839     
  0.14345388282176308        75.882476718238763     
  0.14471030481701005        75.501402421248656     
  0.14597773101931710        75.114646392948217     
  0.14725625780758675        74.722152693219982     
  0.14854598240484346        74.323866017560860     
  0.14984700288562688        73.919731758120108     
  0.15115941818344952        73.509696066874881     
  0.15248332809832019        73.093705920975864     
  0.15381883330433282        72.671709190293470     
  0.15516603535732232        72.243654707194054     
  0.15652503670258697        71.809492338572880     
  0.15789594068267870        71.369173060168180     
  0.15927885154526172        70.922649033179013     
  0.16067387445103970        70.469873683206643     
  0.16208111548175241        70.010801781535136     
  0.16350068164824272        69.545389528765540     
  0.16493268089859389        69.073594640814065     
  0.16637722212633824        68.595376437279214     
  0.16783441517873787        68.110695932182196     
  0.16930437086513769        67.619515927078012     
  0.17078720096539163        67.121801106531223     
  0.17228301823836284        66.617518135945474     
  0.17379193643049823        66.106635761731084     
  0.17531407028447796        65.589124913788822     
  0.17684953554794083        65.064958810283144     
  0.17839844898228632        64.534113064671203     
  0.17996092837155306        63.996565794948481     
  0.18153709253137587        63.452297735064178     
  0.18312706131802070        62.901292348453026     
  0.18473095563749881        62.343535943622371     
  0.18634889745476094        61.779017791725622     
  0.18798100980297175        61.207730246044591     
  0.18962741679286579        60.629668863295649     
  0.19128824362218519        60.044832526663527     
  0.19296361658520000        59.453223570459578     
  0.19465366308231208        58.854847906290225     
  0.19635851162974305        58.249715150610271     
  0.19807829186930687        57.637838753527767     
  0.19981313457826833        57.019236128713032     
  0.20156317167928778        56.393928784255756     
  0.20332853625045283        55.761942454300105     
  0.20510936253539799        55.123307231277813     
  0.20690578595351317        54.478057698544951     
  0.20871794311024103        53.826233063216272     
  0.21054597180746520        53.167877288977799     
  0.21239001105398894        52.503039228644667     
  0.21425020107610593        51.831772756217561     
  0.21612668332826335        51.154136898177221     
  0.21801960050381861        50.470195963742299     
  0.21992909654589021        49.780019673801398     
  0.22185531665830346        49.083683288215212     
  0.22379840731663236        48.381267731171079     
  0.22575851627933802        47.672859714255573     
  0.22773579259900451        46.958551856898012     
  0.22973038663367351        46.238442803821592     
  0.23174245005827782        45.512637339124225     
  0.23377213587617521        44.781246496597248     
  0.23581959843078326        44.044387665874638     
  0.23788499341731620        43.302184693992373     
  0.23996847789462417        42.554767981922410     
  0.24207021029713674        41.802274575633312     
  0.24419035044691068        41.044848251216052     
  0.24632905956578319        40.282639593601097     
  0.24848650028763167        39.515806068381345     
  0.25066283667074113        38.744512086244029     
  0.25285823421027948        37.968929059505150     
  0.25507285985088229        37.189235450230633     
  0.25730688199934787        36.405616809419300     
  0.25956047053744324        35.618265806717844     
  0.26183379683482266        34.827382250130377     
  0.26412703376205898        34.033173095182008     
  0.26644035570378932        33.235852442993163     
  0.26877393857197562        32.435641526720218     
  0.27112795981928173        31.632768685818675     
  0.27350259845256736        30.827469327588659     
  0.27589803504650023        30.019985875466794     
  0.27831445175728764        29.210567703535730     
  0.28075203233652807        28.399471056731898     
  0.28321096214518426        27.586958956245297     
  0.28569142816767862        26.773301089617455     
  0.28819361902611207        25.958773685063157     
  0.29071772499460735        25.143659369560616     
  0.29326393801377826        24.328247010278545     
  0.29583245170532513        23.512831538934577     
  0.29842346138675857        22.697713758708993     
  0.30103716408625208        21.883200133371737     
  0.30367375855762435        21.069602558315111     
  0.30633344529545337        20.257238113226393     
  0.30901642655032258        19.446428796176733     
  0.31172290634420058        18.637501238950527     
  0.31445309048595571        17.830786403489597     
  0.31720718658700597        17.026619259381299     
  0.31998540407710707        16.225338442377797     
  0.32278795422027734        15.427285893995403     
  0.32561505013086367        14.632806482307949     
  0.32846690678974666        13.842247604117915     
  0.33134374106068887        13.055958768760412     
  0.33424577170682573        12.274291163871361     
  0.33717321940730055        11.497597203530546     
  0.34012630677404626        10.726230059270485     
  0.34310525836871303        9.9605431745289579     
  0.34611030071974491        9.2008897632079680     
  0.34914166233960520        8.4476222930931115     
  0.35219957374215405        7.7010919549769170     
  0.35528426746017677        6.9616481184243213     
  0.35839597806306650        6.2296377752109677     
  0.36153494217466159        5.5054049715602815     
  0.36470139849123945        4.7892902304004821     
  0.36789558779966730        4.0816299649570382     
  0.37111775299571242        3.3827558850895372     
  0.37436813910251293        2.6929943978754736     
  0.37764699328920998        2.0126660040328304     
  0.38095456488974300        1.3420846918617144     
  0.38429110542181005       0.68155733046961586     
  0.38765686860599413        3.1383064125265037E-002
  0.39105211038505633      -0.60814729033805293     
  0.39447708894339895       -1.2367518410791369     
  0.39793206472669851       -1.8541582117104909     
  0.40141730046171081       -2.4601041225532398     
  0.40493306117624928       -3.0543379605245065     
  0.40847961421933882       -3.6366193354561602     
  0.41205722928154553       -4.2067196206120130     
  0.41566617841548503       -4.7644224751498356     
  0.41930673605651009       -5.3095243462641264     
  0.42297917904357918       -5.8418349487463281     
  0.42668378664030887       -6.3611777197126642     
  0.43042084055620905       -6.8673902462752352     
  0.43419062496810557       -7.3603246639716282     
  0.43799342654174972       -7.8398480238204158     
  0.44182953445361700       -8.3058426259372276     
  0.44569924041289721       -8.7582063177271969     
  0.44960283868367673       -9.1968527547654126     
  0.45354062610731521       -9.6217116225875792     
  0.45751290212501861       -10.032728817738455     
  0.46151996880060914       -10.429866586565424     
  0.46556213084349540       -10.813103620398760     
  0.46963969563184343       -11.182435105928523     
  0.47375297323595039       -11.537872729769305     
  0.47790227644182365       -11.879444636398784     
  0.48208792077496554       -12.207195338862071     
  0.48631022452436717       -12.521185581851615     
  0.49056950876671201       -12.821492156999195     
  0.49486609739079140       -13.108207670453035     
  0.49920031712213420       -13.381440263055875     
  0.50357249754785194       -13.641313283689065     
  0.50798297114170154       -13.887964916600689     
  0.51243207328936768       -14.121547763791282     
  0.51692014231396644       -14.342228383786475     
  0.52144751950177259       -14.550186788380167     
  0.52601454912817192       -14.745615899182802     
  0.53062157848384084       -14.928720966054106     
  0.53526895790115581       -15.099718949737166     
  0.53995704078083318       -15.258837871237500     
  0.54468618361880305       -15.406316130706259     
  0.54945674603331851       -15.542401798786788     
  0.55426909079230169       -15.667351883568392     
  0.55912358384093008       -15.781431576456466     
  0.56402059432946372       -15.884913480413893     
  0.56896049464131726       -15.978076824151302     
  0.57394366042137590       -16.061206665943498     
  0.57897047060456175       -16.134593090823330     
  0.58404130744464833       -16.198530404951917     
  0.58915655654332899       -16.253316330984376     
  0.59431660687953858       -16.299251208242229     
  0.59952185083903298       -16.336637201466733     
  0.60477268424422737       -16.365777521862043     
  0.61006950638429513       -16.386975664042623     
  0.61541272004553194       -16.400534662376526     
  0.62080273154198395       -16.406756370066162     
  0.62623995074634575       -16.405940764131064     
  0.63172479112112800       -16.398385279255393     
  0.63725766975009879       -16.384384173237354     
  0.64283900736999888       -16.364227926530859     
  0.64846922840253751       -16.338202678103453     
  0.65414876098666486       -16.306589699551644     
  0.65987803701113024       -16.269664909117846     
  0.66565749214732417       -16.227698426944922     
  0.67148756588240721       -16.180954172588436     
  0.67736870155273088       -16.129689505485675     
  0.68330134637755002       -16.074154908758221     
  0.68928595149303040       -16.014593716404161     
  0.69532297198655446       -15.951241883620739     
  0.70141286693132809       -15.884327799690999     
  0.70755609942128950       -15.814072142572591     
  0.71375313660632422       -15.740687774046075     
  0.72000444972778865       -15.664379674016345     
  0.72631051415434500       -15.585344912317568     
  0.73267180941810905       -15.503772656150712     
  0.73908881925111636       -15.419844211086129     
  0.74556203162210521       -15.333733093392956     
  0.75209193877362457       -15.245605131313754     
  0.75867903725946473       -15.155618592788194     
  0.76532382798241738       -15.063924337043460     
  0.77202681623236569       -14.970665987412477     
  0.77878851172470753       -14.875980122713299     
  0.78560942863911642       -14.779996484523467     
  0.79249008565864076       -14.682838197711261     
  0.79943100600914685       -14.584622001639778     
  0.80643271749910550       -14.485458489538315     
  0.81349575255972884       -14.385452353636571     
  0.82062064828545811       -14.284702633778577     
  0.82780794647480538       -14.183302967372599     
  0.83505819367155387       -14.081341838687919     
  0.84237194120631909       -13.978902825676773     
  0.84974974523847291       -13.876064842676989     
  0.85719216679843613       -13.772902377535127     
  0.86469977183034119       -13.669485721878528     
  0.87227313123506733       -13.565881193454933     
  0.87991282091365475       -13.462151349647126     
  0.88761942181109665       -13.358355191455839     
  0.89539351996051730       -13.254548357423390     
  0.90323570652773477       -13.150783307142346     
  0.91114657785621533       -13.047109494155016     
  0.91912673551242141       -12.943573528199851     
  0.92717678633155576       -12.840219326898188     
  0.93529734246370855       -12.737088257098200     
  0.94348902142040514       -12.634219266201812     
  0.95175244612156507       -12.531649003893820     
  0.96008824494286982       -12.429411934770883     
  0.96849705176354728       -12.327540442430806     
  0.97697950601457273       -12.226064925630469     
  0.98553625272729417       -12.125013887154006     
  0.99416794258248165       -12.024414016052390     
   1.0028752319598073       -11.924290263922069     
   1.0116587829877588       -11.824665915885094     
   1.0205192635939888       -11.725562656917093     
   1.0294573475561066       -11.627000634144045     
   1.0384737145529148       -11.528998515695250     
   1.0475690502160926       -11.431573546659584     
   1.0567440461823350       -11.334741602646368     
   1.0659994001459461       -11.238517241402509     
   1.0753358159118933       -11.142913752885015     
   1.0847540034493282       -11.047943208133928     
   1.0942546789455734       -10.953616507236527     
   1.1038385648605844       -10.859943426619811     
   1.1135063899818873       -10.766932665856411     
   1.1232588894799984       -10.674591894119576     
   1.1330968049643275       -10.582927796376556     
   1.1430208845395742       -10.491946119367251     
   1.1530318828626136       -10.401651717376751     
   1.1631305611998852       -10.312048597776633     
   1.1733176874852800       -10.223139966281110     
   1.1835940363785369       -10.134928271839987     
   1.1939603893241508       -10.047415251071238     
   1.2044175346107957       -9.9606019721216938     
   1.2149662674312685       -9.8744888778343469     
   1.2256073899429567       -9.7890758280953811     
   1.2363417113288395       -9.7043621412323340     
   1.2471700478590182       -9.6203466343369506     
   1.2580932229527884       -9.5370276623914396     
   1.2691120672412559       -9.4544031560847870     
   1.2802274186304994       -9.3724706582162316     
   1.2914401223652887       -9.2912273585948633     
   1.3027510310933590       -9.2106701273582097     
   1.3141610049302472       -9.1307955466468886     
   1.3256709115247012       -9.0515999405877174     
   1.3372816261246554       -8.9730794035529264     
   1.3489940316437885       -8.8952298266783085     
   1.3608090187286626       -8.8180469226378442     
   1.3727274858264507       -8.7415262486864069     
   1.3847503392532581       -8.6656632279952337     
   1.3968784932630398       -8.5904531693168273     
   1.4091128701171245       -8.5158912850267150     
   1.4214544001543452       -8.4419727075988593     
   1.4339040218617864       -8.3686925045795775     
   1.4464626819461472       -8.2960456921313472     
   1.4591313354057343       -8.2240272472230558     
   1.4719109456030801       -8.1526321185470536     
   1.4848024843382028       -8.0818552362458664     
   1.4978069319225022       -8.0116915205326222     
   1.5109252772533082       -7.9421358892893945     
   1.5241585178890766       -7.8731832647267890     
   1.5375076601252486       -7.8048285791862906     
   1.5509737190707722       -7.7370667801642732     
   1.5645577187252933       -7.6698928346334840     
   1.5782606920570244       -7.6033017327339429     
   1.5920836810812944       -7.5372884909011741     
   1.6060277369397873       -7.4718481544952482     
   1.6200939199804720       -7.4069757999894588     
   1.6342832998382375       -7.3426665367728612     
   1.6485969555162285       -7.2789155086161745     
   1.6630359754678976       -7.2157178948459304     
   1.6776014576797731       -7.1530689112673480     
   1.6922945097549558       -7.0909638108720161     
   1.7071162489973406       -7.0293978843625844     
   1.7220678024965841       -6.9683664605226427     
   1.7371503072138081       -6.9078649064566804     
   1.7523649100680598       -6.8478886277216073     
   1.7677127680235263       -6.7884330683684828     
   1.7831950481775127       -6.7294937109104014     
   1.7988129278491938       -6.6710660762301348     
   1.8145675946691391       -6.6131457234390609     
   1.8304602466696247       -6.5557282496970117     
   1.8464920923757351       -6.4988092900011356     
   1.8626643508972627       -6.4423845169504395     
   1.8789782520214136       -6.3864496404915041     
   1.8954350363063233       -6.3310004076498849     
   1.9120359551753923       -6.2760326022508153     
   1.9287822710124496       -6.2215420446321410     
   1.9456752572577463       -6.1675245913518539     
   1.9627161985047936       -6.1139761348920425     
   1.9799063905980456       -6.0608926033607409     
   1.9972471407314401       -6.0082699601928047     
