   4.5852653122108573E-006   28.441408821143582     
   4.6254247563401094E-006   28.441408820600287     
   4.6659359316872839E-006   28.441408820513089     
   4.7068019188440691E-006   28.441408821347508     
   4.7480258253831063E-006   28.441408821240714     
   4.7896107860943068E-006   28.441408821123815     
   4.8315599632232239E-006   28.441408820996685     
   4.8738765467115266E-006   28.441408821324771     
   4.9165637544395687E-006   28.441408820710947     
   4.9596248324710861E-006   28.441408820551970     
   5.0030630553000359E-006   28.441408820382023     
   5.0468817260996025E-006   28.441408820666538     
   5.0910841769733811E-006   28.441408820474010     
   5.1356737692087528E-006   28.441408821201222     
   5.1806538935324972E-006   28.441408820519683     
   5.2260279703686296E-006   28.441408820291798     
   5.2717994500984968E-006   28.441408819586059     
   5.3179718133231599E-006   28.441408819799221     
   5.3645485711280665E-006   28.441408819999751     
   5.4115332653500453E-006   28.441408819721772     
   5.4589294688466375E-006   28.441408819896353     
   5.5067407857677873E-006   28.441408819591970     
   5.5549708518299148E-006   28.441408819739692     
   5.6036233345923828E-006   28.441408818942307     
   5.6527019337363937E-006   28.441408819062232     
   5.7022103813463184E-006   28.441408819633509     
   5.7521524421935011E-006   28.441408818793320     
   5.8025319140225432E-006   28.441408818869633     
   5.8533526278400889E-006   28.441408818698108     
   5.9046184482061528E-006   28.441408818278433     
   5.9563332735279945E-006   28.441408818075971     
   6.0085010363565569E-006   28.441408818323396     
   6.0611257036855148E-006   28.441408818321790     
   6.1142112772529384E-006   28.441408818303827     
   6.1677617938455950E-006   28.441408818036294     
   6.2217813256059159E-006   28.441408817286117     
   6.2762739803416605E-006   28.441408817682785     
   6.3312439018382792E-006   28.441408817829043     
   6.3866952701740282E-006   28.441408817724536     
   6.4426323020378264E-006   28.441408817369023     
   6.4990592510499113E-006   28.441408817227767     
   6.5559804080852908E-006   28.441408817300456     
   6.6134001016000410E-006   28.441408816888313     
   6.6713226979604537E-006   28.441408816922277     
   6.7297526017750638E-006   28.441408816936345     
   6.7886942562295936E-006   28.441408816231686     
   6.8481521434248206E-006   28.441408816204955     
   6.9081307847174173E-006   28.441408816157249     
   6.9686347410637632E-006   28.441408816088241     
   7.0296686133667756E-006   28.441408815764703     
   7.0912370428257761E-006   28.441408815651897     
   7.1533447112894192E-006   28.441408815749483     
   7.2159963416117198E-006   28.441408815125698     
   7.2791966980111870E-006   28.441408815177141     
   7.3429505864331108E-006   28.441408814972093     
   7.4072628549150246E-006   28.441408814975773     
   7.4721383939553624E-006   28.441408814722138     
   7.5375821368853426E-006   28.441408814676365     
   7.6035990602441216E-006   28.441408814605211     
   7.6701941841572160E-006   28.441408814508222     
   7.7373725727182592E-006   28.441408814152126     
   7.8051393343740766E-006   28.441408813769300     
   7.8734996223131589E-006   28.441408813824893     
   7.9424586348575186E-006   28.441408813619958     
   8.0120216158579909E-006   28.441408812921182     
   8.0821938550929904E-006   28.441408812892234     
   8.1529806886707577E-006   28.441408812834098     
   8.2243874994351437E-006   28.441408812513416     
   8.2964197173749215E-006   28.441408812395366     
   8.3690828200367146E-006   28.441408812246578     
   8.4423823329415175E-006   28.441408811833611     
   8.5163238300048725E-006   28.441408811854529     
   8.5909129339607306E-006   28.441408811144498     
   8.6661553167890233E-006   28.441408811565680     
   8.7420567001469684E-006   28.441408810789142     
   8.8186228558041690E-006   28.441408810676990     
   8.8958596060815151E-006   28.441408810762866     
   8.9737728242939281E-006   28.441408810347752     
   9.0523684351969893E-006   28.441408809663855     
   9.1316524154374714E-006   28.441408809874645     
   9.2116307940078229E-006   28.441408809349682     
   9.2923096527046347E-006   28.441408809485310     
   9.3736951265911079E-006   28.441408808651033     
   9.4557934044635968E-006   28.441408808475984     
   9.5386107293222095E-006   28.441408808493847     
   9.6221533988455571E-006   28.441408808005377     
   9.7064277658696315E-006   28.441408807708370     
   9.7914402388709180E-006   28.441408807369299     
   9.8771972824536896E-006   28.441408807220213     
   9.9637054178416150E-006   28.441408806794698     
   1.0050971223373640E-005   28.441408806557661     
   1.0139001335004228E-005   28.441408806275504     
   1.0227802446807980E-005   28.441408805947418     
   1.0317381311488672E-005   28.441408805106931     
   1.0407744740892743E-005   28.441408804917401     
   1.0498899606527306E-005   28.441408804912257     
   1.0590852840082650E-005   28.441408804392253     
   1.0683611433959381E-005   28.441408804054959     
   1.0777182441800112E-005   28.441408803666661     
   1.0871572979025872E-005   28.441408803226480     
   1.0966790223377160E-005   28.441408802966322     
   1.1062841415459780E-005   28.441408802652418     
   1.1159733859295424E-005   28.441408802283860     
   1.1257474922877108E-005   28.441408801626807     
   1.1356072038729439E-005   28.441408801378813     
   1.1455532704473821E-005   28.441408801189624     
   1.1555864483398583E-005   28.441408800708956     
   1.1657075005034131E-005   28.441408800168645     
   1.1759171965733107E-005   28.441408799567625     
   1.1862163129255642E-005   28.441408799254063     
   1.1966056327359747E-005   28.441408798994047     
   1.2070859460396857E-005   28.441408798437266     
   1.2176580497912592E-005   28.441408798048172     
   1.2283227479252800E-005   28.441408797476441     
   1.2390808514174878E-005   28.441408797070153     
   1.2499331783464462E-005   28.441408796478811     
   1.2608805539557540E-005   28.441408796050538     
   1.2719238107167961E-005   28.441408795434810     
   1.2830637883920504E-005   28.441408795096081     
   1.2943013340989424E-005   28.441408794450936     
   1.3056373023742654E-005   28.441408793847359     
   1.3170725552391611E-005   28.441408793284040     
   1.3286079622646693E-005   28.441408792876075     
   1.3402444006378550E-005   28.441408792272824     
   1.3519827552285092E-005   28.441408791822141     
   1.3638239186564398E-005   28.441408791056972     
   1.3757687913593482E-005   28.441408790557958     
   1.3878182816613007E-005   28.441408789741530     
   1.3999733058418003E-005   28.441408789304745     
   1.4122347882054653E-005   28.441408788780379     
   1.4246036611523126E-005   28.441408788050495     
   1.4370808652486635E-005   28.441408787346347     
   1.4496673492986656E-005   28.441408786549943     
   1.4623640704164428E-005   28.441408786008921     
   1.4751719940988779E-005   28.441408785372332     
   1.4880920942990311E-005   28.441408784638512     
   1.5011253535002020E-005   28.441408783922185     
   1.5142727627906422E-005   28.441408783221618     
   1.5275353219389188E-005   28.441408782534992     
   1.5409140394699411E-005   28.441408781860559     
   1.5544099327416513E-005   28.441408780847198     
   1.5680240280223871E-005   28.441408780075164     
   1.5817573605689234E-005   28.441408779426069     
   1.5956109747051949E-005   28.441408778665235     
   1.6095859239017106E-005   28.441408777790656     
   1.6236832708556631E-005   28.441408776916717     
   1.6379040875717386E-005   28.441408776157857     
   1.6522494554436346E-005   28.441408775279100     
   1.6667204653362946E-005   28.441408774161999     
   1.6813182176688590E-005   28.441408773502872     
   1.6960438224983445E-005   28.441408772717409     
   1.7108983996040569E-005   28.441408771687051     
   1.7258830785727413E-005   28.441408770758741     
   1.7409989988844810E-005   28.441408769813776     
   1.7562473099993445E-005   28.441408768849797     
   1.7716291714447971E-005   28.441408767864445     
   1.7871457529038716E-005   28.441408766971662     
   1.8027982343041173E-005   28.441408765819830     
   1.8185878059073228E-005   28.441408764755593     
   1.8345156684000299E-005   28.441408763660007     
   1.8505830329848338E-005   28.441408762646901     
   1.8667911214724900E-005   28.441408761480787     
   1.8831411663748232E-005   28.441408760391823     
   1.8996344109984497E-005   28.441408759144451     
   1.9162721095393246E-005   28.441408758201504     
   1.9330555271781134E-005   28.441408756861662     
   1.9499859401764011E-005   28.441408755704103     
   1.9670646359737397E-005   28.441408754376710     
   1.9842929132855544E-005   28.441408753225645     
   2.0016720822018972E-005   28.441408752131537     
   2.0192034642870725E-005   28.441408750741971     
   2.0368883926801321E-005   28.441408749286694     
   2.0547282121962498E-005   28.441408748111741     
   2.0727242794289885E-005   28.441408746631708     
   2.0908779628534569E-005   28.441408745425434     
   2.1091906429303728E-005   28.441408743907402     
   2.1276637122110381E-005   28.441408742656279     
   2.1462985754432324E-005   28.441408741202935     
   2.1650966496780345E-005   28.441408739543760     
   2.1840593643775794E-005   28.441408738140836     
   2.2031881615237576E-005   28.441408736408391     
   2.2224844957278695E-005   28.441408734924721     
   2.2419498343412367E-005   28.441408733220385     
   2.2615856575667851E-005   28.441408731873580     
   2.2813934585716034E-005   28.441408730181820     
   2.3013747436004885E-005   28.441408728548581     
   2.3215310320904844E-005   28.441408726853354     
   2.3418638567864254E-005   28.441408724917352     
   2.3623747638574887E-005   28.441408723260182     
   2.3830653130147731E-005   28.441408721528305     
   2.4039370776298998E-005   28.441408719775538     
   2.4249916448546623E-005   28.441408717880989     
   2.4462306157417110E-005   28.441408715898376     
   2.4676556053663084E-005   28.441408714055854     
   2.4892682429491400E-005   28.441408712057694     
   2.5110701719802072E-005   28.441408710190146     
   2.5330630503438030E-005   28.441408707924495     
   2.5552485504445822E-005   28.441408705954274     
   2.5776283593347362E-005   28.441408703866912     
   2.6002041788422802E-005   28.441408701715588     
   2.6229777257004692E-005   28.441408699669651     
   2.6459507316783389E-005   28.441408697432749     
   2.6691249437123973E-005   28.441408695174090     
   2.6925021240394667E-005   28.441408693004590     
   2.7160840503306891E-005   28.441408690569460     
   2.7398725158267043E-005   28.441408688212164     
   2.7638693294740179E-005   28.441408685810529     
   2.7880763160625529E-005   28.441408683358659     
   2.8124953163644167E-005   28.441408680850529     
   2.8371281872738776E-005   28.441408678338291     
   2.8619768019485674E-005   28.441408675699208     
   2.8870430499519242E-005   28.441408673159870     
   2.9123288373968787E-005   28.441408670480996     
   2.9378360870908021E-005   28.441408667714228     
   2.9635667386817207E-005   28.441408665027524     
   2.9895227488058133E-005   28.441408662123024     
   3.0157060912362003E-005   28.441408659226738     
   3.0421187570330347E-005   28.441408656331575     
   3.0687627546949084E-005   28.441408653430429     
   3.0956401103115836E-005   28.441408650224943     
   3.1227528677180651E-005   28.441408647289833     
   3.1501030886500174E-005   28.441408644151863     
   3.1776928529005449E-005   28.441408640861624     
   3.2055242584783503E-005   28.441408637702310     
   3.2335994217672662E-005   28.441408634491395     
   3.2619204776871967E-005   28.441408631162588     
   3.2904895798564621E-005   28.441408627707659     
   3.3193089007555645E-005   28.441408624292862     
   3.3483806318923933E-005   28.441408620676867     
   3.3777069839688691E-005   28.441408617083852     
   3.4072901870490583E-005   28.441408613388575     
   3.4371324907287476E-005   28.441408609698499     
   3.4672361643065154E-005   28.441408605888086     
   3.4976034969562909E-005   28.441408602064428     
   3.5282367979014364E-005   28.441408598101688     
   3.5591383965903403E-005   28.441408594164869     
   3.5903106428735608E-005   28.441408590011378     
   3.6217559071825119E-005   28.441408585980469     
   3.6534765807097220E-005   28.441408581771000     
   3.6854750755906637E-005   28.441408577430863     
   3.7177538250871831E-005   28.441408573182372     
   3.7503152837725281E-005   28.441408568665608     
   3.7831619277180057E-005   28.441408564102574     
   3.8162962546812680E-005   28.441408559598614     
   3.8497207842962507E-005   28.441408554909628     
   3.8834380582647700E-005   28.441408550082386     
   3.9174506405498062E-005   28.441408545338092     
   3.9517611175704706E-005   28.441408540432036     
   3.9863720983986876E-005   28.441408535293945     
   4.0212862149575954E-005   28.441408530202608     
   4.0565061222216867E-005   28.441408525145505     
   4.0920344984186964E-005   28.441408519818907     
   4.1278740452332681E-005   28.441408514384520     
   4.1640274880123954E-005   28.441408508945528     
   4.2004975759726646E-005   28.441408503430395     
   4.2372870824093154E-005   28.441408497767299     
   4.2743988049071278E-005   28.441408491942283     
   4.3118355655531619E-005   28.441408486057739     
   4.3496002111513599E-005   28.441408480273907     
   4.3876956134390173E-005   28.441408474168682     
   4.4261246693051663E-005   28.441408468018267     
   4.4648903010108600E-005   28.441408461691125     
   4.5039954564113938E-005   28.441408455288240     
   4.5434431091804641E-005   28.441408448793965     
   4.5832362590362978E-005   28.441408442192312     
   4.6233779319697624E-005   28.441408435438021     
   4.6638711804744659E-005   28.441408428572757     
   4.7047190837788835E-005   28.441408421521487     
   4.7459247480805076E-005   28.441408414529079     
   4.7874913067820519E-005   28.441408407228892     
   4.8294219207297302E-005   28.441408399923333     
   4.8717197784536078E-005   28.441408392390670     
   4.9143880964100755E-005   28.441408384787223     
   4.9574301192264343E-005   28.441408377123409     
   5.0008491199476269E-005   28.441408369205632     
   5.0446484002851298E-005   28.441408361160086     
   5.0888312908680274E-005   28.441408352996220     
   5.1334011514962805E-005   28.441408344635875     
   5.1783613713962166E-005   28.441408336262342     
   5.2237153694782570E-005   28.441408327593010     
   5.2694665945969018E-005   28.441408318897842     
   5.3156185258129899E-005   28.441408309951655     
   5.3621746726582573E-005   28.441408300936359     
   5.4091385754022137E-005   28.441408291684255     
   5.4565138053213525E-005   28.441408282289089     
   5.5043039649707259E-005   28.441408272757002     
   5.5525126884578902E-005   28.441408262977291     
   5.6011436417192555E-005   28.441408253129850     
   5.6502005227988536E-005   28.441408243074051     
   5.6996870621295510E-005   28.441408232843443     
   5.7496070228167208E-005   28.441408222412917     
   5.7999642009243990E-005   28.441408211815116     
   5.8507624257639505E-005   28.441408200995014     
   5.9020055601852597E-005   28.441408190042537     
   5.9536975008704776E-005   28.441408178843531     
   6.0058421786303312E-005   28.441408167486941     
   6.0584435587030395E-005   28.441408155886791     
   6.1115056410558367E-005   28.441408144160150     
   6.1650324606891477E-005   28.441408132132722     
   6.2190280879434158E-005   28.441408119978860     
   6.2734966288086302E-005   28.441408107581367     
   6.3284422252365518E-005   28.441408094909860     
   6.3838690554556836E-005   28.441408082078894     
   6.4397813342889919E-005   28.441408068998825     
   6.4961833134744181E-005   28.441408055724892     
   6.5530792819881920E-005   28.441408042195420     
   6.6104735663709789E-005   28.441408028377197     
   6.6683705310568818E-005   28.441408014411152     
   6.7267745787053266E-005   28.441408000146481     
   6.7856901505358545E-005   28.441407985577356     
   6.8451217266658439E-005   28.441407970842818     
   6.9050738264511913E-005   28.441407955790254     
   6.9655510088299829E-005   28.441407940470199     
   7.0265578726691615E-005   28.441407924961524     
   7.0880990571142445E-005   28.441407909109685     
   7.1501792419420939E-005   28.441407892963241     
   7.2128031479167849E-005   28.441407876569968     
   7.2759755371485846E-005   28.441407859860576     
   7.3397012134560760E-005   28.441407842881517     
   7.4039850227314579E-005   28.441407825591156     
   7.4688318533090381E-005   28.441407808005351     
   7.5342466363369632E-005   28.441407790139237     
   7.6002343461521846E-005   28.441407771890738     
   7.6668000006587387E-005   28.441407753360807     
   7.7339486617093123E-005   28.441407734533058     
   7.8016854354901651E-005   28.441407715361350     
   7.8700154729094150E-005   28.441407695827792     
   7.9389439699887376E-005   28.441407675942699     
   8.0084761682584817E-005   28.441407655715608     
   8.0786173551562453E-005   28.441407635155215     
   8.1493728644289613E-005   28.441407614181969     
   8.2207480765384799E-005   28.441407592831908     
   8.2927484190707237E-005   28.441407571169222     
   8.3653793671484118E-005   28.441407549111702     
   8.4386464438474050E-005   28.441407526663539     
   8.5125552206167032E-005   28.441407503798757     
   8.5871113177021050E-005   28.441407480577851     
   8.6623204045736010E-005   28.441407456914760     
   8.7381882003564825E-005   28.441407432780608     
   8.8147204742662557E-005   28.441407408320131     
   8.8919230460473371E-005   28.441407383386036     
   8.9698017864156139E-005   28.441407358004525     
   9.0483626175048696E-005   28.441407332200811     
   9.1276115133171129E-005   28.441407305911596     
   9.2075545001768692E-005   28.441407279188994     
   9.2881976571894349E-005   28.441407251982028     
   9.3695471167031501E-005   28.441407224296867     
   9.4516090647757246E-005   28.441407196123862     
   9.5343897416446437E-005   28.441407167466792     
   9.6178954422016882E-005   28.441407138255457     
   9.7021325164716271E-005   28.441407108636653     
   9.7871073700950845E-005   28.441407078363042     
   9.8728264648156479E-005   28.441407047666260     
   9.9592963189712387E-005   28.441407016369141     
   1.0046523507989780E-004   28.441406984511474     
   1.0134514664889225E-004   28.441406952131729     
   1.0223276480781936E-004   28.441406919179656     
   1.0312815705383510E-004   28.441406885661863     
   1.0403139147526038E-004   28.441406851496168     
   1.0494253675675872E-004   28.441406816744518     
   1.0586166218455931E-004   28.441406781409114     
   1.0678883765172559E-004   28.441406745432573     
   1.0772413366347029E-004   28.441406708857727     
   1.0866762134251677E-004   28.441406671565858     
   1.0961937243450740E-004   28.441406633669430     
   1.1057945931345935E-004   28.441406595104795     
   1.1154795498726815E-004   28.441406555864774     
   1.1252493310325931E-004   28.441406515926033     
   1.1351046795378887E-004   28.441406475292609     
   1.1450463448189264E-004   28.441406433923220     
   1.1550750828698522E-004   28.441406391832984     
   1.1651916563060873E-004   28.441406349035276     
   1.1753968344223197E-004   28.441406305425190     
   1.1856913932510044E-004   28.441406261056116     
   1.1960761156213745E-004   28.441406215935871     
   1.2065517912189701E-004   28.441406170012144     
   1.2171192166456882E-004   28.441406123259839     
   1.2277791954803596E-004   28.441406075739096     
   1.2385325383398540E-004   28.441406027333528     
   1.2493800629407233E-004   28.441405978084688     
   1.2603225941613816E-004   28.441405927988455     
   1.2713609641048327E-004   28.441405876994850     
   1.2824960121619452E-004   28.441405825080921     
   1.2937285850752824E-004   28.441405772279637     
   1.3050595370034916E-004   28.441405718534568     
   1.3164897295862558E-004   28.441405663859598     
   1.3280200320098161E-004   28.441405608222766     
   1.3396513210730678E-004   28.441405551604220     
   1.3513844812542333E-004   28.441405493952658     
   1.3632204047781218E-004   28.441405435316199     
   1.3751599916839762E-004   28.441405375667728     
   1.3872041498939156E-004   28.441405314948469     
   1.3993537952819749E-004   28.441405253169847     
   1.4116098517437517E-004   28.441405190253363     
   1.4239732512666618E-004   28.441405126277971     
   1.4364449340008105E-004   28.441405061174336     
   1.4490258483304847E-004   28.441404994914024     
   1.4617169509462699E-004   28.441404927494915     
   1.4745192069178013E-004   28.441404858882976     
   1.4874335897671487E-004   28.441404789055809     
   1.5004610815428480E-004   28.441404718002531     
   1.5136026728945773E-004   28.441404645738430     
   1.5268593631484912E-004   28.441404572159328     
   1.5402321603832101E-004   28.441404497288843     
   1.5537220815064792E-004   28.441404421089274     
   1.5673301523324958E-004   28.441404343548754     
   1.5810574076599175E-004   28.441404264652192     
   1.5949048913505489E-004   28.441404184366547     
   1.6088736564087215E-004   28.441404102699096     
   1.6229647650613669E-004   28.441404019522622     
   1.6371792888387926E-004   28.441403934939260     
   1.6515183086561621E-004   28.441403848858442     
   1.6659829148956939E-004   28.441403761244032     
   1.6805742074895748E-004   28.441403672099995     
   1.6952932960036035E-004   28.441403581368164     
   1.7101412997215659E-004   28.441403489074006     
   1.7251193477303472E-004   28.441403395107997     
   1.7402285790057916E-004   28.441403299487661     
   1.7554701424993147E-004   28.441403202211887     
   1.7708451972252707E-004   28.441403103231806     
   1.7863549123490899E-004   28.441403002479873     
   1.8020004672761845E-004   28.441402900000583     
   1.8177830517416340E-004   28.441402795659528     
   1.8337038659006557E-004   28.441402689507115     
   1.8497641204198698E-004   28.441402581480034     
   1.8659650365693601E-004   28.441402471539575     
   1.8823078463155453E-004   28.441402359678676     
   1.8987937924148587E-004   28.441402245856551     
   1.9154241285082542E-004   28.441402129998394     
   1.9322001192165339E-004   28.441402012140983     
   1.9491230402365162E-004   28.441401892185112     
   1.9661941784380424E-004   28.441401770099219     
   1.9834148319618336E-004   28.441401645883090     
   2.0007863103182067E-004   28.441401519472919     
   2.0183099344866528E-004   28.441401390828673     
   2.0359870370162874E-004   28.441401259926835     
   2.0538189621271841E-004   28.441401126716286     
   2.0718070658125898E-004   28.441400991169672     
   2.0899527159420414E-004   28.441400853239088     
   2.1082572923653809E-004   28.441400712863697     
   2.1267221870176843E-004   28.441400570020306     
   2.1453488040251077E-004   28.441400424650567     
   2.1641385598116623E-004   28.441400276748254     
   2.1830928832069227E-004   28.441400126220785     
   2.2022132155546801E-004   28.441399973027444     
   2.2215010108225455E-004   28.441399817164751     
   2.2409577357125144E-004   28.441399658535204     
   2.2605848697724990E-004   28.441399497107483     
   2.2803839055088383E-004   28.441399332850608     
   2.3003563484997911E-004   28.441399165697646     
   2.3205037175100271E-004   28.441398995581807     
   2.3408275446061151E-004   28.441398822487358     
   2.3613293752730290E-004   28.441398646340247     
   2.3820107685316698E-004   28.441398467088192     
   2.4028732970574179E-004   28.441398284671266     
   2.4239185472997249E-004   28.441398099050915     
   2.4451481196027515E-004   28.441397910158940     
   2.4665636283270620E-004   28.441397717940987     
   2.4881667019723865E-004   28.441397522320031     
   2.5099589833014563E-004   28.441397323276277     
   2.5319421294649235E-004   28.441397120701396     
   2.5541178121273771E-004   28.441396914573218     
   2.5764877175944609E-004   28.441396704809790     
   2.5990535469411051E-004   28.441396491349494     
   2.6218170161408812E-004   28.441396274121701     
   2.6447798561964899E-004   28.441396053061027     
   2.6679438132713929E-004   28.441395828122026     
   2.6913106488225932E-004   28.441395599213266     
   2.7148821397345854E-004   28.441395366255435     
   2.7386600784544722E-004   28.441395129217710     
   2.7626462731282703E-004   28.441394887986334     
   2.7868425477384050E-004   28.441394642510247     
   2.8112507422424124E-004   28.441394392706130     
   2.8358727127128546E-004   28.441394138494672     
   2.8607103314784628E-004   28.441393879807663     
   2.8857654872665122E-004   28.441393616558685     
   2.9110400853464476E-004   28.441393348686546     
   2.9365360476747688E-004   28.441393076075130     
   2.9622553130411740E-004   28.441392798654960     
   2.9881998372160024E-004   28.441392516344891     
   3.0143715930989464E-004   28.441392229073656     
   3.0407725708690833E-004   28.441391936721473     
   3.0674047781362125E-004   28.441391639236258     
   3.0942702400935194E-004   28.441391336487854     
   3.1213709996715785E-004   28.441391028420682     
   3.1487091176937032E-004   28.441390714900592     
   3.1762866730326584E-004   28.441390395889400     
   3.2041057627687407E-004   28.441390071233556     
   3.2321685023492514E-004   28.441389740853126     
   3.2604770257493588E-004   28.441389404661479     
   3.2890334856343714E-004   28.441389062521381     
   3.3178400535234352E-004   28.441388714353991     
   3.3468989199546598E-004   28.441388360051192     
   3.3762122946516993E-004   28.441387999518966     
   3.4057824066917764E-004   28.441387632611679     
   3.4356115046751989E-004   28.441387259241083     
   3.4657018568963428E-004   28.441386879288487     
   3.4960557515161423E-004   28.441386492648334     
   3.5266754967360896E-004   28.441386099176867     
   3.5575634209737575E-004   28.441385698772010     
   3.5887218730398546E-004   28.441385291307427     
   3.6201532223168451E-004   28.441384876654169     
   3.6518598589391140E-004   28.441384454683956     
   3.6838441939747251E-004   28.441384025287135     
   3.7161086596087676E-004   28.441383588317649     
   3.7486557093283025E-004   28.441383143629253     
   3.7814878181089356E-004   28.441382691118804     
   3.8146074826030205E-004   28.441382230623930     
   3.8480172213295141E-004   28.441381761992091     
   3.8817195748654907E-004   28.441381285105464     
   3.9157171060393345E-004   28.441380799811427     
   3.9500124001256253E-004   28.441380305958944     
   3.9846080650417324E-004   28.441379803397851     
   4.0195067315461249E-004   28.441379291967635     
   4.0547110534384267E-004   28.441378771522750     
   4.0902237077612154E-004   28.441378241899116     
   4.1260473950035950E-004   28.441377702936009     
   4.1621848393065498E-004   28.441377154460667     
   4.1986387886700936E-004   28.441376596306498     
   4.2354120151622384E-004   28.441376028315929     
   4.2725073151297888E-004   28.441375450307575     
   4.3099275094109880E-004   28.441374862093795     
   4.3476754435500185E-004   28.441374263516678     
   4.3857539880133871E-004   28.441373654374971     
   4.4241660384082072E-004   28.441373034478033     
   4.4629145157023853E-004   28.441372403660068     
   4.5020023664467423E-004   28.441371761706819     
   4.5414325629990763E-004   28.441371108427887     
   4.5812081037501932E-004   28.441370443627235     
   4.6213320133519086E-004   28.441369767095253     
   4.6618073429470551E-004   28.441369078626593     
   4.7026371704014986E-004   28.441368378012385     
   4.7438246005381901E-004   28.441367665035969     
   4.7853727653732637E-004   28.441366939476183     
   4.8272848243542053E-004   28.441366201110341     
   4.8695639646001079E-004   28.441365449728323     
   4.9122134011440281E-004   28.441364685077417     
   4.9552363771774666E-004   28.441363906941746     
   4.9986361642969908E-004   28.441363115069137     
   5.0424160627530188E-004   28.441362309221248     
   5.0865794017007778E-004   28.441361489158510     
   5.1311295394534636E-004   28.441360654606882     
   5.1760698637376163E-004   28.441359805337115     
   5.2214037919507349E-004   28.441358941084246     
   5.2671347714211472E-004   28.441358061572330     
   5.3132662796701502E-004   28.441357166532057     
   5.3598018246764573E-004   28.441356255700043     
   5.4067449451429518E-004   28.441355328792753     
   5.4540992107657814E-004   28.441354385516718     
   5.5018682225058103E-004   28.441353425593277     
   5.5500556128624406E-004   28.441352448725240     
   5.5986650461498501E-004   28.441351454614278     
   5.6477002187756272E-004   28.441350442941953     
   5.6971648595218621E-004   28.441349413427361     
   5.7470627298286919E-004   28.441348365728032     
   5.7973976240803342E-004   28.441347299530136     
   5.8481733698936215E-004   28.441346214504094     
   5.8993938284090702E-004   28.441345110325557     
   5.9510628945844829E-004   28.441343986649187     
   6.0031844974911400E-004   28.441342843129604     
   6.0557626006125804E-004   28.441341679420660     
   6.1088012021459886E-004   28.441340495163573     
   6.1623043353062367E-004   28.441339290000641     
   6.2162760686325781E-004   28.441338063541693     
   6.2707205062980374E-004   28.441336815424975     
   6.3256417884214927E-004   28.441335545265247     
   6.3810440913825140E-004   28.441334252671254     
   6.4369316281389440E-004   28.441332937255495     
   6.4933086485472597E-004   28.441331598604279     
   6.5501794396857532E-004   28.441330236305816     
   6.6075483261805235E-004   28.441328849941840     
   6.6654196705343417E-004   28.441327439090543     
   6.7237978734583867E-004   28.441326003314302     
   6.7826873742068917E-004   28.441324542173405     
   6.8420926509147077E-004   28.441323055228480     
   6.9020182209378485E-004   28.441321542003195     
   6.9624686411969949E-004   28.441320002044819     
   7.0234485085240159E-004   28.441318434886895     
   7.0849624600115367E-004   28.441316840022481     
   7.1470151733655390E-004   28.441315216994099     
   7.2096113672610884E-004   28.441313565286919     
   7.2727558017011387E-004   28.441311884382230     
   7.3364532783785083E-004   28.441310173770660     
   7.4007086410410121E-004   28.441308432934676     
   7.4655267758597912E-004   28.441306661334522     
   7.5309126118008776E-004   28.441304858421461     
   7.5968711210000028E-004   28.441303023645688     
   7.6634073191406984E-004   28.441301156431180     
   7.7305262658357017E-004   28.441299256221725     
   7.7982330650117017E-004   28.441297322425001     
   7.8665328652974590E-004   28.441295354438395     
   7.9354308604153269E-004   28.441293351664015     
   8.0049322895761903E-004   28.441291313481614     
   8.0750424378778750E-004   28.441289239270958     
   8.1457666367070435E-004   28.441287128382925     
   8.2171102641446082E-004   28.441284980168888     
   8.2890787453746939E-004   28.441282793977436     
   8.3616775530971925E-004   28.441280569127187     
   8.4349122079439181E-004   28.441278304936191     
   8.5087882788984100E-004   28.441276000705656     
   8.5833113837194242E-004   28.441273655722057     
   8.6584871893681157E-004   28.441271269267986     
   8.7343214124389738E-004   28.441268840605986     
   8.8108198195945312E-004   28.441266368987755     
   8.8879882280038815E-004   28.441263853648508     
   8.9658325057850202E-004   28.441261293821725     
   9.0443585724510919E-004   28.441258688711770     
   9.1235723993605185E-004   28.441256037515558     
   9.2034800101710760E-004   28.441253339417202     
   9.2840874812979621E-004   28.441250593582197     
   9.3654009423758543E-004   28.441247799166462     
   9.4474265767250331E-004   28.441244955307027     
   9.5301706218215766E-004   28.441242061125379     
   9.6136393697716796E-004   28.441239115730951     
   9.6978391677901208E-004   28.441236118213354     
   9.7827764186829251E-004   28.441233067643992     
   9.8684575813342591E-004   28.441229963090109     
   9.9548891711975698E-004   28.441226803587170     
   1.0042077760791055E-003   28.441223588162046     
   1.0130029980197448E-003   28.441220315819606     
   1.0218752517568187E-003   28.441216985549630     
   1.0308252119632009E-003   28.441213596324374     
   1.0398535592207993E-003   28.441210147096015     
   1.0489609800723085E-003   28.441206636803315     
   1.0581481670734172E-003   28.441203064360010     
   1.0674158188454727E-003   28.441199428655750     
   1.0767646401286044E-003   28.441195728571898     
   1.0861953418353173E-003   28.441191962969484     
   1.0957086411045489E-003   28.441188130675656     
   1.1053052613562045E-003   28.441184230508355     
   1.1149859323461673E-003   28.441180261267789     
   1.1247513902217915E-003   28.441176221719203     
   1.1346023775778821E-003   28.441172110613493     
   1.1445396435131622E-003   28.441167926684273     
   1.1545639436872383E-003   28.441163668630338     
   1.1646760403780619E-003   28.441159335141606     
   1.1748767025398963E-003   28.441154924868769     
   1.1851667058617890E-003   28.441150436452830     
   1.1955468328265593E-003   28.441145868499987     
   1.2060178727702983E-003   28.441141219598506     
   1.2165806219423948E-003   28.441136488306000     
   1.2272358835660822E-003   28.441131673164449     
   1.2379844678995198E-003   28.441126772676611     
   1.2488271922974062E-003   28.441121785318799     
   1.2597648812731344E-003   28.441116709553768     
   1.2707983665614891E-003   28.441111543810621     
   1.2819284871818952E-003   28.441106286481073     
   1.2931560895022185E-003   28.441100935935708     
   1.3044820273031275E-003   28.441095490521889     
   1.3159071618430158E-003   28.441089948543478     
   1.3274323619234961E-003   28.441084308289589     
   1.3390585039554656E-003   28.441078568001430     
   1.3507864720257515E-003   28.441072725900867     
   1.3626171579643393E-003   28.441066780184457     
   1.3745514614121900E-003   28.441060728995410     
   1.3865902898896520E-003   28.441054570457538     
   1.3987345588654721E-003   28.441048302656199     
   1.4109851918264087E-003   28.441041923653856     
   1.4233431203474593E-003   28.441035431465352     
   1.4358092841626972E-003   28.441028824069704     
   1.4483846312367335E-003   28.441022099416315     
   1.4610701178368038E-003   28.441015255420822     
   1.4738667086054839E-003   28.441008289947717     
   1.4867753766340446E-003   28.441001200835984     
   1.4997971035364500E-003   28.440993985883352     
   1.5129328795239999E-003   28.440986642838098     
   1.5261837034806305E-003   28.440979169428616     
   1.5395505830388717E-003   28.440971563319536     
   1.5530345346564706E-003   28.440963822149243     
   1.5666365836936860E-003   28.440955943505131     
   1.5803577644912597E-003   28.440947924937930     
   1.5941991204490708E-003   28.440939763947711     
   1.6081617041054802E-003   28.440931457997280     
   1.6222465772173669E-003   28.440923004496923     
   1.6364548108408685E-003   28.440914400813909     
   1.6507874854128270E-003   28.440905644265442     
   1.6652456908329491E-003   28.440896732126717     
   1.6798305265466836E-003   28.440887661617495     
   1.6945431016288299E-003   28.440878429908167     
   1.7093845348678716E-003   28.440869034121405     
   1.7243559548510551E-003   28.440859471326220     
   1.7394585000502104E-003   28.440849738539370     
   1.7546933189083226E-003   28.440839832722958     
   1.7700615699268645E-003   28.440829750787159     
   1.7855644217538917E-003   28.440819489582367     
   1.8012030532729105E-003   28.440809045905155     
   1.8169786536925234E-003   28.440798416495582     
   1.8328924226368604E-003   28.440787598030369     
   1.8489455702368023E-003   28.440776587132447     
   1.8651393172220011E-003   28.440765380354932     
   1.8814748950137104E-003   28.440753974202124     
   1.8979535458184247E-003   28.440742365101372     
   1.9145765227223410E-003   28.440730549425723     
   1.9313450897866470E-003   28.440718523475340     
   1.9482605221436446E-003   28.440706283491764     
   1.9653241060937146E-003   28.440693825640977     
   1.9825371392031303E-003   28.440681146024303     
   1.9999009304027295E-003   28.440668240672309     
   2.0174168000874479E-003   28.440655105540912     
   2.0350860802167284E-003   28.440641736517435     
   2.0529101144158035E-003   28.440628129413881     
   2.0708902580778735E-003   28.440614279960698     
   2.0890278784671699E-003   28.440600183819797     
   2.1073243548229295E-003   28.440585836568872     
   2.1257810784642748E-003   28.440571233709392     
   2.1443994528960136E-003   28.440556370656310     
   2.1631808939153669E-003   28.440541242750868     
   2.1821268297196289E-003   28.440525845240856     
   2.2012387010147739E-003   28.440510173291500     
   2.2205179611250081E-003   28.440494221980472     
   2.2399660761032890E-003   28.440477986295789     
   2.2595845248428044E-003   28.440461461136806     
   2.2793747991894362E-003   28.440444641309938     
   2.2993384040552001E-003   28.440427521524683     
   2.3194768575326881E-003   28.440410096398665     
   2.3397916910105048E-003   28.440392360448186     
   2.3602844492897237E-003   28.440374308092686     
   2.3809566907013525E-003   28.440355933650963     
   2.4018099872248387E-003   28.440337231337381     
   2.4228459246076043E-003   28.440318195260204     
   2.4440661024856319E-003   28.440298819420917     
   2.4654721345051056E-003   28.440279097719468     
   2.4870656484451185E-003   28.440259023933010     
   2.5088482863414533E-003   28.440238591734385     
   2.5308217046114460E-003   28.440217794677551     
   2.5529875741799476E-003   28.440196626202891     
   2.5753475806063841E-003   28.440175079626755     
   2.5979034242129334E-003   28.440153148150571     
   2.6206568202138216E-003   28.440130824845440     
   2.6436094988457532E-003   28.440108102659863     
   2.6667632054994828E-003   28.440084974411874     
   2.6901197008525430E-003   28.440061432794437     
   2.7136807610031268E-003   28.440037470360508     
   2.7374481776051519E-003   28.440013079532505     
   2.7614237580045001E-003   28.439988252594219     
   2.7856093253764563E-003   28.439962981685767     
   2.8100067188643451E-003   28.439937258804051     
   2.8346177937193886E-003   28.439911075804446     
   2.8594444214417800E-003   28.439884424394194     
   2.8844884899230042E-003   28.439857296120820     
   2.9097519035893942E-003   28.439829682389231     
   2.9352365835469511E-003   28.439801574438277     
   2.9609444677274311E-003   28.439772963352084     
   2.9868775110357100E-003   28.439743840050895     
   3.0130376854984441E-003   28.439714195286371     
   3.0394269804140217E-003   28.439684019645227     
   3.0660474025038446E-003   28.439653303542045     
   3.0929009760649172E-003   28.439622037211677     
   3.1199897431237848E-003   28.439590210716318     
   3.1473157635918143E-003   28.439557813932694     
   3.1748811154218336E-003   28.439524836552707     
   3.2026878947661510E-003   28.439491268080445     
   3.2307382161359463E-003   28.439457097828821     
   3.2590342125620700E-003   28.439422314912775     
   3.2875780357572433E-003   28.439386908250142     
   3.3163718562796781E-003   28.439350866554904     
   3.3454178636981380E-003   28.439314178332253     
   3.3747182667584370E-003   28.439276831880392     
   3.4042752935513980E-003   28.439238815278856     
   3.4340911916822844E-003   28.439200116392200     
   3.4641682284417175E-003   28.439160722861700     
   3.4945086909780837E-003   28.439120622098372     
   3.5251148864714589E-003   28.439079801286866     
   3.5559891423090528E-003   28.439038247372196     
   3.5871338062621900E-003   28.438995947061557     
   3.6185512466648429E-003   28.438952886818839     
   3.6502438525937244E-003   28.438909052856744     
   3.6822140340499634E-003   28.438864431136437     
   3.7144642221423672E-003   28.438819007359285     
   3.7469968692722898E-003   28.438772766963979     
   3.7798144493201200E-003   28.438725695122557     
   3.8129194578334046E-003   28.438677776730586     
   3.8463144122166146E-003   28.438628996408724     
   3.8800018519225773E-003   28.438579338491962     
   3.9139843386455861E-003   28.438528787027536     
   3.9482644565161946E-003   28.438477325769384     
   3.9828448122977275E-003   28.438424938167984     
   4.0177280355845005E-003   28.438371607373185     
   4.0529167790017894E-003   28.438317316219582     
   4.0884137184075374E-003   28.438262047228861     
   4.1242215530958399E-003   28.438205782595801     
   4.1603430060022026E-003   28.438148504187438     
   4.1967808239106079E-003   28.438090193535771     
   4.2335377776623832E-003   28.438030831832037     
   4.2706166623669040E-003   28.437970399916736     
   4.3080202976141478E-003   28.437908878279003     
   4.3457515276890983E-003   28.437846247045314     
   4.3838132217880353E-003   28.437782485970700     
   4.4222082742367205E-003   28.437717574441265     
   4.4609396047104836E-003   28.437651491454673     
   4.5000101584562503E-003   28.437584215623957     
   4.5394229065165038E-003   28.437515725162484     
   4.5791808459552134E-003   28.437445997879465     
   4.6192870000857375E-003   28.437375011172392     
   4.6597444187007299E-003   28.437302742018488     
   4.7005561783040528E-003   28.437229166968265     
   4.7417253823447214E-003   28.437154262134030     
   4.7832551614529033E-003   28.437078003185377     
   4.8251486736779784E-003   28.437000365340197     
   4.8674091047286889E-003   28.436921323350873     
   4.9100396682153881E-003   28.436840851504286     
   4.9530436058944109E-003   28.436758923604657     
   4.9964241879145947E-003   28.436675512970766     
   5.0401847130659401E-003   28.436590592420544     
   5.0843285090304705E-003   28.436504134268034     
   5.1288589326352755E-003   28.436416110308201     
   5.1737793701077733E-003   28.436326491810277     
   5.2190932373332079E-003   28.436235249506453     
   5.2648039801144100E-003   28.436142353583705     
   5.3109150744338170E-003   28.436047773667752     
   5.3574300267178075E-003   28.435951478818779     
   5.4043523741033311E-003   28.435853437518347     
   5.4516856847068871E-003   28.435753617656388     
   5.4994335578958569E-003   28.435651986521606     
   5.5475996245622069E-003   28.435548510791293     
   5.5961875473985933E-003   28.435443156515120     
   5.6452010211768874E-003   28.435335889107691     
   5.6946437730291313E-003   28.435226673335222     
   5.7445195627309669E-003   28.435115473300868     
   5.7948321829875363E-003   28.435002252435197     
   5.8455854597218911E-003   28.434886973478797     
   5.8967832523659286E-003   28.434769598474531     
   5.9484294541538706E-003   28.434650088749663     
   6.0005279924183232E-003   28.434528404904981     
   6.0530828288889180E-003   28.434404506797009     
   6.1060979599935755E-003   28.434278353529294     
   6.1595774171624030E-003   28.434149903431489     
   6.2135252671342654E-003   28.434019114049988     
   6.2679456122660179E-003   28.433885942127517     
   6.3228425908444762E-003   28.433750343593786     
   6.3782203774010917E-003   28.433612273543304     
   6.4340831830294069E-003   28.433471686223868     
   6.4904352557052705E-003   28.433328535017324     
   6.5472808806098723E-003   28.433182772424303     
   6.6046243804555966E-003   28.433034350047123     
   6.6624701158147373E-003   28.432883218570637     
   6.7208224854510886E-003   28.432729327745875     
   6.7796859266544404E-003   28.432572626373016     
   6.8390649155779994E-003   28.432413062279423     
   6.8989639675787759E-003   28.432250582303880     
   6.9593876375609416E-003   28.432085132274892     
   7.0203405203221950E-003   28.431916656993877     
   7.0818272509031704E-003   28.431745100211799     
   7.1438525049398929E-003   28.431570404611335     
   7.2064209990193376E-003   28.431392511784139     
   7.2695374910380813E-003   28.431211362210746     
   7.3332067805641169E-003   28.431026895238020     
   7.3974337092018224E-003   28.430839049056388     
   7.4622231609601302E-003   28.430647760680046     
   7.5275800626239276E-003   28.430452965920267     
   7.5935093841286959E-003   28.430254599362840     
   7.6600161389384471E-003   28.430052594345824     
   7.7271053844269553E-003   28.429846882933333     
   7.7947822222623449E-003   28.429637395890666     
   7.8630517987950260E-003   28.429424062659379     
   7.9319193054490436E-003   28.429206811328712     
   8.0013899791168495E-003   28.428985568613811     
   8.0714691025575314E-003   28.428760259823605     
   8.1421620047985241E-003   28.428530808836086     
   8.2134740615408541E-003   28.428297138069667     
   8.2854106955679175E-003   28.428059168452606     
   8.3579773771578492E-003   28.427816819395062     
   8.4311796244994925E-003   28.427570008759275     
   8.5050230041120254E-003   28.427318652828347     
   8.5795131312682554E-003   28.427062666273230     
   8.6546556704216147E-003   28.426801962125694     
   8.7304563356369099E-003   28.426536451739480     
   8.8069208910248348E-003   28.426266044761277     
   8.8840551511802889E-003   28.425990649095823     
   8.9618649816245351E-003   28.425710170870317     
   9.0403562992512378E-003   28.425424514400277     
   9.1195350727763958E-003   28.425133582152611     
   9.1994073231922227E-003   28.424837274709361     
   9.2799791242250025E-003   28.424535490728658     
   9.3612566027969565E-003   28.424228126910080     
   9.4432459394921398E-003   28.423915077948934     
   9.5259533690264537E-003   28.423596236504068     
   9.6093851807217343E-003   28.423271493150750     
   9.6935477189840132E-003   28.422940736341744     
   9.7784473837859761E-003   28.422603852366024     
   9.8640906311536249E-003   28.422260725301953     
   9.9504839736572204E-003   28.421911236976442     
   1.0037633980906511E-002   28.421555266916656     
   1.0125547280050313E-002   28.421192692306263     
   1.0214230556280452E-002   28.420823387937332     
   1.0303690553340131E-002   28.420447226161869     
   1.0393934074036744E-002   28.420064076843317     
   1.0484967980759175E-002   28.419673807306197     
   1.0576799195999641E-002   28.419276282285352     
   1.0669434702880105E-002   28.418871363872867     
   1.0762881545683280E-002   28.418458911464427     
   1.0857146830388301E-002   28.418038781706827     
   1.0952237725211096E-002   28.417610828440047     
   1.1048161461149468E-002   28.417174902642188     
   1.1144925332532965E-002   28.416730852370549     
   1.1242536697577559E-002   28.416278522702754     
   1.1341002978945199E-002   28.415817755676798     
   1.1440331664308231E-002   28.415348390228033     
   1.1540530306918808E-002   28.414870262127280     
   1.1641606526183243E-002   28.414383203917211     
   1.1743568008241424E-002   28.413887044844444     
   1.1846422506551281E-002   28.413381610794772     
   1.1950177842478388E-002   28.412866724223079     
   1.2054841905890725E-002   28.412342204084595     
   1.2160422655758644E-002   28.411807865762881     
   1.2266928120760091E-002   28.411263520996997     
   1.2374366399891135E-002   28.410708977807275     
   1.2482745663081839E-002   28.410144040418913     
   1.2592074151817529E-002   28.409568509185206     
   1.2702360179765490E-002   28.408982180507024     
   1.2813612133407178E-002   28.408384846753023     
   1.2925838472675940E-002   28.407776296176763     
   1.3039047731600343E-002   28.407156312831589     
   1.3153248518953116E-002   28.406524676485105     
   1.3268449518905802E-002   28.405881162531585     
   1.3384659491689115E-002   28.405225541900450     
   1.3501887274259097E-002   28.404557580965957     
   1.3620141780969116E-002   28.403877041453512     
   1.3739432004247730E-002   28.403183680341982     
   1.3859767015282498E-002   28.402477249768793     
   1.3981155964709790E-002   28.401757496927601     
   1.4103608083310619E-002   28.401024163966966     
   1.4227132682712583E-002   28.400276987887040     
   1.4351739156097948E-002   28.399515700431806     
   1.4477436978917934E-002   28.398740027981418     
   1.4604235709613252E-002   28.397949691440587     
   1.4732144990340968E-002   28.397144406125605     
   1.4861174547707705E-002   28.396323881647518     
   1.4991334193509304E-002   28.395487821795385     
   1.5122633825476921E-002   28.394635924414246     
   1.5255083428029699E-002   28.393767881281491     
   1.5388693073033999E-002   28.392883377982443     
   1.5523472920569305E-002   28.391982093779035     
   1.5659433219700820E-002   28.391063701480959     
   1.5796584309258843E-002   28.390127867309189     
   1.5934936618624950E-002   28.389174250758771     
   1.6074500668525102E-002   28.388202504460637     
   1.6215287071829645E-002   28.387212274035790     
   1.6357306534360360E-002   28.386203197950792     
   1.6500569855704559E-002   28.385174907367499     
   1.6645087930036329E-002   28.384127025989628     
   1.6790871746944946E-002   28.383059169908776     
   1.6937932392270552E-002   28.381970947442611     
   1.7086281048947185E-002   28.380861958974151     
   1.7235928997853117E-002   28.379731796784142     
   1.7386887618668731E-002   28.378580044881488     
   1.7539168390741836E-002   28.377406278829454     
   1.7692782893960604E-002   28.376210065568998     
   1.7847742809634141E-002   28.374990963236783     
   1.8004059921380759E-002   28.373748520980371     
   1.8161746116024044E-002   28.372482278769070     
   1.8320813384496766E-002   28.371191767201140     
   1.8481273822752713E-002   28.369876507305420     
   1.8643139632686483E-002   28.368536010340932     
   1.8806423123061373E-002   28.367169777589567     
   1.8971136710445369E-002   28.365777300146306     
   1.9137292920155327E-002   28.364358058703971     
   1.9304904387209464E-002   28.362911523334205     
   1.9473983857288126E-002   28.361437153260809     
   1.9644544187703034E-002   28.359934396633435     
   1.9816598348374990E-002   28.358402690290021     
   1.9990159422820133E-002   28.356841459520368     
   2.0165240609144878E-002   28.355250117818912     
   2.0341855221049504E-002   28.353628066636460     
   2.0520016688840598E-002   28.351974695123971     
   2.0699738560452305E-002   28.350289379872009     
   2.0881034502476602E-002   28.348571484643699     
   2.1063918301202491E-002   28.346820360102654     
   2.1248403863664393E-002   28.345035343534761     
   2.1434505218699648E-002   28.343215758563147     
   2.1622236518015338E-002   28.341360914858413     
   2.1811612037264415E-002   28.339470107841038     
   2.2002646177131244E-002   28.337542618378777     
   2.2195353464426717E-002   28.335577712475583     
   2.2389748553192881E-002   28.333574640956328     
   2.2585846225817278E-002   28.331532639142296     
   2.2783661394157061E-002   28.329450926520209     
   2.2983209100672929E-002   28.327328706405709     
   2.3184504519572983E-002   28.325165165597298     
   2.3387562957966644E-002   28.322959474024103     
   2.3592399857028643E-002   28.320710784384715     
   2.3799030793173200E-002   28.318418231780115     
   2.4007471479238526E-002   28.316080933336693     
   2.4217737765681657E-002   28.313697987822636     
   2.4429845641783774E-002   28.311268475254806     
   2.4643811236866077E-002   28.308791456497374     
   2.4859650821516314E-002   28.306265972852131     
   2.5077380808826037E-002   28.303691045639752     
   2.5297017755638702E-002   28.301065675771468     
   2.5518578363808705E-002   28.298388843312225     
   2.5742079481471440E-002   28.295659507034017     
   2.5967538104324485E-002   28.292876603959058     
   2.6194971376920000E-002   28.290039048893703     
   2.6424396593968464E-002   28.287145733952372     
   2.6655831201653789E-002   28.284195528070072     
   2.6889292798960015E-002   28.281187276506046     
   2.7124799139009555E-002   28.278119800335404     
   2.7362368130413237E-002   28.274991895929219     
   2.7602017838632087E-002   28.271802334425928     
   2.7843766487351099E-002   28.268549861188333     
   2.8087632459865033E-002   28.265233195250701     
   2.8333634300476307E-002   28.261851028753568     
   2.8581790715905185E-002   28.258402026365587     
   2.8832120576712281E-002   28.254884824694344     
   2.9084642918733535E-002   28.251298031683064     
   2.9339376944527765E-002   28.247640225995212     
   2.9596342024836866E-002   28.243909956385451     
   2.9855557700058846E-002   28.240105741057505     
   3.0117043681733707E-002   28.236226067007152     
   3.0380819854042399E-002   28.232269389353178     
   3.0646906275318856E-002   28.228234130651700     
   3.0915323179575294E-002   28.224118680196895     
   3.1186090978040870E-002   28.219921393307814     
   3.1459230260713809E-002   28.215640590597118     
   3.1734761797927134E-002   28.211274557227597     
   3.2012706541928102E-002   28.206821542150152     
   3.2293085628471468E-002   28.202279757327005     
   3.2575920378426736E-002   28.197647376937880     
   3.2861232299399433E-002   28.192922536569654     
   3.3149043087366638E-002   28.188103332388451     
   3.3439374628326773E-002   28.183187820293853     
   3.3732248999963931E-002   28.178174015056555     
   3.4027688473326677E-002   28.173059889436757     
   3.4325715514521647E-002   28.167843373283574     
   3.4626352786421913E-002   28.162522352616932     
   3.4929623150390360E-002   28.157094668688828     
   3.5235549668018090E-002   28.151558117025360     
   3.5544155602878144E-002   28.145910446449420     
   3.5855464422294515E-002   28.140149358081104     
   3.6169499799126661E-002   28.134272504319554     
   3.6486285613569668E-002   28.128277487801967     
   3.6805845954970190E-002   28.122161860341691     
   3.7128205123658241E-002   28.115923121843537     
   3.7453387632795099E-002   28.109558719198048     
   3.7781418210237346E-002   28.103066045151365     
   3.8112321800417244E-002   28.096442437153343     
   3.8446123566239582E-002   28.089685176179998     
   3.8782848890995154E-002   28.082791485534614     
   3.9122523380290992E-002   28.075758529621282     
   3.9465172863997436E-002   28.068583412695659     
   3.9810823398212382E-002   28.061263177589595     
   4.0159501267242631E-002   28.053794804409421     
   4.0511232985602635E-002   28.046175209208812     
   4.0866045300030726E-002   28.038401242634279     
   4.1223965191523049E-002   28.030469688543391     
   4.1585019877385263E-002   28.022377262595924     
   4.1949236813302197E-002   28.014120610816107     
   4.2316643695425725E-002   28.005696308127355     
   4.2687268462480797E-002   27.997100856856449     
   4.3061139297890051E-002   27.988330685209206     
   4.3438284631916915E-002   27.979382145716244     
   4.3818733143827525E-002   27.970251513647597     
   4.4202513764071638E-002   27.960934985397188     
   4.4589655676482542E-002   27.951428676834794     
   4.4980188320496300E-002   27.941728621627334     
   4.5374141393390396E-002   27.931830769527238     
   4.5771544852542041E-002   27.921730984627573     
   4.6172428917706169E-002   27.911425043584515     
   4.6576824073313511E-002   27.900908633806040     
   4.6984761070788646E-002   27.890177351605743     
   4.7396270930888496E-002   27.879226700322761     
   4.7811384946061172E-002   27.868052088405747     
   4.8230134682825630E-002   27.856648827461953     
   4.8652551984171989E-002   27.845012130269950     
   4.9078668971983055E-002   27.833137108755366     
   4.9508518049476903E-002   27.821018771930511     
   4.9942131903670937E-002   27.808652023796355     
   5.0379543507867545E-002   27.796031661206044     
   5.0820786124161403E-002   27.783152371691415     
   5.1265893305968910E-002   27.770008731249291     
   5.1714898900579641E-002   27.756595202090821     
   5.2167837051730226E-002   27.742906130349581     
   5.2624742202200724E-002   27.728935743750483     
   5.3085649096433755E-002   27.714678149239518     
   5.3550592783176573E-002   27.700127330571689     
   5.4019608618146288E-002   27.685277145858791     
   5.4492732266718427E-002   27.670121325076678     
   5.4969999706639010E-002   27.654653467529840     
   5.5451447230760426E-002   27.638867039276008     
   5.5937111449801249E-002   27.622755370507875     
   5.6427029295130215E-002   27.606311652892629     
   5.6921238021574616E-002   27.589528936870693     
   5.7419775210253245E-002   27.572400128910189     
   5.7922678771434200E-002   27.554917988720334     
   5.8429986947417668E-002   27.537075126421982     
   5.8941738315444026E-002   27.518863999674934     
   5.9457971790627326E-002   27.500276910763446     
   5.9978726628914528E-002   27.481306003638622     
   6.0504042430070668E-002   27.461943260918417     
   6.1033959140690125E-002   27.442180500845240     
   6.1568517057234269E-002   27.422009374201025     
   6.2107756829095730E-002   27.401421361180837     
   6.2651719461689515E-002   27.380407768223861     
   6.3200446319571182E-002   27.358959724803555     
   6.3753979129582292E-002   27.337068180176530     
   6.4312359984023501E-002   27.314723900090399     
   6.4875631343855322E-002   27.291917463452052     
   6.5443836041927037E-002   27.268639258955645     
   6.6017017286233798E-002   27.244879481672314     
   6.6595218663202324E-002   27.220628129600954     
   6.7178484141005301E-002   27.195875000182340     
   6.7766858072904931E-002   27.170609686775677     
   6.8360385200625609E-002   27.144821575100792     
   6.8959110657756229E-002   27.118499839644599     
   6.9563079973182326E-002   27.091633440034911     
   7.0172339074548187E-002   27.064211117382300     
   7.0786934291749357E-002   27.036221390590484     
   7.1406912360455654E-002   27.007652552638106     
   7.2032320425665167E-002   26.978492666832878     
   7.2663206045289211E-002   26.948729563039365     
   7.3299617193768887E-002   26.918350833883167     
   7.3941602265723064E-002   26.887343830932622     
   7.4589210079628557E-002   26.855695660861187     
   7.5242489881532440E-002   26.823393181591229     
   7.5901491348796757E-002   26.790422998423693     
   7.6566264593876263E-002   26.756771460154042     
   7.7236860168129001E-002   26.722424655178983     
   7.7913329065660522E-002   26.687368407596281     
   7.8595722727201500E-002   26.651588273299836     
   7.9284093044019496E-002   26.615069536075282     
   7.9978492361864953E-002   26.577797203698083     
   8.0678973484951677E-002   26.539756004037699     
   8.1385589679972239E-002   26.500930381173376     
   8.2098394680148595E-002   26.461304491523407     
   8.2817442689317983E-002   26.420862199994275     
   8.3542788386054875E-002   26.379587076153058     
   8.4274486927828879E-002   26.337462390427959     
   8.5012593955199042E-002   26.294471110342982     
   8.5757165596044932E-002   26.250595896791040     
   8.6508258469834773E-002   26.205819100351476     
   8.7265929691930977E-002   26.160122757658527     
   8.8030236877933363E-002   26.113488587825799     
   8.8801238148060430E-002   26.065897988934296     
   8.9578992131568932E-002   26.017332034590339     
   9.0363557971212330E-002   25.967771470560436     
   9.1154995327738048E-002   25.917196711490789     
   9.1953364384424391E-002   25.865587837719588     
   9.2758725851657023E-002   25.812924592189290     
   9.3571140971545466E-002   25.759186377468836     
   9.4390671522580308E-002   25.704352252893344     
   9.5217379824330872E-002   25.648400931831560     
   9.6051328742184264E-002   25.591310779090620     
   9.6892581692125820E-002   25.533059808467840     
   9.7741202645561479E-002   25.473625680460785     
   9.8597256134182312E-002   25.412985700145867     
   9.9460807254871775E-002   25.351116815237518     
  0.10033192167465578        25.287995614340076     
  0.10121066563569628        25.223598325403628     
  0.10209710596032850        25.157900814397806     
  0.10299131005614234        25.090878584216895     
  0.10389334592110819        25.022506773828965     
  0.10480328214874776        24.952760157685248     
  0.10572118793335010        24.881613145402724     
  0.10664713307523335        24.809039781736971     
  0.10758118798605260        24.735013746860247     
  0.10852342369415413        24.659508356962462     
  0.10947391184997668        24.582496565190453     
  0.11043272473149998        24.503950962945311     
  0.11139993524974091        24.423843781554723     
  0.11237561695429797        24.342146894339237     
  0.11335984403894407        24.258831819092933     
  0.11435269134726866        24.173869720997615     
  0.11535423437836885        24.087231415991653     
  0.11636454929259067        23.998887374614441     
  0.11738371291732062        23.908807726349409     
  0.11841180275282770        23.816962264486733     
  0.11944889697815689        23.723320451530256     
  0.12049507445707403        23.627851425171286     
  0.12155041474406293        23.530524004854740     
  0.12261499809037488        23.431306698961961     
  0.12368890545013121        23.330167712636083     
  0.12477221848647931        23.227074956276368     
  0.12586501957780252        23.121996054728214     
  0.12696739182398445        23.014898357196387     
  0.12807941905272807        22.905748947908990     
  0.12920118582593032        22.794514657562019     
  0.13033277744611241        22.681162075571763     
  0.13147427996290650        22.565657563166766     
  0.13262578017959911        22.447967267347451     
  0.13378736565973195        22.328057135745723     
  0.13495912473376057        22.205892932414372     
  0.13614114650577114        22.081440254578254     
  0.13733352086025633        21.954664550379405     
  0.13853633846895028        21.825531137647118     
  0.13974969079772367        21.694005223726720     
  0.14097367011353892        21.560051926398671     
  0.14220836949146662        21.423636295921398     
  0.14345388282176308        21.284723338230904     
  0.14471030481701005        21.143278039329402     
  0.14597773101931710        20.999265390897136     
  0.14725625780758675        20.852650417159154     
  0.14854598240484346        20.703398203041104     
  0.14984700288562688        20.551473923644963     
  0.15115941818344952        20.396842875078733     
  0.15248332809832019        20.239470506670543     
  0.15381883330433282        20.079322454598866     
  0.15516603535732232        19.916364576969528     
  0.15652503670258697        19.750562990369460     
  0.15789594068267870        19.581884107925532     
  0.15927885154526172        19.410294678897770     
  0.16067387445103970        19.235761829831958     
  0.16208111548175241        19.058253107298896     
  0.16350068164824272        18.877736522243239     
  0.16493268089859389        18.694180595965150     
  0.16637722212633824        18.507554407754697     
  0.16783441517873787        18.317827644198445     
  0.16930437086513769        18.124970650174603     
  0.17078720096539163        17.928954481550917     
  0.17228301823836284        17.729750959597055     
  0.17379193643049823        17.527332727120623     
  0.17531407028447796        17.321673306332784     
  0.17684953554794083        17.112747158446197     
  0.17839844898228632        16.900529745004718     
  0.17996092837155306        16.684997590940753     
  0.18153709253137587        16.466128349351948     
  0.18312706131802070        16.243900867984493     
  0.18473095563749881        16.018295257406990     
  0.18634889745476094        15.789292960852478     
  0.18798100980297175        15.556876825702190     
  0.18962741679286579        15.321031176580078     
  0.19128824362218519        15.081741890018918     
  0.19296361658520000        14.838996470656205     
  0.19465366308231208        14.592784128909564     
  0.19635851162974305        14.343095860075394     
  0.19807829186930687        14.089924524788607     
  0.19981313457826833        13.833264930772685     
  0.20156317167928778        13.573113915803340     
  0.20332853625045283        13.309470431799902     
  0.20510936253539799        13.042335629952071     
  0.20690578595351317        12.771712946779907     
  0.20871794311024103        12.497608191016859     
  0.21054597180746520        12.220029631197328     
  0.21239001105398894        11.938988083819467     
  0.21425020107610593        11.654497001946467     
  0.21612668332826335        11.366572564097716     
  0.21801960050381861        11.075233763272919     
  0.21992909654589021        10.780502495941285     
  0.22185531665830346        10.482403650816963     
  0.22379840731663236        10.180965197232680     
  0.22575851627933802        9.8762182729112524     
  0.22773579259900451        9.5681972709246281     
  0.22973038663367351        9.2569399256187452     
  0.23174245005827782        8.9424873972717478     
  0.23377213587617521        8.6248843552411643     
  0.23581959843078326        8.3041790593458771     
  0.23788499341731620        7.9804234392158548     
  0.23996847789462417        7.6536731713336081     
  0.24207021029713674        7.3239877534789244     
  0.24419035044691068        6.9914305762787450     
  0.24632905956578319        6.6560689915531910     
  0.24848650028763167        6.3179743771392580     
  0.25066283667074113        5.9772221978635116     
  0.25285823421027948        5.6338920623262538     
  0.25507285985088229        5.2880677751512124     
  0.25730688199934787        4.9398373843462622     
  0.25956047053744324        4.5892932234138755     
  0.26183379683482266        4.2365319478433676     
  0.26412703376205898        3.8816545656109653     
  0.26644035570378932        3.5247664613098166     
  0.26877393857197562        3.1659774135276422     
  0.27112795981928173        2.8054016050876456     
  0.27350259845256736        2.4431576257671566     
  0.27589803504650023        2.0793684671082957     
  0.27831445175728764        1.7141615089369893     
  0.28075203233652807        1.3476684972088364     
  0.28321096214518426       0.98002551280704608     
  0.28569142816767862       0.61137293092161826     
  0.28819361902611207       0.24185537064988694     
  0.29071772499460735      -0.12837836553291737     
  0.29326393801377826      -0.49917536277068564     
  0.29583245170532513      -0.87037867561470961     
  0.29842346138675857       -1.2418274209101128     
  0.30103716408625208       -1.6133568820671016     
  0.30367375855762435       -1.9847986249835259     
  0.30633344529545337       -2.3559806258599139     
  0.30901642655032258       -2.7267274111220914     
  0.31172290634420058       -3.0968602096367377     
  0.31445309048595571       -3.4661971173741648     
  0.31720718658700597       -3.8345532746368818     
  0.31998540407710707       -4.2017410559360613     
  0.32278795422027734       -4.5675702725575320     
  0.32561505013086367       -4.9318483878166219     
  0.32846690678974666       -5.2943807449554399     
  0.33134374106068887       -5.6549708075887324     
  0.33424577170682573       -6.0134204125533159     
  0.33717321940730055       -6.3695300349640362     
  0.34012630677404626       -6.7230990652232983     
  0.34310525836871303       -7.0739260976739828     
  0.34611030071974491       -7.4218092305265699     
  0.34914166233960520       -7.7665463766291651     
  0.35219957374215405       -8.1079355845875583     
  0.35528426746017677       -8.4457753696764826     
  0.35839597806306650       -8.7798650539199059     
  0.36153494217466159       -9.1100051146502317     
  0.36470139849123945       -9.4359975407911847     
  0.36789558779966730       -9.7576461960411152     
  0.37111775299571242       -10.074757188068375     
  0.37436813910251293       -10.387139242763496     
  0.37764699328920998       -10.694604082528922     
  0.38095456488974300       -10.996966807523783     
  0.38429110542181005       -11.294046278720220     
  0.38765686860599413       -11.585665501569189     
  0.39105211038505633       -11.871652009018529     
  0.39447708894339895       -12.151838242574012     
  0.39793206472669851       -12.426061930046838     
  0.40141730046171081       -12.694166458587777     
  0.40493306117624928       -12.956001241570782     
  0.40847961421933882       -13.211422077857140     
  0.41205722928154553       -13.460291501945516     
  0.41566617841548503       -13.702479123495124     
  0.41930673605651009       -13.937861954698050     
  0.42297917904357918       -14.166324723973453     
  0.42668378664030887       -14.387760174462311     
  0.43042084055620905       -14.602069345814662     
  0.43419062496810557       -14.809161837785648     
  0.43799342654174972       -15.008956054189035     
  0.44182953445361700       -15.201379425800061     
  0.44569924041289721       -15.386368610852582     
  0.44960283868367673       -15.563869671838630     
  0.45354062610731521       -15.733838227392202     
  0.45751290212501861       -15.896239578123240     
  0.46151996880060914       -16.051048805361976     
  0.46556213084349540       -16.198250841878185     
  0.46963969563184343       -16.337840513754259     
  0.47375297323595039       -16.469822552714596     
  0.47790227644182365       -16.594211578346410     
  0.48208792077496554       -16.711032049788212     
  0.48631022452436717       -16.820318186610852     
  0.49056950876671201       -16.922113858771660     
  0.49486609739079140       -17.016472445683871     
  0.49920031712213420       -17.103456664609979     
  0.50357249754785194       -17.183138368758389     
  0.50798297114170154       -17.255598315635691     
  0.51243207328936768       -17.320925906381561     
  0.51692014231396644       -17.379218896988128     
  0.52144751950177259       -17.430583082478520     
  0.52601454912817192       -17.475131955290401     
  0.53062157848384084       -17.512986339275841     
  0.53526895790115581       -17.544274000889775     
  0.53995704078083318       -17.569129239291577     
  0.54468618361880305       -17.587692457228837     
  0.54945674603331851       -17.600109714705457     
  0.55426909079230169       -17.606532267558073     
  0.55912358384093008       -17.607116093172902     
  0.56402059432946372       -17.602021405669042     
  0.56896049464131726       -17.591412162951762     
  0.57394366042137590       -17.575455568100502     
  0.57897047060456175       -17.554321567599246     
  0.58404130744464833       -17.528182348941272     
  0.58915655654332899       -17.497211840145475     
  0.59431660687953858       -17.461585213706861     
  0.59952185083903298       -17.421478397469098     
  0.60477268424422737       -17.377067594852821     
  0.61006950638429513       -17.328528816798940     
  0.61541272004553194       -17.276037427692650     
  0.62080273154198395       -17.219767707421738     
  0.62623995074634575       -17.159892431592692     
  0.63172479112112800       -17.096582471781350     
  0.63725766975009879       -17.030006417532718     
  0.64283900736999888       -16.960330221648725     
  0.64846922840253751       -16.887716870114055     
  0.65414876098666486       -16.812326077812116     
  0.65987803701113024       -16.734314010975826     
  0.66565749214732417       -16.653833037104842     
  0.67148756588240721       -16.571031502863764     
  0.67736870155273088       -16.486053540256520     
  0.68330134637755002       -16.399038901153922     
  0.68928595149303040       -16.310122820035648     
  0.69532297198655446       -16.219435904597379     
  0.70141286693132809       -16.127104053670688     
  0.70755609942128950       -16.033248401709361     
  0.71375313660632422       -15.937985288913895     
  0.72000444972778865       -15.841426255896350     
  0.72631051415434500       -15.743678061634125     
  0.73267180941810905       -15.644842723323093     
  0.73908881925111636       -15.545017576620534     
  0.74556203162210521       -15.444295354666707     
  0.75209193877362457       -15.342764284191338     
  0.75867903725946473       -15.240508196949015     
  0.76532382798241738       -15.137606654684417     
  0.77202681623236569       -15.034135085805659     
  0.77878851172470753       -14.930164931940512     
  0.78560942863911642       -14.825763802565648     
  0.79249008565864076       -14.720995635932692     
  0.79943100600914685       -14.615920864565133     
  0.80643271749910550       -14.510596583666455     
  0.81349575255972884       -14.405076720860155     
  0.82062064828545811       -14.299412205775523     
  0.82780794647480538       -14.193651138097140     
  0.83505819367155387       -14.087838952809383     
  0.84237194120631909       -13.982018581487907     
  0.84974974523847291       -13.876230608616369     
  0.85719216679843613       -13.770513422036347     
  0.86469977183034119       -13.664903356770195     
  0.87227313123506733       -13.559434831588364     
  0.87991282091365475       -13.454140477822595     
  0.88761942181109665       -13.349051260053649     
  0.89539351996051730       -13.244196588424305     
  0.90323570652773477       -13.139604422445004     
  0.91114657785621533       -13.035301366268797     
  0.91912673551242141       -12.931312755513764     
  0.92717678633155576       -12.827662735803759     
  0.93529734246370855       -12.724374333281526     
  0.94348902142040514       -12.621469517421831     
  0.95175244612156507       -12.518969256535447     
  0.96008824494286982       -12.416893566408172     
  0.96849705176354728       -12.315261552561909     
  0.97697950601457273       -12.214091446658012     
  0.98553625272729417       -12.113400637586334     
  0.99416794258248165       -12.013205697797741     
   1.0028752319598073       -11.913522405443166     
   1.0116587829877588       -11.814365762879785     
   1.0205192635939888       -11.715750012094839     
   1.0294573475561066       -11.617688647580907     
   1.0384737145529148       -11.520194427174022     
   1.0475690502160926       -11.423279381338212     
   1.0567440461823350       -11.326954821348176     
   1.0659994001459461       -11.231231346786434     
   1.0753358159118933       -11.136118852733063     
   1.0847540034493282       -11.041626536986087     
   1.0942546789455734       -10.947762907609368     
   1.1038385648605844       -10.854535791062982     
   1.1135063899818873       -10.761952341129353     
   1.1232588894799984       -10.670019048807454     
   1.1330968049643275       -10.578741753307597     
   1.1430208845395742       -10.488125654241175     
   1.1530318828626136       -10.398175325063811     
   1.1631305611998852       -10.308894727796678     
   1.1733176874852800       -10.220287229019977     
   1.1835940363785369       -10.132355617104567     
   1.1939603893241508       -10.045102120622875     
   1.2044175346107957       -9.9585284278586030     
   1.2149662674312685       -9.8726357073162276     
   1.2256073899429567       -9.7874246291161153     
   1.2363417113288395       -9.7028953871490433     
   1.2471700478590182       -9.6190477218549351     
   1.2580932229527884       -9.5358809434846563     
   1.2691120672412559       -9.4533939557004132     
   1.2802274186304994       -9.3715852793698762     
   1.2914401223652887       -9.2904530764106354     
   1.3027510310933590       -9.2099951735458578     
   1.3141610049302472       -9.1302090858375546     
   1.3256709115247012       -9.0510920398715360     
   1.3372816261246554       -8.9726409964769509     
   1.3489940316437885       -8.8948526728733359     
   1.3608090187286626       -8.8177235641489808     
   1.3727274858264507       -8.7412499639859842     
   1.3847503392532581       -8.6654279845592672     
   1.3968784932630398       -8.5902535755489513     
   1.4091128701171245       -8.5157225422175227     
   1.4214544001543452       -8.4418305625151255     
   1.4339040218617864       -8.3685732031877009     
   1.4464626819461472       -8.2959459348737088     
   1.4591313354057343       -8.2239441461852856     
   1.4719109456030801       -8.1525631567793049     
   1.4848024843382028       -8.0817982294323851     
   1.4978069319225022       -8.0116445811416064     
   1.5109252772533082       -7.9420973932794690     
   1.5241585178890766       -7.8731518208375224     
   1.5375076601252486       -7.8048030007978149     
   1.5509737190707722       -7.7370460596752917     
   1.5645577187252933       -7.6698761202772827     
   1.5782606920570244       -7.6032883077282127     
   1.5920836810812944       -7.5372777548090966     
   1.6060277369397873       -7.4718396066618746     
   1.6200939199804720       -7.4069690249084790     
   1.6342832998382375       -7.3426611912338764     
   1.6485969555162285       -7.2789113104810328     
   1.6630359754678976       -7.2157146133040548     
   1.6776014576797731       -7.1530663584237564     
   1.6922945097549558       -7.0909618345274925     
   1.7071162489973406       -7.0293963618526689     
   1.7220678024965841       -6.9683652934904732     
   1.7371503072138081       -6.9078640164437957     
   1.7523649100680598       -6.8478879524703240     
   1.7677127680235263       -6.7884325587391405     
   1.7831950481775127       -6.7294933283263481     
   1.7988129278491938       -6.6710657905726514     
   1.8145675946691391       -6.6131455113233564     
   1.8304602466696247       -6.5557280930687991     
   1.8464920923757351       -6.4988091750011270     
   1.8626643508972627       -6.4423844330012514     
   1.8789782520214136       -6.3864495795679561     
   1.8954350363063233       -6.3310003636995198     
   1.9120359551753923       -6.2760325707366214     
   1.9287822710124496       -6.2215420221740221     
   1.9456752572577463       -6.1675245754473469     
   1.9627161985047936       -6.1139761237001826     
   1.9799063905980456       -6.0608925955359254     
   1.9972471407314401       -6.0082699547579299     
