   4.5852653122108573E-006   122.63375561613999     
   4.6254247563401094E-006   122.63375561559670     
   4.6659359316872839E-006   122.63375561504384     
   4.7068019188440691E-006   122.63375561448127     
   4.7480258253831063E-006   122.63375561390882     
   4.7896107860943068E-006   122.63375561332626     
   4.8315599632232239E-006   122.63375561273347     
   4.8738765467115266E-006   122.63375561213023     
   4.9165637544395687E-006   122.63375561151641     
   4.9596248324710861E-006   122.63375561089177     
   5.0030630553000359E-006   122.63375561025616     
   5.0468817260996025E-006   122.63375560960935     
   5.0910841769733811E-006   122.63375560895116     
   5.1356737692087528E-006   122.63375560828139     
   5.1806538935324972E-006   122.63375560759985     
   5.2260279703686296E-006   122.63375560690631     
   5.2717994500984968E-006   122.63375560620057     
   5.3179718133231599E-006   122.63375560548241     
   5.3645485711280665E-006   122.63375560475161     
   5.4115332653500453E-006   122.63375560400797     
   5.4589294688466375E-006   122.63375560325123     
   5.5067407857677873E-006   122.63375560248119     
   5.5549708518299148E-006   122.63375560169759     
   5.6036233345923828E-006   122.63375560090020     
   5.6527019337363937E-006   122.63375560008880     
   5.7022103813463184E-006   122.63375559926310     
   5.7521524421935011E-006   122.63375559842291     
   5.8025319140225432E-006   122.63375559756790     
   5.8533526278400889E-006   122.63375559669788     
   5.9046184482061528E-006   122.63375559581254     
   5.9563332735279945E-006   122.63375559491159     
   6.0085010363565569E-006   122.63375559399486     
   6.0611257036855148E-006   122.63375559306193     
   6.1142112772529384E-006   122.63375559211265     
   6.1677617938455950E-006   122.63375559114662     
   6.2217813256059159E-006   122.63375559016362     
   6.2762739803416605E-006   122.63375558916330     
   6.3312439018382792E-006   122.63375558814541     
   6.3866952701740282E-006   122.63375558710958     
   6.4426323020378264E-006   122.63375558605557     
   6.4990592510499113E-006   122.63375558498299     
   6.5559804080852908E-006   122.63375558389153     
   6.6134001016000410E-006   122.63375558278089     
   6.6713226979604537E-006   122.63375558165070     
   6.7297526017750638E-006   122.63375558050062     
   6.7886942562295936E-006   122.63375557933030     
   6.8481521434248206E-006   122.63375557813941     
   6.9081307847174173E-006   122.63375557692756     
   6.9686347410637632E-006   122.63375557569439     
   7.0296686133667756E-006   122.63375557443953     
   7.0912370428257761E-006   122.63375557316257     
   7.1533447112894192E-006   122.63375557186318     
   7.2159963416117198E-006   122.63375557054090     
   7.2791966980111870E-006   122.63375556919536     
   7.3429505864331108E-006   122.63375556782616     
   7.4072628549150246E-006   122.63375556643285     
   7.4721383939553624E-006   122.63375556501506     
   7.5375821368853426E-006   122.63375556357231     
   7.6035990602441216E-006   122.63375556210417     
   7.6701941841572160E-006   122.63375556061020     
   7.7373725727182592E-006   122.63375555908995     
   7.8051393343740766E-006   122.63375555754297     
   7.8734996223131589E-006   122.63375555596875     
   7.9424586348575186E-006   122.63375555436683     
   8.0120216158579909E-006   122.63375555273673     
   8.0821938550929904E-006   122.63375555107797     
   8.1529806886707577E-006   122.63375554939002     
   8.2243874994351437E-006   122.63375554767235     
   8.2964197173749215E-006   122.63375554592449     
   8.3690828200367146E-006   122.63375554414588     
   8.4423823329415175E-006   122.63375554233593     
   8.5163238300048725E-006   122.63375554049421     
   8.5909129339607306E-006   122.63375553862002     
   8.6661553167890233E-006   122.63375553671290     
   8.7420567001469684E-006   122.63375553477221     
   8.8186228558041690E-006   122.63375553279741     
   8.8958596060815151E-006   122.63375553078781     
   8.9737728242939281E-006   122.63375552874288     
   9.0523684351969893E-006   122.63375552666200     
   9.1316524154374714E-006   122.63375552454448     
   9.2116307940078229E-006   122.63375552238971     
   9.2923096527046347E-006   122.63375552019703     
   9.3736951265911079E-006   122.63375551796577     
   9.4557934044635968E-006   122.63375551569524     
   9.5386107293222095E-006   122.63375551338480     
   9.6221533988455571E-006   122.63375551103368     
   9.7064277658696315E-006   122.63375550864120     
   9.7914402388709180E-006   122.63375550620665     
   9.8771972824536896E-006   122.63375550372926     
   9.9637054178416150E-006   122.63375550120827     
   1.0050971223373640E-005   122.63375549864293     
   1.0139001335004228E-005   122.63375549603246     
   1.0227802446807980E-005   122.63375549337607     
   1.0317381311488672E-005   122.63375549067294     
   1.0407744740892743E-005   122.63375548792227     
   1.0498899606527306E-005   122.63375548512316     
   1.0590852840082650E-005   122.63375548227485     
   1.0683611433959381E-005   122.63375547937642     
   1.0777182441800112E-005   122.63375547642698     
   1.0871572979025872E-005   122.63375547342567     
   1.0966790223377160E-005   122.63375547037154     
   1.1062841415459780E-005   122.63375546726367     
   1.1159733859295424E-005   122.63375546410114     
   1.1257474922877108E-005   122.63375546088295     
   1.1356072038729439E-005   122.63375545760816     
   1.1455532704473821E-005   122.63375545427576     
   1.1555864483398583E-005   122.63375545088471     
   1.1657075005034131E-005   122.63375544743401     
   1.1759171965733107E-005   122.63375544392261     
   1.1862163129255642E-005   122.63375544034942     
   1.1966056327359747E-005   122.63375543671336     
   1.2070859460396857E-005   122.63375543301336     
   1.2176580497912592E-005   122.63375542924823     
   1.2283227479252800E-005   122.63375542541687     
   1.2390808514174878E-005   122.63375542151812     
   1.2499331783464462E-005   122.63375541755073     
   1.2608805539557540E-005   122.63375541351358     
   1.2719238107167961E-005   122.63375540940540     
   1.2830637883920504E-005   122.63375540522496     
   1.2943013340989424E-005   122.63375540097094     
   1.3056373023742654E-005   122.63375539664207     
   1.3170725552391611E-005   122.63375539223705     
   1.3286079622646693E-005   122.63375538775455     
   1.3402444006378550E-005   122.63375538319318     
   1.3519827552285092E-005   122.63375537855154     
   1.3638239186564398E-005   122.63375537382825     
   1.3757687913593482E-005   122.63375536902187     
   1.3878182816613007E-005   122.63375536413091     
   1.3999733058418003E-005   122.63375535915392     
   1.4122347882054653E-005   122.63375535408936     
   1.4246036611523126E-005   122.63375534893569     
   1.4370808652486635E-005   122.63375534369135     
   1.4496673492986656E-005   122.63375533835475     
   1.4623640704164428E-005   122.63375533292428     
   1.4751719940988779E-005   122.63375532739825     
   1.4880920942990311E-005   122.63375532177498     
   1.5011253535002020E-005   122.63375531605280     
   1.5142727627906422E-005   122.63375531022996     
   1.5275353219389188E-005   122.63375530430464     
   1.5409140394699411E-005   122.63375529827510     
   1.5544099327416513E-005   122.63375529213947     
   1.5680240280223871E-005   122.63375528589592     
   1.5817573605689234E-005   122.63375527954247     
   1.5956109747051949E-005   122.63375527307728     
   1.6095859239017106E-005   122.63375526649835     
   1.6236832708556631E-005   122.63375525980365     
   1.6379040875717386E-005   122.63375525299119     
   1.6522494554436346E-005   122.63375524605884     
   1.6667204653362946E-005   122.63375523900456     
   1.6813182176688590E-005   122.63375523182617     
   1.6960438224983445E-005   122.63375522452145     
   1.7108983996040569E-005   122.63375521708825     
   1.7258830785727413E-005   122.63375520952427     
   1.7409989988844810E-005   122.63375520182721     
   1.7562473099993445E-005   122.63375519399473     
   1.7716291714447971E-005   122.63375518602446     
   1.7871457529038716E-005   122.63375517791393     
   1.8027982343041173E-005   122.63375516966076     
   1.8185878059073228E-005   122.63375516126236     
   1.8345156684000299E-005   122.63375515271619     
   1.8505830329848338E-005   122.63375514401967     
   1.8667911214724900E-005   122.63375513517015     
   1.8831411663748232E-005   122.63375512616494     
   1.8996344109984497E-005   122.63375511700133     
   1.9162721095393246E-005   122.63375510767648     
   1.9330555271781134E-005   122.63375509818756     
   1.9499859401764011E-005   122.63375508853169     
   1.9670646359737397E-005   122.63375507870597     
   1.9842929132855544E-005   122.63375506870734     
   2.0016720822018972E-005   122.63375505853284     
   2.0192034642870725E-005   122.63375504817930     
   2.0368883926801321E-005   122.63375503764362     
   2.0547282121962498E-005   122.63375502692261     
   2.0727242794289885E-005   122.63375501601294     
   2.0908779628534569E-005   122.63375500491136     
   2.1091906429303728E-005   122.63375499361445     
   2.1276637122110381E-005   122.63375498211877     
   2.1462985754432324E-005   122.63375497042088     
   2.1650966496780345E-005   122.63375495851716     
   2.1840593643775794E-005   122.63375494640403     
   2.2031881615237576E-005   122.63375493407779     
   2.2224844957278695E-005   122.63375492153466     
   2.2419498343412367E-005   122.63375490877087     
   2.2615856575667851E-005   122.63375489578253     
   2.2813934585716034E-005   122.63375488256565     
   2.3013747436004885E-005   122.63375486911626     
   2.3215310320904844E-005   122.63375485543025     
   2.3418638567864254E-005   122.63375484150347     
   2.3623747638574887E-005   122.63375482733166     
   2.3830653130147731E-005   122.63375481291051     
   2.4039370776298998E-005   122.63375479823564     
   2.4249916448546623E-005   122.63375478330258     
   2.4462306157417110E-005   122.63375476810683     
   2.4676556053663084E-005   122.63375475264371     
   2.4892682429491400E-005   122.63375473690854     
   2.5110701719802072E-005   122.63375472089653     
   2.5330630503438030E-005   122.63375470460284     
   2.5552485504445822E-005   122.63375468802249     
   2.5776283593347362E-005   122.63375467115038     
   2.6002041788422802E-005   122.63375465398148     
   2.6229777257004692E-005   122.63375463651052     
   2.6459507316783389E-005   122.63375461873217     
   2.6691249437123973E-005   122.63375460064103     
   2.6925021240394667E-005   122.63375458223159     
   2.7160840503306891E-005   122.63375456349831     
   2.7398725158267043E-005   122.63375454443542     
   2.7638693294740179E-005   122.63375452503715     
   2.7880763160625529E-005   122.63375450529760     
   2.8124953163644167E-005   122.63375448521076     
   2.8371281872738776E-005   122.63375446477056     
   2.8619768019485674E-005   122.63375444397069     
   2.8870430499519242E-005   122.63375442280490     
   2.9123288373968787E-005   122.63375440126674     
   2.9378360870908021E-005   122.63375437934965     
   2.9635667386817207E-005   122.63375435704697     
   2.9895227488058133E-005   122.63375433435186     
   3.0157060912362003E-005   122.63375431125752     
   3.0421187570330347E-005   122.63375428775684     
   3.0687627546949084E-005   122.63375426384273     
   3.0956401103115836E-005   122.63375423950787     
   3.1227528677180651E-005   122.63375421474488     
   3.1501030886500174E-005   122.63375418954621     
   3.1776928529005449E-005   122.63375416390423     
   3.2055242584783503E-005   122.63375413781110     
   3.2335994217672662E-005   122.63375411125891     
   3.2619204776871967E-005   122.63375408423958     
   3.2904895798564621E-005   122.63375405674489     
   3.3193089007555645E-005   122.63375402876646     
   3.3483806318923933E-005   122.63375400029580     
   3.3777069839688691E-005   122.63375397132424     
   3.4072901870490583E-005   122.63375394184297     
   3.4371324907287476E-005   122.63375391184303     
   3.4672361643065154E-005   122.63375388131530     
   3.4976034969562909E-005   122.63375385025046     
   3.5282367979014364E-005   122.63375381863908     
   3.5591383965903403E-005   122.63375378647154     
   3.5903106428735608E-005   122.63375375373809     
   3.6217559071825119E-005   122.63375372042873     
   3.6534765807097220E-005   122.63375368653335     
   3.6854750755906637E-005   122.63375365204165     
   3.7177538250871831E-005   122.63375361694310     
   3.7503152837725281E-005   122.63375358122703     
   3.7831619277180057E-005   122.63375354488261     
   3.8162962546812680E-005   122.63375350789877     
   3.8497207842962507E-005   122.63375347026425     
   3.8834380582647700E-005   122.63375343196761     
   3.9174506405498062E-005   122.63375339299721     
   3.9517611175704706E-005   122.63375335334118     
   3.9863720983986876E-005   122.63375331298745     
   4.0212862149575954E-005   122.63375327192378     
   4.0565061222216867E-005   122.63375323013764     
   4.0920344984186964E-005   122.63375318761635     
   4.1278740452332681E-005   122.63375314434698     
   4.1640274880123954E-005   122.63375310031631     
   4.2004975759726646E-005   122.63375305551101     
   4.2372870824093154E-005   122.63375300991746     
   4.2743988049071278E-005   122.63375296352170     
   4.3118355655531619E-005   122.63375291630972     
   4.3496002111513599E-005   122.63375286826712     
   4.3876956134390173E-005   122.63375281937927     
   4.4261246693051663E-005   122.63375276963131     
   4.4648903010108600E-005   122.63375271900814     
   4.5039954564113938E-005   122.63375266749432     
   4.5434431091804641E-005   122.63375261507420     
   4.5832362590362978E-005   122.63375256173180     
   4.6233779319697624E-005   122.63375250745095     
   4.6638711804744659E-005   122.63375245221512     
   4.7047190837788835E-005   122.63375239600748     
   4.7459247480805076E-005   122.63375233881096     
   4.7874913067820519E-005   122.63375228060818     
   4.8294219207297302E-005   122.63375222138139     
   4.8717197784536078E-005   122.63375216111258     
   4.9143880964100755E-005   122.63375209978346     
   4.9574301192264343E-005   122.63375203737534     
   5.0008491199476269E-005   122.63375197386925     
   5.0446484002851298E-005   122.63375190924586     
   5.0888312908680274E-005   122.63375184348551     
   5.1334011514962805E-005   122.63375177656826     
   5.1783613713962166E-005   122.63375170847367     
   5.2237153694782570E-005   122.63375163918106     
   5.2694665945969018E-005   122.63375156866935     
   5.3156185258129899E-005   122.63375149691710     
   5.3621746726582573E-005   122.63375142390248     
   5.4091385754022137E-005   122.63375134960332     
   5.4565138053213525E-005   122.63375127399694     
   5.5043039649707259E-005   122.63375119706038     
   5.5525126884578902E-005   122.63375111877025     
   5.6011436417192555E-005   122.63375103910272     
   5.6502005227988536E-005   122.63375095803357     
   5.6996870621295510E-005   122.63375087553815     
   5.7496070228167208E-005   122.63375079159135     
   5.7999642009243990E-005   122.63375070616760     
   5.8507624257639505E-005   122.63375061924098     
   5.9020055601852597E-005   122.63375053078501     
   5.9536975008704776E-005   122.63375044077283     
   6.0058421786303312E-005   122.63375034917698     
   6.0584435587030395E-005   122.63375025596969     
   6.1115056410558367E-005   122.63375016112251     
   6.1650324606891477E-005   122.63375006460666     
   6.2190280879434158E-005   122.63374996639277     
   6.2734966288086302E-005   122.63374986645096     
   6.3284422252365518E-005   122.63374976475083     
   6.3838690554556836E-005   122.63374966126143     
   6.4397813342889919E-005   122.63374955595133     
   6.4961833134744181E-005   122.63374944878844     
   6.5530792819881920E-005   122.63374933974019     
   6.6104735663709789E-005   122.63374922877338     
   6.6683705310568818E-005   122.63374911585431     
   6.7267745787053266E-005   122.63374900094860     
   6.7856901505358545E-005   122.63374888402130     
   6.8451217266658439E-005   122.63374876503684     
   6.9050738264511913E-005   122.63374864395902     
   6.9655510088299829E-005   122.63374852075107     
   7.0265578726691615E-005   122.63374839537543     
   7.0880990571142445E-005   122.63374826779399     
   7.1501792419420939E-005   122.63374813796798     
   7.2128031479167849E-005   122.63374800585788     
   7.2759755371485846E-005   122.63374787142349     
   7.3397012134560760E-005   122.63374773462397     
   7.4039850227314579E-005   122.63374759541766     
   7.4688318533090381E-005   122.63374745376223     
   7.5342466363369632E-005   122.63374730961459     
   7.6002343461521846E-005   122.63374716293089     
   7.6668000006587387E-005   122.63374701366655     
   7.7339486617093123E-005   122.63374686177609     
   7.8016854354901651E-005   122.63374670721336     
   7.8700154729094150E-005   122.63374654993137     
   7.9389439699887376E-005   122.63374638988223     
   8.0084761682584817E-005   122.63374622701727     
   8.0786173551562453E-005   122.63374606128697     
   8.1493728644289613E-005   122.63374589264089     
   8.2207480765384799E-005   122.63374572102775     
   8.2927484190707237E-005   122.63374554639533     
   8.3653793671484118E-005   122.63374536869053     
   8.4386464438474050E-005   122.63374518785932     
   8.5125552206167032E-005   122.63374500384663     
   8.5871113177021050E-005   122.63374481659653     
   8.6623204045736010E-005   122.63374462605208     
   8.7381882003564825E-005   122.63374443215528     
   8.8147204742662557E-005   122.63374423484716     
   8.8919230460473371E-005   122.63374403406772     
   8.9698017864156139E-005   122.63374382975586     
   9.0483626175048696E-005   122.63374362184948     
   9.1276115133171129E-005   122.63374341028528     
   9.2075545001768692E-005   122.63374319499896     
   9.2881976571894349E-005   122.63374297592499     
   9.3695471167031501E-005   122.63374275299678     
   9.4516090647757246E-005   122.63374252614648     
   9.5343897416446437E-005   122.63374229530510     
   9.6178954422016882E-005   122.63374206040244     
   9.7021325164716271E-005   122.63374182136702     
   9.7871073700950845E-005   122.63374157812613     
   9.8728264648156479E-005   122.63374133060582     
   9.9592963189712387E-005   122.63374107873076     
   1.0046523507989780E-004   122.63374082242436     
   1.0134514664889225E-004   122.63374056160865     
   1.0223276480781936E-004   122.63374029620428     
   1.0312815705383510E-004   122.63374002613055     
   1.0403139147526038E-004   122.63373975130528     
   1.0494253675675872E-004   122.63373947164490     
   1.0586166218455931E-004   122.63373918706429     
   1.0678883765172559E-004   122.63373889747697     
   1.0772413366347029E-004   122.63373860279481     
   1.0866762134251677E-004   122.63373830292818     
   1.0961937243450740E-004   122.63373799778583     
   1.1057945931345935E-004   122.63373768727500     
   1.1154795498726815E-004   122.63373737130121     
   1.1252493310325931E-004   122.63373704976836     
   1.1351046795378887E-004   122.63373672257862     
   1.1450463448189264E-004   122.63373638963250     
   1.1550750828698522E-004   122.63373605082872     
   1.1651916563060873E-004   122.63373570606421     
   1.1753968344223197E-004   122.63373535523409     
   1.1856913932510044E-004   122.63373499823167     
   1.1960761156213745E-004   122.63373463494835     
   1.2065517912189701E-004   122.63373426527362     
   1.2171192166456882E-004   122.63373388909505     
   1.2277791954803596E-004   122.63373350629819     
   1.2385325383398540E-004   122.63373311676662     
   1.2493800629407233E-004   122.63373272038184     
   1.2603225941613816E-004   122.63373231702332     
   1.2713609641048327E-004   122.63373190656830     
   1.2824960121619452E-004   122.63373148889198     
   1.2937285850752824E-004   122.63373106386726     
   1.3050595370034916E-004   122.63373063136494     
   1.3164897295862558E-004   122.63373019125339     
   1.3280200320098161E-004   122.63372974339879     
   1.3396513210730678E-004   122.63372928766486     
   1.3513844812542333E-004   122.63372882391300     
   1.3632204047781218E-004   122.63372835200215     
   1.3751599916839762E-004   122.63372787178878     
   1.3872041498939156E-004   122.63372738312680     
   1.3993537952819749E-004   122.63372688586756     
   1.4116098517437517E-004   122.63372637985981     
   1.4239732512666618E-004   122.63372586494967     
   1.4364449340008105E-004   122.63372534098049     
   1.4490258483304847E-004   122.63372480779287     
   1.4617169509462699E-004   122.63372426522463     
   1.4745192069178013E-004   122.63372371311075     
   1.4874335897671487E-004   122.63372315128333     
   1.5004610815428480E-004   122.63372257957141     
   1.5136026728945773E-004   122.63372199780110     
   1.5268593631484912E-004   122.63372140579547     
   1.5402321603832101E-004   122.63372080337440     
   1.5537220815064792E-004   122.63372019035468     
   1.5673301523324958E-004   122.63371956654981     
   1.5810574076599175E-004   122.63371893177009     
   1.5949048913505489E-004   122.63371828582240     
   1.6088736564087215E-004   122.63371762851028     
   1.6229647650613669E-004   122.63371695963377     
   1.6371792888387926E-004   122.63371627898941     
   1.6515183086561621E-004   122.63371558637022     
   1.6659829148956939E-004   122.63371488156542     
   1.6805742074895748E-004   122.63371416436073     
   1.6952932960036035E-004   122.63371343453788     
   1.7101412997215659E-004   122.63371269187498     
   1.7251193477303472E-004   122.63371193614607     
   1.7402285790057916E-004   122.63371116712131     
   1.7554701424993147E-004   122.63371038456674     
   1.7708451972252707E-004   122.63370958824433     
   1.7863549123490899E-004   122.63370877791191     
   1.8020004672761845E-004   122.63370795332293     
   1.8177830517416340E-004   122.63370711422657     
   1.8337038659006557E-004   122.63370626036765     
   1.8497641204198698E-004   122.63370539148640     
   1.8659650365693601E-004   122.63370450731857     
   1.8823078463155453E-004   122.63370360759515     
   1.8987937924148587E-004   122.63370269204253     
   1.9154241285082542E-004   122.63370176038218     
   1.9322001192165339E-004   122.63370081233073     
   1.9491230402365162E-004   122.63369984759980     
   1.9661941784380424E-004   122.63369886589589     
   1.9834148319618336E-004   122.63369786692049     
   2.0007863103182067E-004   122.63369685036966     
   2.0183099344866528E-004   122.63369581593417     
   2.0359870370162874E-004   122.63369476329947     
   2.0538189621271841E-004   122.63369369214523     
   2.0718070658125898E-004   122.63369260214577     
   2.0899527159420414E-004   122.63369149296943     
   2.1082572923653809E-004   122.63369036427889     
   2.1267221870176843E-004   122.63368921573081     
   2.1453488040251077E-004   122.63368804697581     
   2.1641385598116623E-004   122.63368685765840     
   2.1830928832069227E-004   122.63368564741681     
   2.2022132155546801E-004   122.63368441588290     
   2.2215010108225455E-004   122.63368316268210     
   2.2409577357125144E-004   122.63368188743317     
   2.2605848697724990E-004   122.63368058974825     
   2.2803839055088383E-004   122.63367926923257     
   2.3003563484997911E-004   122.63367792548451     
   2.3205037175100271E-004   122.63367655809529     
   2.3408275446061151E-004   122.63367516664901     
   2.3613293752730290E-004   122.63367375072238     
   2.3820107685316698E-004   122.63367230988476     
   2.4028732970574179E-004   122.63367084369787     
   2.4239185472997249E-004   122.63366935171571     
   2.4451481196027515E-004   122.63366783348445     
   2.4665636283270620E-004   122.63366628854229     
   2.4881667019723865E-004   122.63366471641929     
   2.5099589833014563E-004   122.63366311663728     
   2.5319421294649235E-004   122.63366148870958     
   2.5541178121273771E-004   122.63365983214108     
   2.5764877175944609E-004   122.63365814642782     
   2.5990535469411051E-004   122.63365643105708     
   2.6218170161408812E-004   122.63365468550711     
   2.6447798561964899E-004   122.63365290924688     
   2.6679438132713929E-004   122.63365110173616     
   2.6913106488225932E-004   122.63364926242515     
   2.7148821397345854E-004   122.63364739075432     
   2.7386600784544722E-004   122.63364548615442     
   2.7626462731282703E-004   122.63364354804604     
   2.7868425477384050E-004   122.63364157583969     
   2.8112507422424124E-004   122.63363956893546     
   2.8358727127128546E-004   122.63363752672291     
   2.8607103314784628E-004   122.63363544858083     
   2.8857654872665122E-004   122.63363333387713     
   2.9110400853464476E-004   122.63363118196852     
   2.9365360476747688E-004   122.63362899220049     
   2.9622553130411740E-004   122.63362676390690     
   2.9881998372160024E-004   122.63362449641001     
   3.0143715930989464E-004   122.63362218902007     
   3.0407725708690833E-004   122.63361984103524     
   3.0674047781362125E-004   122.63361745174132     
   3.0942702400935194E-004   122.63361502041151     
   3.1213709996715785E-004   122.63361254630631     
   3.1487091176937032E-004   122.63361002867310     
   3.1762866730326584E-004   122.63360746674611     
   3.2041057627687407E-004   122.63360485974606     
   3.2321685023492514E-004   122.63360220687996     
   3.2604770257493588E-004   122.63359950734086     
   3.2890334856343714E-004   122.63359676030760     
   3.3178400535234352E-004   122.63359396494462     
   3.3468989199546598E-004   122.63359112040168     
   3.3762122946516993E-004   122.63358822581348     
   3.4057824066917764E-004   122.63358528029954     
   3.4356115046751989E-004   122.63358228296397     
   3.4657018568963428E-004   122.63357923289500     
   3.4960557515161423E-004   122.63357612916489     
   3.5266754967360896E-004   122.63357297082953     
   3.5575634209737575E-004   122.63356975692828     
   3.5887218730398546E-004   122.63356648648352     
   3.6201532223168451E-004   122.63356315850045     
   3.6518598589391140E-004   122.63355977196677     
   3.6838441939747251E-004   122.63355632585242     
   3.7161086596087676E-004   122.63355281910913     
   3.7486557093283025E-004   122.63354925067023     
   3.7814878181089356E-004   122.63354561945033     
   3.8146074826030205E-004   122.63354192434483     
   3.8480172213295141E-004   122.63353816422983     
   3.8817195748654907E-004   122.63353433796162     
   3.9157171060393345E-004   122.63353044437621     
   3.9500124001256253E-004   122.63352648228937     
   3.9846080650417324E-004   122.63352245049593     
   4.0195067315461249E-004   122.63351834776945     
   4.0547110534384267E-004   122.63351417286208     
   4.0902237077612154E-004   122.63350992450378     
   4.1260473950035950E-004   122.63350560140243     
   4.1621848393065498E-004   122.63350120224294     
   4.1986387886700936E-004   122.63349672568728     
   4.2354120151622384E-004   122.63349217037371     
   4.2725073151297888E-004   122.63348753491668     
   4.3099275094109880E-004   122.63348281790618     
   4.3476754435500185E-004   122.63347801790738     
   4.3857539880133871E-004   122.63347313346027     
   4.4241660384082072E-004   122.63346816307910     
   4.4629145157023853E-004   122.63346310525202     
   4.5020023664467423E-004   122.63345795844054     
   4.5414325629990763E-004   122.63345272107912     
   4.5812081037501932E-004   122.63344739157473     
   4.6213320133519086E-004   122.63344196830623     
   4.6618073429470551E-004   122.63343644962399     
   4.7026371704014986E-004   122.63343083384939     
   4.7438246005381901E-004   122.63342511927421     
   4.7853727653732637E-004   122.63341930416024     
   4.8272848243542053E-004   122.63341338673867     
   4.8695639646001079E-004   122.63340736520956     
   4.9122134011440281E-004   122.63340123774134     
   4.9552363771774666E-004   122.63339500247011     
   4.9986361642969908E-004   122.63338865749934     
   5.0424160627530188E-004   122.63338220089902     
   5.0865794017007778E-004   122.63337563070519     
   5.1311295394534636E-004   122.63336894491940     
   5.1760698637376163E-004   122.63336214150796     
   5.2214037919507349E-004   122.63335521840148     
   5.2671347714211472E-004   122.63334817349410     
   5.3132662796701502E-004   122.63334100464296     
   5.3598018246764573E-004   122.63333370966745     
   5.4067449451429518E-004   122.63332628634865     
   5.4540992107657814E-004   122.63331873242856     
   5.5018682225058103E-004   122.63331104560946     
   5.5500556128624406E-004   122.63330322355324     
   5.5986650461498501E-004   122.63329526388065     
   5.6477002187756272E-004   122.63328716417051     
   5.6971648595218621E-004   122.63327892195912     
   5.7470627298286919E-004   122.63327053473941     
   5.7973976240803342E-004   122.63326199996020     
   5.8481733698936215E-004   122.63325331502544     
   5.8993938284090702E-004   122.63324447729340     
   5.9510628945844829E-004   122.63323548407588     
   6.0031844974911400E-004   122.63322633263735     
   6.0557626006125804E-004   122.63321702019421     
   6.1088012021459886E-004   122.63320754391385     
   6.1623043353062367E-004   122.63319790091383     
   6.2162760686325781E-004   122.63318808826101     
   6.2707205062980374E-004   122.63317810297066     
   6.3256417884214927E-004   122.63316794200546     
   6.3810440913825140E-004   122.63315760227476     
   6.4369316281389440E-004   122.63314708063349     
   6.4933086485472597E-004   122.63313637388126     
   6.5501794396857532E-004   122.63312547876137     
   6.6075483261805235E-004   122.63311439195974     
   6.6654196705343417E-004   122.63310311010414     
   6.7237978734583867E-004   122.63309162976292     
   6.7826873742068917E-004   122.63307994744407     
   6.8420926509147077E-004   122.63306805959414     
   6.9020182209378485E-004   122.63305596259720     
   6.9624686411969949E-004   122.63304365277364     
   7.0234485085240159E-004   122.63303112637918     
   7.0849624600115367E-004   122.63301837960360     
   7.1470151733655390E-004   122.63300540856972     
   7.2096113672610884E-004   122.63299220933209     
   7.2727558017011387E-004   122.63297877787591     
   7.3364532783785083E-004   122.63296511011566     
   7.4007086410410121E-004   122.63295120189403     
   7.4655267758597912E-004   122.63293704898052     
   7.5309126118008776E-004   122.63292264707019     
   7.5968711210000028E-004   122.63290799178243     
   7.6634073191406984E-004   122.63289307865951     
   7.7305262658357017E-004   122.63287790316525     
   7.7982330650117017E-004   122.63286246068374     
   7.8665328652974590E-004   122.63284674651781     
   7.9354308604153269E-004   122.63283075588772     
   8.0049322895761903E-004   122.63281448392952     
   8.0750424378778750E-004   122.63279792569378     
   8.1457666367070435E-004   122.63278107614397     
   8.2171102641446082E-004   122.63276393015494     
   8.2890787453746939E-004   122.63274648251142     
   8.3616775530971925E-004   122.63272872790635     
   8.4349122079439181E-004   122.63271066093932     
   8.5087882788984100E-004   122.63269227611487     
   8.5833113837194242E-004   122.63267356784092     
   8.6584871893681157E-004   122.63265453042698     
   8.7343214124389738E-004   122.63263515808241     
   8.8108198195945312E-004   122.63261544491482     
   8.8879882280038815E-004   122.63259538492801     
   8.9658325057850202E-004   122.63257497202036     
   9.0443585724510919E-004   122.63255419998293     
   9.1235723993605185E-004   122.63253306249746     
   9.2034800101710760E-004   122.63251155313465     
   9.2840874812979621E-004   122.63248966535201     
   9.3654009423758543E-004   122.63246739249198     
   9.4474265767250331E-004   122.63244472777986     
   9.5301706218215766E-004   122.63242166432174     
   9.6136393697716796E-004   122.63239819510252     
   9.6978391677901208E-004   122.63237431298360     
   9.7827764186829251E-004   122.63235001070083     
   9.8684575813342591E-004   122.63232528086223     
   9.9548891711975698E-004   122.63230011594581     
   1.0042077760791055E-003   122.63227450829729     
   1.0130029980197448E-003   122.63224845012761     
   1.0218752517568187E-003   122.63222193351075     
   1.0308252119632009E-003   122.63219495038130     
   1.0398535592207993E-003   122.63216749253191     
   1.0489609800723085E-003   122.63213955161081     
   1.0581481670734172E-003   122.63211111911936     
   1.0674158188454727E-003   122.63208218640932     
   1.0767646401286044E-003   122.63205274468046     
   1.0861953418353173E-003   122.63202278497762     
   1.0957086411045489E-003   122.63199229818805     
   1.1053052613562045E-003   122.63196127503883     
   1.1149859323461673E-003   122.63192970609379     
   1.1247513902217915E-003   122.63189758175081     
   1.1346023775778821E-003   122.63186489223882     
   1.1445396435131622E-003   122.63183162761487     
   1.1545639436872383E-003   122.63179777776111     
   1.1646760403780619E-003   122.63176333238164     
   1.1748767025398963E-003   122.63172828099947     
   1.1851667058617890E-003   122.63169261295329     
   1.1955468328265593E-003   122.63165631739419     
   1.2060178727702983E-003   122.63161938328253     
   1.2165806219423948E-003   122.63158179938429     
   1.2272358835660822E-003   122.63154355426795     
   1.2379844678995198E-003   122.63150463630085     
   1.2488271922974062E-003   122.63146503364563     
   1.2597648812731344E-003   122.63142473425674     
   1.2707983665614891E-003   122.63138372587673     
   1.2819284871818952E-003   122.63134199603249     
   1.2931560895022185E-003   122.63129953203151     
   1.3044820273031275E-003   122.63125632095796     
   1.3159071618430158E-003   122.63121234966881     
   1.3274323619234961E-003   122.63116760478982     
   1.3390585039554656E-003   122.63112207271148     
   1.3507864720257515E-003   122.63107573958483     
   1.3626171579643393E-003   122.63102859131735     
   1.3745514614121900E-003   122.63098061356851     
   1.3865902898896520E-003   122.63093179174558     
   1.3987345588654721E-003   122.63088211099908     
   1.4109851918264087E-003   122.63083155621835     
   1.4233431203474593E-003   122.63078011202684     
   1.4358092841626972E-003   122.63072776277751     
   1.4483846312367335E-003   122.63067449254815     
   1.4610701178368038E-003   122.63062028513632     
   1.4738667086054839E-003   122.63056512405467     
   1.4867753766340446E-003   122.63050899252571     
   1.4997971035364500E-003   122.63045187347691     
   1.5129328795239999E-003   122.63039374953532     
   1.5261837034806305E-003   122.63033460302246     
   1.5395505830388717E-003   122.63027441594876     
   1.5530345346564706E-003   122.63021317000825     
   1.5666365836936860E-003   122.63015084657293     
   1.5803577644912597E-003   122.63008742668713     
   1.5941991204490708E-003   122.63002289106163     
   1.6081617041054802E-003   122.62995722006802     
   1.6222465772173669E-003   122.62989039373251     
   1.6364548108408685E-003   122.62982239172996     
   1.6507874854128270E-003   122.62975319337777     
   1.6652456908329491E-003   122.62968277762936     
   1.6798305265466836E-003   122.62961112306803     
   1.6945431016288299E-003   122.62953820790031     
   1.7093845348678716E-003   122.62946400994939     
   1.7243559548510551E-003   122.62938850664828     
   1.7394585000502104E-003   122.62931167503307     
   1.7546933189083226E-003   122.62923349173590     
   1.7700615699268645E-003   122.62915393297779     
   1.7855644217538917E-003   122.62907297456158     
   1.8012030532729105E-003   122.62899059186435     
   1.8169786536925234E-003   122.62890675983012     
   1.8328924226368604E-003   122.62882145296211     
   1.8489455702368023E-003   122.62873464531508     
   1.8651393172220011E-003   122.62864631048738     
   1.8814748950137104E-003   122.62855642161296     
   1.8979535458184247E-003   122.62846495135314     
   1.9145765227223410E-003   122.62837187188842     
   1.9313450897866470E-003   122.62827715490985     
   1.9482605221436446E-003   122.62818077161059     
   1.9653241060937146E-003   122.62808269267711     
   1.9825371392031303E-003   122.62798288828014     
   1.9999009304027295E-003   122.62788132806581     
   2.0174168000874479E-003   122.62777798114629     
   2.0350860802167284E-003   122.62767281609042     
   2.0529101144158035E-003   122.62756580091423     
   2.0708902580778735E-003   122.62745690307105     
   2.0890278784671699E-003   122.62734608944184     
   2.1073243548229295E-003   122.62723332632494     
   2.1257810784642748E-003   122.62711857942585     
   2.1443994528960136E-003   122.62700181384699     
   2.1631808939153669E-003   122.62688299407679     
   2.1821268297196289E-003   122.62676208397913     
   2.2012387010147739E-003   122.62663904678232     
   2.2205179611250081E-003   122.62651384506778     
   2.2399660761032890E-003   122.62638644075885     
   2.2595845248428044E-003   122.62625679510904     
   2.2793747991894362E-003   122.62612486869048     
   2.2993384040552001E-003   122.62599062138175     
   2.3194768575326881E-003   122.62585401235563     
   2.3397916910105048E-003   122.62571500006698     
   2.3602844492897237E-003   122.62557354223983     
   2.3809566907013525E-003   122.62542959585461     
   2.4018099872248387E-003   122.62528311713517     
   2.4228459246076043E-003   122.62513406153533     
   2.4440661024856319E-003   122.62498238372550     
   2.4654721345051056E-003   122.62482803757874     
   2.4870656484451185E-003   122.62467097615686     
   2.5088482863414533E-003   122.62451115169614     
   2.5308217046114460E-003   122.62434851559271     
   2.5529875741799476E-003   122.62418301838792     
   2.5753475806063841E-003   122.62401460975329     
   2.5979034242129334E-003   122.62384323847506     
   2.6206568202138216E-003   122.62366885243883     
   2.6436094988457532E-003   122.62349139861358     
   2.6667632054994828E-003   122.62331082303568     
   2.6901197008525430E-003   122.62312707079241     
   2.7136807610031268E-003   122.62294008600522     
   2.7374481776051519E-003   122.62274981181282     
   2.7614237580045001E-003   122.62255619035403     
   2.7856093253764563E-003   122.62235916274994     
   2.8100067188643451E-003   122.62215866908623     
   2.8346177937193886E-003   122.62195464839482     
   2.8594444214417800E-003   122.62174703863545     
   2.8844884899230042E-003   122.62153577667682     
   2.9097519035893942E-003   122.62132079827732     
   2.9352365835469511E-003   122.62110203806567     
   2.9609444677274311E-003   122.62087942952087     
   2.9868775110357100E-003   122.62065290495214     
   3.0130376854984441E-003   122.62042239547830     
   3.0394269804140217E-003   122.62018783100686     
   3.0660474025038446E-003   122.61994914021271     
   3.0929009760649172E-003   122.61970625051646     
   3.1199897431237848E-003   122.61945908806237     
   3.1473157635918143E-003   122.61920757769603     
   3.1748811154218336E-003   122.61895164294133     
   3.2026878947661510E-003   122.61869120597746     
   3.2307382161359463E-003   122.61842618761510     
   3.2590342125620700E-003   122.61815650727235     
   3.2875780357572433E-003   122.61788208295054     
   3.3163718562796781E-003   122.61760283120891     
   3.3454178636981380E-003   122.61731866713960     
   3.3747182667584370E-003   122.61702950434173     
   3.4042752935513980E-003   122.61673525489519     
   3.4340911916822844E-003   122.61643582933384     
   3.4641682284417175E-003   122.61613113661856     
   3.4945086909780837E-003   122.61582108410938     
   3.5251148864714589E-003   122.61550557753752     
   3.5559891423090528E-003   122.61518452097664     
   3.5871338062621900E-003   122.61485781681378     
   3.6185512466648429E-003   122.61452536571974     
   3.6502438525937244E-003   122.61418706661892     
   3.6822140340499634E-003   122.61384281665852     
   3.7144642221423672E-003   122.61349251117750     
   3.7469968692722898E-003   122.61313604367464     
   3.7798144493201200E-003   122.61277330577637     
   3.8129194578334046E-003   122.61240418720372     
   3.8463144122166146E-003   122.61202857573890     
   3.8800018519225773E-003   122.61164635719135     
   3.9139843386455861E-003   122.61125741536287     
   3.9482644565161946E-003   122.61086163201259     
   3.9828448122977275E-003   122.61045888682081     
   4.0177280355845005E-003   122.61004905735278     
   4.0529167790017894E-003   122.60963201902132     
   4.0884137184075374E-003   122.60920764504912     
   4.1242215530958399E-003   122.60877580643024     
   4.1603430060022026E-003   122.60833637189103     
   4.1967808239106079E-003   122.60788920785009     
   4.2335377776623832E-003   122.60743417837804     
   4.2706166623669040E-003   122.60697114515611     
   4.3080202976141478E-003   122.60649996743415     
   4.3457515276890983E-003   122.60602050198796     
   4.3838132217880353E-003   122.60553260307594     
   4.4222082742367205E-003   122.60503612239479     
   4.4609396047104836E-003   122.60453090903449     
   4.5000101584562503E-003   122.60401680943258     
   4.5394229065165038E-003   122.60349366732771     
   4.5791808459552134E-003   122.60296132371199     
   4.6192870000857375E-003   122.60241961678294     
   4.6597444187007299E-003   122.60186838189443     
   4.7005561783040528E-003   122.60130745150666     
   4.7417253823447214E-003   122.60073665513546     
   4.7832551614529033E-003   122.60015581930060     
   4.8251486736779784E-003   122.59956476747303     
   4.8674091047286889E-003   122.59896332002160     
   4.9100396682153881E-003   122.59835129415845     
   4.9530436058944109E-003   122.59772850388367     
   4.9964241879145947E-003   122.59709475992886     
   5.0401847130659401E-003   122.59644986969988     
   5.0843285090304705E-003   122.59579363721832     
   5.1288589326352755E-003   122.59512586306222     
   5.1737793701077733E-003   122.59444634430575     
   5.2190932373332079E-003   122.59375487445742     
   5.2648039801144100E-003   122.59305124339778     
   5.3109150744338170E-003   122.59233523731567     
   5.3574300267178075E-003   122.59160663864340     
   5.4043523741033311E-003   122.59086522599097     
   5.4516856847068871E-003   122.59011077407891     
   5.4994335578958569E-003   122.58934305367004     
   5.5475996245622069E-003   122.58856183150014     
   5.5961875473985933E-003   122.58776687020723     
   5.6452010211768874E-003   122.58695792825971     
   5.6946437730291313E-003   122.58613475988327     
   5.7445195627309669E-003   122.58529711498642     
   5.7948321829875363E-003   122.58444473908480     
   5.8455854597218911E-003   122.58357737322422     
   5.8967832523659286E-003   122.58269475390216     
   5.9484294541538706E-003   122.58179661298811     
   6.0005279924183232E-003   122.58088267764241     
   6.0530828288889180E-003   122.57995267023362     
   6.1060979599935755E-003   122.57900630825463     
   6.1595774171624030E-003   122.57804330423710     
   6.2135252671342654E-003   122.57706336566457     
   6.2679456122660179E-003   122.57606619488388     
   6.3228425908444762E-003   122.57505148901528     
   6.3782203774010917E-003   122.57401893986071     
   6.4340831830294069E-003   122.57296823381063     
   6.4904352557052705E-003   122.57189905174931     
   6.5472808806098723E-003   122.57081106895818     
   6.6046243804555966E-003   122.56970395501774     
   6.6624701158147373E-003   122.56857737370775     
   6.7208224854510886E-003   122.56743098290556     
   6.7796859266544404E-003   122.56626443448270     
   6.8390649155779994E-003   122.56507737419970     
   6.8989639675787759E-003   122.56386944159914     
   6.9593876375609416E-003   122.56264026989663     
   7.0203405203221950E-003   122.56138948587014     
   7.0818272509031704E-003   122.56011670974721     
   7.1438525049398929E-003   122.55882155509030     
   7.2064209990193376E-003   122.55750362868017     
   7.2695374910380813E-003   122.55616253039702     
   7.3332067805641169E-003   122.55479785309980     
   7.3974337092018224E-003   122.55340918250336     
   7.4622231609601302E-003   122.55199609705338     
   7.5275800626239276E-003   122.55055816779918     
   7.5935093841286959E-003   122.54909495826432     
   7.6600161389384471E-003   122.54760602431494     
   7.7271053844269553E-003   122.54609091402583     
   7.7947822222623449E-003   122.54454916754406     
   7.8630517987950260E-003   122.54298031695048     
   7.9319193054490436E-003   122.54138388611848     
   8.0013899791168495E-003   122.53975939057067     
   8.0714691025575314E-003   122.53810633733275     
   8.1421620047985241E-003   122.53642422478495     
   8.2134740615408541E-003   122.53471254251102     
   8.2854106955679175E-003   122.53297077114441     
   8.3579773771578492E-003   122.53119838221188     
   8.4311796244994925E-003   122.52939483797432     
   8.5050230041120254E-003   122.52755959126497     
   8.5795131312682554E-003   122.52569208532458     
   8.6546556704216147E-003   122.52379175363404     
   8.7304563356369099E-003   122.52185801974372     
   8.8069208910248348E-003   122.51989029710022     
   8.8840551511802889E-003   122.51788798886987     
   8.9618649816245351E-003   122.51585048775921     
   9.0403562992512378E-003   122.51377717583256     
   9.1195350727763958E-003   122.51166742432621     
   9.1994073231922227E-003   122.50952059345933     
   9.2799791242250025E-003   122.50733603224194     
   9.3612566027969565E-003   122.50511307827925     
   9.4432459394921398E-003   122.50285105757273     
   9.5259533690264537E-003   122.50054928431780     
   9.6093851807217343E-003   122.49820706069782     
   9.6935477189840132E-003   122.49582367667485     
   9.7784473837859761E-003   122.49339840977643     
   9.8640906311536249E-003   122.49093052487899     
   9.9504839736572204E-003   122.48841927398730     
   1.0037633980906511E-002   122.48586389601026     
   1.0125547280050313E-002   122.48326361653268     
   1.0214230556280452E-002   122.48061764758330     
   1.0303690553340131E-002   122.47792518739870     
   1.0393934074036744E-002   122.47518542018312     
   1.0484967980759175E-002   122.47239751586420     
   1.0576799195999641E-002   122.46956062984458     
   1.0669434702880105E-002   122.46667390274898     
   1.0762881545683280E-002   122.46373646016730     
   1.0857146830388301E-002   122.46074741239292     
   1.0952237725211096E-002   122.45770585415687     
   1.1048161461149468E-002   122.45461086435697     
   1.1144925332532965E-002   122.45146150578289     
   1.1242536697577559E-002   122.44825682483597     
   1.1341002978945199E-002   122.44499585124457     
   1.1440331664308231E-002   122.44167759777442     
   1.1540530306918808E-002   122.43830105993395     
   1.1641606526183243E-002   122.43486521567461     
   1.1743568008241424E-002   122.43136902508621     
   1.1846422506551281E-002   122.42781143008676     
   1.1950177842478388E-002   122.42419135410722     
   1.2054841905890725E-002   122.42050770177086     
   1.2160422655758644E-002   122.41675935856691     
   1.2266928120760091E-002   122.41294519051887     
   1.2374366399891135E-002   122.40906404384722     
   1.2482745663081839E-002   122.40511474462608     
   1.2592074151817529E-002   122.40109609843411     
   1.2702360179765490E-002   122.39700688999974     
   1.2813612133407178E-002   122.39284588283996     
   1.2925838472675940E-002   122.38861181889322     
   1.3039047731600343E-002   122.38430341814602     
   1.3153248518953116E-002   122.37991937825302     
   1.3268449518905802E-002   122.37545837415095     
   1.3384659491689115E-002   122.37091905766567     
   1.3501887274259097E-002   122.36630005711288     
   1.3620141780969116E-002   122.36159997689177     
   1.3739432004247730E-002   122.35681739707186     
   1.3859767015282498E-002   122.35195087297299     
   1.3981155964709790E-002   122.34699893473812     
   1.4103608083310619E-002   122.34196008689874     
   1.4227132682712583E-002   122.33683280793305     
   1.4351739156097948E-002   122.33161554981697     
   1.4477436978917934E-002   122.32630673756698     
   1.4604235709613252E-002   122.32090476877572     
   1.4732144990340968E-002   122.31540801313967     
   1.4861174547707705E-002   122.30981481197865     
   1.4991334193509304E-002   122.30412347774764     
   1.5122633825476921E-002   122.29833229353991     
   1.5255083428029699E-002   122.29243951258226     
   1.5388693073033999E-002   122.28644335772150     
   1.5523472920569305E-002   122.28034202090240     
   1.5659433219700820E-002   122.27413366263687     
   1.5796584309258843E-002   122.26781641146445     
   1.5934936618624950E-002   122.26138836340343     
   1.6074500668525102E-002   122.25484758139304     
   1.6215287071829645E-002   122.24819209472633     
   1.6357306534360360E-002   122.24141989847355     
   1.6500569855704559E-002   122.23452895289584     
   1.6645087930036329E-002   122.22751718284927     
   1.6790871746944946E-002   122.22038247717903     
   1.6937932392270552E-002   122.21312268810335     
   1.7086281048947185E-002   122.20573563058747     
   1.7235928997853117E-002   122.19821908170701     
   1.7386887618668731E-002   122.19057078000097     
   1.7539168390741836E-002   122.18278842481382     
   1.7692782893960604E-002   122.17486967562705     
   1.7847742809634141E-002   122.16681215137943     
   1.8004059921380759E-002   122.15861342977621     
   1.8161746116024044E-002   122.15027104658688     
   1.8320813384496766E-002   122.14178249493136     
   1.8481273822752713E-002   122.13314522455470     
   1.8643139632686483E-002   122.12435664108969     
   1.8806423123061373E-002   122.11541410530734     
   1.8971136710445369E-002   122.10631493235542     
   1.9137292920155327E-002   122.09705639098425     
   1.9304904387209464E-002   122.08763570276015     
   1.9473983857288126E-002   122.07805004126580     
   1.9644544187703034E-002   122.06829653128784     
   1.9816598348374990E-002   122.05837224799133     
   1.9990159422820133E-002   122.04827421608060     
   2.0165240609144878E-002   122.03799940894669     
   2.0341855221049504E-002   122.02754474780112     
   2.0520016688840598E-002   122.01690710079546     
   2.0699738560452305E-002   122.00608328212698     
   2.0881034502476602E-002   121.99507005112976     
   2.1063918301202491E-002   121.98386411135125     
   2.1248403863664393E-002   121.97246210961433     
   2.1434505218699648E-002   121.96086063506392     
   2.1622236518015338E-002   121.94905621819881     
   2.1811612037264415E-002   121.93704532988775     
   2.2002646177131244E-002   121.92482438037028     
   2.2195353464426717E-002   121.91238971824146     
   2.2389748553192881E-002   121.89973762942054     
   2.2585846225817278E-002   121.88686433610357     
   2.2783661394157061E-002   121.87376599569926     
   2.2983209100672929E-002   121.86043869974846     
   2.3184504519572983E-002   121.84687847282623     
   2.3387562957966644E-002   121.83308127142725     
   2.3592399857028643E-002   121.81904298283339     
   2.3799030793173200E-002   121.80475942396411     
   2.4007471479238526E-002   121.79022634020849     
   2.4217737765681657E-002   121.77543940423975     
   2.4429845641783774E-002   121.76039421481092     
   2.4643811236866077E-002   121.74508629553242     
   2.4859650821516314E-002   121.72951109363042     
   2.5077380808826037E-002   121.71366397868671     
   2.5297017755638702E-002   121.69754024135867     
   2.5518578363808705E-002   121.68113509208040     
   2.5742079481471440E-002   121.66444365974370     
   2.5967538104324485E-002   121.64746099035918     
   2.6194971376920000E-002   121.63018204569724     
   2.6424396593968464E-002   121.61260170190857     
   2.6655831201653789E-002   121.59471474812391     
   2.6889292798960015E-002   121.57651588503302     
   2.7124799139009555E-002   121.55799972344228     
   2.7362368130413237E-002   121.53916078281114     
   2.7602017838632087E-002   121.51999348976668     
   2.7843766487351099E-002   121.50049217659655     
   2.8087632459865033E-002   121.48065107971958     
   2.8333634300476307E-002   121.46046433813413     
   2.8581790715905185E-002   121.43992599184381     
   2.8832120576712281E-002   121.41902998026048     
   2.9084642918733535E-002   121.39777014058410     
   2.9339376944527765E-002   121.37614020615928     
   2.9596342024836866E-002   121.35413380480840     
   2.9855557700058846E-002   121.33174445714093     
   3.0117043681733707E-002   121.30896557483877     
   3.0380819854042399E-002   121.28579045891740     
   3.0646906275318856E-002   121.26221229796279     
   3.0915323179575294E-002   121.23822416634322     
   3.1186090978040870E-002   121.21381902239695     
   3.1459230260713809E-002   121.18898970659417     
   3.1734761797927134E-002   121.16372893967414     
   3.2012706541928102E-002   121.13802932075666     
   3.2293085628471468E-002   121.11188332542798     
   3.2575920378426736E-002   121.08528330380079     
   3.2861232299399433E-002   121.05822147854826     
   3.3149043087366638E-002   121.03068994291188     
   3.3439374628326773E-002   121.00268065868269     
   3.3732248999963931E-002   120.97418545415641     
   3.4027688473326677E-002   120.94519602206137     
   3.4325715514521647E-002   120.91570391745984     
   3.4626352786421913E-002   120.88570055562234     
   3.4929623150390360E-002   120.85517720987473     
   3.5235549668018090E-002   120.82412500941808     
   3.5544155602878144E-002   120.79253493712113     
   3.5855464422294515E-002   120.76039782728519     
   3.6169499799126661E-002   120.72770436338151     
   3.6486285613569668E-002   120.69444507576100     
   3.6805845954970190E-002   120.66061033933613     
   3.7128205123658241E-002   120.62619037123488     
   3.7453387632795099E-002   120.59117522842715     
   3.7781418210237346E-002   120.55555480532286     
   3.8112321800417244E-002   120.51931883134253     
   3.8446123566239582E-002   120.48245686845938     
   3.8782848890995154E-002   120.44495830871426     
   3.9122523380290992E-002   120.40681237170190     
   3.9465172863997436E-002   120.36800810202973     
   3.9810823398212382E-002   120.32853436674897     
   4.0159501267242631E-002   120.28837985275763     
   4.0511232985602635E-002   120.24753306417627     
   4.0866045300030726E-002   120.20598231969603     
   4.1223965191523049E-002   120.16371574989942     
   4.1585019877385263E-002   120.12072129455392     
   4.1949236813302197E-002   120.07698669987847     
   4.2316643695425725E-002   120.03249951578341     
   4.2687268462480797E-002   119.98724709308367     
   4.3061139297890051E-002   119.94121658068570     
   4.3438284631916915E-002   119.89439492274866     
   4.3818733143827525E-002   119.84676885581969     
   4.4202513764071638E-002   119.79832490594410     
   4.4589655676482542E-002   119.74904938575050     
   4.4980188320496300E-002   119.69892839151157     
   4.5374141393390396E-002   119.64794780018087     
   4.5771544852542041E-002   119.59609326640597     
   4.6172428917706169E-002   119.54335021951870     
   4.6576824073313511E-002   119.48970386050303     
   4.6984761070788646E-002   119.43513915894103     
   4.7396270930888496E-002   119.37964084993783     
   4.7811384946061172E-002   119.32319343102604     
   4.8230134682825630E-002   119.26578115905050     
   4.8652551984171989E-002   119.20738804703420     
   4.9078668971983055E-002   119.14799786102601     
   4.9508518049476903E-002   119.08759411693134     
   4.9942131903670937E-002   119.02616007732672     
   5.0379543507867545E-002   118.96367874825880     
   5.0820786124161403E-002   118.90013287602966     
   5.1265893305968910E-002   118.83550494396862     
   5.1714898900579641E-002   118.76977716919278     
   5.2167837051730226E-002   118.70293149935634     
   5.2624742202200724E-002   118.63494960939120     
   5.3085649096433755E-002   118.56581289823913     
   5.3550592783176573E-002   118.49550248557816     
   5.4019608618146288E-002   118.42399920854321     
   5.4492732266718427E-002   118.35128361844428     
   5.4969999706639010E-002   118.27733597748225     
   5.5451447230760426E-002   118.20213625546533     
   5.5937111449801249E-002   118.12566412652734     
   5.6427029295130215E-002   118.04789896584961     
   5.6921238021574616E-002   117.96881984638945     
   5.7419775210253245E-002   117.88840553561595     
   5.7922678771434200E-002   117.80663449225656     
   5.8429986947417668E-002   117.72348486305617     
   5.8941738315444026E-002   117.63893447955093     
   5.9457971790627326E-002   117.55296085485989     
   5.9978726628914528E-002   117.46554118049669     
   6.0504042430070668E-002   117.37665232320413     
   6.1033959140690125E-002   117.28627082181450     
   6.1568517057234269E-002   117.19437288413869     
   6.2107756829095730E-002   117.10093438388716     
   6.2651719461689515E-002   117.00593085762578     
   6.3200446319571182E-002   116.90933750177054     
   6.3753979129582292E-002   116.81112916962380     
   6.4312359984023501E-002   116.71128036845617     
   6.4875631343855322E-002   116.60976525663813     
   6.5443836041927037E-002   116.50655764082431     
   6.6017017286233798E-002   116.40163097319567     
   6.6595218663202324E-002   116.29495834876303     
   6.7178484141005301E-002   116.18651250273666     
   6.7766858072904931E-002   116.07626580796638     
   6.8360385200625609E-002   115.96419027245697     
   6.8959110657756229E-002   115.85025753696391     
   6.9563079973182326E-002   115.73443887267405     
   7.0172339074548187E-002   115.61670517897727     
   7.0786934291749357E-002   115.49702698133372     
   7.1406912360455654E-002   115.37537442924304     
   7.2032320425665167E-002   115.25171729432078     
   7.2663206045289211E-002   115.12602496848866     
   7.3299617193768887E-002   114.99826646228419     
   7.3941602265723064E-002   114.86841040329698     
   7.4589210079628557E-002   114.73642503473789     
   7.5242489881532440E-002   114.60227821414776     
   7.5901491348796757E-002   114.46593741225340     
   7.6566264593876263E-002   114.32736971197797     
   7.7236860168129001E-002   114.18654180761300     
   7.7913329065660522E-002   114.04342000416067     
   7.8595722727201500E-002   113.89797021685359     
   7.9284093044019496E-002   113.75015797086108     
   7.9978492361864953E-002   113.59994840119033     
   8.0678973484951677E-002   113.44730625279119     
   8.1385589679972239E-002   113.29219588087392     
   8.2098394680148595E-002   113.13458125144925     
   8.2817442689317983E-002   112.97442594210045     
   8.3542788386054875E-002   112.81169314299740     
   8.4274486927828879E-002   112.64634565816276     
   8.5012593955199042E-002   112.47834590700118     
   8.5757165596044932E-002   112.30765592610202     
   8.6508258469834773E-002   112.13423737132675     
   8.7265929691930977E-002   111.95805152019302     
   8.8030236877933363E-002   111.77905927456629     
   8.8801238148060430E-002   111.59722116367196     
   8.9578992131568932E-002   111.41249734743971     
   9.0363557971212330E-002   111.22484762019329     
   9.1154995327738048E-002   111.03423141469848     
   9.1953364384424391E-002   110.84060780658261     
   9.2758725851657023E-002   110.64393551913952     
   9.3571140971545466E-002   110.44417292853370     
   9.4390671522580308E-002   110.24127806941824     
   9.5217379824330872E-002   110.03520864098098     
   9.6051328742184264E-002   109.82592201343415     
   9.6892581692125820E-002   109.61337523496260     
   9.7741202645561479E-002   109.39752503914632     
   9.8597256134182312E-002   109.17832785287374     
   9.9460807254871775E-002   108.95573980476094     
  0.10033192167465578        108.72971673409518     
  0.10121066563569628        108.50021420031791     
  0.10209710596032850        108.26718749306588     
  0.10299131005614234        108.03059164278747     
  0.10389334592110819        107.79038143195196     
  0.10480328214874776        107.54651140687049     
  0.10572118793335010        107.29893589014685     
  0.10664713307523335        107.04760899377681     
  0.10758118798605260        106.79248463291567     
  0.10852342369415413        106.53351654033300     
  0.10947391184997668        106.27065828157372     
  0.11043272473149998        106.00386327084662     
  0.11139993524974091        105.73308478765928     
  0.11237561695429797        105.45827599422017     
  0.11335984403894407        105.17938995362867     
  0.11435269134726866        104.89637964887307     
  0.11535423437836885        104.60919800265839     
  0.11636454929259067        104.31779789808385     
  0.11738371291732062        104.02213220019225     
  0.11841180275282770        103.72215377841160     
  0.11944889697815689        103.41781552991090     
  0.12049507445707403        103.10907040389108     
  0.12155041474406293        102.79587142683242     
  0.12261499809037488        102.47817172871994     
  0.12368890545013121        102.15592457026790     
  0.12477221848647931        101.82908337116454     
  0.12586501957780252        101.49760173935815     
  0.12696739182398445        101.16143350140510     
  0.12807941905272807        100.82053273390082     
  0.12920118582593032        100.47485379601355     
  0.13033277744611241        100.12435136314124     
  0.13147427996290650        99.768980461711237     
  0.13262578017959911        99.408696505141535     
  0.13378736565973195        99.043455330982837     
  0.13495912473376057        98.673213239259155     
  0.13614114650577114        98.297927032024560     
  0.13733352086025633        97.917554054153229     
  0.13853633846895028        97.532052235378245     
  0.13974969079772367        97.141380133594865     
  0.14097367011353892        96.745496979442450     
  0.14220836949146662        96.344362722178090     
  0.14345388282176308        95.937938076854621     
  0.14471030481701005        95.526184572813548     
  0.14597773101931710        95.109064603502915     
  0.14725625780758675        94.686541477628381     
  0.14854598240484346        94.258579471644580     
  0.14984700288562688        93.825143883591608     
  0.15115941818344952        93.386201088280956     
  0.15248332809832019        92.941718593832036     
  0.15381883330433282        92.491665099559285     
  0.15516603535732232        92.036010555208264     
  0.15652503670258697        91.574726221535414     
  0.15789594068267870        91.107784732225468     
  0.15927885154526172        90.635160157137406     
  0.16067387445103970        90.156828066866609     
  0.16208111548175241        89.672765598609587     
  0.16350068164824272        89.182951523313363     
  0.16493268089859389        88.687366314089303     
  0.16637722212633824        88.185992215868168     
  0.16783441517873787        87.678813316268887     
  0.16930437086513769        87.165815617651361     
  0.17078720096539163        86.646987110318818     
  0.17228301823836284        86.122317846832019     
  0.17379193643049823        85.591800017393268     
  0.17531407028447796        85.055428026254660     
  0.17684953554794083        84.513198569099629     
  0.17839844898228632        83.965110711343073     
  0.17996092837155306        83.411165967290998     
  0.18153709253137587        82.851368380094328     
  0.18312706131802070        82.285724602428132     
  0.18473095563749881        81.714243977821440     
  0.18634889745476094        81.136938622557295     
  0.18798100980297175        80.553823508057562     
  0.18962741679286579        79.964916543661403     
  0.19128824362218519        79.370238659699751     
  0.19296361658520000        78.769813890762720     
  0.19465366308231208        78.163669459050439     
  0.19635851162974305        77.551835857691344     
  0.19807829186930687        76.934346933905871     
  0.19981313457826833        76.311239971886010     
  0.20156317167928778        75.682555775255494     
  0.20332853625045283        75.048338748967609     
  0.20510936253539799        74.408636980491437     
  0.20690578595351317        73.763502320129305     
  0.20871794311024103        73.112990460301987     
  0.21054597180746520        72.457161013630468     
  0.21239001105398894        71.796077589635885     
  0.21425020107610593        71.129807869872238     
  0.21612668332826335        70.458423681298640     
  0.21801960050381861        69.782001067691297     
  0.21992909654589021        69.100620358887554     
  0.22185531665830346        68.414366237647357     
  0.22379840731663236        67.723327803910550     
  0.22575851627933802        67.027598636221470     
  0.22773579259900451        66.327276850085056     
  0.22973038663367351        65.622465153012342     
  0.23174245005827782        64.913270896007305     
  0.23377213587617521        64.199806121239504     
  0.23581959843078326        63.482187605642800     
  0.23788499341731620        62.760536900173093     
  0.23996847789462417        62.034980364454697     
  0.24207021029713674        61.305649196538468     
  0.24419035044691068        60.572679457491788     
  0.24632905956578319        59.836212090536151     
  0.24848650028763167        59.096392934444935     
  0.25066283667074113        58.353372730911431     
  0.25285823421027948        57.607307125595291     
  0.25507285985088229        56.858356662554243     
  0.25730688199934787        56.106686771767613     
  0.25956047053744324        55.352467749458455     
  0.26183379683482266        54.595874730922503     
  0.26412703376205898        53.837087655574472     
  0.26644035570378932        53.076291223925203     
  0.26877393857197562        52.313674846208087     
  0.27112795981928173        51.549432582377825     
  0.27350259845256736        50.783763073212114     
  0.27589803504650023        50.016869462254270     
  0.27831445175728764        49.248959308344276     
  0.28075203233652807        48.480244488495977     
  0.28321096214518426        47.710941090891012     
  0.28569142816767862        46.941269297772557     
  0.28819361902611207        46.171453258038021     
  0.29071772499460735        45.401720949345616     
  0.29326393801377826        44.632304029568729     
  0.29583245170532513        43.863437677451650     
  0.29842346138675857        43.095360422341606     
  0.30103716408625208        42.328313962896132     
  0.30367375855762435        41.562542974689336     
  0.30633344529545337        40.798294906667749     
  0.30901642655032258        40.035819766435424     
  0.31172290634420058        39.275369894378187     
  0.31445309048595571        38.517199726669148     
  0.31720718658700597        37.761565547232266     
  0.31998540407710707        37.008725228775617     
  0.32278795422027734        36.258937963044708     
  0.32561505013086367        35.512463980484178     
  0.32846690678974666        34.769564259538164     
  0.33134374106068887        34.030500225860763     
  0.33424577170682573        33.295533441753030     
  0.33717321940730055        32.564925286186920     
  0.34012630677404626        31.838936625823397     
  0.34310525836871303        31.117827477479622     
  0.34611030071974491        30.401856662547665     
  0.34914166233960520        29.691281453917220     
  0.35219957374215405        28.986357216003270     
  0.35528426746017677        28.287337038531490     
  0.35839597806306650        27.594471364782287     
  0.36153494217466159        26.908007615046547     
  0.36470139849123945        26.228189806094448     
  0.36789558779966730        25.555258167509436     
  0.37111775299571242        24.889448755786475     
  0.37436813910251293        24.230993067142144     
  0.37764699328920998        23.580117650029361     
  0.38095456488974300        22.937043718393859     
  0.38429110542181005        22.301986766750975     
  0.38765686860599413        21.675156188201413     
  0.39105211038505633        21.056754896540699     
  0.39447708894339895        20.446978953650447     
  0.39793206472669851        19.846017203389732     
  0.40141730046171081        19.254050913230120     
  0.40493306117624928        18.671253424900009     
  0.40847961421933882        18.097789815319953     
  0.41205722928154553        17.533816569123260     
  0.41566617841548503        16.979481264061455     
  0.41930673605651009        16.434922270595287     
  0.42297917904357918        15.900268466966128     
  0.42668378664030887        15.375638971030025     
  0.43042084055620905        14.861142890118625     
  0.43419062496810557        14.356879090164345     
  0.43799342654174972        13.862935985294619     
  0.44182953445361700        13.379391349059309     
  0.44569924041289721        12.906312148406812     
  0.44960283868367673        12.443754401468849     
  0.45354062610731521        11.991763060149875     
  0.45751290212501861        11.550371918445364     
  0.46151996880060914        11.119603547334162     
  0.46556213084349540        10.699469257002496     
  0.46963969563184343        10.289969087063069     
  0.47375297323595039        9.8910918253303564     
  0.47790227644182365        9.5028150556044544     
  0.48208792077496554        9.1251052348001664     
  0.48631022452436717        8.7579177996361146     
  0.49056950876671201        8.4011973029712159     
  0.49486609739079140        8.0548775797431702     
  0.49920031712213420        7.7188819423264885     
  0.50357249754785194        7.3931234049867873     
  0.50798297114170154        7.0775049369642709     
  0.51243207328936768        6.7719197435735428     
  0.51692014231396644        6.4762515745598677     
  0.52144751950177259        6.1903750588050190     
  0.52601454912817192        5.9141560643295996     
  0.53062157848384084        5.6474520823945333     
  0.53526895790115581        5.3901126343633727     
  0.53995704078083318        5.1419796998503404     
  0.54468618361880305        4.9028881645475408     
  0.54945674603331851        4.6726662860001795     
  0.55426909079230169        4.4511361754817464     
  0.55912358384093008        4.2381142940130738     
  0.56402059432946372        4.0334119604715060     
  0.56896049464131726        3.8368358696496903     
  0.57394366042137590        3.6481886180493159     
  0.57897047060456175        3.4672692351337222     
  0.58404130744464833        3.2938737177165525     
  0.58915655654332899        3.1277955651312381     
  0.59431660687953858        2.9688263128097212     
  0.59952185083903298        2.8167560618981931     
  0.60477268424422737        2.6713740025539048     
  0.61006950638429513        2.5324689285999264     
  0.61541272004553194        2.3998297412646017     
  0.62080273154198395        2.2732459397993496     
  0.62623995074634575        2.1525080968516894     
  0.63172479112112800        2.0374083165703616     
  0.63725766975009879        1.9277406735346734     
  0.64283900736999888        1.8233016307307817     
  0.64846922840253751        1.7238904349419562     
  0.65414876098666486        1.6293094880775074     
  0.65987803701113024        1.5393646931339349     
  0.66565749214732417        1.4538657736614566     
  0.67148756588240721        1.3726265657970933     
  0.67736870155273088        1.2954652821205912     
  0.68330134637755002        1.2222047467899406     
  0.68928595149303040        1.1526726016168796     
  0.69532297198655446        1.0867014829479151     
  0.70141286693132809        1.0241291694208892     
  0.70755609942128950       0.96479870086901687     
  0.71375313660632422       0.90855846884147184     
  0.72000444972778865       0.85526227940026223     
  0.72631051415434500       0.80476938903509687     
  0.73267180941810905       0.75694451470964230     
  0.73908881925111636       0.71165781921202453     
  0.74556203162210521       0.66878487312829127     
  0.75209193877362457       0.62820659488818476     
  0.75867903725946473       0.58980917044693804     
  0.76532382798241738       0.55348395426366370     
  0.77202681623236569       0.51912735331565818     
  0.77878851172470753       0.48664069594779008     
  0.78560942863911642       0.45593008739692942     
  0.79249008565864076       0.42690625385290731     
  0.79943100600914685       0.39948437691995325     
  0.80643271749910550       0.37358392032640386     
  0.81349575255972884       0.34912845069625154     
  0.82062064828545811       0.32604545414483266     
  0.82780794647480538       0.30426615039360727     
  0.83505819367155387       0.28372530601691781     
  0.84237194120631909       0.26436104833830248     
  0.84974974523847291       0.24611468138697515     
  0.85719216679843613       0.22893050520821534     
  0.86469977183034119       0.21275563969648803     
  0.87227313123506733       0.19753985398902460     
  0.87991282091365475       0.18323540232224067     
  0.88761942181109665       0.16979686711572556     
  0.89539351996051730       0.15718100991044084     
  0.90323570652773477       0.14534663065108641     
  0.91114657785621533       0.13425443566903122     
  0.91912673551242141       0.12386691459340686     
  0.92717678633155576       0.11414822629538393     
  0.93529734246370855       0.10506409385560291     
  0.94348902142040514        9.6581708438374686E-002
  0.95175244612156507        8.8669641859506348E-002
  0.96008824494286982        8.1297767548237879E-002
  0.96849705176354728        7.4437189528300515E-002
  0.97697950601457273        6.8060178978902972E-002
  0.98553625272729417        6.2140117883635160E-002
  0.99416794258248165        5.6651449233834424E-002
   1.0028752319598073        5.1569633222634519E-002
   1.0116587829877588        4.6871108846347834E-002
   1.0205192635939888        4.2533260320465172E-002
   1.0294573475561066        3.8534387717735707E-002
   1.0384737145529148        3.4853681244738179E-002
   1.0475690502160926        3.1471198590212336E-002
   1.0567440461823350        2.8367844802250571E-002
   1.0659994001459461        2.5525354181303216E-002
   1.0753358159118933        2.2926273710804371E-002
   1.0847540034493282        2.0553947586106895E-002
   1.0942546789455734        1.8392502444327111E-002
   1.1038385648605844        1.6426832941697247E-002
   1.1135063899818873        1.4642587370203162E-002
   1.1232588894799984        1.3026153050803390E-002
   1.1330968049643275        1.1564641285607509E-002
   1.1430208845395742        1.0245871695341829E-002
   1.1530318828626136        9.0583558106377277E-003
   1.1631305611998852        7.9912798256110071E-003
   1.1733176874852800        7.0344864594297967E-003
   1.1835940363785369        6.1784559057347080E-003
   1.1939603893241508        5.4142858806206099E-003
   1.2044175346107957        4.7336708072274730E-003
   1.2149662674312685        4.1288801987134404E-003
   1.2256073899429567        3.5927363214619664E-003
   1.2363417113288395        3.1185912368358946E-003
   1.2471700478590182        2.7003033327225963E-003
   1.2580932229527884        2.3322134656520071E-003
   1.2691120672412559        2.0091208405958894E-003
   1.2802274186304994        1.7262587588862299E-003
   1.2914401223652887        1.4792703652678472E-003
   1.3027510310933590        1.2641845231911200E-003
   1.3141610049302472        1.0773919433344891E-003
   1.3256709115247012        9.1562168431308692E-004
   1.3372816261246554        7.7591813687154752E-004
   1.3489940316437885        6.5561859386584936E-004
   1.3608090187286626        5.5233149829595374E-004
   1.3727274858264507        4.6391545083116859E-004
   1.3847503392532581        3.8845904693421776E-004
   1.3968784932630398        3.2426160208105776E-004
   1.4091128701171245        2.6981481191626008E-004
   1.4214544001543452        2.2378538268153788E-004
   1.4339040218617864        1.8499865608888509E-004
   1.4464626819461472        1.5242324213760806E-004
   1.4591313354057343        1.2515666333006429E-004
   1.4719109456030801        1.0241200443432828E-004
   1.4848024843382028        8.3505553459383881E-005
   1.4978069319225022        6.7845411913391944E-005
   1.5109252772533082        5.4921045749241999E-005
   1.5241585178890766        4.4293742684859159E-005
   1.5375076601252486        3.5587936820012580E-005
   1.5509737190707722        2.8483357640996240E-005
   1.5645577187252933        2.2707957578298676E-005
   1.5782606920570244        1.8031570215808365E-005
   1.5920836810812944        1.4260249987623390E-005
   1.6060277369397873        1.1231243675600237E-005
   1.6200939199804720        8.8085441661300466E-006
   1.6342832998382375        6.8789776623607109E-006
   1.6485969555162285        5.3487767997196084E-006
   1.6630359754678976        4.1405937989363165E-006
   1.6776014576797731        3.1909098336580135E-006
   1.6922945097549558        2.4477991135570908E-006
   1.7071162489973406        1.8690087167695293E-006
   1.7220678024965841        1.4203178807108055E-006
   1.7371503072138081        1.0741432167067059E-006
   1.7523649100680598        8.0835909673287103E-007
   1.7677127680235263        6.0530522194588163E-007
   1.7831950481775127        4.5095608161530610E-007
   1.7988129278491938        3.3422961347760013E-007
   1.8145675946691391        2.4641485512533512E-007
   1.8304602466696247        1.8070070993853696E-007
   1.8464920923757351        1.3179012535598711E-007
   1.8626643508972627        9.5585986507908320E-008
   1.8789782520214136        6.8936859759406378E-008
   1.8954350363063233        4.9432378115287732E-008
   1.9120359551753923        3.5239546822314366E-008
   1.9287822710124496        2.4972568880568877E-008
   1.9456752572577463        1.7589954818736702E-008
   1.9627161985047936        1.2313698964627009E-008
   1.9799063905980456        8.5661866740254654E-009
   1.9972471407314401        5.9212553724088531E-009
