   4.5852653122108573E-006   192.78425564853563     
   4.6254247563401094E-006   192.78425564767551     
   4.6659359316872839E-006   192.78425564680026     
   4.7068019188440691E-006   192.78425564590964     
   4.7480258253831063E-006   192.78425564500336     
   4.7896107860943068E-006   192.78425564408110     
   4.8315599632232239E-006   192.78425564314261     
   4.8738765467115266E-006   192.78425564218765     
   4.9165637544395687E-006   192.78425564121588     
   4.9596248324710861E-006   192.78425564022697     
   5.0030630553000359E-006   192.78425563922067     
   5.0468817260996025E-006   192.78425563819667     
   5.0910841769733811E-006   192.78425563715470     
   5.1356737692087528E-006   192.78425563609437     
   5.1806538935324972E-006   192.78425563501537     
   5.2260279703686296E-006   192.78425563391738     
   5.2717994500984968E-006   192.78425563280010     
   5.3179718133231599E-006   192.78425563166314     
   5.3645485711280665E-006   192.78425563050621     
   5.4115332653500453E-006   192.78425562932890     
   5.4589294688466375E-006   192.78425562813084     
   5.5067407857677873E-006   192.78425562691177     
   5.5549708518299148E-006   192.78425562567122     
   5.6036233345923828E-006   192.78425562440887     
   5.6527019337363937E-006   192.78425562312427     
   5.7022103813463184E-006   192.78425562181710     
   5.7521524421935011E-006   192.78425562048693     
   5.8025319140225432E-006   192.78425561913332     
   5.8533526278400889E-006   192.78425561775595     
   5.9046184482061528E-006   192.78425561635430     
   5.9563332735279945E-006   192.78425561492804     
   6.0085010363565569E-006   192.78425561347666     
   6.0611257036855148E-006   192.78425561199973     
   6.1142112772529384E-006   192.78425561049681     
   6.1677617938455950E-006   192.78425560896750     
   6.2217813256059159E-006   192.78425560741127     
   6.2762739803416605E-006   192.78425560582764     
   6.3312439018382792E-006   192.78425560421613     
   6.3866952701740282E-006   192.78425560257631     
   6.4426323020378264E-006   192.78425560090764     
   6.4990592510499113E-006   192.78425559920959     
   6.5559804080852908E-006   192.78425559748166     
   6.6134001016000410E-006   192.78425559572329     
   6.6713226979604537E-006   192.78425559393409     
   6.7297526017750638E-006   192.78425559211331     
   6.7886942562295936E-006   192.78425559026056     
   6.8481521434248206E-006   192.78425558837517     
   6.9081307847174173E-006   192.78425558645665     
   6.9686347410637632E-006   192.78425558450439     
   7.0296686133667756E-006   192.78425558251772     
   7.0912370428257761E-006   192.78425558049616     
   7.1533447112894192E-006   192.78425557843897     
   7.2159963416117198E-006   192.78425557634563     
   7.2791966980111870E-006   192.78425557421545     
   7.3429505864331108E-006   192.78425557204781     
   7.4072628549150246E-006   192.78425556984203     
   7.4721383939553624E-006   192.78425556759740     
   7.5375821368853426E-006   192.78425556531332     
   7.6035990602441216E-006   192.78425556298910     
   7.6701941841572160E-006   192.78425556062388     
   7.7373725727182592E-006   192.78425555821713     
   7.8051393343740766E-006   192.78425555576800     
   7.8734996223131589E-006   192.78425555327578     
   7.9424586348575186E-006   192.78425555073974     
   8.0120216158579909E-006   192.78425554815905     
   8.0821938550929904E-006   192.78425554553303     
   8.1529806886707577E-006   192.78425554286068     
   8.2243874994351437E-006   192.78425554014143     
   8.2964197173749215E-006   192.78425553737429     
   8.3690828200367146E-006   192.78425553455850     
   8.4423823329415175E-006   192.78425553169311     
   8.5163238300048725E-006   192.78425552877729     
   8.5909129339607306E-006   192.78425552581029     
   8.6661553167890233E-006   192.78425552279103     
   8.7420567001469684E-006   192.78425551971861     
   8.8186228558041690E-006   192.78425551659220     
   8.8958596060815151E-006   192.78425551341076     
   8.9737728242939281E-006   192.78425551017332     
   9.0523684351969893E-006   192.78425550687894     
   9.1316524154374714E-006   192.78425550352659     
   9.2116307940078229E-006   192.78425550011528     
   9.2923096527046347E-006   192.78425549664394     
   9.3736951265911079E-006   192.78425549311152     
   9.4557934044635968E-006   192.78425548951702     
   9.5386107293222095E-006   192.78425548585921     
   9.6221533988455571E-006   192.78425548213704     
   9.7064277658696315E-006   192.78425547834945     
   9.7914402388709180E-006   192.78425547449513     
   9.8771972824536896E-006   192.78425547057307     
   9.9637054178416150E-006   192.78425546658201     
   1.0050971223373640E-005   192.78425546252069     
   1.0139001335004228E-005   192.78425545838795     
   1.0227802446807980E-005   192.78425545418250     
   1.0317381311488672E-005   192.78425544990307     
   1.0407744740892743E-005   192.78425544554833     
   1.0498899606527306E-005   192.78425544111695     
   1.0590852840082650E-005   192.78425543660765     
   1.0683611433959381E-005   192.78425543201899     
   1.0777182441800112E-005   192.78425542734962     
   1.0871572979025872E-005   192.78425542259811     
   1.0966790223377160E-005   192.78425541776295     
   1.1062841415459780E-005   192.78425541284275     
   1.1159733859295424E-005   192.78425540783599     
   1.1257474922877108E-005   192.78425540274117     
   1.1356072038729439E-005   192.78425539755668     
   1.1455532704473821E-005   192.78425539228101     
   1.1555864483398583E-005   192.78425538691252     
   1.1657075005034131E-005   192.78425538144950     
   1.1759171965733107E-005   192.78425537589047     
   1.1862163129255642E-005   192.78425537023355     
   1.1966056327359747E-005   192.78425536447716     
   1.2070859460396857E-005   192.78425535861953     
   1.2176580497912592E-005   192.78425535265879     
   1.2283227479252800E-005   192.78425534659317     
   1.2390808514174878E-005   192.78425534042088     
   1.2499331783464462E-005   192.78425533413997     
   1.2608805539557540E-005   192.78425532774853     
   1.2719238107167961E-005   192.78425532124470     
   1.2830637883920504E-005   192.78425531462642     
   1.2943013340989424E-005   192.78425530789170     
   1.3056373023742654E-005   192.78425530103846     
   1.3170725552391611E-005   192.78425529406468     
   1.3286079622646693E-005   192.78425528696826     
   1.3402444006378550E-005   192.78425527974690     
   1.3519827552285092E-005   192.78425527239858     
   1.3638239186564398E-005   192.78425526492092     
   1.3757687913593482E-005   192.78425525731168     
   1.3878182816613007E-005   192.78425524956859     
   1.3999733058418003E-005   192.78425524168929     
   1.4122347882054653E-005   192.78425523367133     
   1.4246036611523126E-005   192.78425522551234     
   1.4370808652486635E-005   192.78425521720976     
   1.4496673492986656E-005   192.78425520876115     
   1.4623640704164428E-005   192.78425520016395     
   1.4751719940988779E-005   192.78425519141544     
   1.4880920942990311E-005   192.78425518251299     
   1.5011253535002020E-005   192.78425517345394     
   1.5142727627906422E-005   192.78425516423550     
   1.5275353219389188E-005   192.78425515485489     
   1.5409140394699411E-005   192.78425514530926     
   1.5544099327416513E-005   192.78425513559569     
   1.5680240280223871E-005   192.78425512571118     
   1.5817573605689234E-005   192.78425511565280     
   1.5956109747051949E-005   192.78425510541743     
   1.6095859239017106E-005   192.78425509500201     
   1.6236832708556631E-005   192.78425508440333     
   1.6379040875717386E-005   192.78425507361817     
   1.6522494554436346E-005   192.78425506264333     
   1.6667204653362946E-005   192.78425505147533     
   1.6813182176688590E-005   192.78425504011088     
   1.6960438224983445E-005   192.78425502854648     
   1.7108983996040569E-005   192.78425501677862     
   1.7258830785727413E-005   192.78425500480375     
   1.7409989988844810E-005   192.78425499261817     
   1.7562473099993445E-005   192.78425498021821     
   1.7716291714447971E-005   192.78425496760011     
   1.7871457529038716E-005   192.78425495476000     
   1.8027982343041173E-005   192.78425494169397     
   1.8185878059073228E-005   192.78425492839810     
   1.8345156684000299E-005   192.78425491486831     
   1.8505830329848338E-005   192.78425490110044     
   1.8667911214724900E-005   192.78425488709038     
   1.8831411663748232E-005   192.78425487283383     
   1.8996344109984497E-005   192.78425485832645     
   1.9162721095393246E-005   192.78425484356390     
   1.9330555271781134E-005   192.78425482854149     
   1.9499859401764011E-005   192.78425481325490     
   1.9670646359737397E-005   192.78425479769930     
   1.9842929132855544E-005   192.78425478187009     
   2.0016720822018972E-005   192.78425476576231     
   2.0192034642870725E-005   192.78425474937120     
   2.0368883926801321E-005   192.78425473269166     
   2.0547282121962498E-005   192.78425471571870     
   2.0727242794289885E-005   192.78425469844717     
   2.0908779628534569E-005   192.78425468087173     
   2.1091906429303728E-005   192.78425466298711     
   2.1276637122110381E-005   192.78425464478781     
   2.1462985754432324E-005   192.78425462626828     
   2.1650966496780345E-005   192.78425460742295     
   2.1840593643775794E-005   192.78425458824609     
   2.2031881615237576E-005   192.78425456873182     
   2.2224844957278695E-005   192.78425454887429     
   2.2419498343412367E-005   192.78425452866733     
   2.2615856575667851E-005   192.78425450810488     
   2.2813934585716034E-005   192.78425448718065     
   2.3013747436004885E-005   192.78425446588832     
   2.3215310320904844E-005   192.78425444422140     
   2.3418638567864254E-005   192.78425442217326     
   2.3623747638574887E-005   192.78425439973719     
   2.3830653130147731E-005   192.78425437690640     
   2.4039370776298998E-005   192.78425435367396     
   2.4249916448546623E-005   192.78425433003278     
   2.4462306157417110E-005   192.78425430597568     
   2.4676556053663084E-005   192.78425428149532     
   2.4892682429491400E-005   192.78425425658426     
   2.5110701719802072E-005   192.78425423123491     
   2.5330630503438030E-005   192.78425420543959     
   2.5552485504445822E-005   192.78425417919047     
   2.5776283593347362E-005   192.78425415247952     
   2.6002041788422802E-005   192.78425412529862     
   2.6229777257004692E-005   192.78425409763952     
   2.6459507316783389E-005   192.78425406949381     
   2.6691249437123973E-005   192.78425404085294     
   2.6925021240394667E-005   192.78425401170813     
   2.7160840503306891E-005   192.78425398205059     
   2.7398725158267043E-005   192.78425395187125     
   2.7638693294740179E-005   192.78425392116097     
   2.7880763160625529E-005   192.78425388991039     
   2.8124953163644167E-005   192.78425385811002     
   2.8371281872738776E-005   192.78425382575020     
   2.8619768019485674E-005   192.78425379282098     
   2.8870430499519242E-005   192.78425375931243     
   2.9123288373968787E-005   192.78425372521440     
   2.9378360870908021E-005   192.78425369051649     
   2.9635667386817207E-005   192.78425365520806     
   2.9895227488058133E-005   192.78425361927847     
   3.0157060912362003E-005   192.78425358271670     
   3.0421187570330347E-005   192.78425354551172     
   3.0687627546949084E-005   192.78425350765218     
   3.0956401103115836E-005   192.78425346912653     
   3.1227528677180651E-005   192.78425342992315     
   3.1501030886500174E-005   192.78425339002996     
   3.1776928529005449E-005   192.78425334943501     
   3.2055242584783503E-005   192.78425330812576     
   3.2335994217672662E-005   192.78425326608979     
   3.2619204776871967E-005   192.78425322331424     
   3.2904895798564621E-005   192.78425317978613     
   3.3193089007555645E-005   192.78425313549224     
   3.3483806318923933E-005   192.78425309041904     
   3.3777069839688691E-005   192.78425304455283     
   3.4072901870490583E-005   192.78425299787969     
   3.4371324907287476E-005   192.78425295038539     
   3.4672361643065154E-005   192.78425290205553     
   3.4976034969562909E-005   192.78425285287540     
   3.5282367979014364E-005   192.78425280283000     
   3.5591383965903403E-005   192.78425275190415     
   3.5903106428735608E-005   192.78425270008228     
   3.6217559071825119E-005   192.78425264734869     
   3.6534765807097220E-005   192.78425259368740     
   3.6854750755906637E-005   192.78425253908199     
   3.7177538250871831E-005   192.78425248351584     
   3.7503152837725281E-005   192.78425242697216     
   3.7831619277180057E-005   192.78425236943366     
   3.8162962546812680E-005   192.78425231088281     
   3.8497207842962507E-005   192.78425225130189     
   3.8834380582647700E-005   192.78425219067276     
   3.9174506405498062E-005   192.78425212897690     
   3.9517611175704706E-005   192.78425206619565     
   3.9863720983986876E-005   192.78425200230984     
   4.0212862149575954E-005   192.78425193730001     
   4.0565061222216867E-005   192.78425187114652     
   4.0920344984186964E-005   192.78425180382908     
   4.1278740452332681E-005   192.78425173532736     
   4.1640274880123954E-005   192.78425166562047     
   4.2004975759726646E-005   192.78425159468716     
   4.2372870824093154E-005   192.78425152250588     
   4.2743988049071278E-005   192.78425144905472     
   4.3118355655531619E-005   192.78425137431125     
   4.3496002111513599E-005   192.78425129825280     
   4.3876956134390173E-005   192.78425122085622     
   4.4261246693051663E-005   192.78425114209799     
   4.4648903010108600E-005   192.78425106195408     
   4.5039954564113938E-005   192.78425098040020     
   4.5434431091804641E-005   192.78425089741154     
   4.5832362590362978E-005   192.78425081296280     
   4.6233779319697624E-005   192.78425072702825     
   4.6638711804744659E-005   192.78425063958190     
   4.7047190837788835E-005   192.78425055059705     
   4.7459247480805076E-005   192.78425046004662     
   4.7874913067820519E-005   192.78425036790313     
   4.8294219207297302E-005   192.78425027413849     
   4.8717197784536078E-005   192.78425017872419     
   4.9143880964100755E-005   192.78425008163126     
   4.9574301192264343E-005   192.78424998283015     
   5.0008491199476269E-005   192.78424988229074     
   5.0446484002851298E-005   192.78424977998250     
   5.0888312908680274E-005   192.78424967587432     
   5.1334011514962805E-005   192.78424956993453     
   5.1783613713962166E-005   192.78424946213087     
   5.2237153694782570E-005   192.78424935243058     
   5.2694665945969018E-005   192.78424924080031     
   5.3156185258129899E-005   192.78424912720601     
   5.3621746726582573E-005   192.78424901161330     
   5.4091385754022137E-005   192.78424889398684     
   5.4565138053213525E-005   192.78424877429094     
   5.5043039649707259E-005   192.78424865248920     
   5.5525126884578902E-005   192.78424852854454     
   5.6011436417192555E-005   192.78424840241925     
   5.6502005227988536E-005   192.78424827407497     
   5.6996870621295510E-005   192.78424814347267     
   5.7496070228167208E-005   192.78424801057270     
   5.7999642009243990E-005   192.78424787533447     
   5.8507624257639505E-005   192.78424773771695     
   5.9020055601852597E-005   192.78424759767827     
   5.9536975008704776E-005   192.78424745517586     
   6.0058421786303312E-005   192.78424731016634     
   6.0584435587030395E-005   192.78424716260557     
   6.1115056410558367E-005   192.78424701244870     
   6.1650324606891477E-005   192.78424685965010     
   6.2190280879434158E-005   192.78424670416319     
   6.2734966288086302E-005   192.78424654594076     
   6.3284422252365518E-005   192.78424638493462     
   6.3838690554556836E-005   192.78424622109583     
   6.4397813342889919E-005   192.78424605437462     
   6.4961833134744181E-005   192.78424588472015     
   6.5530792819881920E-005   192.78424571208086     
   6.6104735663709789E-005   192.78424553640428     
   6.6683705310568818E-005   192.78424535763693     
   6.7267745787053266E-005   192.78424517572446     
   6.7856901505358545E-005   192.78424499061154     
   6.8451217266658439E-005   192.78424480224183     
   6.9050738264511913E-005   192.78424461055803     
   6.9655510088299829E-005   192.78424441550186     
   7.0265578726691615E-005   192.78424421701399     
   7.0880990571142445E-005   192.78424401503401     
   7.1501792419420939E-005   192.78424380950054     
   7.2128031479167849E-005   192.78424360035100     
   7.2759755371485846E-005   192.78424338752180     
   7.3397012134560760E-005   192.78424317094820     
   7.4039850227314579E-005   192.78424295056436     
   7.4688318533090381E-005   192.78424272630321     
   7.5342466363369632E-005   192.78424249809649     
   7.6002343461521846E-005   192.78424226587487     
   7.6668000006587387E-005   192.78424202956765     
   7.7339486617093123E-005   192.78424178910294     
   7.8016854354901651E-005   192.78424154440762     
   7.8700154729094150E-005   192.78424129540736     
   7.9389439699887376E-005   192.78424104202622     
   8.0084761682584817E-005   192.78424078418732     
   8.0786173551562453E-005   192.78424052181211     
   8.1493728644289613E-005   192.78424025482082     
   8.2207480765384799E-005   192.78423998313221     
   8.2927484190707237E-005   192.78423970666367     
   8.3653793671484118E-005   192.78423942533112     
   8.4386464438474050E-005   192.78423913904894     
   8.5125552206167032E-005   192.78423884773008     
   8.5871113177021050E-005   192.78423855128594     
   8.6623204045736010E-005   192.78423824962627     
   8.7381882003564825E-005   192.78423794265942     
   8.8147204742662557E-005   192.78423763029193     
   8.8919230460473371E-005   192.78423731242887     
   8.9698017864156139E-005   192.78423698897348     
   9.0483626175048696E-005   192.78423665982737     
   9.1276115133171129E-005   192.78423632489046     
   9.2075545001768692E-005   192.78423598406081     
   9.2881976571894349E-005   192.78423563723490     
   9.3695471167031501E-005   192.78423528430704     
   9.4516090647757246E-005   192.78423492516998     
   9.5343897416446437E-005   192.78423455971443     
   9.6178954422016882E-005   192.78423418782933     
   9.7021325164716271E-005   192.78423380940146     
   9.7871073700950845E-005   192.78423342431574     
   9.8728264648156479E-005   192.78423303245506     
   9.9592963189712387E-005   192.78423263370019     
   1.0046523507989780E-004   192.78423222792981     
   1.0134514664889225E-004   192.78423181502058     
   1.0223276480781936E-004   192.78423139484681     
   1.0312815705383510E-004   192.78423096728076     
   1.0403139147526038E-004   192.78423053219234     
   1.0494253675675872E-004   192.78423008944921     
   1.0586166218455931E-004   192.78422963891674     
   1.0678883765172559E-004   192.78422918045783     
   1.0772413366347029E-004   192.78422871393303     
   1.0866762134251677E-004   192.78422823920050     
   1.0961937243450740E-004   192.78422775611574     
   1.1057945931345935E-004   192.78422726453189     
   1.1154795498726815E-004   192.78422676429935     
   1.1252493310325931E-004   192.78422625526605     
   1.1351046795378887E-004   192.78422573727704     
   1.1450463448189264E-004   192.78422521017487     
   1.1550750828698522E-004   192.78422467379912     
   1.1651916563060873E-004   192.78422412798670     
   1.1753968344223197E-004   192.78422357257159     
   1.1856913932510044E-004   192.78422300738475     
   1.1960761156213745E-004   192.78422243225438     
   1.2065517912189701E-004   192.78422184700543     
   1.2171192166456882E-004   192.78422125145997     
   1.2277791954803596E-004   192.78422064543685     
   1.2385325383398540E-004   192.78422002875163     
   1.2493800629407233E-004   192.78421940121683     
   1.2603225941613816E-004   192.78421876264150     
   1.2713609641048327E-004   192.78421811283147     
   1.2824960121619452E-004   192.78421745158903     
   1.2937285850752824E-004   192.78421677871307     
   1.3050595370034916E-004   192.78421609399891     
   1.3164897295862558E-004   192.78421539723826     
   1.3280200320098161E-004   192.78421468821918     
   1.3396513210730678E-004   192.78421396672601     
   1.3513844812542333E-004   192.78421323253932     
   1.3632204047781218E-004   192.78421248543572     
   1.3751599916839762E-004   192.78421172518804     
   1.3872041498939156E-004   192.78421095156494     
   1.3993537952819749E-004   192.78421016433117     
   1.4116098517437517E-004   192.78420936324727     
   1.4239732512666618E-004   192.78420854806950     
   1.4364449340008105E-004   192.78420771854999     
   1.4490258483304847E-004   192.78420687443636     
   1.4617169509462699E-004   192.78420601547188     
   1.4745192069178013E-004   192.78420514139523     
   1.4874335897671487E-004   192.78420425194057     
   1.5004610815428480E-004   192.78420334683736     
   1.5136026728945773E-004   192.78420242581029     
   1.5268593631484912E-004   192.78420148857913     
   1.5402321603832101E-004   192.78420053485885     
   1.5537220815064792E-004   192.78419956435937     
   1.5673301523324958E-004   192.78419857678549     
   1.5810574076599175E-004   192.78419757183678     
   1.5949048913505489E-004   192.78419654920754     
   1.6088736564087215E-004   192.78419550858675     
   1.6229647650613669E-004   192.78419444965783     
   1.6371792888387926E-004   192.78419337209874     
   1.6515183086561621E-004   192.78419227558163     
   1.6659829148956939E-004   192.78419115977306     
   1.6805742074895748E-004   192.78419002433355     
   1.6952932960036035E-004   192.78418886891779     
   1.7101412997215659E-004   192.78418769317426     
   1.7251193477303472E-004   192.78418649674541     
   1.7402285790057916E-004   192.78418527926718     
   1.7554701424993147E-004   192.78418404036933     
   1.7708451972252707E-004   192.78418277967509     
   1.7863549123490899E-004   192.78418149680081     
   1.8020004672761845E-004   192.78418019135643     
   1.8177830517416340E-004   192.78417886294471     
   1.8337038659006557E-004   192.78417751116172     
   1.8497641204198698E-004   192.78417613559623     
   1.8659650365693601E-004   192.78417473582977     
   1.8823078463155453E-004   192.78417331143663     
   1.8987937924148587E-004   192.78417186198348     
   1.9154241285082542E-004   192.78417038702952     
   1.9322001192165339E-004   192.78416888612603     
   1.9491230402365162E-004   192.78416735881649     
   1.9661941784380424E-004   192.78416580463630     
   1.9834148319618336E-004   192.78416422311275     
   2.0007863103182067E-004   192.78416261376478     
   2.0183099344866528E-004   192.78416097610281     
   2.0359870370162874E-004   192.78415930962876     
   2.0538189621271841E-004   192.78415761383570     
   2.0718070658125898E-004   192.78415588820783     
   2.0899527159420414E-004   192.78415413222021     
   2.1082572923653809E-004   192.78415234533873     
   2.1267221870176843E-004   192.78415052701990     
   2.1453488040251077E-004   192.78414867671054     
   2.1641385598116623E-004   192.78414679384790     
   2.1830928832069227E-004   192.78414487785926     
   2.2022132155546801E-004   192.78414292816183     
   2.2215010108225455E-004   192.78414094416243     
   2.2409577357125144E-004   192.78413892525771     
   2.2605848697724990E-004   192.78413687083352     
   2.2803839055088383E-004   192.78413478026496     
   2.3003563484997911E-004   192.78413265291610     
   2.3205037175100271E-004   192.78413048813988     
   2.3408275446061151E-004   192.78412828527780     
   2.3613293752730290E-004   192.78412604365985     
   2.3820107685316698E-004   192.78412376260405     
   2.4028732970574179E-004   192.78412144141674     
   2.4239185472997249E-004   192.78411907939176     
   2.4451481196027515E-004   192.78411667581062     
   2.4665636283270620E-004   192.78411422994225     
   2.4881667019723865E-004   192.78411174104264     
   2.5099589833014563E-004   192.78410920835478     
   2.5319421294649235E-004   192.78410663110824     
   2.5541178121273771E-004   192.78410400851902     
   2.5764877175944609E-004   192.78410133978954     
   2.5990535469411051E-004   192.78409862410794     
   2.6218170161408812E-004   192.78409586064816     
   2.6447798561964899E-004   192.78409304856962     
   2.6679438132713929E-004   192.78409018701700     
   2.6913106488225932E-004   192.78408727511982     
   2.7148821397345854E-004   192.78408431199242     
   2.7386600784544722E-004   192.78408129673340     
   2.7626462731282703E-004   192.78407822842564     
   2.7868425477384050E-004   192.78407510613587     
   2.8112507422424124E-004   192.78407192891430     
   2.8358727127128546E-004   192.78406869579447     
   2.8607103314784628E-004   192.78406540579300     
   2.8857654872665122E-004   192.78406205790913     
   2.9110400853464476E-004   192.78405865112450     
   2.9365360476747688E-004   192.78405518440286     
   2.9622553130411740E-004   192.78405165668968     
   2.9881998372160024E-004   192.78404806691194     
   3.0143715930989464E-004   192.78404441397777     
   3.0407725708690833E-004   192.78404069677592     
   3.0674047781362125E-004   192.78403691417572     
   3.0942702400935194E-004   192.78403306502670     
   3.1213709996715785E-004   192.78402914815788     
   3.1487091176937032E-004   192.78402516237796     
   3.1762866730326584E-004   192.78402110647454     
   3.2041057627687407E-004   192.78401697921385     
   3.2321685023492514E-004   192.78401277934054     
   3.2604770257493588E-004   192.78400850557711     
   3.2890334856343714E-004   192.78400415662350     
   3.3178400535234352E-004   192.78399973115694     
   3.3468989199546598E-004   192.78399522783127     
   3.3762122946516993E-004   192.78399064527670     
   3.4057824066917764E-004   192.78398598209932     
   3.4356115046751989E-004   192.78398123688066     
   3.4657018568963428E-004   192.78397640817741     
   3.4960557515161423E-004   192.78397149452076     
   3.5266754967360896E-004   192.78396649441606     
   3.5575634209737575E-004   192.78396140634243     
   3.5887218730398546E-004   192.78395622875223     
   3.6201532223168451E-004   192.78395096007048     
   3.6518598589391140E-004   192.78394559869463     
   3.6838441939747251E-004   192.78394014299386     
   3.7161086596087676E-004   192.78393459130865     
   3.7486557093283025E-004   192.78392894195036     
   3.7814878181089356E-004   192.78392319320054     
   3.8146074826030205E-004   192.78391734331061     
   3.8480172213295141E-004   192.78391139050112     
   3.8817195748654907E-004   192.78390533296133     
   3.9157171060393345E-004   192.78389916884882     
   3.9500124001256253E-004   192.78389289628853     
   3.9846080650417324E-004   192.78388651337247     
   4.0195067315461249E-004   192.78388001815918     
   4.0547110534384267E-004   192.78387340867289     
   4.0902237077612154E-004   192.78386668290324     
   4.1260473950035950E-004   192.78385983880429     
   4.1621848393065498E-004   192.78385287429438     
   4.1986387886700936E-004   192.78384578725496     
   4.2354120151622384E-004   192.78383857553047     
   4.2725073151297888E-004   192.78383123692703     
   4.3099275094109880E-004   192.78382376921263     
   4.3476754435500185E-004   192.78381617011570     
   4.3857539880133871E-004   192.78380843732478     
   4.4241660384082072E-004   192.78380056848775     
   4.4629145157023853E-004   192.78379256121104     
   4.5020023664467423E-004   192.78378441305915     
   4.5414325629990763E-004   192.78377612155356     
   4.5812081037501932E-004   192.78376768417215     
   4.6213320133519086E-004   192.78375909834853     
   4.6618073429470551E-004   192.78375036147105     
   4.7026371704014986E-004   192.78374147088223     
   4.7438246005381901E-004   192.78373242387778     
   4.7853727653732637E-004   192.78372321770570     
   4.8272848243542053E-004   192.78371384956586     
   4.8695639646001079E-004   192.78370431660863     
   4.9122134011440281E-004   192.78369461593431     
   4.9552363771774666E-004   192.78368474459219     
   4.9986361642969908E-004   192.78367469957971     
   5.0424160627530188E-004   192.78366447784140     
   5.0865794017007778E-004   192.78365407626805     
   5.1311295394534636E-004   192.78364349169567     
   5.1760698637376163E-004   192.78363272090493     
   5.2214037919507349E-004   192.78362176061941     
   5.2671347714211472E-004   192.78361060750538     
   5.3132662796701502E-004   192.78359925817034     
   5.3598018246764573E-004   192.78358770916208     
   5.4067449451429518E-004   192.78357595696764     
   5.4540992107657814E-004   192.78356399801240     
   5.5018682225058103E-004   192.78355182865872     
   5.5500556128624406E-004   192.78353944520492     
   5.5986650461498501E-004   192.78352684388435     
   5.6477002187756272E-004   192.78351402086400     
   5.6971648595218621E-004   192.78350097224344     
   5.7470627298286919E-004   192.78348769405358     
   5.7973976240803342E-004   192.78347418225553     
   5.8481733698936215E-004   192.78346043273945     
   5.8993938284090702E-004   192.78344644132301     
   5.9510628945844829E-004   192.78343220375041     
   6.0031844974911400E-004   192.78341771569092     
   6.0557626006125804E-004   192.78340297273769     
   6.1088012021459886E-004   192.78338797040630     
   6.1623043353062367E-004   192.78337270413340     
   6.2162760686325781E-004   192.78335716927543     
   6.2707205062980374E-004   192.78334136110715     
   6.3256417884214927E-004   192.78332527481996     
   6.3810440913825140E-004   192.78330890552107     
   6.4369316281389440E-004   192.78329224823119     
   6.4933086485472597E-004   192.78327529788370     
   6.5501794396857532E-004   192.78325804932274     
   6.6075483261805235E-004   192.78324049730182     
   6.6654196705343417E-004   192.78322263648204     
   6.7237978734583867E-004   192.78320446143059     
   6.7826873742068917E-004   192.78318596661913     
   6.8420926509147077E-004   192.78316714642213     
   6.9020182209378485E-004   192.78314799511486     
   6.9624686411969949E-004   192.78312850687217     
   7.0234485085240159E-004   192.78310867576621     
   7.0849624600115367E-004   192.78308849576484     
   7.1470151733655390E-004   192.78306796072997     
   7.2096113672610884E-004   192.78304706441534     
   7.2727558017011387E-004   192.78302580046494     
   7.3364532783785083E-004   192.78300416241080     
   7.4007086410410121E-004   192.78298214367126     
   7.4655267758597912E-004   192.78295973754888     
   7.5309126118008776E-004   192.78293693722836     
   7.5968711210000028E-004   192.78291373577443     
   7.6634073191406984E-004   192.78289012612993     
   7.7305262658357017E-004   192.78286610111343     
   7.7982330650117017E-004   192.78284165341725     
   7.8665328652974590E-004   192.78281677560511     
   7.9354308604153269E-004   192.78279146010993     
   8.0049322895761903E-004   192.78276569923142     
   8.0750424378778750E-004   192.78273948513390     
   8.1457666367070435E-004   192.78271280984379     
   8.2171102641446082E-004   192.78268566524733     
   8.2890787453746939E-004   192.78265804308785     
   8.3616775530971925E-004   192.78262993496361     
   8.4349122079439181E-004   192.78260133232487     
   8.5087882788984100E-004   192.78257222647164     
   8.5833113837194242E-004   192.78254260855073     
   8.6584871893681157E-004   192.78251246955335     
   8.7343214124389738E-004   192.78248180031207     
   8.8108198195945312E-004   192.78245059149833     
   8.8879882280038815E-004   192.78241883361926     
   8.9658325057850202E-004   192.78238651701520     
   9.0443585724510919E-004   192.78235363185635     
   9.1235723993605185E-004   192.78232016814019     
   9.2034800101710760E-004   192.78228611568804     
   9.2840874812979621E-004   192.78225146414223     
   9.3654009423758543E-004   192.78221620296284     
   9.4474265767250331E-004   192.78218032142465     
   9.5301706218215766E-004   192.78214380861348     
   9.6136393697716796E-004   192.78210665342348     
   9.6978391677901208E-004   192.78206884455318     
   9.7827764186829251E-004   192.78203037050233     
   9.8684575813342591E-004   192.78199121956840     
   9.9548891711975698E-004   192.78195137984304     
   1.0042077760791055E-003   192.78191083920825     
   1.0130029980197448E-003   192.78186958533297     
   1.0218752517568187E-003   192.78182760566918     
   1.0308252119632009E-003   192.78178488744800     
   1.0398535592207993E-003   192.78174141767607     
   1.0489609800723085E-003   192.78169718313137     
   1.0581481670734172E-003   192.78165217035931     
   1.0674158188454727E-003   192.78160636566849     
   1.0767646401286044E-003   192.78155975512678     
   1.0861953418353173E-003   192.78151232455684     
   1.0957086411045489E-003   192.78146405953206     
   1.1053052613562045E-003   192.78141494537184     
   1.1149859323461673E-003   192.78136496713748     
   1.1247513902217915E-003   192.78131410962740     
   1.1346023775778821E-003   192.78126235737255     
   1.1445396435131622E-003   192.78120969463185     
   1.1545639436872383E-003   192.78115610538714     
   1.1646760403780619E-003   192.78110157333870     
   1.1748767025398963E-003   192.78104608189980     
   1.1851667058617890E-003   192.78098961419204     
   1.1955468328265593E-003   192.78093215304017     
   1.2060178727702983E-003   192.78087368096669     
   1.2165806219423948E-003   192.78081418018650     
   1.2272358835660822E-003   192.78075363260191     
   1.2379844678995198E-003   192.78069201979667     
   1.2488271922974062E-003   192.78062932303064     
   1.2597648812731344E-003   192.78056552323380     
   1.2707983665614891E-003   192.78050060100099     
   1.2819284871818952E-003   192.78043453658540     
   1.2931560895022185E-003   192.78036730989282     
   1.3044820273031275E-003   192.78029890047580     
   1.3159071618430158E-003   192.78022928752696     
   1.3274323619234961E-003   192.78015844987286     
   1.3390585039554656E-003   192.78008636596778     
   1.3507864720257515E-003   192.78001301388670     
   1.3626171579643393E-003   192.77993837131919     
   1.3745514614121900E-003   192.77986241556209     
   1.3865902898896520E-003   192.77978512351299     
   1.3987345588654721E-003   192.77970647166299     
   1.4109851918264087E-003   192.77962643608973     
   1.4233431203474593E-003   192.77954499244984     
   1.4358092841626972E-003   192.77946211597197     
   1.4483846312367335E-003   192.77937778144874     
   1.4610701178368038E-003   192.77929196322944     
   1.4738667086054839E-003   192.77920463521221     
   1.4867753766340446E-003   192.77911577083580     
   1.4997971035364500E-003   192.77902534307196     
   1.5129328795239999E-003   192.77893332441676     
   1.5261837034806305E-003   192.77883968688258     
   1.5395505830388717E-003   192.77874440198937     
   1.5530345346564706E-003   192.77864744075612     
   1.5666365836936860E-003   192.77854877369199     
   1.5803577644912597E-003   192.77844837078740     
   1.5941991204490708E-003   192.77834620150475     
   1.6081617041054802E-003   192.77824223476935     
   1.6222465772173669E-003   192.77813643895988     
   1.6364548108408685E-003   192.77802878189863     
   1.6507874854128270E-003   192.77791923084200     
   1.6652456908329491E-003   192.77780775247032     
   1.6798305265466836E-003   192.77769431287777     
   1.6945431016288299E-003   192.77757887756221     
   1.7093845348678716E-003   192.77746141141444     
   1.7243559548510551E-003   192.77734187870772     
   1.7394585000502104E-003   192.77722024308676     
   1.7546933189083226E-003   192.77709646755693     
   1.7700615699268645E-003   192.77697051447265     
   1.7855644217538917E-003   192.77684234552629     
   1.8012030532729105E-003   192.77671192173619     
   1.8169786536925234E-003   192.77657920343506     
   1.8328924226368604E-003   192.77644415025796     
   1.8489455702368023E-003   192.77630672112969     
   1.8651393172220011E-003   192.77616687425257     
   1.8814748950137104E-003   192.77602456709391     
   1.8979535458184247E-003   192.77587975637249     
   1.9145765227223410E-003   192.77573239804607     
   1.9313450897866470E-003   192.77558244729744     
   1.9482605221436446E-003   192.77542985852131     
   1.9653241060937146E-003   192.77527458530997     
   1.9825371392031303E-003   192.77511658043946     
   1.9999009304027295E-003   192.77495579585519     
   2.0174168000874479E-003   192.77479218265722     
   2.0350860802167284E-003   192.77462569108553     
   2.0529101144158035E-003   192.77445627050480     
   2.0708902580778735E-003   192.77428386938905     
   2.0890278784671699E-003   192.77410843530598     
   2.1073243548229295E-003   192.77392991490098     
   2.1257810784642748E-003   192.77374825388094     
   2.1443994528960136E-003   192.77356339699790     
   2.1631808939153669E-003   192.77337528803190     
   2.1821268297196289E-003   192.77318386977433     
   2.2012387010147739E-003   192.77298908401013     
   2.2205179611250081E-003   192.77279087150043     
   2.2399660761032890E-003   192.77258917196431     
   2.2595845248428044E-003   192.77238392406053     
   2.2793747991894362E-003   192.77217506536903     
   2.2993384040552001E-003   192.77196253237170     
   2.3194768575326881E-003   192.77174626043339     
   2.3397916910105048E-003   192.77152618378199     
   2.3602844492897237E-003   192.77130223548849     
   2.3809566907013525E-003   192.77107434744684     
   2.4018099872248387E-003   192.77084245035300     
   2.4228459246076043E-003   192.77060647368393     
   2.4440661024856319E-003   192.77036634567639     
   2.4654721345051056E-003   192.77012199330474     
   2.4870656484451185E-003   192.76987334225907     
   2.5088482863414533E-003   192.76962031692253     
   2.5308217046114460E-003   192.76936284034809     
   2.5529875741799476E-003   192.76910083423579     
   2.5753475806063841E-003   192.76883421890813     
   2.5979034242129334E-003   192.76856291328659     
   2.6206568202138216E-003   192.76828683486633     
   2.6436094988457532E-003   192.76800589969184     
   2.6667632054994828E-003   192.76772002233079     
   2.6901197008525430E-003   192.76742911584839     
   2.7136807610031268E-003   192.76713309178089     
   2.7374481776051519E-003   192.76683186010885     
   2.7614237580045001E-003   192.76652532922944     
   2.7856093253764563E-003   192.76621340592899     
   2.8100067188643451E-003   192.76589599535447     
   2.8346177937193886E-003   192.76557300098466     
   2.8594444214417800E-003   192.76524432460096     
   2.8844884899230042E-003   192.76490986625737     
   2.9097519035893942E-003   192.76456952425028     
   2.9352365835469511E-003   192.76422319508740     
   2.9609444677274311E-003   192.76387077345652     
   2.9868775110357100E-003   192.76351215219347     
   3.0130376854984441E-003   192.76314722224933     
   3.0394269804140217E-003   192.76277587265773     
   3.0660474025038446E-003   192.76239799050069     
   3.0929009760649172E-003   192.76201346087470     
   3.1199897431237848E-003   192.76162216685555     
   3.1473157635918143E-003   192.76122398946285     
   3.1748811154218336E-003   192.76081880762416     
   3.2026878947661510E-003   192.76040649813785     
   3.2307382161359463E-003   192.75998693563588     
   3.2590342125620700E-003   192.75955999254566     
   3.2875780357572433E-003   192.75912553905141     
   3.3163718562796781E-003   192.75868344305454     
   3.3454178636981380E-003   192.75823357013380     
   3.3747182667584370E-003   192.75777578350412     
   3.4042752935513980E-003   192.75730994397543     
   3.4340911916822844E-003   192.75683590991008     
   3.4641682284417175E-003   192.75635353718005     
   3.4945086909780837E-003   192.75586267912308     
   3.5251148864714589E-003   192.75536318649822     
   3.5559891423090528E-003   192.75485490744029     
   3.5871338062621900E-003   192.75433768741414     
   3.6185512466648429E-003   192.75381136916744     
   3.6502438525937244E-003   192.75327579268310     
   3.6822140340499634E-003   192.75273079513033     
   3.7144642221423672E-003   192.75217621081600     
   3.7469968692722898E-003   192.75161187113338     
   3.7798144493201200E-003   192.75103760451159     
   3.8129194578334046E-003   192.75045323636346     
   3.8463144122166146E-003   192.74985858903221     
   3.8800018519225773E-003   192.74925348173790     
   3.9139843386455861E-003   192.74863773052226     
   3.9482644565161946E-003   192.74801114819309     
   3.9828448122977275E-003   192.74737354426736     
   4.0177280355845005E-003   192.74672472491341     
   4.0529167790017894E-003   192.74606449289197     
   4.0884137184075374E-003   192.74539264749666     
   4.1242215530958399E-003   192.74470898449272     
   4.1603430060022026E-003   192.74401329605527     
   4.1967808239106079E-003   192.74330537070622     
   4.2335377776623832E-003   192.74258499324989     
   4.2706166623669040E-003   192.74185194470817     
   4.3080202976141478E-003   192.74110600225364     
   4.3457515276890983E-003   192.74034693914217     
   4.3838132217880353E-003   192.73957452464410     
   4.4222082742367205E-003   192.73878852397439     
   4.4609396047104836E-003   192.73798869822122     
   4.5000101584562503E-003   192.73717480427348     
   4.5394229065165038E-003   192.73634659474732     
   4.5791808459552134E-003   192.73550381791091     
   4.6192870000857375E-003   192.73464621760817     
   4.6597444187007299E-003   192.73377353318102     
   4.7005561783040528E-003   192.73288549939033     
   4.7417253823447214E-003   192.73198184633583     
   4.7832551614529033E-003   192.73106229937366     
   4.8251486736779784E-003   192.73012657903377     
   4.8674091047286889E-003   192.72917440093471     
   4.9100396682153881E-003   192.72820547569762     
   4.9530436058944109E-003   192.72721950885861     
   4.9964241879145947E-003   192.72621620077928     
   5.0401847130659401E-003   192.72519524655601     
   5.0843285090304705E-003   192.72415633592777     
   5.1288589326352755E-003   192.72309915318155     
   5.1737793701077733E-003   192.72202337705735     
   5.2190932373332079E-003   192.72092868065042     
   5.2648039801144100E-003   192.71981473131228     
   5.3109150744338170E-003   192.71868119055003     
   5.3574300267178075E-003   192.71752771392386     
   5.4043523741033311E-003   192.71635395094233     
   5.4516856847068871E-003   192.71515954495686     
   5.4994335578958569E-003   192.71394413305310     
   5.5475996245622069E-003   192.71270734594137     
   5.5961875473985933E-003   192.71144880784470     
   5.6452010211768874E-003   192.71016813638505     
   5.6946437730291313E-003   192.70886494246770     
   5.7445195627309669E-003   192.70753883016317     
   5.7948321829875363E-003   192.70618939658758     
   5.8455854597218911E-003   192.70481623178068     
   5.8967832523659286E-003   192.70341891858146     
   5.9484294541538706E-003   192.70199703250256     
   6.0005279924183232E-003   192.70055014160101     
   6.0530828288889180E-003   192.69907780634816     
   6.1060979599935755E-003   192.69757957949639     
   6.1595774171624030E-003   192.69605500594380     
   6.2135252671342654E-003   192.69450362259678     
   6.2679456122660179E-003   192.69292495822955     
   6.3228425908444762E-003   192.69131853334198     
   6.3782203774010917E-003   192.68968386001438     
   6.4340831830294069E-003   192.68802044176016     
   6.4904352557052705E-003   192.68632777337535     
   6.5472808806098723E-003   192.68460534078639     
   6.6046243804555966E-003   192.68285262089421     
   6.6624701158147373E-003   192.68106908141644     
   6.7208224854510886E-003   192.67925418072642     
   6.7796859266544404E-003   192.67740736768968     
   6.8390649155779994E-003   192.67552808149716     
   6.8989639675787759E-003   192.67361575149593     
   6.9593876375609416E-003   192.67166979701688     
   7.0203405203221950E-003   192.66968962719915     
   7.0818272509031704E-003   192.66767464081181     
   7.1438525049398929E-003   192.66562422607231     
   7.2064209990193376E-003   192.66353776046165     
   7.2695374910380813E-003   192.66141461053661     
   7.3332067805641169E-003   192.65925413173844     
   7.3974337092018224E-003   192.65705566819838     
   7.4622231609601302E-003   192.65481855253958     
   7.5275800626239276E-003   192.65254210567605     
   7.5935093841286959E-003   192.65022563660747     
   7.6600161389384471E-003   192.64786844221098     
   7.7271053844269553E-003   192.64546980702903     
   7.7947822222623449E-003   192.64302900305361     
   7.8630517987950260E-003   192.64054528950680     
   7.9319193054490436E-003   192.63801791261747     
   8.0013899791168495E-003   192.63544610539415     
   8.0714691025575314E-003   192.63282908739359     
   8.1421620047985241E-003   192.63016606448608     
   8.2134740615408541E-003   192.62745622861584     
   8.2854106955679175E-003   192.62469875755772     
   8.3579773771578492E-003   192.62189281466968     
   8.4311796244994925E-003   192.61903754864088     
   8.5050230041120254E-003   192.61613209323508     
   8.5795131312682554E-003   192.61317556703051     
   8.6546556704216147E-003   192.61016707315400     
   8.7304563356369099E-003   192.60710569901150     
   8.8069208910248348E-003   192.60399051601354     
   8.8840551511802889E-003   192.60082057929566     
   8.9618649816245351E-003   192.59759492743470     
   9.0403562992512378E-003   192.59431258215943     
   9.1195350727763958E-003   192.59097254805673     
   9.1994073231922227E-003   192.58757381227227     
   9.2799791242250025E-003   192.58411534420634     
   9.3612566027969565E-003   192.58059609520410     
   9.4432459394921398E-003   192.57701499824100     
   9.5259533690264537E-003   192.57337096760199     
   9.6093851807217343E-003   192.56966289855586     
   9.6935477189840132E-003   192.56588966702370     
   9.7784473837859761E-003   192.56205012924156     
   9.8640906311536249E-003   192.55814312141732     
   9.9504839736572204E-003   192.55416745938172     
   1.0037633980906511E-002   192.55012193823356     
   1.0125547280050313E-002   192.54600533197817     
   1.0214230556280452E-002   192.54181639316022     
   1.0303690553340131E-002   192.53755385249002     
   1.0393934074036744E-002   192.53321641846335     
   1.0484967980759175E-002   192.52880277697483     
   1.0576799195999641E-002   192.52431159092430     
   1.0669434702880105E-002   192.51974149981709     
   1.0762881545683280E-002   192.51509111935673     
   1.0857146830388301E-002   192.51035904103099     
   1.0952237725211096E-002   192.50554383169097     
   1.1048161461149468E-002   192.50064403312240     
   1.1144925332532965E-002   192.49565816161021     
   1.1242536697577559E-002   192.49058470749526     
   1.1341002978945199E-002   192.48542213472351     
   1.1440331664308231E-002   192.48016888038751     
   1.1540530306918808E-002   192.47482335426011     
   1.1641606526183243E-002   192.46938393831991     
   1.1743568008241424E-002   192.46384898626900     
   1.1846422506551281E-002   192.45821682304191     
   1.1950177842478388E-002   192.45248574430673     
   1.2054841905890725E-002   192.44665401595728     
   1.2160422655758644E-002   192.44071987359681     
   1.2266928120760091E-002   192.43468152201280     
   1.2374366399891135E-002   192.42853713464265     
   1.2482745663081839E-002   192.42228485303079     
   1.2592074151817529E-002   192.41592278627581     
   1.2702360179765490E-002   192.40944901046865     
   1.2813612133407178E-002   192.40286156812098     
   1.2925838472675940E-002   192.39615846758426     
   1.3039047731600343E-002   192.38933768245818     
   1.3153248518953116E-002   192.38239715098973     
   1.3268449518905802E-002   192.37533477546179     
   1.3384659491689115E-002   192.36814842157131     
   1.3501887274259097E-002   192.36083591779683     
   1.3620141780969116E-002   192.35339505475565     
   1.3739432004247730E-002   192.34582358454986     
   1.3859767015282498E-002   192.33811922010102     
   1.3981155964709790E-002   192.33027963447418     
   1.4103608083310619E-002   192.32230246018995     
   1.4227132682712583E-002   192.31418528852532     
   1.4351739156097948E-002   192.30592566880239     
   1.4477436978917934E-002   192.29752110766512     
   1.4604235709613252E-002   192.28896906834427     
   1.4732144990340968E-002   192.28026696990918     
   1.4861174547707705E-002   192.27141218650797     
   1.4991334193509304E-002   192.26240204659396     
   1.5122633825476921E-002   192.25323383213987     
   1.5255083428029699E-002   192.24390477783831     
   1.5388693073033999E-002   192.23441207028910     
   1.5523472920569305E-002   192.22475284717291     
   1.5659433219700820E-002   192.21492419641118     
   1.5796584309258843E-002   192.20492315531152     
   1.5934936618624950E-002   192.19474670969961     
   1.6074500668525102E-002   192.18439179303581     
   1.6215287071829645E-002   192.17385528551765     
   1.6357306534360360E-002   192.16313401316677     
   1.6500569855704559E-002   192.15222474690123     
   1.6645087930036329E-002   192.14112420159199     
   1.6790871746944946E-002   192.12982903510405     
   1.6937932392270552E-002   192.11833584732119     
   1.7086281048947185E-002   192.10664117915496     
   1.7235928997853117E-002   192.09474151153714     
   1.7386887618668731E-002   192.08263326439550     
   1.7539168390741836E-002   192.07031279561258     
   1.7692782893960604E-002   192.05777639996739     
   1.7847742809634141E-002   192.04502030805963     
   1.8004059921380759E-002   192.03204068521626     
   1.8161746116024044E-002   192.01883363037967     
   1.8320813384496766E-002   192.00539517497842     
   1.8481273822752713E-002   191.99172128177867     
   1.8643139632686483E-002   191.97780784371719     
   1.8806423123061373E-002   191.96365068271507     
   1.8971136710445369E-002   191.94924554847239     
   1.9137292920155327E-002   191.93458811724281     
   1.9304904387209464E-002   191.91967399058848     
   1.9473983857288126E-002   191.90449869411464     
   1.9644544187703034E-002   191.88905767618363     
   1.9816598348374990E-002   191.87334630660811     
   1.9990159422820133E-002   191.85735987532291     
   2.0165240609144878E-002   191.84109359103590     
   2.0341855221049504E-002   191.82454257985646     
   2.0520016688840598E-002   191.80770188390238     
   2.0699738560452305E-002   191.79056645988408     
   2.0881034502476602E-002   191.77313117766619     
   2.1063918301202491E-002   191.75539081880601     
   2.1248403863664393E-002   191.73734007506883     
   2.1434505218699648E-002   191.71897354691924     
   2.1622236518015338E-002   191.70028574198827     
   2.1811612037264415E-002   191.68127107351691     
   2.2002646177131244E-002   191.66192385877414     
   2.2195353464426717E-002   191.64223831745011     
   2.2389748553192881E-002   191.62220857002421     
   2.2585846225817278E-002   191.60182863610714     
   2.2783661394157061E-002   191.58109243275675     
   2.2983209100672929E-002   191.55999377276783     
   2.3184504519572983E-002   191.53852636293470     
   2.3387562957966644E-002   191.51668380228725     
   2.3592399857028643E-002   191.49445958029838     
   2.3799030793173200E-002   191.47184707506491     
   2.4007471479238526E-002   191.44883955145917     
   2.4217737765681657E-002   191.42543015925253     
   2.4429845641783774E-002   191.40161193120980     
   2.4643811236866077E-002   191.37737778115439     
   2.4859650821516314E-002   191.35272050200368     
   2.5077380808826037E-002   191.32763276377415     
   2.5297017755638702E-002   191.30210711155650     
   2.5518578363808705E-002   191.27613596345947     
   2.5742079481471440E-002   191.24971160852274     
   2.5967538104324485E-002   191.22282620459819     
   2.6194971376920000E-002   191.19547177619904     
   2.6424396593968464E-002   191.16764021231697     
   2.6655831201653789E-002   191.13932326420624     
   2.6889292798960015E-002   191.11051254313486     
   2.7124799139009555E-002   191.08119951810232     
   2.7362368130413237E-002   191.05137551352342     
   2.7602017838632087E-002   191.02103170687764     
   2.7843766487351099E-002   190.99015912632441     
   2.8087632459865033E-002   190.95874864828326     
   2.8333634300476307E-002   190.92679099497803     
   2.8581790715905185E-002   190.89427673194638     
   2.8832120576712281E-002   190.86119626551226     
   2.9084642918733535E-002   190.82753984022261     
   2.9339376944527765E-002   190.79329753624683     
   2.9596342024836866E-002   190.75845926673927     
   2.9855557700058846E-002   190.72301477516402     
   3.0117043681733707E-002   190.68695363258209     
   3.0380819854042399E-002   190.65026523489988     
   3.0646906275318856E-002   190.61293880007966     
   3.0915323179575294E-002   190.57496336531051     
   3.1186090978040870E-002   190.53632778414044     
   3.1459230260713809E-002   190.49702072356871     
   3.1734761797927134E-002   190.45703066109832     
   3.2012706541928102E-002   190.41634588174790     
   3.2293085628471468E-002   190.37495447502388     
   3.2575920378426736E-002   190.33284433185094     
   3.2861232299399433E-002   190.29000314146168     
   3.3149043087366638E-002   190.24641838824508     
   3.3439374628326773E-002   190.20207734855279     
   3.3732248999963931E-002   190.15696708746401     
   3.4027688473326677E-002   190.11107445550758     
   3.4325715514521647E-002   190.06438608534216     
   3.4626352786421913E-002   190.01688838839331     
   3.4929623150390360E-002   189.96856755144805     
   3.5235549668018090E-002   189.91940953320591     
   3.5544155602878144E-002   189.86940006078720     
   3.5855464422294515E-002   189.81852462619733     
   3.6169499799126661E-002   189.76676848274801     
   3.6486285613569668E-002   189.71411664143434     
   3.6805845954970190E-002   189.66055386726836     
   3.7128205123658241E-002   189.60606467556832     
   3.7453387632795099E-002   189.55063332820438     
   3.7781418210237346E-002   189.49424382979976     
   3.8112321800417244E-002   189.43687992388840     
   3.8446123566239582E-002   189.37852508902762     
   3.8782848890995154E-002   189.31916253486776     
   3.9122523380290992E-002   189.25877519817692     
   3.9465172863997436E-002   189.19734573882218     
   3.9810823398212382E-002   189.13485653570692     
   4.0159501267242631E-002   189.07128968266406     
   4.0511232985602635E-002   189.00662698430645     
   4.0866045300030726E-002   188.94084995183300     
   4.1223965191523049E-002   188.87393979879255     
   4.1585019877385263E-002   188.80587743680391     
   4.1949236813302197E-002   188.73664347123454     
   4.2316643695425725E-002   188.66621819683581     
   4.2687268462480797E-002   188.59458159333730     
   4.3061139297890051E-002   188.52171332099934     
   4.3438284631916915E-002   188.44759271612460     
   4.3818733143827525E-002   188.37219878652948     
   4.4202513764071638E-002   188.29551020697556     
   4.4589655676482542E-002   188.21750531456200     
   4.4980188320496300E-002   188.13816210407919     
   4.5374141393390396E-002   188.05745822332469     
   4.5771544852542041E-002   187.97537096838261     
   4.6172428917706169E-002   187.89187727886602     
   4.6576824073313511E-002   187.80695373312503     
   4.6984761070788646E-002   187.72057654342004     
   4.7396270930888496E-002   187.63272155106193     
   4.7811384946061172E-002   187.54336422152028     
   4.8230134682825630E-002   187.45247963950081     
   4.8652551984171989E-002   187.36004250399270     
   4.9078668971983055E-002   187.26602712328844     
   4.9508518049476903E-002   187.17040740997584     
   4.9942131903670937E-002   187.07315687590571     
   5.0379543507867545E-002   186.97424862713513     
   5.0820786124161403E-002   186.87365535884882     
   5.1265893305968910E-002   186.77134935026061     
   5.1714898900579641E-002   186.66730245949580     
   5.2167837051730226E-002   186.56148611845811     
   5.2624742202200724E-002   186.45387132768138     
   5.3085649096433755E-002   186.34442865116986     
   5.3550592783176573E-002   186.23312821122840     
   5.4019608618146288E-002   186.11993968328520     
   5.4492732266718427E-002   186.00483229071011     
   5.4969999706639010E-002   185.88777479963062     
   5.5451447230760426E-002   185.76873551374828     
   5.5937111449801249E-002   185.64768226915936     
   5.6427029295130215E-002   185.52458242918135     
   5.6921238021574616E-002   185.39940287919023     
   5.7419775210253245E-002   185.27211002147061     
   5.7922678771434200E-002   185.14266977008253     
   5.8429986947417668E-002   185.01104754574911     
   5.8941738315444026E-002   184.87720827076845     
   5.9457971790627326E-002   184.74111636395361     
   5.9978726628914528E-002   184.60273573560545     
   6.0504042430070668E-002   184.46202978252208     
   6.1033959140690125E-002   184.31896138305007     
   6.1568517057234269E-002   184.17349289218151     
   6.2107756829095730E-002   184.02558613670246     
   6.2651719461689515E-002   183.87520241039741     
   6.3200446319571182E-002   183.72230246931534     
   6.3753979129582292E-002   183.56684652710334     
   6.4312359984023501E-002   183.40879425041265     
   6.4875631343855322E-002   183.24810475438372     
   6.5443836041927037E-002   183.08473659821684     
   6.6017017286233798E-002   182.91864778083391     
   6.6595218663202324E-002   182.74979573663899     
   6.7178484141005301E-002   182.57813733138403     
   6.7766858072904931E-002   182.40362885814733     
   6.8360385200625609E-002   182.22622603343180     
   6.8959110657756229E-002   182.04588399339184     
   6.9563079973182326E-002   181.86255729019538     
   7.0172339074548187E-002   181.67619988853082     
   7.0786934291749357E-002   181.48676516226689     
   7.1406912360455654E-002   181.29420589127426     
   7.2032320425665167E-002   181.09847425841883     
   7.2663206045289211E-002   180.89952184673547     
   7.3299617193768887E-002   180.69729963679254     
   7.3941602265723064E-002   180.49175800425820     
   7.4589210079628557E-002   180.28284671767733     
   7.5242489881532440E-002   180.07051493647185     
   7.5901491348796757E-002   179.85471120917481     
   7.6566264593876263E-002   179.63538347191007     
   7.7236860168129001E-002   179.41247904712966     
   7.7913329065660522E-002   179.18594464262179     
   7.8595722727201500E-002   178.95572635080120     
   7.9284093044019496E-002   178.72176964829643     
   7.9978492361864953E-002   178.48401939584693     
   8.0678973484951677E-002   178.24241983852383     
   8.1385589679972239E-002   177.99691460629006     
   8.2098394680148595E-002   177.74744671491300     
   8.2817442689317983E-002   177.49395856724701     
   8.3542788386054875E-002   177.23639195489991     
   8.4274486927828879E-002   176.97468806030074     
   8.5012593955199042E-002   176.70878745918554     
   8.5757165596044932E-002   176.43863012351756     
   8.6508258469834773E-002   176.16415542486052     
   8.7265929691930977E-002   175.88530213822273     
   8.8030236877933363E-002   175.60200844639030     
   8.8801238148060430E-002   175.31421194476940     
   8.9578992131568932E-002   175.02184964675692     
   9.0363557971212330E-002   174.72485798965880     
   9.1154995327738048E-002   174.42317284117880     
   9.1953364384424391E-002   174.11672950649645     
   9.2758725851657023E-002   173.80546273595755     
   9.3571140971545466E-002   173.48930673339882     
   9.4390671522580308E-002   173.16819516512967     
   9.5217379824330872E-002   172.84206116959410     
   9.6051328742184264E-002   172.51083736773629     
   9.6892581692125820E-002   172.17445587409557     
   9.7741202645561479E-002   171.83284830865335     
   9.8597256134182312E-002   171.48594580945942     
   9.9460807254871775E-002   171.13367904606250     
  0.10033192167465578        170.77597823377133     
  0.10121066563569628        170.41277314877399     
  0.10209710596032850        170.04399314414201     
  0.10299131005614234        169.66956716674744     
  0.10389334592110819        169.28942377512186     
  0.10480328214874776        168.90349115828508     
  0.10572118793335010        168.51169715557415     
  0.10664713307523335        168.11396927750130     
  0.10758118798605260        167.71023472767197     
  0.10852342369415413        167.30042042579311     
  0.10947391184997668        166.88445303180291     
  0.11043272473149998        166.46225897115343     
  0.11139993524974091        166.03376446127811     
  0.11237561695429797        165.59889553927616     
  0.11335984403894407        165.15757809084621     
  0.11435269134726866        164.70973788050236     
  0.11535423437836885        164.25530058310522     
  0.11636454929259067        163.79419181674132     
  0.11738371291732062        163.32633717698474     
  0.11841180275282770        162.85166227257361     
  0.11944889697815689        162.37009276253613     
  0.12049507445707403        161.88155439479894     
  0.12155041474406293        161.38597304631244     
  0.12261499809037488        160.88327476472591     
  0.12368890545013121        160.37338581164647     
  0.12477221848647931        159.85623270751540     
  0.12586501957780252        159.33174227813441     
  0.12696739182398445        158.79984170287534     
  0.12807941905272807        158.26045856460559     
  0.12920118582593032        157.71352090136119     
  0.13033277744611241        157.15895725979954     
  0.13147427996290650        156.59669675046183     
  0.13262578017959911        156.02666910487685     
  0.13378736565973195        155.44880473453389     
  0.13495912473376057        154.86303479175496     
  0.13614114650577114        154.26929123249261     
  0.13733352086025633        153.66750688108073     
  0.13853633846895028        153.05761549696254     
  0.13974969079772367        152.43955184342141     
  0.14097367011353892        151.81325175833459     
  0.14220836949146662        151.17865222697253     
  0.14345388282176308        150.53569145686248     
  0.14471030481701005        149.88430895473280     
  0.14597773101931710        149.22444560555400     
  0.14725625780758675        148.55604375368921     
  0.14854598240484346        147.87904728616434     
  0.14984700288562688        147.19340171806675     
  0.15115941818344952        146.49905428007710     
  0.15248332809832019        145.79595400813736     
  0.15381883330433282        145.08405183525389     
  0.15516603535732232        144.36330068543279     
  0.15652503670258697        143.63365556973883     
  0.15789594068267870        142.89507368446812     
  0.15927885154526172        142.14751451141865     
  0.16067387445103970        141.39093992024129     
  0.16208111548175241        140.62531427284583     
  0.16350068164824272        139.85060452983566     
  0.16493268089859389        139.06678035893822     
  0.16637722212633824        138.27381424539269     
  0.16783441517873787        137.47168160425264     
  0.16930437086513769        136.66036089455477     
  0.17078720096539163        135.83983373529912     
  0.17228301823836284        135.01008502318044     
  0.17379193643049823        134.17110305200373     
  0.17531407028447796        133.32287963371070     
  0.17684953554794083        132.46541022093658     
  0.17839844898228632        131.59869403100956     
  0.17996092837155306        130.72273417129873     
  0.18153709253137587        129.83753776580656     
  0.18312706131802070        128.94311608289667     
  0.18473095563749881        128.03948466403682     
  0.18634889745476094        127.12666345343044     
  0.18798100980297175        126.20467692839996     
  0.18962741679286579        125.27355423037697     
  0.19128824362218519        124.33332929634436     
  0.19296361658520000        123.38404099056609     
  0.19465366308231208        122.42573323643110     
  0.19635851162974305        121.45845514822622     
  0.19807829186930687        120.48226116264503     
  0.19981313457826833        119.49721116982636     
  0.20156317167928778        118.50337064370791     
  0.20332853625045283        117.50081077146781     
  0.20510936253539799        116.48960858181718     
  0.20690578595351317        115.46984707189435     
  0.20871794311024103        114.44161533250140     
  0.21054597180746520        113.40500867141094     
  0.21239001105398894        112.36012873446109     
  0.21425020107610593        111.30708362414333     
  0.21612668332826335        110.24598801537815     
  0.21801960050381861        109.17696326816068     
  0.21992909654589021        108.10013753674767     
  0.22185531665830346        107.01564587504561     
  0.22379840731663236        105.92363033784895     
  0.22575851627933802        104.82424007756579     
  0.22773579259900451        103.71763143605844     
  0.22973038663367351        102.60396803121519     
  0.23174245005827782        101.48342083785978     
  0.23377213587617521        100.35616826259559     
  0.23581959843078326        99.222396212171560     
  0.23788499341731620        98.082298154949612     
  0.23996847789462417        96.936075175043499     
  0.24207021029713674        95.783936018692856     
  0.24419035044691068        94.626097132429095     
  0.24632905956578319        93.462782692584057     
  0.24848650028763167        92.294224625687022     
  0.25066283667074113        91.120662619291949     
  0.25285823421027948        89.942344122774188     
  0.25507285985088229        88.759524337633664     
  0.25730688199934787        87.572466196840651     
  0.25956047053744324        86.381440332762423     
  0.26183379683482266        85.186725033209513     
  0.26412703376205898        83.988606185145514     
  0.26644035570378932        82.787377205608550     
  0.26877393857197562        81.583338959400663     
  0.27112795981928173        80.376799663108855     
  0.27350259845256736        79.168074775033617     
  0.27589803504650023        77.957486870612769     
  0.27831445175728764        76.745365502943017     
  0.28075203233652807        75.532047048019038     
  0.28321096214518426        74.317874534329263     
  0.28569142816767862        73.103197456468394     
  0.28819361902611207        71.888371572451291     
  0.29071772499460735        70.673758684439150     
  0.29326393801377826        69.459726402617960     
  0.29583245170532513        68.246647892000937     
  0.29842346138675857        67.034901601960712     
  0.30103716408625208        65.824870978334971     
  0.30367375855762435        64.616944157987973     
  0.30633344529545337        63.411513645754056     
  0.30901642655032258        62.208975973734248     
  0.31172290634420058        61.009731342965452     
  0.31445309048595571        59.814183247532910     
  0.31720718658700597        58.622738081250446     
  0.31998540407710707        57.435804727089476     
  0.32278795422027734        56.253794129597644     
  0.32561505013086367        55.077118850608748     
  0.32846690678974666        53.906192608611519     
  0.33134374106068887        52.741429802209908     
  0.33424577170682573        51.583245018177706     
  0.33717321940730055        50.432052524681502     
  0.34012630677404626        49.288265750317180     
  0.34310525836871303        48.152296749682563     
  0.34611030071974491        47.024555656282203     
  0.34914166233960520        45.905450123639497     
  0.35219957374215405        44.795384755567746     
  0.35528426746017677        43.694760526632294     
  0.35839597806306650        42.603974193913160     
  0.36153494217466159        41.523417701257060     
  0.36470139849123945        40.453477577286115     
  0.36789558779966730        39.394534328507589     
  0.37111775299571242        38.346961828944387     
  0.37436813910251293        37.311126707781114     
  0.37764699328920998        36.287387736591114     
  0.38095456488974300        35.276095217779357     
  0.38429110542181005        34.277590375940811     
  0.38765686860599413        33.292204753895867     
  0.39105211038505633        32.320259615221175     
  0.39447708894339895        31.362065355145322     
  0.39793206472669851        30.417920921726079     
  0.40141730046171081        29.488113249264657     
  0.40493306117624928        28.572916705946284     
  0.40847961421933882        27.672592557720932     
  0.41205722928154553        26.787388450456763     
  0.41566617841548503        25.917537912406743     
  0.41930673605651009        25.063259879029211     
  0.42297917904357918        24.224758242193253     
  0.42668378664030887        23.402221425779672     
  0.43042084055620905        22.595821989658052     
  0.43419062496810557        21.805716263978365     
  0.43799342654174972        21.032044015663239     
  0.44182953445361700        20.274928148922143     
  0.44569924041289721        19.534474441532197     
  0.44960283868367673        18.810771318542066     
  0.45354062610731521        18.103889664954497     
  0.45751290212501861        17.413882678830149     
  0.46151996880060914        16.740785766130713     
  0.46556213084349540        16.084616478481919     
  0.46963969563184343        15.445374494888803     
  0.47375297323595039        14.823041648275648     
  0.47790227644182365        14.217581997552081     
  0.48208792077496554        13.628941945726307     
  0.48631022452436717        13.057050404395351     
  0.49056950876671201        12.501819004743680     
  0.49486609739079140        11.963142354974005     
  0.49920031712213420        11.440898343880590     
  0.50357249754785194        10.934948490056112     
  0.50798297114170154        10.445138335999273     
  0.51243207328936768        9.9712978861638231     
  0.51692014231396644        9.5132420877615207     
  0.52144751950177259        9.0707713529033747     
  0.52601454912817192        8.6436721204371985     
  0.53062157848384084        8.2317174556162680     
  0.53526895790115581        7.8346676855159814     
  0.53995704078083318        7.4522710679044160     
  0.54468618361880305        7.0842644910701198     
  0.54945674603331851        6.7303742019188491     
  0.55426909079230169        6.3903165594714277     
  0.55912358384093008        6.0637988107295095     
  0.56402059432946372        5.7505198857266580     
  0.56896049464131726        5.4501712084501506     
  0.57394366042137590        5.1624375202063213     
  0.57897047060456175        4.8869977119096344     
  0.58404130744464833        4.6235256617059042     
  0.58915655654332899        4.3716910742923361     
  0.59431660687953858        4.1311603182743530     
  0.59952185083903298        3.9015972579005580     
  0.60477268424422737        3.6826640755446816     
  0.61006950638429513        3.4740220813562441     
  0.61541272004553194        3.2753325065807237     
  0.62080273154198395        3.0862572771549228     
  0.62623995074634575        2.9064597643133170     
  0.63172479112112800        2.7356055090963167     
  0.63725766975009879        2.5733629178300399     
  0.64283900736999888        2.4194039258486475     
  0.64846922840253751        2.2734046269525585     
  0.65414876098666486        2.1350458663379808     
  0.65987803701113024        2.0040137949919119     
  0.66565749214732417        1.8800003838213764     
  0.67148756588240721        1.7627038960724246     
  0.67736870155273088        1.6518293168914373     
  0.68330134637755002        1.5470887391856443     
  0.68928595149303040        1.4482017052483658     
  0.69532297198655446        1.3548955039245563     
  0.70141286693132809        1.2669054234005777     
  0.70755609942128950        1.1839749600057885     
  0.71375313660632422        1.1058559837092921     
  0.72000444972778865        1.0323088612802662     
  0.72631051415434500       0.96310253835165416     
  0.73267180941810905       0.89801458188202321     
  0.73908881925111636       0.83683118474643059     
  0.74556203162210521       0.77934713440204306     
  0.75209193877362457       0.72536574776577012     
  0.75867903725946473       0.67469877460775785     
  0.76532382798241738       0.62716627190461982     
  0.77202681623236569       0.58259645170884045     
  0.77878851172470753       0.54082550517500183     
  0.78560942863911642       0.50169740543911057     
  0.79249008565864076       0.46506369207433867     
  0.79943100600914685       0.43078323984530936     
  0.80643271749910550       0.39872201445454414     
  0.81349575255972884       0.36875281791983505     
  0.82062064828545811       0.34075502614177750     
  0.82780794647480538       0.31461432111814813     
  0.83505819367155387       0.29022242013838123     
  0.84237194120631909       0.26747680414943797     
  0.84974974523847291       0.24628044732635637     
  0.85719216679843613       0.22654154970943410     
  0.86469977183034119       0.20817327458815293     
  0.87227313123506733       0.19109349212245605     
  0.87991282091365475       0.17522453049771025     
  0.88761942181109665       0.16049293571353537     
  0.89539351996051730       0.14682924091135557     
  0.90323570652773477       0.13416774595374478     
  0.91114657785621533       0.12244630778281217     
  0.91912673551242141       0.11160614190732042     
  0.92717678633155576       0.10159163520095579     
  0.93529734246370855        9.2350170038928994E-002
  0.94348902142040514        8.3831959658393615E-002
  0.95175244612156507        7.5989894501133901E-002
  0.96008824494286982        6.8779399185526224E-002
  0.96849705176354728        6.2158299659404073E-002
  0.97697950601457273        5.6086700006446125E-002
  0.98553625272729417        5.0526868315962814E-002
  0.99416794258248165        4.5443130979185085E-002
   1.0028752319598073        4.0801774743730194E-002
   1.0116587829877588        3.6570955841039178E-002
   1.0205192635939888        3.2720615498209579E-002
   1.0294573475561066        2.9222401154597732E-002
   1.0384737145529148        2.6049592723512136E-002
   1.0475690502160926        2.3177033268841376E-002
   1.0567440461823350        2.0581063504058826E-002
   1.0659994001459461        1.8239459565227198E-002
   1.0753358159118933        1.6131373558853617E-002
   1.0847540034493282        1.4237276438265707E-002
   1.0942546789455734        1.2538902817167595E-002
   1.1038385648605844        1.1019197384869036E-002
   1.1135063899818873        9.6622626431450108E-003
   1.1232588894799984        8.4533077386825337E-003
   1.1330968049643275        7.3785982166495821E-003
   1.1430208845395742        6.4254065692650689E-003
   1.1530318828626136        5.5819634976976588E-003
   1.1631305611998852        4.8374098456564945E-003
   1.1733176874852800        4.1817491982968948E-003
   1.1835940363785369        3.6058011703152103E-003
   1.1939603893241508        3.1011554322573774E-003
   1.2044175346107957        2.6601265441382480E-003
   1.2149662674312685        2.2757096805939504E-003
   1.2256073899429567        1.9415373421959152E-003
   1.2363417113288395        1.6518371535449070E-003
   1.2471700478590182        1.4013908507071579E-003
   1.2580932229527884        1.1854945588686515E-003
   1.2691120672412559        9.9992045622162868E-004
   1.2802274186304994        8.4087991253113388E-004
   1.2914401223652887        7.0498818104041089E-004
   1.3027510310933590        5.8923071083913381E-004
   1.3141610049302472        4.9093113400049690E-004
   1.3256709115247012        4.0772096813273417E-004
   1.3372816261246554        3.3751106089734969E-004
   1.3489940316437885        2.7846478889385640E-004
   1.3608090187286626        2.2897300943319936E-004
   1.3727274858264507        1.8763075040863618E-004
   1.3847503392532581        1.5321561096907368E-004
   1.3968784932630398        1.2466783420493171E-004
   1.4091128701171245        1.0107200272517535E-004
   1.4214544001543452        8.1640298947564495E-005
   1.4339040218617864        6.5697264212760304E-005
   1.4464626819461472        5.2665984499422867E-005
   1.4591313354057343        4.2055625560196738E-005
   1.4719109456030801        3.3450236685779130E-005
   1.4848024843382028        2.6498739978219758E-005
   1.4978069319225022        2.0906020895862724E-005
   1.5109252772533082        1.6425035824119451E-005
   1.5241585178890766        1.2849853418891494E-005
   1.5375076601252486        1.0009548344281286E-005
   1.5509737190707722        7.7628686595281358E-006
   1.5645577187252933        5.9936013765673262E-006
   1.5782606920570244        4.6065644854384267E-006
   1.5920836810812944        3.5241579104256396E-006
   1.6060277369397873        2.6834103022431284E-006
   1.6200939199804720        2.0334631860846607E-006
   1.6342832998382375        1.5334386769613234E-006
   1.6485969555162285        1.1506416581736532E-006
   1.6630359754678976        8.5905192298709677E-007
   1.6776014576797731        6.3806624205190419E-007
   1.6922945097549558        4.7145458961897576E-007
   1.7071162489973406        3.4649880088411412E-007
   1.7220678024965841        2.5328571187772420E-007
   1.7371503072138081        1.8413033272819889E-007
   1.7523649100680598        1.3310781391659488E-007
   1.7677127680235263        9.5675879854244149E-008
   1.7831950481775127        6.8372027701812434E-008
   1.7988129278491938        4.8572130069641833E-008
   1.8145675946691391        3.4299150602241600E-008
   1.8304602466696247        2.4072497198330222E-008
   1.8464920923757351        1.6790116799886138E-008
   1.8626643508972627        1.1636797812390382E-008
   1.8789782520214136        8.0133115380370240E-009
   1.8954350363063233        5.4820128643148914E-009
   1.9120359551753923        3.7253527936643294E-009
   1.9287822710124496        2.5144503513915596E-009
   1.9456752572577463        1.6854469710531752E-009
   1.9627161985047936        1.1218392930806827E-009
   1.9799063905980456        7.4137161501292454E-010
   1.9972471407314401        4.8638065500286882E-010
