                                                  
                                                                                                                                                                                                                                                                
                                                                                                                                                                                                                                                                
        SCF,CCSD
   -848.4055366,   -849.2046186
   -848.3856567,   -849.1773371
   -848.2491463,   -849.0754588
   -848.2029265,   -848.9564484
   -848.1864354,   -848.9547020
   -847.7304000,   -848.4608314
   -846.7491413,   -847.4524389
   -845.1906559,   -845.8654557
   -811.0470688,   -811.4742172
   -848.3717704,   -849.2050583
                                                  
                                                                                                                                                                                                                                                                
