   4.3859546913937069E-006   26.501346938934660     
   4.4244176676404469E-006   26.501346939152000     
   4.4632179479967476E-006   26.501346939356750     
   4.5023584904776523E-006   26.501346939083021     
   4.5418422790387509E-006   26.501346938796274     
   4.5816723238036684E-006   26.501346939427577     
   4.6218516612935423E-006   26.501346939579747     
   4.6623833546585275E-006   26.501346939252528     
   4.7032704939113134E-006   26.501346939842648     
   4.7445161961627014E-006   26.501346939021573     
   4.7861236058592410E-006   26.501346939117383     
   4.8280958950229550E-006   26.501346939664103     
   4.8704362634931637E-006   26.501346939264550     
   4.9131479391704306E-006   26.501346938384074     
   4.9562341782626507E-006   26.501346938885092     
   4.9996982655332874E-006   26.501346939370336     
   5.0435435145518006E-006   26.501346939373803     
   5.0877732679462564E-006   26.501346938429634     
   5.1323908976581663E-006   26.501346938400161     
   5.1773998051995430E-006   26.501346938819438     
   5.2228034219122331E-006   26.501346938755802     
   5.2686052092295048E-006   26.501346938674658     
   5.3148086589399366E-006   26.501346938109975     
   5.3614172934536268E-006   26.501346938458539     
   5.4084346660707238E-006   26.501346938322911     
   5.4558643612523264E-006   26.501346938168524     
   5.5037099948937442E-006   26.501346938460642     
   5.5519752146001699E-006   26.501346938267631     
   5.6006636999647537E-006   26.501346938054866     
   5.6497791628491345E-006   26.501346937821893     
   5.6993253476664103E-006   26.501346938034089     
   5.7493060316666087E-006   26.501346938225424     
   5.7997250252246477E-006   26.501346937929839     
   5.8505861721308308E-006   26.501346938078314     
   5.9018933498838828E-006   26.501346937273468     
   5.9536504699865631E-006   26.501346937377576     
   6.0058614782438589E-006   26.501346936993230     
   6.0585303550638102E-006   26.501346937517042     
   6.1116611157609574E-006   26.501346937551602     
   6.1652578108624609E-006   26.501346937562175     
   6.2193245264168971E-006   26.501346937315475     
   6.2738653843057704E-006   26.501346937276764     
   6.3288845425577489E-006   26.501346937212759     
   6.3843861956656614E-006   26.501346936890172     
   6.4403745749062749E-006   26.501346937007071     
   6.4968539486628726E-006   26.501346937097310     
   6.5538286227506589E-006   26.501346936694773     
   6.6113029407450296E-006   26.501346936730300     
   6.6692812843127035E-006   26.501346936737747     
   6.7277680735457754E-006   26.501346936250940     
   6.7867677672986855E-006   26.501346937132041     
   6.8462848635281486E-006   26.501346936819374     
   6.9063238996360707E-006   26.501346936476608     
   6.9668894528154585E-006   26.501346936568865     
   7.0279861403993773E-006   26.501346936164282     
   7.0896186202129568E-006   26.501346936193585     
   7.1517915909284939E-006   26.501346935957798     
   7.2145097924236639E-006   26.501346935921958     
   7.2777780061428733E-006   26.501346935852666     
   7.3416010554617806E-006   26.501346935749353     
   7.4059838060550239E-006   26.501346935611423     
   7.4709311662671556E-006   26.501346935438221     
   7.5364480874868432E-006   26.501346935461982     
   7.6025395645243502E-006   26.501346935216418     
   7.6692106359923219E-006   26.501346934933764     
   7.7364663846899181E-006   26.501346935311801     
   7.8043119379903039E-006   26.501346934952807     
   7.8727524682315502E-006   26.501346934787591     
   7.9417931931109555E-006   26.501346935048161     
   8.0114393760828277E-006   26.501346934569739     
   8.0816963267597509E-006   26.501346934748568     
   8.1525694013173790E-006   26.501346934419786     
   8.2240640029027697E-006   26.501346934048286     
   8.2961855820463055E-006   26.501346934098962     
   8.3689396370772292E-006   26.501346934338301     
   8.4423317145428118E-006   26.501346933601241     
   8.5163674096312099E-006   26.501346933982575     
   8.5910523665980281E-006   26.501346933851664     
   8.6663922791966135E-006   26.501346933440459     
   8.7423928911121345E-006   26.501346933213853     
   8.8190599963994583E-006   26.501346933170964     
   8.8963994399248764E-006   26.501346933078082     
   8.9744171178116949E-006   26.501346932934382     
   9.0531189778897432E-006   26.501346932738898     
   9.1325110201488093E-006   26.501346932257945     
   9.2125992971960712E-006   26.501346932421882     
   9.2933899147175168E-006   26.501346932298446     
   9.3748890319434375E-006   26.501346932352362     
   9.4571028621179740E-006   26.501346932116974     
   9.5400376729728110E-006   26.501346931824116     
   9.6236997872049922E-006   26.501346931938428     
   9.7080955829589613E-006   26.501346931294762     
   9.7932314943127947E-006   26.501346931288992     
   9.8791140117687350E-006   26.501346931221633     
   9.9657496827479874E-006   26.501346930858745     
   1.0053145112089889E-005   26.501346930664852     
   1.0141306962555443E-005   26.501346930871648     
   1.0230241955335252E-005   26.501346930313900     
   1.0319956870561934E-005   26.501346930387427     
   1.0410458547827020E-005   26.501346930159656     
   1.0501753886702375E-005   26.501346929629420     
   1.0593849847266204E-005   26.501346929726822     
   1.0686753450633673E-005   26.501346929286427     
   1.0780471779492167E-005   26.501346929238309     
   1.0875011978641257E-005   26.501346928882754     
   1.0970381255537406E-005   26.501346928683944     
   1.1066586880843428E-005   26.501346928640686     
   1.1163636188982796E-005   26.501346928518728     
   1.1261536578698777E-005   26.501346928083876     
   1.1360295513618517E-005   26.501346927567511     
   1.1459920522822023E-005   26.501346927666702     
   1.1560419201416162E-005   26.501346927215906     
   1.1661799211113690E-005   26.501346926912021     
   1.1764068280817369E-005   26.501346926986429     
   1.1867234207209170E-005   26.501346926273413     
   1.1971304855344696E-005   26.501346926168395     
   1.2076288159252762E-005   26.501346925971319     
   1.2182192122540292E-005   26.501346925447677     
   1.2289024819002460E-005   26.501346925527173     
   1.2396794393238232E-005   26.501346925043975     
   1.2505509061271276E-005   26.501346924927702     
   1.2615177111176330E-005   26.501346924710901     
   1.2725806903711055E-005   26.501346924159094     
   1.2837406872953439E-005   26.501346924085254     
   1.2949985526944787E-005   26.501346923672685     
   1.3063551448338339E-005   26.501346923152397     
   1.3178113295053594E-005   26.501346922988091     
   1.3293679800936359E-005   26.501346922712202     
   1.3410259776424593E-005   26.501346922322767     
   1.3527862109220085E-005   26.501346922050601     
   1.3646495764966028E-005   26.501346921777241     
   1.3766169787930529E-005   26.501346921500698     
   1.3886893301696127E-005   26.501346921335170     
   1.4008675509855332E-005   26.501346920696506     
   1.4131525696712287E-005   26.501346920164565     
   1.4255453227990570E-005   26.501346920086377     
   1.4380467551547225E-005   26.501346919528402     
   1.4506578198093006E-005   26.501346919186773     
   1.4633794781919006E-005   26.501346918709942     
   1.4762127001629592E-005   26.501346918328323     
   1.4891584640881814E-005   26.501346918039502     
   1.5022177569131273E-005   26.501346917608203     
   1.5153915742384539E-005   26.501346917264726     
   1.5286809203958173E-005   26.501346916773713     
   1.5420868085244392E-005   26.501346916365407     
   1.5556102606483458E-005   26.501346915804277     
   1.5692523077542836E-005   26.501346915436869     
   1.5830139898703190E-005   26.501346914911267     
   1.5968963561451271E-005   26.501346914690316     
   1.6109004649279738E-005   26.501346914072627     
   1.6250273838494041E-005   26.501346913521047     
   1.6392781899026331E-005   26.501346913149064     
   1.6536539695256522E-005   26.501346912604419     
   1.6681558186840579E-005   26.501346912116901     
   1.6827848429546020E-005   26.501346911450526     
   1.6975421576094803E-005   26.501346911184328     
   1.7124288877013555E-005   26.501346910500104     
   1.7274461681491293E-005   26.501346909976746     
   1.7425951438244633E-005   26.501346909378043     
   1.7578769696390632E-005   26.501346908817055     
   1.7732928106327220E-005   26.501346908057485     
   1.7888438420621434E-005   26.501346907794414     
   1.8045312494905360E-005   26.501346907092852     
   1.8203562288779992E-005   26.501346906531325     
   1.8363199866726996E-005   26.501346905756833     
   1.8524237399028459E-005   26.501346905347816     
   1.8686687162694710E-005   26.501346904601860     
   1.8850561542400304E-005   26.501346903980817     
   1.9015873031428170E-005   26.501346903247821     
   1.9182634232622072E-005   26.501346902631724     
   1.9350857859347404E-005   26.501346901895630     
   1.9520556736460430E-005   26.501346901035333     
   1.9691743801285993E-005   26.501346900628675     
   1.9864432104603849E-005   26.501346900089317     
   2.0038634811643566E-005   26.501346899063520     
   2.0214365203088270E-005   26.501346898478261     
   2.0391636676087060E-005   26.501346897514026     
   2.0570462745276398E-005   26.501346896864675     
   2.0750857043810428E-005   26.501346896176244     
   2.0932833324400311E-005   26.501346895211157     
   2.1116405460362692E-005   26.501346894430185     
   2.1301587446677370E-005   26.501346893362694     
   2.1488393401054214E-005   26.501346892702145     
   2.1676837565009475E-005   26.501346891861289     
   2.1866934304951504E-005   26.501346890834952     
   2.2058698113276004E-005   26.501346890083454     
   2.2252143609470889E-005   26.501346889252119     
   2.2447285541230828E-005   26.501346888335490     
   2.2644138785581553E-005   26.501346887444299     
   2.2842718350014065E-005   26.501346886223644     
   2.3043039373628736E-005   26.501346885482604     
   2.3245117128289474E-005   26.501346884284033     
   2.3448967019788006E-005   26.501346883436696     
   2.3654604589018363E-005   26.501346882352550     
   2.3862045513161683E-005   26.501346881258058     
   2.4071305606881371E-005   26.501346880379799     
   2.4282400823528786E-005   26.501346879129244     
   2.4495347256359449E-005   26.501346878198291     
   2.4710161139759965E-005   26.501346876881797     
   2.4926858850485672E-005   26.501346875987906     
   2.5145456908909163E-005   26.501346874752983     
   2.5365971980279739E-005   26.501346873577404     
   2.5588420875993920E-005   26.501346872337677     
   2.5812820554877100E-005   26.501346871026470     
   2.6039188124476438E-005   26.501346869927403     
   2.6267540842365065E-005   26.501346868683754     
   2.6497896117457772E-005   26.501346867345944     
   2.6730271511338206E-005   26.501346866022658     
   2.6964684739597710E-005   26.501346864705965     
   2.7201153673185894E-005   26.501346863329502     
   2.7439696339773091E-005   26.501346861943318     
   2.7680330925124691E-005   26.501346860538945     
   2.7923075774487613E-005   26.501346859282592     
   2.8167949393988853E-005   26.501346857816259     
   2.8414970452046362E-005   26.501346856189343     
   2.8664157780792245E-005   26.501346854625751     
   2.8915530377508487E-005   26.501346853058067     
   2.9169107406075229E-005   26.501346851651647     
   2.9424908198431788E-005   26.501346850047753     
   2.9682952256050432E-005   26.501346848411430     
   2.9943259251423153E-005   26.501346846907438     
   3.0205849029561398E-005   26.501346845060198     
   3.0470741609509013E-005   26.501346843558053     
   3.0737957185868436E-005   26.501346841692111     
   3.1007516130340266E-005   26.501346840033989     
   3.1279438993276338E-005   26.501346838223782     
   3.1553746505246427E-005   26.501346836366963     
   3.1830459578618663E-005   26.501346834568892     
   3.2109599309153858E-005   26.501346832643691     
   3.2391186977613760E-005   26.501346830696264     
   3.2675244051383433E-005   26.501346828773251     
   3.2961792186107875E-005   26.501346826804422     
   3.3250853227342974E-005   26.501346824719604     
   3.3542449212220947E-005   26.501346822739265     
   3.3836602371130385E-005   26.501346820618096     
   3.4133335129411025E-005   26.501346818517959     
   3.4432670109063391E-005   26.501346816309450     
   3.4734630130473438E-005   26.501346814095882     
   3.5039238214152283E-005   26.501346811863812     
   3.5346517582491254E-005   26.501346809541303     
   3.5656491661532259E-005   26.501346807289167     
   3.5969184082753734E-005   26.501346804918597     
   3.6284618684872241E-005   26.501346802473421     
   3.6602819515659841E-005   26.501346800055387     
   3.6923810833777432E-005   26.501346797591395     
   3.7247617110624182E-005   26.501346795066297     
   3.7574263032203070E-005   26.501346792406451     
   3.7903773501003001E-005   26.501346789887180     
   3.8236173637897163E-005   26.501346787259678     
   3.8571488784058272E-005   26.501346784391274     
   3.8909744502890425E-005   26.501346781672879     
   3.9250966581978023E-005   26.501346778796574     
   3.9595181035051739E-005   26.501346775978107     
   3.9942414103971706E-005   26.501346773083583     
   4.0292692260728111E-005   26.501346769920644     
   4.0646042209459367E-005   26.501346767111528     
   4.1002490888487931E-005   26.501346763939353     
   4.1362065472374011E-005   26.501346760851106     
   4.1724793373987257E-005   26.501346757711246     
   4.2090702246596660E-005   26.501346754384144     
   4.2459819985978736E-005   26.501346751199264     
   4.2832174732544202E-005   26.501346747787267     
   4.3207794873483354E-005   26.501346744418868     
   4.3586709044930190E-005   26.501346740898612     
   4.3968946134145527E-005   26.501346737380004     
   4.4354535281719329E-005   26.501346733783379     
   4.4743505883792256E-005   26.501346730028558     
   4.5135887594296727E-005   26.501346726384384     
   4.5531710327217681E-005   26.501346722595372     
   4.5931004258873112E-005   26.501346718754803     
   4.6333799830214631E-005   26.501346714781079     
   4.6740127749148157E-005   26.501346710883126     
   4.7150018992875029E-005   26.501346706803787     
   4.7563504810253595E-005   26.501346702634805     
   4.7980616724181535E-005   26.501346698409151     
   4.8401386533999083E-005   26.501346694159480     
   4.8825846317913300E-005   26.501346689801522     
   4.9254028435443581E-005   26.501346685366968     
   4.9685965529888744E-005   26.501346680857864     
   5.0121690530815542E-005   26.501346676246897     
   5.0561236656569205E-005   26.501346671593296     
   5.1004637416805842E-005   26.501346666839623     
   5.1451926615047149E-005   26.501346661956859     
   5.1903138351257467E-005   26.501346657032002     
   5.2358307024443483E-005   26.501346652093304     
   5.2817467335276684E-005   26.501346646964805     
   5.3280654288738834E-005   26.501346641731743     
   5.3747903196790672E-005   26.501346636450052     
   5.4219249681063927E-005   26.501346631087415     
   5.4694729675577083E-005   26.501346625640338     
   5.5174379429474809E-005   26.501346620046434     
   5.5658235509791527E-005   26.501346614359107     
   5.6146334804239163E-005   26.501346608602148     
   5.6638714524019327E-005   26.501346602769615     
   5.7135412206660225E-005   26.501346596767576     
   5.7636465718878374E-005   26.501346590705253     
   5.8141913259465438E-005   26.501346584516568     
   5.8651793362200416E-005   26.501346578193079     
   5.9166144898787348E-005   26.501346571842021     
   5.9685007081818722E-005   26.501346565307983     
   6.0208419467764963E-005   26.501346558696923     
   6.0736421959990091E-005   26.501346551939406     
   6.1269054811793829E-005   26.501346545081702     
   6.1806358629480426E-005   26.501346538082032     
   6.2348374375454255E-005   26.501346530985302     
   6.2895143371342779E-005   26.501346523748197     
   6.3446707301146745E-005   26.501346516384871     
   6.4003108214418021E-005   26.501346508908881     
   6.4564388529465328E-005   26.501346501274611     
   6.5130591036588115E-005   26.501346493493884     
   6.5701758901338757E-005   26.501346485635935     
   6.6277935667813332E-005   26.501346477594552     
   6.6859165261971308E-005   26.501346469466398     
   6.7445491994984347E-005   26.501346461085348     
   6.8036960566614392E-005   26.501346452575376     
   6.8633616068621524E-005   26.501346444001427     
   6.9235503988201565E-005   26.501346435194705     
   6.9842670211453867E-005   26.501346426276541     
   7.0455161026879590E-005   26.501346417163546     
   7.1073023128910559E-005   26.501346407946016     
   7.1696303621469085E-005   26.501346398625969     
   7.2325050021559075E-005   26.501346388971598     
   7.2959310262888546E-005   26.501346379215732     
   7.3599132699523947E-005   26.501346369357492     
   7.4244566109576550E-005   26.501346359249169     
   7.4895659698921108E-005   26.501346349004166     
   7.5552463104947210E-005   26.501346338530965     
   7.6215026400343406E-005   26.501346327940666     
   7.6883400096914708E-005   26.501346317110460     
   7.7557635149433349E-005   26.501346306061919     
   7.8237782959523472E-005   26.501346294873684     
   7.8923895379579849E-005   26.501346283506734     
   7.9616024716720889E-005   26.501346271891748     
   8.0314223736776424E-005   26.501346260103844     
   8.1018545668310412E-005   26.501346248071172     
   8.1729044206678889E-005   26.501346235837190     
   8.2445773518123578E-005   26.501346223385781     
   8.3168788243901344E-005   26.501346210757760     
   8.3898143504449821E-005   26.501346197847141     
   8.4633894903589750E-005   26.501346184779237     
   8.5376098532763915E-005   26.501346171416287     
   8.6124810975313451E-005   26.501346157764431     
   8.6880089310791613E-005   26.501346144032254     
   8.7641991119315237E-005   26.501346129961149     
   8.8410574485954632E-005   26.501346115640388     
   8.9185898005161640E-005   26.501346101099273     
   8.9968020785236843E-005   26.501346086249470     
   9.0757002452835676E-005   26.501346071204637     
   9.1552903157514278E-005   26.501346055814906     
   9.2355783576315099E-005   26.501346040219943     
   9.3165704918392613E-005   26.501346024324818     
   9.3982728929679931E-005   26.501346008178530     
   9.4806917897595917E-005   26.501345991682825     
   9.5638334655793916E-005   26.501345974912340     
   9.6477042588951928E-005   26.501345957881711     
   9.7323105637604949E-005   26.501345940574851     
   9.8176588303019503E-005   26.501345922886230     
   9.9037555652111068E-005   26.501345904912483     
   9.9906073322404614E-005   26.501345886660914     
   1.0078220752703855E-004   26.501345868064107     
   1.0166602505981264E-004   26.501345849125528     
   1.0255759330028012E-004   26.501345829832047     
   1.0345698021888460E-004   26.501345810226780     
   1.0436425438214184E-004   26.501345790307084     
   1.0527948495786706E-004   26.501345769980901     
   1.0620274172044815E-004   26.501345749328635     
   1.0713409505616493E-004   26.501345728312231     
   1.0807361596855534E-004   26.501345706891243     
   1.0902137608382841E-004   26.501345685124932     
   1.0997744765632493E-004   26.501345662968475     
   1.1094190357402572E-004   26.501345640374581     
   1.1191481736410866E-004   26.501345617453751     
   1.1289626319855389E-004   26.501345594095767     
   1.1388631589979870E-004   26.501345570348064     
   1.1488505094644159E-004   26.501345546168210     
   1.1589254447899659E-004   26.501345521554924     
   1.1690887330569803E-004   26.501345496504285     
   1.1793411490835610E-004   26.501345471009870     
   1.1896834744826385E-004   26.501345445047889     
   1.2001164977215593E-004   26.501345418664613     
   1.2106410141821972E-004   26.501345391801777     
   1.2212578262215897E-004   26.501345364485474     
   1.2319677432331080E-004   26.501345336666219     
   1.2427715817081624E-004   26.501345308349812     
   1.2536701652984488E-004   26.501345279524571     
   1.2646643248787428E-004   26.501345250233925     
   1.2757548986102406E-004   26.501345220372741     
   1.2869427320044599E-004   26.501345190021880     
   1.2982286779876986E-004   26.501345159113640     
   1.3096135969660588E-004   26.501345127649643     
   1.3210983568910428E-004   26.501345095671894     
   1.3326838333257206E-004   26.501345063102804     
   1.3443709095114833E-004   26.501345029963034     
   1.3561604764353760E-004   26.501344996226152     
   1.3680534328980261E-004   26.501344961920495     
   1.3800506855821633E-004   26.501344926983279     
   1.3921531491217440E-004   26.501344891435593     
   1.4043617461716778E-004   26.501344855265586     
   1.4166774074781714E-004   26.501344818457596     
   1.4291010719496823E-004   26.501344780992099     
   1.4416336867285014E-004   26.501344742860169     
   1.4542762072629572E-004   26.501344704078093     
   1.4670295973802589E-004   26.501344664599742     
   1.4798948293599746E-004   26.501344624404027     
   1.4928728840081536E-004   26.501344583509251     
   1.5059647507321031E-004   26.501344541900437     
   1.5191714276158148E-004   26.501344499572582     
   1.5324939214960573E-004   26.501344456487317     
   1.5459332480391333E-004   26.501344412630800     
   1.5594904318183117E-004   26.501344367970006     
   1.5731665063919376E-004   26.501344322583662     
   1.5869625143822284E-004   26.501344276356633     
   1.6008795075547576E-004   26.501344229314270     
   1.6149185468986420E-004   26.501344181448047     
   1.6290807027074256E-004   26.501344132729827     
   1.6433670546606751E-004   26.501344083169954     
   1.6577786919062947E-004   26.501344032686376     
   1.6723167131435550E-004   26.501343981366261     
   1.6869822267068577E-004   26.501343929131394     
   1.7017763506502309E-004   26.501343875956195     
   1.7167002128325656E-004   26.501343821824207     
   1.7317549510036001E-004   26.501343766785936     
   1.7469417128906589E-004   26.501343710726104     
   1.7622616562861529E-004   26.501343653698115     
   1.7777159491358437E-004   26.501343595662149     
   1.7933057696278869E-004   26.501343536586802     
   1.8090323062826510E-004   26.501343476492792     
   1.8248967580433291E-004   26.501343415321600     
   1.8409003343673399E-004   26.501343353052050     
   1.8570442553185359E-004   26.501343289714754     
   1.8733297516602146E-004   26.501343225246103     
   1.8897580649489506E-004   26.501343159619665     
   1.9063304476292468E-004   26.501343092874748     
   1.9230481631290165E-004   26.501343024927223     
   1.9399124859559045E-004   26.501342955787777     
   1.9569247017944512E-004   26.501342885387089     
   1.9740861076041085E-004   26.501342813764779     
   1.9913980117181176E-004   26.501342740894927     
   2.0088617339432505E-004   26.501342666714748     
   2.0264786056604299E-004   26.501342591240984     
   2.0442499699262280E-004   26.501342514417104     
   2.0621771815752576E-004   26.501342436236598     
   2.0802616073234621E-004   26.501342356677554     
   2.0985046258723065E-004   26.501342275717036     
   2.1169076280138887E-004   26.501342193316361     
   2.1354720167369667E-004   26.501342109471778     
   2.1541992073339199E-004   26.501342024127155     
   2.1730906275086462E-004   26.501341937290221     
   2.1921477174854050E-004   26.501341848908623     
   2.2113719301186167E-004   26.501341758957153     
   2.2307647310036236E-004   26.501341667415744     
   2.2503275985884212E-004   26.501341574269304     
   2.2700620242863725E-004   26.501341479471165     
   2.2899695125899069E-004   26.501341382986510     
   2.3100515811852202E-004   26.501341284814202     
   2.3303097610679759E-004   26.501341184884467     
   2.3507455966600261E-004   26.501341083204494     
   2.3713606459271517E-004   26.501340979712609     
   2.3921564804978382E-004   26.501340874394486     
   2.4131346857830907E-004   26.501340767202976     
   2.4342968610973012E-004   26.501340658130630     
   2.4556446197801767E-004   26.501340547100398     
   2.4771795893197338E-004   26.501340434154599     
   2.4989034114763727E-004   26.501340319185431     
   2.5208177424080426E-004   26.501340202175015     
   2.5429242527965008E-004   26.501340083107721     
   2.5652246279746785E-004   26.501339961926419     
   2.5877205680551699E-004   26.501339838583078     
   2.6104137880598386E-004   26.501339713082302     
   2.6333060180505684E-004   26.501339585342805     
   2.6563990032611593E-004   26.501339455357254     
   2.6796945042303747E-004   26.501339323075626     
   2.7031942969361629E-004   26.501339188434002     
   2.7269001729310512E-004   26.501339051427351     
   2.7508139394787285E-004   26.501338911985158     
   2.7749374196918240E-004   26.501338770066155     
   2.7992724526708997E-004   26.501338625650533     
   2.8238208936446528E-004   26.501338478659846     
   2.8485846141113562E-004   26.501338329087417     
   2.8735655019815359E-004   26.501338176860202     
   2.8987654617218956E-004   26.501338021932867     
   2.9241864145005146E-004   26.501337864265651     
   2.9498302983333021E-004   26.501337703809639     
   2.9756990682317560E-004   26.501337540506512     
   3.0017946963519984E-004   26.501337374302636     
   3.0281191721451327E-004   26.501337205170728     
   3.0546745025089090E-004   26.501337033043967     
   3.0814627119407276E-004   26.501336857852237     
   3.1084858426919776E-004   26.501336679572432     
   3.1357459549237330E-004   26.501336498133924     
   3.1632451268638146E-004   26.501336313468926     
   3.1909854549652244E-004   26.501336125563085     
   3.2189690540659752E-004   26.501335934295156     
   3.2471980575503193E-004   26.501335739647658     
   3.2756746175113919E-004   26.501335541560934     
   3.3044009049152756E-004   26.501335339962026     
   3.3333791097665149E-004   26.501335134771438     
   3.3626114412750710E-004   26.501334925961004     
   3.3921001280247463E-004   26.501334713466321     
   3.4218474181430859E-004   26.501334497193511     
   3.4518555794727646E-004   26.501334277077063     
   3.4821268997444859E-004   26.501334053064966     
   3.5126636867513863E-004   26.501333825074511     
   3.5434682685249778E-004   26.501333593057467     
   3.5745429935126274E-004   26.501333356919616     
   3.6058902307565984E-004   26.501333116607611     
   3.6375123700746568E-004   26.501332872021209     
   3.6694118222422629E-004   26.501332623100240     
   3.7015910191763661E-004   26.501332369765862     
   3.7340524141207999E-004   26.501332111934545     
   3.7667984818333166E-004   26.501331849554390     
   3.7998317187742508E-004   26.501331582502274     
   3.8331546432968431E-004   26.501331310721952     
   3.8667697958392322E-004   26.501331034107096     
   3.9006797391181303E-004   26.501330752602598     
   3.9348870583241942E-004   26.501330466087580     
   3.9693943613191174E-004   26.501330174513413     
   4.0042042788344408E-004   26.501329877753676     
   4.0393194646721131E-004   26.501329575731063     
   4.0747425959068110E-004   26.501329268351640     
   4.1104763730900266E-004   26.501328955507432     
   4.1465235204559531E-004   26.501328637130882     
   4.1828867861291706E-004   26.501328313084855     
   4.2195689423341553E-004   26.501327983311313     
   4.2565727856066235E-004   26.501327647666983     
   4.2939011370067337E-004   26.501327306064724     
   4.3315568423341538E-004   26.501326958410942     
   4.3695427723450177E-004   26.501326604586836     
   4.4078618229707813E-004   26.501326244469567     
   4.4465169155389998E-004   26.501325877964405     
   4.4855109969960420E-004   26.501325504956810     
   4.5248470401317562E-004   26.501325125318772     
   4.5645280438061039E-004   26.501324738941236     
   4.6045570331777893E-004   26.501324345704063     
   4.6449370599348818E-004   26.501323945489958     
   4.6856712025274735E-004   26.501323538161898     
   4.7267625664023646E-004   26.501323123595228     
   4.7682142842398194E-004   26.501322701662133     
   4.8100295161923877E-004   26.501322272245773     
   4.8522114501258265E-004   26.501321835202816     
   4.8947633018621341E-004   26.501321390384703     
   4.9376883154247139E-004   26.501320937665781     
   4.9809897632856898E-004   26.501320476898997     
   5.0246709466153863E-004   26.501320007951307     
   5.0687351955340033E-004   26.501319530666592     
   5.1131858693654946E-004   26.501319044904676     
   5.1580263568936670E-004   26.501318550493210     
   5.2032600766205382E-004   26.501318047306967     
   5.2488904770269472E-004   26.501317535175787     
   5.2949210368354602E-004   26.501317013927405     
   5.3413552652755748E-004   26.501316483422784     
   5.3881967023512516E-004   26.501315943482751     
   5.4354489191108012E-004   26.501315393937432     
   5.4831155179191197E-004   26.501314834625731     
   5.5312001327323293E-004   26.501314265361373     
   5.5797064293748155E-004   26.501313685971894     
   5.6286381058187022E-004   26.501313096268575     
   5.6779988924657721E-004   26.501312496085319     
   5.7277925524318600E-004   26.501311885215898     
   5.7780228818337428E-004   26.501311263481711     
   5.8286937100785429E-004   26.501310630690909     
   5.8798089001556742E-004   26.501309986629877     
   5.9313723489313368E-004   26.501309331109297     
   5.9833879874456096E-004   26.501308663915893     
   6.0358597812121381E-004   26.501307984847415     
   6.0887917305204524E-004   26.501307293693316     
   6.1421878707409376E-004   26.501306590237164     
   6.1960522726324779E-004   26.501305874255365     
   6.2503890426528024E-004   26.501305145512219     
   6.3052023232715412E-004   26.501304403798713     
   6.3604962932860417E-004   26.501303648880253     
   6.4162751681399435E-004   26.501302880502465     
   6.4725432002445561E-004   26.501302098444512     
   6.5293046793030390E-004   26.501301302455914     
   6.5865639326374500E-004   26.501300492276698     
   6.6443253255186357E-004   26.501299667669002     
   6.7025932614990286E-004   26.501298828364497     
   6.7613721827483662E-004   26.501297974095650     
   6.8206665703923438E-004   26.501297104601520     
   6.8804809448542385E-004   26.501296219611532     
   6.9408198661995428E-004   26.501295318840477     
   7.0016879344836000E-004   26.501294402012235     
   7.0630897901023020E-004   26.501293468836224     
   7.1250301141458625E-004   26.501292519020552     
   7.1875136287556792E-004   26.501291552266395     
   7.2505450974843502E-004   26.501290568259208     
   7.3141293256588180E-004   26.501289566699597     
   7.3782711607467226E-004   26.501288547272566     
   7.4429754927259550E-004   26.501287509660017     
   7.5082472544574490E-004   26.501286453528309     
   7.5740914220612601E-004   26.501285378547891     
   7.6405130152959141E-004   26.501284284377107     
   7.7075170979411104E-004   26.501283170678192     
   7.7751087781837639E-004   26.501282037100935     
   7.8432932090074375E-004   26.501280883280600     
   7.9120755885851908E-004   26.501279708855861     
   7.9814611606758719E-004   26.501278513453968     
   8.0514552150238896E-004   26.501277296705098     
   8.1220630877624806E-004   26.501276058221890     
   8.1932901618205249E-004   26.501274797613661     
   8.2651418673329255E-004   26.501273514478697     
   8.3376236820545781E-004   26.501272208412985     
   8.4107411317779844E-004   26.501270879013134     
   8.4844997907545215E-004   26.501269525846965     
   8.5589052821194043E-004   26.501268148494745     
   8.6339632783203734E-004   26.501266746513750     
   8.7096795015501527E-004   26.501265319467024     
   8.7860597241826816E-004   26.501263866904253     
   8.8631097692131941E-004   26.501262388357617     
   8.9408355107021404E-004   26.501260883366115     
   9.0192428742230039E-004   26.501259351453172     
   9.0983378373140559E-004   26.501257792127461     
   9.1781264299340640E-004   26.501256204902006     
   9.2586147349219916E-004   26.501254589267688     
   9.3398088884607405E-004   26.501252944721301     
   9.4217150805449550E-004   26.501251270733633     
   9.5043395554529251E-004   26.501249566770014     
   9.5876886122226303E-004   26.501247832298418     
   9.6717686051319676E-004   26.501246066766100     
   9.7565859441831710E-004   26.501244269613153     
   9.8421470955914968E-004   26.501242440258210     
   9.9284585822781869E-004   26.501240578133547     
   1.0015526984367758E-003   26.501238682645351     
   1.0103358939689644E-003   26.501236753188579     
   1.0191961144284257E-003   26.501234789141705     
   1.0281340352913458E-003   26.501232789888718     
   1.0371503379575527E-003   26.501230754793994     
   1.0462457098024641E-003   26.501228683201987     
   1.0554208442294908E-003   26.501226574461100     
   1.0646764407228994E-003   26.501224427892623     
   1.0740132049011394E-003   26.501222242819750     
   1.0834318485706367E-003   26.501220018534553     
   1.0929330897800600E-003   26.501217754337716     
   1.1025176528750629E-003   26.501215449501984     
   1.1121862685535048E-003   26.501213103298795     
   1.1219396739211580E-003   26.501210714967016     
   1.1317786125479023E-003   26.501208283745115     
   1.1417038345244125E-003   26.501205808865109     
   1.1517160965193421E-003   26.501203289529826     
   1.1618161618370106E-003   26.501200724932488     
   1.1720048004755952E-003   26.501198114255487     
   1.1822827891858326E-003   26.501195456660582     
   1.1926509115302369E-003   26.501192751300550     
   1.2031099579428352E-003   26.501189997301680     
   1.2136607257894284E-003   26.501187193788070     
   1.2243040194283798E-003   26.501184339854973     
   1.2350406502719367E-003   26.501181434596390     
   1.2458714368480911E-003   26.501178477067356     
   1.2567972048629795E-003   26.501175466327851     
   1.2678187872638348E-003   26.501172401408468     
   1.2789370243024862E-003   26.501169281319477     
   1.2901527635994169E-003   26.501166105065664     
   1.3014668602083861E-003   26.501162871620409     
   1.3128801766816138E-003   26.501159579947597     
   1.3243935831355402E-003   26.501156228984854     
   1.3360079573171597E-003   26.501152817650535     
   1.3477241846709394E-003   26.501149344853957     
   1.3595431584063208E-003   26.501145809465868     
   1.3714657795658163E-003   26.501142210352270     
   1.3834929570937023E-003   26.501138546349921     
   1.3956256079053135E-003   26.501134816276362     
   1.4078646569569454E-003   26.501131018928845     
   1.4202110373163722E-003   26.501127153083246     
   1.4326656902339790E-003   26.501123217483752     
   1.4452295652145203E-003   26.501119210859400     
   1.4579036200895075E-003   26.501115131917516     
   1.4706888210902318E-003   26.501110979336374     
   1.4835861429214258E-003   26.501106751768816     
   1.4965965688355717E-003   26.501102447846165     
   1.5097210907078630E-003   26.501098066179622     
   1.5229607091118199E-003   26.501093605339946     
   1.5363164333955729E-003   26.501089063884336     
   1.5497892817588085E-003   26.501084440332278     
   1.5633802813303976E-003   26.501079733193677     
   1.5770904682466979E-003   26.501074940931915     
   1.5909208877305475E-003   26.501070061989026     
   1.6048725941709477E-003   26.501065094776379     
   1.6189466512034488E-003   26.501060037684312     
   1.6331441317912363E-003   26.501054889058025     
   1.6474661183069311E-003   26.501049647226637     
   1.6619137026151062E-003   26.501044310478107     
   1.6764879861555285E-003   26.501038877071608     
   1.6911900800271262E-003   26.501033345235584     
   1.7060211050726984E-003   26.501027713166309     
   1.7209821919643635E-003   26.501021979017310     
   1.7360744812897587E-003   26.501016140921479     
   1.7512991236389936E-003   26.501010196966206     
   1.7666572796923700E-003   26.501004145208839     
   1.7821501203088663E-003   26.500997983663524     
   1.7977788266154021E-003   26.500991710317862     
   1.8135445900968818E-003   26.500985323113071     
   1.8294486126870318E-003   26.500978819951229     
   1.8454921068600306E-003   26.500972198703238     
   1.8616762957229455E-003   26.500965457192876     
   1.8780024131089773E-003   26.500958593206207     
   1.8944717036715245E-003   26.500951604488137     
   1.9110854229790724E-003   26.500944488737503     
   1.9278448376109133E-003   26.500937243614146     
   1.9447512252537063E-003   26.500929866731155     
   1.9618058747988849E-003   26.500922355658474     
   1.9790100864409176E-003   26.500914707921993     
   1.9963651717764316E-003   26.500906920993287     
   2.0138724539042036E-003   26.500898992303490     
   2.0315332675260303E-003   26.500890919237150     
   2.0493489590484811E-003   26.500882699125015     
   2.0673208866855432E-003   26.500874329242407     
   2.0854504205621710E-003   26.500865806828074     
   2.1037389428187349E-003   26.500857129054026     
   2.1221878477163973E-003   26.500848293046403     
   2.1407985417434021E-003   26.500839295874016     
   2.1595724437223044E-003   26.500830134555116     
   2.1785109849181347E-003   26.500820806042441     
   2.1976156091475158E-003   26.500811307241378     
   2.2168877728887346E-003   26.500801634990069     
   2.2363289453927785E-003   26.500791786074075     
   2.2559406087953489E-003   26.500781757213218     
   2.2757242582298531E-003   26.500771545066669     
   2.2956814019413877E-003   26.500761146226409     
   2.3158135614017258E-003   26.500750557228116     
   2.3361222714253049E-003   26.500739774533912     
   2.3566090802862412E-003   26.500728794543591     
   2.3772755498363629E-003   26.500717613584214     
   2.3981232556242803E-003   26.500706227918442     
   2.4191537870155017E-003   26.500694633730205     
   2.4403687473136025E-003   26.500682827138633     
   2.4617697538824560E-003   26.500670804181198     
   2.4833584382695341E-003   26.500658560829578     
   2.5051364463302946E-003   26.500646092966804     
   2.5271054383536537E-003   26.500633396408801     
   2.5492670891885641E-003   26.500620466881543     
   2.5716230883716966E-003   26.500607300038325     
   2.5941751402562495E-003   26.500593891443373     
   2.6169249641418788E-003   26.500580236574848     
   2.6398742944057775E-003   26.500566330832100     
   2.6630248806348944E-003   26.500552169516936     
   2.6863784877593187E-003   26.500537747846522     
   2.7099368961868366E-003   26.500523060946620     
   2.7337019019386573E-003   26.500508103844396     
   2.7576753167863430E-003   26.500492871481640     
   2.7818589683899280E-003   26.500477358692507     
   2.8062547004372557E-003   26.500461560215655     
   2.8308643727845374E-003   26.500445470689186     
   2.8556898615981377E-003   26.500429084649227     
   2.8807330594976129E-003   26.500412396520346     
   2.9059958756999949E-003   26.500395400631305     
   2.9314802361653453E-003   26.500378091189077     
   2.9571880837435849E-003   26.500360462296470     
   2.9831213783226103E-003   26.500342507940303     
   3.0092820969777096E-003   26.500324221987427     
   3.0356722341222898E-003   26.500305598195382     
   3.0622938016599218E-003   26.500286630191795     
   3.0891488291377263E-003   26.500267311486454     
   3.1162393639010966E-003   26.500247635461676     
   3.1435674712497834E-003   26.500227595368131     
   3.1711352345953465E-003   26.500207184332396     
   3.1989447556199885E-003   26.500186395342951     
   3.2269981544367798E-003   26.500165221253070     
   3.2552975697512899E-003   26.500143654777645     
   3.2838451590246360E-003   26.500121688488321     
   3.3126430986379607E-003   26.500099314817106     
   3.3416935840583544E-003   26.500076526041170     
   3.3709988300062274E-003   26.500053314292614     
   3.4005610706241566E-003   26.500029671548958     
   3.4303825596472097E-003   26.500005589631002     
   3.4604655705747604E-003   26.499981060198792     
   3.4908123968438167E-003   26.499956074750827     
   3.5214253520038626E-003   26.499930624620049     
   3.5523067698932371E-003   26.499904700968045     
   3.5834590048170593E-003   26.499878294784537     
   3.6148844317267126E-003   26.499851396881866     
   3.6465854464009049E-003   26.499823997892747     
   3.6785644656283137E-003   26.499796088267203     
   3.7108239273918376E-003   26.499767658266876     
   3.7433662910544572E-003   26.499738697960197     
   3.7761940375467310E-003   26.499709197223950     
   3.8093096695559362E-003   26.499679145734234     
   3.8427157117168617E-003   26.499648532962169     
   3.8764147108042808E-003   26.499617348174752     
   3.9104092359271104E-003   26.499585580426356     
   3.9447018787242714E-003   26.499553218551938     
   3.9792952535622657E-003   26.499520251171703     
   4.0141919977344891E-003   26.499486666677427     
   4.0493947716622909E-003   26.499452453232010     
   4.0849062590977954E-003   26.499417598765717     
   4.1207291673285027E-003   26.499382090967202     
   4.1568662273836852E-003   26.499345917283279     
   4.1933201942425920E-003   26.499309064910790     
   4.2300938470444804E-003   26.499271520793201     
   4.2671899893004890E-003   26.499233271614941     
   4.3046114491073701E-003   26.499194303795406     
   4.3423610793630919E-003   26.499154603483191     
   4.3804417579843382E-003   26.499114156552736     
   4.4188563881259095E-003   26.499072948597075     
   4.4576078984020521E-003   26.499030964920763     
   4.4966992431097284E-003   26.498988190535272     
   4.5361334024538371E-003   26.498944610155291     
   4.5759133827744233E-003   26.498900208187251     
   4.6160422167758671E-003   26.498854968728438     
   4.6565229637580887E-003   26.498808875555682     
   4.6973587098497818E-003   26.498761912121950     
   4.7385525682436900E-003   26.498714061550004     
   4.7801076794339445E-003   26.498665306620921     
   4.8220272114554898E-003   26.498615629774491     
   4.8643143601256027E-003   26.498565013094236     
   4.9069723492875320E-003   26.498513438306048     
   4.9500044310562749E-003   26.498460886765486     
   4.9934138860665079E-003   26.498407339455525     
   5.0372040237226922E-003   26.498352776976844     
   5.0813781824513718E-003   26.498297179534546     
   5.1259397299556909E-003   26.498240526938673     
   5.1708920634721267E-003   26.498182798587749     
   5.2162386100294928E-003   26.498123973467813     
   5.2619828267102030E-003   26.498064030138835     
   5.3081282009138277E-003   26.498002946725251     
   5.3546782506229641E-003   26.497940700907407     
   5.4016365246714352E-003   26.497877269917524     
   5.4490066030148439E-003   26.497812630522134     
   5.4967920970034941E-003   26.497746759018099     
   5.5449966496577147E-003   26.497679631218233     
   5.5936239359455865E-003   26.497611222445158     
   5.6426776630631144E-003   26.497541507519003     
   5.6921615707168534E-003   26.497470460746683     
   5.7420794314090064E-003   26.497398055911617     
   5.7924350507250364E-003   26.497324266259966     
   5.8432322676237871E-003   26.497249064496373     
   5.8944749547301554E-003   26.497172422762333     
   5.9461670186303286E-003   26.497094312631987     
   5.9983124001696097E-003   26.497014705097911     
   6.0509150747528563E-003   26.496933570557303     
   6.1039790526475537E-003   26.496850878800245     
   6.1575083792895433E-003   26.496766598997709     
   6.2115071355914363E-003   26.496680699685498     
   6.2659794382537307E-003   26.496593148756233     
   6.3209294400786535E-003   26.496503913436953     
   6.3763613302867594E-003   26.496412960284744     
   6.4322793348363036E-003   26.496320255163425     
   6.4886877167454173E-003   26.496225763234690     
   6.5455907764171047E-003   26.496129448941133     
   6.6029928519670935E-003   26.496031275990134     
   6.6608983195545609E-003   26.495931207336838     
   6.7193115937157601E-003   26.495829205173351     
   6.7782371277005640E-003   26.495725230905634     
   6.8376794138119770E-003   26.495619245140546     
   6.8976429837486050E-003   26.495511207668159     
   6.9581324089501477E-003   26.495401077441642     
   7.0191523009459026E-003   26.495288812563018     
   7.0807073117063399E-003   26.495174370261282     
   7.1428021339977523E-003   26.495057706874974     
   7.2054415017400158E-003   26.494938777833795     
   7.2686301903674934E-003   26.494817537637346     
   7.3323730171930938E-003   26.494693939834775     
   7.3966748417755345E-003   26.494567937005286     
   7.4615405662898171E-003   26.494439480737071     
   7.5269751359009528E-003   26.494308521603699     
   7.5929835391409708E-003   26.494175009145010     
   7.6595708082892204E-003   26.494038891842251     
   7.7267420197560293E-003   26.493900117094995     
   7.7945022944697030E-003   26.493758631199483     
   7.8628567982669314E-003   26.493614379321457     
   7.9318107422866220E-003   26.493467305474496     
   8.0013693833671708E-003   26.493317352494074     
   8.0715380244472373E-003   26.493164462008906     
   8.1423220149700222E-003   26.493008574417246     
   8.2137267512910842E-003   26.492849628859517     
   8.2857576770897570E-003   26.492687563191055     
   8.3584202837841456E-003   26.492522313951383     
   8.4317201109497791E-003   26.492353816337783     
   8.5056627467419328E-003   26.492182004174822     
   8.5802538283216555E-003   26.492006809882895     
   8.6554990422855194E-003   26.491828164450851     
   8.7314041250991584E-003   26.491645997398251     
   8.8079748635345925E-003   26.491460236749845     
   8.8852170951113987E-003   26.491270808997115     
   8.9631367085417409E-003   26.491077639066560     
   9.0417396441793123E-003   26.490880650284822     
   9.1210318944722046E-003   26.490679764342673     
   9.2010195044197572E-003   26.490474901259631     
   9.2817085720334098E-003   26.490265979345367     
   9.3631052488015974E-003   26.490052915163460     
   9.4452157401587120E-003   26.489835623489853     
   9.5280463059581964E-003   26.489614017276523     
   9.6116032609497807E-003   26.489388007607005     
   9.6958929752608784E-003   26.489157503658021     
   9.7809218748822480E-003   26.488922412655256     
   9.8666964421578792E-003   26.488682639828937     
   9.9532232162791862E-003   26.488438088370884     
   1.0040508793783542E-002   26.488188659387987     
   1.0128559829057179E-002   26.487934251855023     
   1.0217383034842488E-002   26.487674762567934     
   1.0306985182749792E-002   26.487410086093860     
   1.0397373103773578E-002   26.487140114721683     
   1.0488553688813287E-002   26.486864738410787     
   1.0580533889198643E-002   26.486583844738789     
   1.0673320717219603E-002   26.486297318846425     
   1.0766921246660959E-002   26.486005043384381     
   1.0861342613341617E-002   26.485706898456186     
   1.0956592015658609E-002   26.485402761561943     
   1.1052676715135882E-002   26.485092507537559     
   1.1149604036977886E-002   26.484776008495203     
   1.1247381370628034E-002   26.484453133762401     
   1.1346016170332046E-002   26.484123749819730     
   1.1445515955706236E-002   26.483787720233607     
   1.1545888312310798E-002   26.483444905590915     
   1.1647140892228078E-002   26.483095163435109     
   1.1749281414645981E-002   26.482738348190850     
   1.1852317666446427E-002   26.482374311098482     
   1.1956257502799019E-002   26.482002900138184     
   1.2061108847759886E-002   26.481623959958512     
   1.2166879694875801E-002   26.481237331797161     
   1.2273578107793569E-002   26.480842853407552     
   1.2381212220874786E-002   26.480440358974732     
   1.2489790239815977E-002   26.480029679036591     
   1.2599320442274169E-002   26.479610640400011     
   1.2709811178497954E-002   26.479183066056805     
   1.2821270871964092E-002   26.478746775093555     
   1.2933708020019688E-002   26.478301582604303     
   1.3047131194530003E-002   26.477847299599404     
   1.3161549042531948E-002   26.477383732910397     
   1.3276970286893309E-002   26.476910685094850     
   1.3393403726977747E-002   26.476427954338675     
   1.3510858239315639E-002   26.475935334354745     
   1.3629342778280798E-002   26.475432614281686     
   1.3748866376773127E-002   26.474919578576674     
   1.3869438146907255E-002   26.474396006908819     
   1.3991067280707222E-002   26.473861674049317     
   1.4113763050807250E-002   26.473316349757027     
   1.4237534811158659E-002   26.472759798664242     
   1.4362391997742979E-002   26.472191780157885     
   1.4488344129291337E-002   26.471612048259601     
   1.4615400808010113E-002   26.471020351498936     
   1.4743571720313004E-002   26.470416432788880     
   1.4872866637559471E-002   26.469800029295214     
   1.5003295416799687E-002   26.469170872304403     
   1.5134868001526003E-002   26.468528687084785     
   1.5267594422431014E-002   26.467873192750005     
   1.5401484798172270E-002   26.467204102114920     
   1.5536549336143677E-002   26.466521121549647     
   1.5672798333253701E-002   26.465823950830099     
   1.5810242176710353E-002   26.465112282984933     
   1.5948891344813084E-002   26.464385804138033     
   1.6088756407751627E-002   26.463644193349694     
   1.6229848028411823E-002   26.462887122449956     
   1.6372176963188538E-002   26.462114255872251     
   1.6515754062805688E-002   26.461325250480598     
   1.6660590273143473E-002   26.460519755392312     
   1.6806696636072850E-002   26.459697411799084     
   1.6954084290297346E-002   26.458857852780682     
   1.7102764472202214E-002   26.458000703117250     
   1.7252748516711089E-002   26.457125579092889     
   1.7404047858150105E-002   26.456232088300624     
   1.7556674031119629E-002   26.455319829436519     
   1.7710638671373610E-002   26.454388392093847     
   1.7865953516706674E-002   26.453437356547909     
   1.8022630407848950E-002   26.452466293540652     
   1.8180681289368790E-002   26.451474764054922     
   1.8340118210583390E-002   26.450462319088018     
   1.8500953326477377E-002   26.449428499416797     
   1.8663198898629468E-002   26.448372835357787     
   1.8826867296147288E-002   26.447294846522681     
   1.8991970996610305E-002   26.446194041567679     
   1.9158522587021120E-002   26.445069917934461     
   1.9326534764765042E-002   26.443921961588927     
   1.9496020338578102E-002   26.442749646751906     
   1.9666992229523558E-002   26.441552435620963     
   1.9839463471976952E-002   26.440329778090785     
   2.0013447214619819E-002   26.439081111461377     
   2.0188956721442084E-002   26.437805860144636     
   2.0366005372753283E-002   26.436503435359043     
   2.0544606666202638E-002   26.435173234819700     
   2.0724774217808072E-002   26.433814642421964     
   2.0906521762994245E-002   26.432427027914713     
   2.1089863157639721E-002   26.431009746567867     
   2.1274812379133281E-002   26.429562138831358     
   2.1461383527439516E-002   26.428083529985742     
   2.1649590826173779E-002   26.426573229785504     
   2.1839448623686537E-002   26.425030532092791     
   2.2030971394157252E-002   26.423454714502356     
   2.2224173738697846E-002   26.421845037959429     
   2.2419070386465838E-002   26.420200746364941     
   2.2615676195787280E-002   26.418521066176851     
   2.2814006155289460E-002   26.416805205994933     
   2.3014075385043641E-002   26.415052356142610     
   2.3215899137717731E-002   26.413261688234769     
   2.3419492799739122E-002   26.411432354735183     
   2.3624871892467696E-002   26.409563488506876     
   2.3832052073379115E-002   26.407654202347601     
   2.4041049137258536E-002   26.405703588517952     
   2.4251879017404707E-002   26.403710718255155     
   2.4464557786844716E-002   26.401674641277737     
   2.4679101659559319E-002   26.399594385278363     
   2.4895526991719073E-002   26.397468955402360     
   2.5113850282931248E-002   26.395297333716968     
   2.5334088177497736E-002   26.393078478666183     
   2.5556257465683945E-002   26.390811324512725     
   2.5780375084998843E-002   26.388494780768866     
   2.6006458121486220E-002   26.386127731610998     
   2.6234523811027283E-002   26.383709035282777     
   2.6464589540654650E-002   26.381237523482611     
   2.6696672849877909E-002   26.378712000738574     
   2.6930791432020748E-002   26.376131243766764     
   2.7166963135569870E-002   26.373494000815441     
   2.7405205965535685E-002   26.370798990995041     
   2.7645538084824964E-002   26.368044903589833     
   2.7887977815625530E-002   26.365230397356356     
   2.8132543640803066E-002   26.362354099803468     
   2.8379254205310234E-002   26.359414606456568     
   2.8628128317608043E-002   26.356410480104586     
   2.8879184951099823E-002   26.353340250029504     
   2.9132443245577639E-002   26.350202411217737     
   2.9387922508681493E-002   26.346995423553352     
   2.9645642217371246E-002   26.343717710992877     
   2.9905622019411507E-002   26.340367660720801     
   3.0167881734869510E-002   26.336943622285588     
   3.0432441357626124E-002   26.333443906715530     
   3.0699321056900156E-002   26.329866785615252     
   3.0968541178785954E-002   26.326210490239788     
   3.1240122247804546E-002   26.322473210549560     
   3.1514084968468387E-002   26.318653094241711     
   3.1790450226859772E-002   26.314748245759972     
   3.2069239092223159E-002   26.310756725283142     
   3.2350472818571396E-002   26.306676547688369     
   3.2634172846306091E-002   26.302505681492761     
   3.2920360803852140E-002   26.298242047769776     
   3.3209058509306617E-002   26.293883519041628     
   3.3500287972102132E-002   26.289427918146572     
   3.3794071394684745E-002   26.284873017080798     
   3.4090431174206619E-002   26.280216535813651     
   3.4389389904233528E-002   26.275456141076944     
   3.4690970376467289E-002   26.270589445127257     
   3.4995195582483367E-002   26.265614004479232     
   3.5302088715483640E-002   26.260527318612674     
   3.5611673172064630E-002   26.255326828649288     
   3.5923972554001135E-002   26.250009916000550     
   3.6239010670045604E-002   26.244573900985984     
   3.6556811537743213E-002   26.239016041420740     
   3.6877399385262896E-002   26.233333531171866     
   3.7200798653244424E-002   26.227523498683240     
   3.7527033996661713E-002   26.221583005467920     
   3.7856130286702393E-002   26.215509044568478     
   3.8188112612663958E-002   26.209298538982267     
   3.8523006283866471E-002   26.202948340054377     
   3.8860836831582077E-002   26.196455225834711     
   3.9201630010981425E-002   26.189815899399974     
   3.9545411803097189E-002   26.183026987140209     
   3.9892208416804735E-002   26.176085037007709     
   4.0242046290820253E-002   26.168986516730001     
   4.0594952095716327E-002   26.161727811983411     
   4.0950952735955254E-002   26.154305224529907     
   4.1310075351940125E-002   26.146714970312956     
   4.1672347322083934E-002   26.138953177514736     
   4.2037796264896857E-002   26.131015884572605     
   4.2406450041091753E-002   26.122899038153861     
   4.2778336755708218E-002   26.114598491089879     
   4.3153484760255198E-002   26.106110000266398     
   4.3531922654872462E-002   26.097429224471426     
   4.3913679290510946E-002   26.088551722200123     
   4.4298783771132277E-002   26.079472949413287     
   4.4687265455927584E-002   26.070188257253307     
   4.5079153961555742E-002   26.060692889711419     
   4.5474479164401255E-002   26.050981981252050     
   4.5873271202851937E-002   26.041050554387169     
   4.6275560479596578E-002   26.030893517204504     
   4.6681377663942751E-002   26.020505660847959     
   4.7090753694154955E-002   26.009881656947442     
   4.7503719779813214E-002   25.999016055001107     
   4.7920307404192466E-002   25.987903279706870     
   4.8340548326662694E-002   25.976537628242625     
   4.8764474585110192E-002   25.964913267496343     
   4.9192118498380039E-002   25.953024231244228     
   4.9623512668739961E-002   25.940864417276430     
   5.0058689984365863E-002   25.928427584469517     
   5.0497683621849095E-002   25.915707349807263     
   5.0940527048725759E-002   25.902697185345801     
   5.1387254026028145E-002   25.889390415126286     
   5.1837898610858600E-002   25.875780212032311     
   5.2292495158985902E-002   25.861859594592147     
   5.2751078327464486E-002   25.847621423726338     
   5.3213683077276537E-002   25.833058399439295     
   5.3680344675997346E-002   25.818163057455280     
   5.4151098700483999E-002   25.802927765797904     
   5.4625981039587622E-002   25.787344721313929     
   5.5105027896889487E-002   25.771405946140106     
   5.5588275793461005E-002   25.755103284113659     
   5.6075761570648024E-002   25.738428397125730     
   5.6567522392879474E-002   25.721372761419417     
   5.7063595750500698E-002   25.703927663829560     
   5.7564019462631580E-002   25.686084197967247     
   5.8068831680049747E-002   25.667833260347820     
   5.8578070888099097E-002   25.649165546462640     
   5.9091775909623799E-002   25.630071546795222     
   5.9609985907928022E-002   25.610541542781831     
   6.0132740389761616E-002   25.590565602718129     
   6.0660079208331996E-002   25.570133577610264     
   6.1192042566342426E-002   25.549235096973234     
   6.1728671019056970E-002   25.527859564576474     
   6.2270005477392282E-002   25.505996154136383     
   6.2816087211036500E-002   25.483633804959325     
   6.3366957851595601E-002   25.460761217532919     
   6.3922659395767190E-002   25.437366849070173     
   6.4483234208542226E-002   25.413438909004995     
   6.5048725026434828E-002   25.388965354441638     
   6.5619174960740323E-002   25.363933885560627     
   6.6194627500821987E-002   25.338331940980808     
   6.6775126517426481E-002   25.312146693080862     
   6.7360716266028450E-002   25.285365043282042     
   6.7951441390204384E-002   25.257973617293999     
   6.8547346925036223E-002   25.229958760326340     
   6.9148478300544547E-002   25.201306532268333     
   6.9754881345152134E-002   25.172002702839123     
   7.0366602289177696E-002   25.142032746712417     
   7.0983687768360421E-002   25.111381838617135     
   7.1606184827415292E-002   25.080034848419544     
   7.2234140923619572E-002   25.047976336187673     
   7.2867603930430985E-002   25.015190547244629     
   7.3506622141137207E-002   24.981661407212670     
   7.4151244272537803E-002   24.947372517053481     
   7.4801519468658123E-002   24.912307148108752     
   7.5457497304495899E-002   24.876448237145951     
   7.6119227789800792E-002   24.839778381414590     
   7.6786761372886897E-002   24.802279833718018     
   7.7460148944478724E-002   24.763934497506639     
   7.8139441841591092E-002   24.724723921998560     
   7.8824691851442780E-002   24.684629297334197     
   7.9515951215404709E-002   24.643631449770737     
   8.0213272632982585E-002   24.601710836925022     
   8.0916709265834649E-002   24.558847543070414     
   8.1626314741824454E-002   24.515021274496746     
   8.2342143159109357E-002   24.470211354941483     
   8.3064249090264802E-002   24.424396721099384     
   8.3792687586444731E-002   24.377555918222072     
   8.4527514181578514E-002   24.329667095813633     
   8.5268784896604749E-002   24.280708003436004     
   8.6016556243741993E-002   24.230655986631064     
   8.6770885230797290E-002   24.179487982972489     
   8.7531829365512043E-002   24.127180518257660     
   8.8299446659946407E-002   24.073709702851858     
   8.9073795634901864E-002   24.019051228196844     
   8.9854935324382684E-002   23.963180363496917     
   9.0642925280096487E-002   23.906071952596406     
   9.1437825575994308E-002   23.847700411060771     
   9.2239696812850491E-002   23.788039723478576     
   9.3048600122882588E-002   23.727063440997114     
   9.3864597174411993E-002   23.664744679109447     
   9.4687750176565305E-002   23.601056115707522     
   9.5518121884017024E-002   23.535969989419357     
   9.6355775601773677E-002   23.469458098248737     
   9.7200775190000033E-002   23.401491798534025     
   9.8053185068887702E-002   23.332042004246730     
   9.8913070223566157E-002   23.261079186648729     
   9.9780496209057185E-002   23.188573374328953     
  0.10065552915527244        23.114494153640777     
  0.10153823577205510        23.038810669561528     
  0.10242868335426562        22.961491626997557     
  0.10332693978691201        22.882505292557624     
  0.10423307355032518        22.801819496818879     
  0.10514715372537982        22.719401637110735     
  0.10606924999876072        22.635218680841533     
  0.10699943266827558        22.549237169395610     
  0.10793777264821429        22.461423222626593     
  0.10888434147475524        22.371742543976353     
  0.10983921131141891        22.280160426247235     
  0.11080245495456956        22.186641758057760     
  0.11177414583896485        22.091151031012359     
  0.11275435804335440        21.993652347615168     
  0.11374316629612725        21.894109429961262     
  0.11474064598100898        21.792485629236637     
  0.11574687314280867        21.688743936060987     
  0.11676192449321639        21.582846991707314     
  0.11778587741665143        21.474757100232821     
  0.11881880997616186        21.364436241556916     
  0.11986080091937580        21.251846085522047     
  0.12091192968450497        21.136948006974720     
  0.12197227640640072        21.019703101903076     
  0.12304192192266332        20.900072204670153     
  0.12412094777980474        20.778015906379977     
  0.12520943623946562        20.653494574416115     
  0.12630747028468642        20.526468373192102     
  0.12741513362623405        20.396897286152480     
  0.12853251070898356        20.264741139065521     
  0.12965968671835598        20.129959624647086     
  0.13079674758681267        19.992512328556174     
  0.13194378000040649        19.852358756802502     
  0.13310087140539043        19.709458364607016     
  0.13426811001488440        19.563770586754870     
  0.13544558481560015        19.415254869481629     
  0.13663338557462548        19.263870703932611     
  0.13783160284626778        19.109577661234098     
  0.13904032797895752        18.952335429216248     
  0.14025965312221250        18.792103850825399     
  0.14148967123366302        18.628842964263200     
  0.14273047608613862        18.462513044889533     
  0.14398216227481708        18.293074648924375     
  0.14524482522443607        18.120488658982183     
  0.14651856119656809        17.944716331473003     
  0.14780346729695903        17.765719345899868     
  0.14909964148293137        17.583459856082740     
  0.15040718257085198        17.397900543335709     
  0.15172619024366571        17.209004671623191     
  0.15305676505849489        17.016736144717299     
  0.15439900845430551        16.821059565375805     
  0.15575302275964048        16.621940296559430     
  0.15711891120042104        16.419344524700094     
  0.15849677790781630        16.213239325032347     
  0.15988672792618183        16.003592728993823     
  0.16128886722106806        15.790373793697370     
  0.16270330268729860        15.573552673473756     
  0.16413014215711974        15.353100693478524     
  0.16556949440842109        15.128990425351404     
  0.16702146917302865        14.901195764913410     
  0.16848617714507028        14.669692011877515     
  0.16996372998941475        14.434455951547562     
  0.17145424035018478        14.195465938469468     
  0.17295782185934452        13.952701981995162     
  0.17447458914536265        13.706145833711076     
  0.17600465784195132        13.455781076676956     
  0.17754814459688162        13.201593216411410     
  0.17910516708087645        12.943569773554486     
  0.18067584399658143        12.681700378127644     
  0.18226029508761446        12.415976865302696     
  0.18385864114769448        12.146393372584043     
  0.18547100402985059        11.872946438295955     
  0.18709750665571157        11.595635101258864     
  0.18873827302487717        11.314461001528173     
  0.19039342822437141        11.029428482057398     
  0.19206309843817893        10.740544691137103     
  0.19374741095686465        10.447819685450284     
  0.19544649418727833        10.151266533572226     
  0.19716047766234360        9.8509014197315850     
  0.19888949205093337        9.5467437476370662     
  0.20063366916783160        9.2388162441615975     
  0.20239314198378225        8.9271450626633282     
  0.20416804463562691        8.6117598857097164     
  0.20595851243653074        8.2926940269583724     
  0.20776468188629829        7.9699845319345997     
  0.20958669068178015        7.6436722774325858     
  0.21142467772737009        7.3138020692545922     
  0.21327878314559509        6.9804227379879364     
  0.21514914828779766        6.6435872325076417     
  0.21703591574491204        6.3033527108789542     
  0.21893922935833501        5.9597806283211554     
  0.22085923423089179        5.6129368218818314     
  0.22279607673789828        5.2628915914577732     
  0.22474990453832033        4.9097197767881440     
  0.22672086658603074        4.5535008300327178     
  0.22870911314116507        4.1943188835380312     
  0.23071479578157697        3.8322628123845845     
  0.23273806741439412        3.4674262912976133     
  0.23477908228767533        3.0999078454969151     
  0.23683799600216987        2.7298108950522746     
  0.23891496552318017        2.3572437923061642     
  0.24101014919252825        1.9823198519185041     
  0.24312370674062725        1.6051573730854969     
  0.24525579929865882        1.2258796534811651     
  0.24740658941085714       0.84461499447015598     
  0.24957624104690102       0.46149669713957309     
  0.25176491961441422        7.6663048701504977E-002
  0.25397279197157585      -0.30974270117911828     
  0.25620002643984097      -0.69757237456911980     
  0.25844679281677274       -1.0866729103948671     
  0.26071326238898779       -1.4768864209323240     
  0.26299960794521404       -1.8680502600651678     
  0.26530600378946390       -2.2599971037024176     
  0.26763262575432256       -2.6525550427274069     
  0.26997965121435302       -3.0455476888301192     
  0.27234725909961849       -3.4387942935503304     
  0.27473562990932343       -3.8321098808332721     
  0.27714494572557452       -4.2253053933693323     
  0.27957539022726163       -4.6181878529565807     
  0.28202714870406137       -5.0105605350901286     
  0.28450040807056276       -5.4022231579420392     
  0.28699535688051697       -5.7929720858548066     
  0.28951218534121231       -6.1826005474252739     
  0.29205108532797486       -6.5708988682080260     
  0.29461225039879663       -6.9576547180153270     
  0.29719587580909168       -7.3426533727363577     
  0.29980215852658176       -7.7256779905408877     
  0.30243129724631279       -8.1065099022715188     
  0.30508349240580257       -8.4849289157658916     
  0.30775894620032135       -8.8607136337836891     
  0.31045786259830699       -9.2336417851455010     
  0.31318044735691464       -9.6034905686189802     
  0.31592690803770307       -9.9700370090161101     
  0.31869745402245853       -10.333058324890182     
  0.32149229652915734       -10.692332307145662     
  0.32431164862806861       -11.047637707797428     
  0.32715572525799813       -11.398754638037680     
  0.33002474324267428       -11.745464974691636     
  0.33291892130727840       -12.087552774065259     
  0.33583848009511968       -12.424804692110964     
  0.33878364218445606       -12.757010409761751     
  0.34175463210546320       -13.083963062209605     
  0.34475167635735188       -13.405459670832634     
  0.34777500342563561       -13.721301576405260     
  0.35082484379954959       -14.031294872161073     
  0.35390142998962271       -14.335250835215799     
  0.35700499654540319       -14.632986354800583     
  0.36013578007334018       -14.924324355704798     
  0.36329401925482163       -15.209094215281333     
  0.36647995486437085       -15.487132172328899     
  0.36969382978800241       -15.758281726133543     
  0.37293588904173897       -16.022394023928591     
  0.37620637979029048       -16.279328235016521     
  0.37950555136589736       -16.528951909790635     
  0.38283365528733898       -16.771141321897872     
  0.38619094527910819       -17.005781791798434     
  0.38957767729075515       -17.232767990002358     
  0.39299410951639968       -17.452004218299344     
  0.39644050241441542       -17.663404667345088     
  0.39991711872728614       -17.866893649027318     
  0.40342422350163676       -18.062405802105136     
  0.40696208410843926       -18.249886269699211     
  0.41053097026339697       -18.429290847305364     
  0.41413115404750589       -18.600586100111997     
  0.41776290992779802       -18.763749448520944     
  0.42142651477826581       -18.918769220902448     
  0.42512224790096981       -19.065644672756889     
  0.42885039104733225       -19.204385971609117     
  0.43261122843961664       -19.335014147123161     
  0.43640504679259612       -19.457561006097862     
  0.44023213533541167       -19.572069012183391     
  0.44409278583362205       -19.678591130346398     
  0.44798729261144732       -19.777190636304613     
  0.45191595257420669       -19.867940891350312     
  0.45587906523095445       -19.950925083183233     
  0.45987693271731284       -20.026235933577340     
  0.46390985981850663       -20.093975373909622     
  0.46797815399259840       -20.154254189781611     
  0.47208212539392874       -20.207191636163842     
  0.47622208689676115       -20.252915024688392     
  0.48039835411913467       -20.291559284902540     
  0.48461124544692574       -20.323266501476475     
  0.48886108205812090       -20.348185429527533     
  0.49314818794730231       -20.366470990380918     
  0.49747288995034838       -20.378283750230683     
  0.50183551776935065       -20.383789384293220     
  0.50623640399774872       -20.383158129156836     
  0.51067588414568732       -20.376564226124259     
  0.51515429666559343       -20.364185358418013     
  0.51967198297797934       -20.346202085171150     
  0.52422928749747189       -20.322797275156478     
  0.52882655765906894       -20.294155543215265     
  0.53346414394462682       -20.260462692331391     
  0.53814239990958068       -20.221905164257976     
  0.54286168220989739       -20.178669501541599     
  0.54762235062926712       -20.130941823703349     
  0.55242476810653107       -20.078907320227472     
  0.55726930076335168       -20.022749762877687     
  0.56215631793212395       -19.962651039709083     
  0.56708619218413248       -19.898790712971639     
  0.57205929935795541       -19.831345602910648     
  0.57707601858811675       -19.760489399262163     
  0.58213673233399110       -19.686392302019279     
  0.58724182640896017       -19.609220692810037     
  0.59239169000982717       -19.529136837982573     
  0.59758671574648692       -19.446298624239791     
  0.60282729967185811       -19.360859327407255     
  0.60811384131207669       -19.272967414656868     
  0.61344674369695462       -19.182766380247646     
  0.61882641339070565       -19.090394614586586     
  0.62425326052294039       -18.995985306159877     
  0.62972769881993396       -18.899666375639889     
  0.63525014563616600       -18.801560441239744     
  0.64082102198613977       -18.701784814166000     
  0.64644075257647837       -18.600451522815181     
  0.65210976583830316       -18.497667364171182     
  0.65782849395989607       -18.393533980692318     
  0.66359737291964838       -18.288147960828312     
  0.66941684251929823       -18.181600961181548     
  0.67528734641745980       -18.073979848223861     
  0.68120933216344703       -17.965366857400298     
  0.68718325123139212       -17.855839767395960     
  0.69320955905466586       -17.745472087310130     
  0.69928871506059809       -17.634333254473880     
  0.70542118270550258       -17.522488840662501     
  0.71160742951000999       -17.410000764490896     
  0.71784792709471024       -17.296927507838578     
  0.72414315121610706       -17.183324334228281     
  0.73049358180288848       -17.069243507178079     
  0.73689970299251528       -16.954734506658493     
  0.74336200316812984       -16.839844241912182     
  0.74988097499578887       -16.724617259031817     
  0.75645711546202332       -16.609095941839588     
  0.76309092591172678       -16.493320704767790     
  0.76978291208637617       -16.377330176600822     
  0.77653358416258855       -16.261161374103590     
  0.78334345679101514       -16.144849864727014     
  0.79021304913557666       -16.028429917746081     
  0.79714288491304264       -15.911934643347902     
  0.80413349243295884       -15.795396119344645     
  0.81118540463792244       -15.678845505337538     
  0.81829915914421347       -15.562313144301442     
  0.82547529828278032       -15.445828651694445     
  0.83271436914058528       -15.329420992321289     
  0.84001692360231306       -15.213118545293451     
  0.84738351839244486       -15.096949157530940     
  0.85481471511770113       -14.980940186341247     
  0.86231108030985681       -14.865118531689044     
  0.86987318546893200       -14.749510658836062     
  0.87750160710676139       -14.634142612084130     
  0.88519692679094586       -14.519040020396060     
  0.89295973118918937       -14.404228095698960     
  0.90079061211402423       -14.289731624693438     
  0.90869016656792989       -14.175574955000554     
  0.91665899678884621       -14.061781976476778     
  0.92469771029608627       -13.948376098516672     
  0.93280691993665177       -13.835380224144153     
  0.94098724393195432       -13.722816721666845     
  0.94923930592494754       -13.610707394635101     
  0.95756373502767056       -13.499073450808824     
  0.96596116586921099       -13.387935470791547     
  0.97443223864408612       -13.277313376944043     
  0.98297759916104921       -13.167226403138926     
  0.99159789889232486       -13.057693065864765     
   1.0002937950232749       -12.948731137133711     
   1.0090659505024997       -12.840357619590920     
   1.0179150340923804       -12.732588724168345     
   1.0268417204200617       -12.625439850569942     
   1.0358466900288854       -12.518925570820779     
   1.0449306294302714       -12.413059616059297     
   1.0540942311560557       -12.307854866700767     
   1.0633381938112874       -12.203323346050711     
   1.0726632221274868       -12.099476217400772     
   1.0820700270163741       -11.996323784595807     
   1.0915593256240657       -11.893875496020620     
   1.1011318413857467       -11.792139951917639     
   1.1107883040808255       -11.691124914913285     
   1.1205294498885676       -11.590837323600899     
   1.1303560214442216       -11.491283309001798     
   1.1402687678956340       -11.392468213703662     
   1.1502684449603626       -11.294396613456632     
   1.1603558149832904       -11.197072340992509     
   1.1705316469947440       -11.100498511821167     
   1.1807967167691218       -11.004677551750241     
   1.1911518068840374       -10.909611225869908     
   1.2015977067799808       -10.815300668743271     
   1.2121352128205025       -10.721746415544713     
   1.2227651283529259       -10.628948433893315     
   1.2334882637695928       -10.536906156135672     
   1.2443054365696442       -10.445618511842168     
   1.2552174714213449       -10.355083960292506     
   1.2662252002249521       -10.265300522739798     
   1.2773294621761400       -10.176265814257764     
   1.2885311038299732       -10.087977074991851     
   1.2998309791654497       -10.000431200652455     
   1.3112299496506030       -9.9136247721064503     
   1.3227288843081793       -9.8275540839415871     
   1.3343286597818869       -9.7422151718969534     
   1.3460301604032319       -9.6576038390709957     
   1.3578342782589348       -9.5737156808367896     
   1.3697419132589415       -9.4905461084116904     
   1.3817539732050284       -9.4080903710451942     
   1.3938713738600119       -9.3263435768046978     
   1.4060950390175635       -9.2453007119535560     
   1.4184259005726347       -9.1649566589293521     
   1.4308648985925045       -9.0853062129424824     
   1.4434129813884462       -9.0063440972261724     
   1.4560711055880233       -8.9280649769784137     
   1.4688402362080206       -8.8504634720444848     
   1.4817213467280139       -8.7735341683954307     
   1.4947154191645846       -8.6972716284632270     
   1.5078234441461866       -8.6216704003974325     
   1.5210464209886680       -8.5467250263109609     
   1.5343853577714568       -8.4724300495843075     
   1.5478412714144121       -8.3987800212982027     
   1.5614151877553530       -8.3257695058643701     
   1.5751081416282642       -8.2533930859229212     
   1.5889211769421887       -8.1816453665730755     
   1.6028553467608124       -8.1105209790014428     
   1.6169117133827464       -8.0400145835691283     
   1.6310913484225131       -7.9701208724155865     
   1.6453953328922439       -7.9008345716335020     
   1.6598247572840905       -7.8321504430652400     
   1.6743807216533626       -7.7640632857673442     
   1.6890643357023913       -7.6965679371857583     
   1.7038767188651303       -7.6296592740804270     
   1.7188190003924977       -7.5633322132341929     
   1.7338923194384666       -7.4975817119772055     
   1.7490978251469111       -7.4324027685545859     
   1.7644366767392134       -7.3677904223618169     
   1.7799100436026387       -7.3037397540692979     
   1.7955191053794870       -7.2402458856546881     
   1.8112650520570239       -7.1773039803591470     
   1.8271490840582030       -7.1149092425812377     
   1.8431724123331814       -7.0530569177202560     
   1.8593362584516395       -6.9917422919788885     
   1.8756418546959095       -6.9309606921335041     
   1.8920904441549207       -6.8707074852790280     
   1.9086832808189693       -6.8109780785541041     
   1.9254216296753186       -6.7517679188512405     
   1.9423067668046372       -6.6930724925157454     
   1.9593399794782840       -6.6348873250365665     
   1.9765225662564463       -6.5772079807314592     
   1.9938558370871375       -6.5200300624284795     
