                                                  
                                                                                                                                                                                                                                                                
        SCF,CCSD
   -103.51784238,   -104.14093499
   -103.38988607,   -104.05997411
   -103.17141827,   -103.92496320
   -103.29982664,   -103.86889254
   -103.16306299,   -103.79874077
   -102.75354837,   -103.29331483
   -101.55439838,   -102.05553170
    -99.70289637,   -100.16601110
    -97.06862771,    -97.50368593
    -93.57497884,    -93.99177690
    -89.21651656,    -89.61214652
    -30.57825429,    -30.67376727
   -103.37430562,   -104.09142213
                                                  
