                                                  
                                                                                                                                                                                                                                                                
        SCF,CCSD
   -103.51600474,   -104.12809345
   -103.38804560,   -104.04586306
   -103.16957536,   -103.90988735
   -103.29797607,   -103.85622219
   -103.16120478,   -103.78439499
   -102.75167561,   -103.28067235
   -101.55261147,   -102.04415152
    -99.70129396,   -100.15614566
    -97.06728933,    -97.49550749
    -93.57396731,    -93.98539778
    -89.21590247,    -89.60763407
    -30.57757777,    -30.67299663
   -103.37237138,   -104.07717638
                                                  
