   3.7363333963997891E-006   326.04169598682813     
   3.7692505572441434E-006   326.04169598511169     
   3.8024577188360484E-006   326.04169598336472     
   3.8359574360870271E-006   326.04169598158683     
   3.8697522864174184E-006   326.04169597977750     
   3.9038448699546771E-006   326.04169597793617     
   3.9382378097334264E-006   326.04169597606221     
   3.9729337518972669E-006   326.04169597415512     
   4.0079353659023709E-006   326.04169597221426     
   4.0432453447228662E-006   326.04169597023912     
   4.0788664050580269E-006   326.04169596822902     
   4.1148012875412923E-006   326.04169596618328     
   4.1510527569511334E-006   326.04169596410134     
   4.1876236024237632E-006   326.04169596198255     
   4.2245166376677322E-006   326.04169595982637     
   4.2617347011804136E-006   326.04169595763193     
   4.2992806564663888E-006   326.04169595539867     
   4.3371573922577633E-006   326.04169595312584     
   4.3753678227364232E-006   326.04169595081294     
   4.4139148877582458E-006   326.04169594845894     
   4.4528015530792873E-006   326.04169594606333     
   4.4920308105839666E-006   326.04169594362531     
   4.5316056785152565E-006   326.04169594114416     
   4.5715292017068987E-006   326.04169593861911     
   4.6118044518176754E-006   326.04169593604939     
   4.6524345275677324E-006   326.04169593343420     
   4.6934225549769950E-006   326.04169593077268     
   4.7347716876056746E-006   326.04169592806403     
   4.7764851067969029E-006   326.04169592530752     
   4.8185660219215001E-006   326.04169592250219     
   4.8610176706248957E-006   326.04169591964728     
   4.9038433190762326E-006   326.04169591674173     
   4.9470462622196591E-006   326.04169591378485     
   4.9906298240278368E-006   326.04169591077562     
   5.0345973577576825E-006   326.04169590771306     
   5.0789522462083648E-006   326.04169590459634     
   5.1236979019815694E-006   326.04169590142448     
   5.1688377677440632E-006   326.04169589819651     
   5.2143753164925635E-006   326.04169589491136     
   5.2603140518209491E-006   326.04169589156811     
   5.3066575081898192E-006   326.04169588816563     
   5.3534092511984336E-006   326.04169588470302     
   5.4005728778590398E-006   326.04169588117901     
   5.4481520168736249E-006   326.04169587759276     
   5.4961503289131043E-006   326.04169587394301     
   5.5445715068989637E-006   326.04169587022864     
   5.5934192762873912E-006   326.04169586644861     
   5.6426973953559073E-006   326.04169586260156     
   5.6924096554925233E-006   326.04169585868647     
   5.7425598814874399E-006   326.04169585470220     
   5.7931519318273260E-006   326.04169585064722     
   5.8441896989921860E-006   326.04169584652061     
   5.8956771097548368E-006   326.04169584232091     
   5.9476181254830307E-006   326.04169583804696     
   6.0000167424442392E-006   326.04169583369742     
   6.0528769921131158E-006   326.04169582927074     
   6.1062029414816768E-006   326.04169582476584     
   6.1599986933722072E-006   326.04169582018108     
   6.2142683867529236E-006   326.04169581551525     
   6.2690161970564241E-006   326.04169581076690     
   6.3242463365009420E-006   326.04169580593447     
   6.3799630544144218E-006   326.04169580101654     
   6.4361706375614596E-006   326.04169579601154     
   6.4928734104731238E-006   326.04169579091797     
   6.5500757357796709E-006   326.04169578573430     
   6.6077820145462065E-006   326.04169578045884     
   6.6659966866112938E-006   326.04169577509003     
   6.7247242309285516E-006   326.04169576962624     
   6.7839691659112529E-006   326.04169576406571     
   6.8437360497799717E-006   326.04169575840677     
   6.9040294809132808E-006   326.04169575264763     
   6.9648540982015483E-006   326.04169574678667     
   7.0262145814038425E-006   326.04169574082198     
   7.0881156515079911E-006   326.04169573475167     
   7.1505620710938071E-006   326.04169572857393     
   7.2135586446995071E-006   326.04169572228693     
   7.2771102191913745E-006   326.04169571588858     
   7.3412216841366700E-006   326.04169570937705     
   7.4058979721798178E-006   326.04169570275019     
   7.4711440594219310E-006   326.04169569600617     
   7.5369649658036546E-006   326.04169568914278     
   7.6033657554913938E-006   326.04169568215787     
   7.6703515372669519E-006   326.04169567504937     
   7.7379274649205839E-006   326.04169566781508     
   7.8060987376475233E-006   326.04169566045277     
   7.8748706004479998E-006   326.04169565296013     
   7.9442483445307959E-006   326.04169564533493     
   8.0142373077203204E-006   326.04169563757472     
   8.0848428748673130E-006   326.04169562967712     
   8.1560704782631380E-006   326.04169562163986     
   8.2279255980577392E-006   326.04169561346038     
   8.3004137626812761E-006   326.04169560513606     
   8.3735405492694717E-006   326.04169559666451     
   8.4473115840927070E-006   326.04169558804290     
   8.5217325429889048E-006   326.04169557926883     
   8.5968091518002135E-006   326.04169557033941     
   8.6725471868135508E-006   326.04169556125197     
   8.7489524752050168E-006   326.04169555200372     
   8.8260308954882381E-006   326.04169554259181     
   8.9037883779666398E-006   326.04169553301324     
   8.9822309051897268E-006   326.04169552326528     
   9.0613645124133650E-006   326.04169551334479     
   9.1411952880641243E-006   326.04169550324872     
   9.2217293742077240E-006   326.04169549297393     
   9.3029729670215752E-006   326.04169548251730     
   9.3849323172715299E-006   326.04169547187564     
   9.4676137307927858E-006   326.04169546104566     
   9.5510235689750565E-006   326.04169545002395     
   9.6351682492520109E-006   326.04169543880721     
   9.7200542455950189E-006   326.04169542739197     
   9.8056880890112404E-006   326.04169541577465     
   9.8920763680461281E-006   326.04169540395185     
   9.9792257292903271E-006   326.04169539191975     
   1.0067142877891063E-005   326.04169537967471     
   1.0155834578068018E-005   326.04169536721304     
   1.0245307653633769E-005   326.04169535453065     
   1.0335568988518799E-005   326.04169534162395     
   1.0426625527301130E-005   326.04169532848880     
   1.0518484275740638E-005   326.04169531512110     
   1.0611152301318064E-005   326.04169530151700     
   1.0704636733778773E-005   326.04169528767210     
   1.0798944765681309E-005   326.04169527358209     
   1.0894083652950778E-005   326.04169525924277     
   1.0990060715437110E-005   326.04169524464959     
   1.1086883337478239E-005   326.04169522979828     
   1.1184558968468241E-005   326.04169521468401     
   1.1283095123430478E-005   326.04169519930235     
   1.1382499383595801E-005   326.04169518364841     
   1.1482779396985832E-005   326.04169516771748     
   1.1583942879001390E-005   326.04169515150460     
   1.1685997613016112E-005   326.04169513500477     
   1.1788951450975286E-005   326.04169511821300     
   1.1892812313999972E-005   326.04169510112393     
   1.1997588192996442E-005   326.04169508373252     
   1.2103287149270989E-005   326.04169506603330     
   1.2209917315150151E-005   326.04169504802081     
   1.2317486894606399E-005   326.04169502968966     
   1.2426004163889347E-005   326.04169501103394     
   1.2535477472162505E-005   326.04169499204818     
   1.2645915242145654E-005   326.04169497272630     
   1.2757325970762881E-005   326.04169495306252     
   1.2869718229796321E-005   326.04169493305074     
   1.2983100666545655E-005   326.04169491268476     
   1.3097482004493422E-005   326.04169489195846     
   1.3212871043976185E-005   326.04169487086523     
   1.3329276662861631E-005   326.04169484939877     
   1.3446707817231606E-005   326.04169482755242     
   1.3565173542071191E-005   326.04169480531942     
   1.3684682951963841E-005   326.04169478269296     
   1.3805245241792645E-005   326.04169475966603     
   1.3926869687447768E-005   326.04169473623159     
   1.4049565646540126E-005   326.04169471238237     
   1.4173342559121348E-005   326.04169468811114     
   1.4298209948410076E-005   326.04169466341034     
   1.4424177421524674E-005   326.04169463827236     
   1.4551254670222378E-005   326.04169461268953     
   1.4679451471644972E-005   326.04169458665399     
   1.4808777689071028E-005   326.04169456015768     
   1.4939243272674768E-005   326.04169453319241     
   1.5070858260291614E-005   326.04169450574994     
   1.5203632778190499E-005   326.04169447782169     
   1.5337577041852952E-005   326.04169444939936     
   1.5472701356759067E-005   326.04169442047390     
   1.5609016119180388E-005   326.04169439103657     
   1.5746531816979806E-005   326.04169436107821     
   1.5885259030418444E-005   326.04169433058968     
   1.6025208432969716E-005   326.04169429956158     
   1.6166390792140517E-005   326.04169426798444     
   1.6308816970299656E-005   326.04169423584835     
   1.6452497925513603E-005   326.04169420314361     
   1.6597444712389578E-005   326.04169416986002     
   1.6743668482926070E-005   326.04169413598737     
   1.6891180487370883E-005   326.04169410151530     
   1.7039992075086680E-005   326.04169406643308     
   1.7190114695424209E-005   326.04169403073013     
   1.7341559898603191E-005   326.04169399439525     
   1.7494339336600976E-005   326.04169395741724     
   1.7648464764049045E-005   326.04169391978490     
   1.7803948039137369E-005   326.04169388148659     
   1.7960801124526781E-005   326.04169384251037     
   1.8119036088269363E-005   326.04169380284446     
   1.8278665104736931E-005   326.04169376247648     
   1.8439700455557730E-005   326.04169372139415     
   1.8602154530561360E-005   326.04169367958468     
   1.8766039828732034E-005   326.04169363703539     
   1.8931368959170222E-005   326.04169359373304     
   1.9098154642062785E-005   326.04169354966427     
   1.9266409709661646E-005   326.04169350481573     
   1.9436147107271092E-005   326.04169345917330     
   1.9607379894243759E-005   326.04169341272325     
   1.9780121244985393E-005   326.04169336545112     
   1.9954384449968492E-005   326.04169331734232     
   2.0130182916754838E-005   326.04169326838218     
   2.0307530171027055E-005   326.04169321855545     
   2.0486439857629269E-005   326.04169316784703     
   2.0666925741616917E-005   326.04169311624111     
   2.0849001709315798E-005   326.04169306372188     
   2.1032681769390483E-005   326.04169301027326     
   2.1217980053922119E-005   326.04169295587866     
   2.1404910819495730E-005   326.04169290052141     
   2.1593488448297086E-005   326.04169284418447     
   2.1783727449219275E-005   326.04169278685049     
   2.1975642458978970E-005   326.04169272850186     
   2.2169248243242559E-005   326.04169266912061     
   2.2364559697762225E-005   326.04169260868838     
   2.2561591849521960E-005   326.04169254718670     
   2.2760359857893750E-005   326.04169248459658     
   2.2960879015803902E-005   326.04169242089876     
   2.3163164750909677E-005   326.04169235607367     
   2.3367232626786241E-005   326.04169229010120     
   2.3573098344124131E-005   326.04169222296139     
   2.3780777741937241E-005   326.04169215463315     
   2.3990286798781436E-005   326.04169208509580     
   2.4201641633983942E-005   326.04169201432768     
   2.4414858508883514E-005   326.04169194230724     
   2.4629953828081596E-005   326.04169186901214     
   2.4846944140704446E-005   326.04169179441999     
   2.5065846141676403E-005   326.04169171850759     
   2.5286676673004371E-005   326.04169164125182     
   2.5509452725073632E-005   326.04169156262878     
   2.5734191437955035E-005   326.04169148261428     
   2.5960910102723766E-005   326.04169140118370     
   2.6189626162789661E-005   326.04169131831202     
   2.6420357215239303E-005   326.04169123397378     
   2.6653121012189897E-005   326.04169114814283     
   2.6887935462155118E-005   326.04169106079291     
   2.7124818631422937E-005   326.04169097189714     
   2.7363788745445641E-005   326.04169088142811     
   2.7604864190242050E-005   326.04169078935792     
   2.7848063513812138E-005   326.04169069565836     
   2.8093405427564063E-005   326.04169060030051     
   2.8340908807753807E-005   326.04169050325510     
   2.8590592696937505E-005   326.04169040449216     
   2.8842476305436504E-005   326.04169030398134     
   2.9096579012815444E-005   326.04169020169178     
   2.9352920369373239E-005   326.04169009759198     
   2.9611520097647273E-005   326.04168999164972     
   2.9872398093930821E-005   326.04168988383259     
   3.0135574429803846E-005   326.04168977410734     
   3.0401069353677267E-005   326.04168966244026     
   3.0668903292350835E-005   326.04168954879685     
   3.0939096852584786E-005   326.04168943314232     
   3.1211670822685239E-005   326.04168931544086     
   3.1486646174103648E-005   326.04168919565649     
   3.1764044063050317E-005   326.04168907375208     
   3.2043885832122124E-005   326.04168894969041     
   3.2326193011944584E-005   326.04168882343305     
   3.2610987322828388E-005   326.04168869494117     
   3.2898290676440541E-005   326.04168856417544     
   3.3188125177490201E-005   326.04168843109534     
   3.3480513125429399E-005   326.04168829565998     
   3.3775477016168699E-005   326.04168815782788     
   3.4073039543808045E-005   326.04168801755640     
   3.4373223602382769E-005   326.04168787480251     
   3.4676052287625054E-005   326.04168772952221     
   3.4981548898740875E-005   326.04168758167071     
   3.5289736940202608E-005   326.04168743120255     
   3.5600640123557423E-005   326.04168727807155     
   3.5914282369251633E-005   326.04168712223048     
   3.6230687808471098E-005   326.04168696363138     
   3.6549880784997812E-005   326.04168680222546     
   3.6871885857082933E-005   326.04168663796298     
   3.7196727799336207E-005   326.04168647079354     
   3.7524431604632122E-005   326.04168630066550     
   3.7855022486032814E-005   326.04168612752665     
   3.8188525878727928E-005   326.04168595132359     
   3.8524967441991561E-005   326.04168577200221     
   3.8864373061156463E-005   326.04168558950721     
   3.9206768849605581E-005   326.04168540378254     
   3.9552181150781235E-005   326.04168521477089     
   3.9900636540211898E-005   326.04168502241430     
   4.0252161827556936E-005   326.04168482665335     
   4.0606784058669231E-005   326.04168462742791     
   4.0964530517676111E-005   326.04168442467665     
   4.1325428729078533E-005   326.04168421833714     
   4.1689506459868760E-005   326.04168400834601     
   4.2056791721666747E-005   326.04168379463857     
   4.2427312772875286E-005   326.04168357714877     
   4.2801098120854180E-005   326.04168335581005     
   4.3178176524113563E-005   326.04168313055425     
   4.3558576994526538E-005   326.04168290131184     
   4.3942328799561282E-005   326.04168266801236     
   4.4329461464532895E-005   326.04168243058405     
   4.4720004774874973E-005   326.04168218895387     
   4.5113988778431311E-005   326.04168194304742     
   4.5511443787767723E-005   326.04168169278887     
   4.5912400382504227E-005   326.04168143810142     
   4.6316889411667831E-005   326.04168117890657     
   4.6724941996065978E-005   326.04168091512469     
   4.7136589530680970E-005   326.04168064667437     
   4.7551863687085432E-005   326.04168037347313     
   4.7970796415879083E-005   326.04168009543685     
   4.8393419949146965E-005   326.04167981248003     
   4.8819766802939350E-005   326.04167952451553     
   4.9249869779773448E-005   326.04167923145474     
   4.9683761971157237E-005   326.04167893320744     
   5.0121476760135396E-005   326.04167862968188     
   5.0563047823857847E-005   326.04167832078463     
   5.1008509136170727E-005   326.04167800642057     
   5.1457894970230377E-005   326.04167768649313     
   5.1911239901140218E-005   326.04167736090363     
   5.2368578808610894E-005   326.04167702955192     
   5.2829946879643939E-005   326.04167669233618     
   5.3295379611238925E-005   326.04167634915245     
   5.3764912813124630E-005   326.04167599989523     
   5.4238582610514125E-005   326.04167564445692     
   5.4716425446884254E-005   326.04167528272819     
   5.5198478086779477E-005   326.04167491459771     
   5.5684777618640545E-005   326.04167453995217     
   5.6175361457657991E-005   326.04167415867636     
   5.6670267348650818E-005   326.04167377065289     
   5.7169533368970512E-005   326.04167337576212     
   5.7673197931430701E-005   326.04167297388290     
   5.8181299787262537E-005   326.04167256489126     
   5.8693878029096175E-005   326.04167214866146     
   5.9210972093968523E-005   326.04167172506538     
   5.9732621766357445E-005   326.04167129397263     
   6.0258867181242733E-005   326.04167085525057     
   6.0789748827194043E-005   326.04167040876428     
   6.1325307549486000E-005   326.04166995437606     
   6.1865584553240819E-005   326.04166949194621     
   6.2410621406598521E-005   326.04166902133261     
   6.2960460043915160E-005   326.04166854239008     
   6.3515142768989181E-005   326.04166805497158     
   6.4074712258316220E-005   326.04166755892680     
   6.4639211564372523E-005   326.04166705410319     
   6.5208684118927459E-005   326.04166654034537     
   6.5783173736384969E-005   326.04166601749529     
   6.6362724617154663E-005   326.04166548539195     
   6.6947381351052483E-005   326.04166494387164     
   6.7537188920731449E-005   326.04166439276776     
   6.8132192705142497E-005   326.04166383191063     
   6.8732438483025895E-005   326.04166326112755     
   6.9337972436433410E-005   326.04166268024306     
   6.9948841154281429E-005   326.04166208907822     
   7.0565091635935547E-005   326.04166148745117     
   7.1186771294826488E-005   326.04166087517677     
   7.1813927962098207E-005   326.04166025206649     
   7.2446609890287759E-005   326.04165961792870     
   7.3084865757037939E-005   326.04165897256814     
   7.3728744668842373E-005   326.04165831578615     
   7.4378296164823743E-005   326.04165764738065     
   7.5033570220545232E-005   326.04165696714603     
   7.5694617251855596E-005   326.04165627487282     
   7.6361488118768071E-005   326.04165557034798     
   7.7034234129373476E-005   326.04165485335477     
   7.7712907043787821E-005   326.04165412367240     
   7.8397559078134552E-005   326.04165338107640     
   7.9088242908562079E-005   326.04165262533820     
   7.9785011675296603E-005   326.04165185622526     
   8.0487918986730603E-005   326.04165107350070     
   8.1197018923547410E-005   326.04165027692392     
   8.1912366042882065E-005   326.04164946624945     
   8.2634015382518971E-005   326.04164864122805     
   8.3362022465126255E-005   326.04164780160568     
   8.4096443302527786E-005   326.04164694712398     
   8.4837334400012510E-005   326.04164607751989     
   8.5584752760681912E-005   326.04164519252595     
   8.6338755889835830E-005   326.04164429186972     
   8.7099401799396693E-005   326.04164337527396     
   8.7866749012373028E-005   326.04164244245652     
   8.8640856567362035E-005   326.04164149313050     
   8.9421784023091942E-005   326.04164052700355     
   9.0209591463004445E-005   326.04163954377856     
   9.1004339499877292E-005   326.04163854315271     
   9.1806089280487918E-005   326.04163752481821     
   9.2614902490317875E-005   326.04163648846151     
   9.3430841358298859E-005   326.04163543376376     
   9.4253968661600510E-005   326.04163436040034     
   9.5084347730460420E-005   326.04163326804087     
   9.5922042453056648E-005   326.04163215634929     
   9.6767117280423143E-005   326.04163102498342     
   9.7619637231408633E-005   326.04162987359490     
   9.8479667897678966E-005   326.04162870182961     
   9.9347275448763688E-005   326.04162750932682     
   1.0022252663714705E-004   326.04162629571948     
   1.0110548880340379E-004   326.04162506063420     
   1.0199622988138028E-004   326.04162380369081     
   1.0289481840342124E-004   326.04162252450243     
   1.0380132350564247E-004   326.04162122267553     
   1.0471581493325021E-004   326.04161989780926     
   1.0563836304590708E-004   326.04161854949604     
   1.0656903882314555E-004   326.04161717732080     
   1.0750791386982899E-004   326.04161578086132     
   1.0845506042166082E-004   326.04161435968780     
   1.0941055135074224E-004   326.04161291336283     
   1.1037446017117891E-004   326.04161144144132     
   1.1134686104473703E-004   326.04160994347029     
   1.1232782878654915E-004   326.04160841898869     
   1.1331743887087053E-004   326.04160686752732     
   1.1431576743688579E-004   326.04160528860871     
   1.1532289129456713E-004   326.04160368174701     
   1.1633888793058389E-004   326.04160204644768     
   1.1736383551426430E-004   326.04160038220738     
   1.1839781290360967E-004   326.04159868851394     
   1.1944089965136168E-004   326.04159696484612     
   1.2049317601112301E-004   326.04159521067345     
   1.2155472294353194E-004   326.04159342545597     
   1.2262562212249137E-004   326.04159160864441     
   1.2370595594145262E-004   326.04158975967960     
   1.2479580751975479E-004   326.04158787799230     
   1.2589526070901975E-004   326.04158596300380     
   1.2700440009960355E-004   326.04158401412445     
   1.2812331102710471E-004   326.04158203075440     
   1.2925207957892995E-004   326.04158001228348     
   1.3039079260091736E-004   326.04157795809033     
   1.3153953770401845E-004   326.04157586754292     
   1.3269840327103860E-004   326.04157373999760     
   1.3386747846343730E-004   326.04157157479983     
   1.3504685322818799E-004   326.04156937128312     
   1.3623661830469846E-004   326.04156712876943     
   1.3743686523179222E-004   326.04156484656841     
   1.3864768635475142E-004   326.04156252397786     
   1.3986917483242169E-004   326.04156016028298     
   1.4110142464437967E-004   326.04155775475630     
   1.4234453059816366E-004   326.04155530665730     
   1.4359858833656807E-004   326.04155281523288     
   1.4486369434500181E-004   326.04155027971603     
   1.4613994595891200E-004   326.04154769932660     
   1.4742744137127270E-004   326.04154507327030     
   1.4872627964013970E-004   326.04154240073899     
   1.5003656069627192E-004   326.04153968091026     
   1.5135838535082011E-004   326.04153691294687     
   1.5269185530308277E-004   326.04153409599712     
   1.5403707314833116E-004   326.04153122919399     
   1.5539414238570245E-004   326.04152831165521     
   1.5676316742616311E-004   326.04152534248283     
   1.5814425360054189E-004   326.04152232076319     
   1.5953750716763399E-004   326.04151924556618     
   1.6094303532237646E-004   326.04151611594540     
   1.6236094620409542E-004   326.04151293093787     
   1.6379134890482646E-004   326.04150968956304     
   1.6523435347770771E-004   326.04150639082366     
   1.6669007094544751E-004   326.04150303370432     
   1.6815861330886592E-004   326.04149961717195     
   1.6964009355551230E-004   326.04149614017501     
   1.7113462566835822E-004   326.04149260164331     
   1.7264232463456714E-004   326.04148900048807     
   1.7416330645434133E-004   326.04148533560090     
   1.7569768814984694E-004   326.04148160585379     
   1.7724558777421732E-004   326.04147781009902     
   1.7880712442063594E-004   326.04147394716836     
   1.8038241823149927E-004   326.04147001587296     
   1.8197159040766033E-004   326.04146601500287     
   1.8357476321775369E-004   326.04146194332685     
   1.8519206000760271E-004   326.04145779959191     
   1.8682360520970955E-004   326.04145358252248     
   1.8846952435282879E-004   326.04144929082099     
   1.9012994407162554E-004   326.04144492316647     
   1.9180499211641841E-004   326.04144047821489     
   1.9349479736300855E-004   326.04143595459806     
   1.9519948982259504E-004   326.04143135092392     
   1.9691920065177790E-004   326.04142666577565     
   1.9865406216264901E-004   326.04142189771136     
   2.0040420783297197E-004   326.04141704526359     
   2.0216977231645190E-004   326.04141210693899     
   2.0395089145309520E-004   326.04140708121770     
   2.0574770227966115E-004   326.04140196655311     
   2.0756034304020510E-004   326.04139676137100     
   2.0938895319671502E-004   326.04139146406953     
   2.1123367343984126E-004   326.04138607301832     
   2.1309464569972122E-004   326.04138058655820     
   2.1497201315689925E-004   326.04137500300084     
   2.1686592025334272E-004   326.04136932062772     
   2.1877651270355521E-004   326.04136353768996     
   2.2070393750578754E-004   326.04135765240801     
   2.2264834295334759E-004   326.04135166297050     
   2.2460987864600989E-004   326.04134556753405     
   2.2658869550152546E-004   326.04133936422289     
   2.2858494576723329E-004   326.04133305112776     
   2.3059878303177404E-004   326.04132662630593     
   2.3263036223690692E-004   326.04132008777992     
   2.3467983968943062E-004   326.04131343353743     
   2.3674737307320944E-004   326.04130666153077     
   2.3883312146130521E-004   326.04129976967556     
   2.4093724532821612E-004   326.04129275585086     
   2.4305990656222335E-004   326.04128561789815     
   2.4520126847784685E-004   326.04127835362061     
   2.4736149582840988E-004   326.04127096078258     
   2.4954075481871564E-004   326.04126343710885     
   2.5173921311783432E-004   326.04125578028402     
   2.5395703987200340E-004   326.04124798795152     
   2.5619440571764173E-004   326.04124005771325     
   2.5845148279447788E-004   326.04123198712864     
   2.6072844475879436E-004   326.04122377371380     
   2.6302546679678846E-004   326.04121541494106     
   2.6534272563805085E-004   326.04120690823794     
   2.6768039956916287E-004   326.04119825098638     
   2.7003866844741380E-004   326.04118944052209     
   2.7241771371463855E-004   326.04118047413351     
   2.7481771841117789E-004   326.04117134906107     
   2.7723886718996075E-004   326.04116206249671     
   2.7968134633071199E-004   326.04115261158228     
   2.8214534375428359E-004   326.04114299340915     
   2.8463104903711365E-004   326.04113320501716     
   2.8713865342581193E-004   326.04112324339400     
   2.8966834985187401E-004   326.04111310547387     
   2.9222033294652516E-004   326.04110278813670     
   2.9479479905569522E-004   326.04109228820721     
   2.9739194625512497E-004   326.04108160245408     
   3.0001197436560571E-004   326.04107072758859     
   3.0265508496835351E-004   326.04105966026390     
   3.0532148142051825E-004   326.04104839707395     
   3.0801136887082978E-004   326.04103693455244     
   3.1072495427538187E-004   326.04102526917166     
   3.1346244641355481E-004   326.04101339734149     
   3.1622405590407893E-004   326.04100131540832     
   3.1900999522123906E-004   326.04098901965375     
   3.2182047871122220E-004   326.04097650629376     
   3.2465572260860883E-004   326.04096377147715     
   3.2751594505300982E-004   326.04095081128480     
   3.3040136610584971E-004   326.04093762172806     
   3.3331220776729788E-004   326.04092419874775     
   3.3624869399334910E-004   326.04091053821276     
   3.3921105071305405E-004   326.04089663591913     
   3.4219950584590255E-004   326.04088248758808     
   3.4521428931935861E-004   326.04086808886547     
   3.4825563308655145E-004   326.04085343532006     
   3.5132377114412101E-004   326.04083852244190     
   3.5441893955022192E-004   326.04082334564168     
   3.5754137644268492E-004   326.04080790024847     
   3.6069132205733914E-004   326.04079218150895     
   3.6386901874649558E-004   326.04077618458547     
   3.6707471099759316E-004   326.04075990455487     
   3.7030864545200919E-004   326.04074333640676     
   3.7357107092403596E-004   326.04072647504233     
   3.7686223842002358E-004   326.04070931527230     
   3.8018240115769274E-004   326.04069185181567     
   3.8353181458561624E-004   326.04067407929790     
   3.8691073640287349E-004   326.04065599224936     
   3.9031942657887674E-004   326.04063758510352     
   3.9375814737337362E-004   326.04061885219573     
   3.9722716335662434E-004   326.04059978776053     
   4.0072674142975772E-004   326.04058038593092     
   4.0425715084530602E-004   326.04056064073569     
   4.0781866322792088E-004   326.04054054609816     
   4.1141155259527182E-004   326.04052009583410     
   4.1503609537912867E-004   326.04049928364992     
   4.1869257044662973E-004   326.04047810314023     
   4.2238125912173784E-004   326.04045654778690     
   4.2610244520688436E-004   326.04043461095597     
   4.2985641500480515E-004   326.04041228589620     
   4.3364345734056808E-004   326.04038956573697     
   4.3746386358379456E-004   326.04036644348605     
   4.4131792767107759E-004   326.04034291202743     
   4.4520594612859626E-004   326.04031896411902     
   4.4912821809493071E-004   326.04029459239086     
   4.5308504534407674E-004   326.04026978934229     
   4.5707673230866439E-004   326.04024454734008     
   4.6110358610338033E-004   326.04021885861584     
   4.6516591654859670E-004   326.04019271526374     
   4.6926403619420854E-004   326.04016610923799     
   4.7339826034368084E-004   326.04013903235045     
   4.7756890707830726E-004   326.04011147626795     
   4.8177629728168327E-004   326.04008343251013     
   4.8602075466439422E-004   326.04005489244622     
   4.9030260578892127E-004   326.04002584729295     
   4.9462218009476647E-004   326.03999628811152     
   4.9897980992379977E-004   326.03996620580483     
   5.0337583054582821E-004   326.03993559111507     
   5.0781058018439188E-004   326.03990443462033     
   5.1228440004278601E-004   326.03987272673203     
   5.1679763433031261E-004   326.03984045769198     
   5.2135063028876331E-004   326.03980761756907     
   5.2594373821913617E-004   326.03977419625670     
   5.3057731150858679E-004   326.03974018346941     
   5.3525170665761766E-004   326.03970556873952     
   5.3996728330750682E-004   326.03967034141414     
   5.4472440426797815E-004   326.03963449065191     
   5.4952343554511506E-004   326.03959800541980     
   5.5436474636952142E-004   326.03956087448915     
   5.5924870922472814E-004   326.03952308643272     
   5.6417569987585311E-004   326.03948462962137     
   5.6914609739851111E-004   326.03944549221961     
   5.7416028420797941E-004   326.03940566218284     
   5.7921864608862026E-004   326.03936512725323     
   5.8432157222356319E-004   326.03932387495610     
   5.8946945522464706E-004   326.03928189259574     
   5.9466269116262868E-004   326.03923916725228     
   5.9990167959765377E-004   326.03919568577646     
   6.0518682361000069E-004   326.03915143478696     
   6.1051852983109165E-004   326.03910640066539     
   6.1589720847477836E-004   326.03906056955236     
   6.2132327336890370E-004   326.03901392734326     
   6.2679714198714102E-004   326.03896645968393     
   6.3231923548111378E-004   326.03891815196585     
   6.3788997871279830E-004   326.03886898932251     
   6.4350980028721227E-004   326.03881895662374     
   6.4917913258539085E-004   326.03876803847214     
   6.5489841179765349E-004   326.03871621919734     
   6.6066807795716362E-004   326.03866348285209     
   6.6648857497378464E-004   326.03860981320656     
   6.7236035066823316E-004   326.03855519374400     
   6.7828385680653404E-004   326.03849960765501     
   6.8425954913477844E-004   326.03844303783313     
   6.9028788741418851E-004   326.03838546686893     
   6.9636933545649034E-004   326.03832687704482     
   7.0250436115959936E-004   326.03826725032980     
   7.0869343654361976E-004   326.03820656837382     
   7.1493703778716046E-004   326.03814481250191     
   7.2123564526397255E-004   326.03808196370875     
   7.2758974357990767E-004   326.03801800265268     
   7.3399982161020331E-004   326.03795290964979     
   7.4046637253709629E-004   326.03788666466755     
   7.4698989388776739E-004   326.03781924731931     
   7.5357088757261996E-004   326.03775063685742     
   7.6020985992389682E-004   326.03768081216714     
   7.6690732173463659E-004   326.03760975176004     
   7.7366378829797297E-004   326.03753743376723     
   7.8047977944678104E-004   326.03746383593318     
   7.8735581959367244E-004   326.03738893560842     
   7.9429243777134277E-004   326.03731270974225     
   8.0129016767327465E-004   326.03723513487665     
   8.0834954769479943E-004   326.03715618713801     
   8.1547112097452078E-004   326.03707584223048     
   8.2265543543610215E-004   326.03699407542814     
   8.2990304383042399E-004   326.03691086156766     
   8.3721450377811175E-004   326.03682617504023     
   8.4459037781243779E-004   326.03673998978400     
   8.5203123342260227E-004   326.03665227927564     
   8.5953764309739473E-004   326.03656301652279     
   8.6711018436924083E-004   326.03647217405529     
   8.7474943985863668E-004   326.03637972391681     
   8.8245599731897489E-004   326.03628563765631     
   8.9023044968176556E-004   326.03618988631933     
   8.9807339510225527E-004   326.03609244043889     
   9.0598543700544864E-004   326.03599327002667     
   9.1396718413253508E-004   326.03589234456371     
   9.2201925058772391E-004   326.03578963299071     
   9.3014225588549304E-004   326.03568510369917     
   9.3833682499825353E-004   326.03557872452086     
   9.4660358840443419E-004   326.03547046271831     
   9.5494318213698917E-004   326.03536028497496     
   9.6335624783233426E-004   326.03524815738456     
   9.7184343277971247E-004   326.03513404544071     
   9.8040538997099642E-004   326.03501791402670     
   9.8904277815092790E-004   326.03489972740397     
   9.9775626186780178E-004   326.03477944920184     
   1.0065465115245938E-003   326.03465704240591     
   1.0154142034305422E-003   326.03453246934680     
   1.0243600198531805E-003   326.03440569168845     
   1.0333846490708312E-003   326.03427667041666     
   1.0424887854255599E-003   326.03414536582625     
   1.0516731293765988E-003   326.03401173751013     
   1.0609383875542370E-003   326.03387574434589     
   1.0702852728141879E-003   326.03373734448314     
   1.0797145042924377E-003   326.03359649533121     
   1.0892268074605713E-003   326.03345315354579     
   1.0988229141815908E-003   326.03330727501549     
   1.1085035627662247E-003   326.03315881484815     
   1.1182694980297308E-003   326.03300772735747     
   1.1281214713492020E-003   326.03285396604861     
   1.1380602407213766E-003   326.03269748360401     
   1.1480865708209569E-003   326.03253823186856     
   1.1582012330594422E-003   326.03237616183537     
   1.1684050056444805E-003   326.03221122363016     
   1.1786986736397422E-003   326.03204336649600     
   1.1890830290253221E-003   326.03187253877815     
   1.1995588707586736E-003   326.03169868790741     
   1.2101270048360774E-003   326.03152176038452     
   1.2207882443546572E-003   326.03134170176361     
   1.2315434095749342E-003   326.03115845663524     
   1.2423933279839404E-003   326.03097196860955     
   1.2533388343588818E-003   326.03078218029879     
   1.2643807708313658E-003   326.03058903329986     
   1.2755199869521939E-003   326.03039246817610     
   1.2867573397567244E-003   326.03019242443906     
   1.2980936938308118E-003   326.02998884053011     
   1.3095299213773267E-003   326.02978165380114     
   1.3210669022832619E-003   326.02957080049566     
   1.3327055241874294E-003   326.02935621572897     
   1.3444466825487545E-003   326.02913783346810     
   1.3562912807151704E-003   326.02891558651186     
   1.3682402299931217E-003   326.02868940646988     
   1.3802944497176780E-003   326.02845922374149     
   1.3924548673232659E-003   326.02822496749457     
   1.4047224184150261E-003   326.02798656564391     
   1.4170980468407959E-003   326.02774394482810     
   1.4295827047637281E-003   326.02749703038859     
   1.4421773527355493E-003   326.02724574634487     
   1.4548829597704632E-003   326.02699001537258     
   1.4677005034197054E-003   326.02672975877891     
   1.4806309698467534E-003   326.02646489647873     
   1.4936753539032030E-003   326.02619534696987     
   1.5068346592053093E-003   326.02592102730807     
   1.5201098982112029E-003   326.02564185308125     
   1.5335020922987881E-003   326.02535773838395     
   1.5470122718443267E-003   326.02506859579074     
   1.5606414763017120E-003   326.02477433632907     
   1.5743907542824444E-003   326.02447486945243     
   1.5882611636363088E-003   326.02417010301173     
   1.6022537715327653E-003   326.02385994322799     
   1.6163696545430548E-003   326.02354429466254     
   1.6306098987230297E-003   326.02322306018823     
   1.6449755996967119E-003   326.02289614095923     
   1.6594678627405910E-003   326.02256343638112     
   1.6740878028686597E-003   326.02222484407923     
   1.6888365449182045E-003   326.02188025986771     
   1.7037152236363462E-003   326.02152957771762     
   1.7187249837673482E-003   326.02117268972353     
   1.7338669801406897E-003   326.02080948607124     
   1.7491423777599173E-003   326.02043985500336     
   1.7645523518922789E-003   326.02006368278529     
   1.7800980881591470E-003   326.01968085367020     
   1.7957807826272378E-003   326.01929124986339     
   1.8116016419006367E-003   326.01889475148590     
   1.8275618832136308E-003   326.01849123653807     
   1.8436627345243626E-003   326.01808058086147     
   1.8599054346093065E-003   326.01766265810136     
   1.8762912331585781E-003   326.01723733966713     
   1.8928213908720856E-003   326.01680449469353     
   1.9094971795565235E-003   326.01636398999966     
   1.9263198822232254E-003   326.01591569004870     
   1.9432907931868774E-003   326.01545945690566     
   1.9604112181650988E-003   326.01499515019555     
   1.9776824743789035E-003   326.01452262705959     
   1.9951058906540462E-003   326.01404174211189     
   2.0126828075232579E-003   326.01355234739435     
   2.0304145773293860E-003   326.01305429233122     
   2.0483025643294418E-003   326.01254742368303     
   2.0663481447995634E-003   326.01203158549936     
   2.0845527071409061E-003   326.01150661907070     
   2.1029176519864624E-003   326.01097236288001     
   2.1214443923088253E-003   326.01042865255283     
   2.1401343535289003E-003   326.00987532080677     
   2.1589889736255757E-003   326.00931219740028     
   2.1780097032463581E-003   326.00873910908007     
   2.1971980058189838E-003   326.00815587952781     
   2.2165553576640115E-003   326.00756232930644     
   2.2360832481084099E-003   326.00695827580444     
   2.2557831796001428E-003   326.00634353318003     
   2.2756566678237677E-003   326.00571791230379     
   2.2957052418170472E-003   326.00508122070090     
   2.3159304440885935E-003   326.00443326249149     
   2.3363338307365459E-003   326.00377383833109     
   2.3569169715682943E-003   326.00310274534877     
   2.3776814502212587E-003   326.00241977708504     
   2.3986288642847322E-003   326.00172472342854     
   2.4197608254227965E-003   326.00101737055110     
   2.4410789594983208E-003   326.00029750084252     
   2.4625849066980546E-003   325.99956489284324     
   2.4842803216588200E-003   325.99881932117648     
   2.5061668735948182E-003   325.99806055647923     
   2.5282462464260554E-003   325.99728836533143     
   2.5505201389079018E-003   325.99650251018420     
   2.5729902647617922E-003   325.99570274928720     
   2.5956583528070750E-003   325.99488883661439     
   2.6185261470940279E-003   325.99406052178779     
   2.6415954070380405E-003   325.99321755000136     
   2.6648679075549817E-003   325.99235966194226     
   2.6883454391977602E-003   325.99148659371122     
   2.7120298082940852E-003   325.99059807674195     
   2.7359228370854452E-003   325.98969383771760     
   2.7600263638673061E-003   325.98877359848819     
   2.7843422431305491E-003   325.98783707598398     
   2.8088723457041502E-003   325.98688398212903     
   2.8336185588991218E-003   325.98591402375303     
   2.8585827866537189E-003   325.98492690250060     
   2.8837669496799231E-003   325.98392231474008     
   2.9091729856112226E-003   325.98289995147042     
   2.9348028491516889E-003   325.98185949822573     
   2.9606585122263713E-003   325.98080063497935     
   2.9867419641330102E-003   325.97972303604513     
   3.0130552116950939E-003   325.97862636997769     
   3.0396002794162605E-003   325.97751029947045     
   3.0663792096360578E-003   325.97637448125232     
   3.0933940626870823E-003   325.97521856598223     
   3.1206469170534934E-003   325.97404219814166     
   3.1481398695309324E-003   325.97284501592571     
   3.1758750353878466E-003   325.97162665113223     
   3.2038545485282327E-003   325.97038672904830     
   3.2320805616558191E-003   325.96912486833554     
   3.2605552464396908E-003   325.96784068091330     
   3.2892807936813731E-003   325.96653377183890     
   3.3182594134833921E-003   325.96520373918713     
   3.3474933354193130E-003   325.96385017392640     
   3.3769848087052833E-003   325.96247265979349     
   3.4067361023730814E-003   325.96107077316577     
   3.4367495054446967E-003   325.95964408293116     
   3.4670273271084394E-003   325.95819215035584     
   3.4975718968966083E-003   325.95671452894976     
   3.5283855648647225E-003   325.95521076432976     
   3.5594707017723294E-003   325.95368039407981     
   3.5908296992654075E-003   325.95212294760950     
   3.6224649700603798E-003   325.95053794600966     
   3.6543789481297390E-003   325.94892490190523     
   3.6865740888893184E-003   325.94728331930628     
   3.7190528693872072E-003   325.94561269345525     
   3.7518177884943286E-003   325.94391251067282     
   3.7848713670967033E-003   325.94218224819969     
   3.8182161482893991E-003   325.94042137403733     
   3.8518546975721958E-003   325.93862934678361     
   3.8857896030469697E-003   325.93680561546796     
   3.9200234756168175E-003   325.93494961938165     
   3.9545589491869378E-003   325.93306078790641     
   3.9893986808672791E-003   325.93113854033925     
   4.0245453511769738E-003   325.92918228571489     
   4.0600016642505718E-003   325.92719142262388     
   4.0957703480460957E-003   325.92516533902943     
   4.1318541545549269E-003   325.92310341207866     
   4.1682558600135327E-003   325.92100500791253     
   4.2049782651170757E-003   325.91886948147180     
   4.2420241952348869E-003   325.91669617629867     
   4.2793965006278530E-003   325.91448442433637     
   4.3170980566677045E-003   325.91223354572412     
   4.3551317640582463E-003   325.90994284858931     
   4.3935005490585355E-003   325.90761162883518     
   4.4322073637080173E-003   325.90523916992561     
   4.4712551860536598E-003   325.90282474266542     
   4.5106470203790721E-003   325.90036760497753     
   4.5503858974356515E-003   325.89786700167519     
   4.5904748746757717E-003   325.89532216423146     
   4.6309170364880097E-003   325.89273231054347     
   4.6717154944344603E-003   325.89009664469359     
   4.7128733874901331E-003   325.88741435670539     
   4.7543938822844616E-003   325.88468462229582     
   4.7962801733449356E-003   325.88190660262364     
   4.8385354833428897E-003   325.87907944403196     
   4.8811630633414475E-003   325.87620227778797     
   4.9241661930456522E-003   325.87327421981638     
   4.9675481810548061E-003   325.87029437042986     
   5.0113123651170256E-003   325.86726181405334     
   5.0554621123860485E-003   325.86417561894450     
   5.1000008196802910E-003   325.86103483690869     
   5.1449319137441977E-003   325.85783850300908     
   5.1902588515118919E-003   325.85458563527192     
   5.2359851203731432E-003   325.85127523438643     
   5.2821142384416875E-003   325.84790628339914     
   5.3286497548258992E-003   325.84447774740386     
   5.3755952499018591E-003   325.84098857322465     
   5.4229543355888248E-003   325.83743768909500     
   5.4707306556271195E-003   325.83382400432998     
   5.5189278858584845E-003   325.83014640899341     
   5.5675497345088875E-003   325.82640377355887     
   5.6165999424738306E-003   325.82259494856493     
   5.6660822836061692E-003   325.81871876426453     
   5.7160005650064658E-003   325.81477403026764     
   5.7663586273159050E-003   325.81075953517819     
   5.8171603450117839E-003   325.80667404622477     
   5.8684096267056134E-003   325.80251630888381     
   5.9201104154438340E-003   325.79828504649799     
   5.9722666890111974E-003   325.79397895988620     
   6.0248824602368032E-003   325.78959672694759     
   6.0779617773028443E-003   325.78513700225886     
   6.1315087240560702E-003   325.78059841666379     
   6.1855274203219844E-003   325.77597957685600     
   6.2400220222218307E-003   325.77127906495485     
   6.2949967224923435E-003   325.76649543807315     
   6.3504557508083474E-003   325.76162722787785     
   6.4064033741081669E-003   325.75667294014289     
   6.4628438969219319E-003   325.75163105429431     
   6.5197816617027522E-003   325.74650002294709     
   6.5772210491608241E-003   325.74127827143474     
   6.6351664786004757E-003   325.73596419732974     
   6.6936224082601841E-003   325.73055616995640     
   6.7525933356555766E-003   325.72505252989447     
   6.8120837979254766E-003   325.71945158847473     
   6.8720983721809762E-003   325.71375162726576     
   6.9326416758575893E-003   325.70795089755154     
   6.9937183670705219E-003   325.70204761979966     
   7.0553331449730514E-003   325.69603998312112     
   7.1174907501180750E-003   325.68992614472006     
   7.1801959648228426E-003   325.68370422933424     
   7.2434536135368996E-003   325.67737232866557     
   7.3072685632132759E-003   325.67092850080076     
   7.3716457236829369E-003   325.66437076962245     
   7.4365900480325474E-003   325.65769712420928     
   7.5021065329855452E-003   325.65090551822612     
   7.5682002192865912E-003   325.64399386930342     
   7.6348761920893883E-003   325.63696005840632     
   7.7021395813479327E-003   325.62980192919207     
   7.7699955622112021E-003   325.62251728735669     
   7.8384493554213251E-003   325.61510389997068     
   7.9075062277152545E-003   325.60755949480244     
   7.9771714922299928E-003   325.59988175963036     
   8.0474505089113604E-003   325.59206834154384     
   8.1183486849263995E-003   325.58411684623047     
   8.1898714750793800E-003   325.57602483725242     
   8.2620243822314927E-003   325.56778983530938     
   8.3348129577242337E-003   325.55940931748967     
   8.4082428018065047E-003   325.55088071650744     
   8.4823195640654995E-003   325.54220141992749     
   8.5570489438613704E-003   325.53336876937601     
   8.6324366907657313E-003   325.52438005973869     
   8.7084886050040177E-003   325.51523253834387     
   8.7852105379017508E-003   325.50592340413255     
   8.8626083923347299E-003   325.49644980681359     
   8.9406881231831898E-003   325.48680884600458     
   9.0194557377899619E-003   325.47699757035792     
   9.0989172964226692E-003   325.46701297667181     
   9.1790789127400001E-003   325.45685200898583     
   9.2599467542620710E-003   325.44651155766178     
   9.3415270428449659E-003   325.43598845844741     
   9.4238260551594202E-003   325.42527949152520     
   9.5068501231737497E-003   325.41438138054451     
   9.5906056346410119E-003   325.40329079163678     
   9.6750990335904858E-003   325.39200433241479     
   9.7603368208234540E-003   325.38051855095364     
   9.8463255544133672E-003   325.36882993475507     
   9.9330718502104193E-003   325.35693490969408     
   1.0020582382350556E-002   325.34482983894691     
   1.0108863883768970E-002   325.33251102190167     
   1.0197923146718132E-002   325.31997469304980     
   1.0287767023290373E-002   325.30721702085873     
   1.0378402425945073E-002   325.29423410662497     
   1.0469836328040494E-002   325.28102198330896     
   1.0562075764370309E-002   325.26757661434823     
   1.0655127831704836E-002   325.25389389245220     
   1.0748999689337064E-002   325.23996963837521     
   1.0843698559633479E-002   325.22579959966947     
   1.0939231728589731E-002   325.21137944941671     
   1.1035606546391220E-002   325.19670478493776     
   1.1132830427978607E-002   325.18177112648164     
   1.1230910853618301E-002   325.16657391589069     
   1.1329855369477988E-002   325.15110851524508     
   1.1429671588207221E-002   325.13537020548256     
   1.1530367189523124E-002   325.11935418499621     
   1.1631949920801259E-002   325.10305556820867     
   1.1734427597671699E-002   325.08646938412068     
   1.1837808104620351E-002   325.06959057483760     
   1.1942099395595578E-002   325.05241399406918     
   1.2047309494620163E-002   325.03493440560521     
   1.2153446496408666E-002   325.01714648176556     
   1.2260518566990222E-002   324.99904480182340     
   1.2368533944336816E-002   324.98062385040294     
   1.2477500938997115E-002   324.96187801585063     
   1.2587427934735856E-002   324.94280158857765     
   1.2698323389178885E-002   324.92338875937622     
   1.2810195834463878E-002   324.90363361770733     
   1.2923053877896790E-002   324.88353014995994     
   1.3036906202614086E-002   324.86307223768119     
   1.3151761568250812E-002   324.84225365577731     
   1.3267628811614548E-002   324.82106807068482     
   1.3384516847365300E-002   324.79950903851102     
   1.3502434668701380E-002   324.77757000314438     
   1.3621391348051327E-002   324.75524429433284     
   1.3741396037771934E-002   324.73252512573129     
   1.3862457970852414E-002   324.70940559291614     
   1.3984586461624770E-002   324.68587867136785     
   1.4107790906480426E-002   324.66193721441954     
   1.4232080784593178E-002   324.63757395117290     
   1.4357465658648505E-002   324.61278148437896     
   1.4483955175579306E-002   324.58755228828488     
   1.4611559067308122E-002   324.56187870644538     
   1.4740287151495904E-002   324.53575294949837     
   1.4870149332297352E-002   324.50916709290414     
   1.5001155601122947E-002   324.48211307464845     
   1.5133316037407665E-002   324.45458269290771     
   1.5266640809386469E-002   324.42656760367657     
   1.5401140174876654E-002   324.39805931835730     
   1.5536824482067054E-002   324.36904920130956     
   1.5673704170314225E-002   324.33952846736167     
   1.5811789770945637E-002   324.30948817928112     
   1.5951091908069925E-002   324.27891924520441     
   1.6091621299394305E-002   324.24781241602659     
   1.6233388757049178E-002   324.21615828274747     
   1.6376405188420002E-002   324.18394727377722     
   1.6520681596986476E-002   324.15116965219755     
   1.6666229083169153E-002   324.11781551298048     
   1.6813058845183474E-002   324.08387478016203     
   1.6961182179901349E-002   324.04933720397202     
   1.7110610483720323E-002   324.01419235791764     
   1.7261355253440400E-002   323.97842963582212     
   1.7413428087148582E-002   323.94203824881595     
   1.7566840685111221E-002   323.90500722228109     
   1.7721604850674217E-002   323.86732539274777     
   1.7877732491171132E-002   323.82898140474236     
   1.8035235618839362E-002   323.78996370758665     
   1.8194126351744302E-002   323.75026055214676     
   1.8354416914711714E-002   323.70985998753252     
   1.8516119640268291E-002   323.66874985774535     
   1.8679246969590488E-002   323.62691779827458     
   1.8843811453461732E-002   323.58435123264150     
   1.9009825753238081E-002   323.54103736889084     
   1.9177302641822339E-002   323.49696319602799     
   1.9346255004646807E-002   323.45211548040311     
   1.9516695840664674E-002   323.40648076203900     
   1.9688638263350114E-002   323.36004535090490     
   1.9862095501707241E-002   323.31279532313266     
   2.0037080901287915E-002   323.26471651717742     
   2.0213607925218532E-002   323.21579452992023     
   2.0391690155235870E-002   323.16601471271235     
   2.0571341292732036E-002   323.11536216736113     
   2.0752575159808634E-002   323.06382174205646     
   2.0935405700340214E-002   323.01137802723701     
   2.1119846981047109E-002   322.95801535139583     
   2.1305913192577686E-002   322.90371777682481     
   2.1493618650600170E-002   322.84846909529654     
   2.1682977796904073E-002   322.79225282368429     
   2.1874005200511307E-002   322.73505219951863     
   2.2066715558797127E-002   322.67685017647966     
   2.2261123698620908E-002   322.61762941982499     
   2.2457244577466902E-002   322.55737230175322     
   2.2655093284595067E-002   322.49606089670067     
   2.2854685042201988E-002   322.43367697657288     
   2.3056035206592062E-002   322.37020200590848     
   2.3259159269358991E-002   322.30561713697568     
   2.3464072858577684E-002   322.23990320480141     
   2.3670791740006650E-002   322.17304072213062     
   2.3879331818301004E-002   322.10500987431800     
   2.4089709138236135E-002   322.03579051414886     
   2.4301939885942193E-002   321.96536215659029     
   2.4516040390149391E-002   321.89370397347125     
   2.4732027123444345E-002   321.82079478809294     
   2.4949916703537439E-002   321.74661306976492     
   2.5169725894541365E-002   321.67113692827212     
   2.5391471608260933E-002   321.59434410826702     
   2.5615170905494242E-002   321.51621198359027     
   2.5840840997345321E-002   321.43671755151735     
   2.6068499246548301E-002   321.35583742693188     
   2.6298163168803311E-002   321.27354783642500     
   2.6529850434124095E-002   321.18982461232008     
   2.6763578868197510E-002   321.10464318662298     
   2.6999366453755023E-002   321.01797858489806     
   2.7237231331956279E-002   320.92980542006774     
   2.7477191803784839E-002   320.84009788613866     
   2.7719266331456240E-002   320.74882975185056     
   2.7963473539838458E-002   320.65597435425104     
   2.8209832217884871E-002   320.56150459219384     
   2.8458361320079853E-002   320.46539291976217     
   2.8709079967897112E-002   320.36761133961573     
   2.8962007451270862E-002   320.26813139626222     
   2.9217163230079973E-002   320.16692416925412     
   2.9474566935645170E-002   320.06396026630875     
   2.9734238372239447E-002   319.95920981635470     
   2.9996197518611795E-002   319.85264246250171     
   3.0260464529524307E-002   319.74422735493738     
   3.0527059737302888E-002   319.63393314374878     
   3.0796003653401561E-002   319.52172797167015     
   3.1067316969980621E-002   319.40757946675774     
   3.1341020561498657E-002   319.29145473499159     
   3.1617135486318573E-002   319.17332035280492     
   3.1895682988327817E-002   319.05314235954268     
   3.2176684498572861E-002   318.93088624984824     
   3.2460161636908035E-002   318.80651696598170     
   3.2746136213658981E-002   318.67999889006779     
   3.3034630231300655E-002   318.55129583627723     
   3.3325665886150220E-002   318.42037104294019     
   3.3619265570074740E-002   318.28718716459463     
   3.3915451872214036E-002   318.15170626397088     
   3.4214247580718629E-002   318.01388980391187     
   3.4515675684503019E-002   317.87369863923402     
   3.4819759375014456E-002   317.73109300852644     
   3.5126522048017209E-002   317.58603252589353     
   3.5435987305392651E-002   317.43847617264083     
   3.5748178956955139E-002   317.28838228890635     
   3.6063121022283873E-002   317.13570856524103     
   3.6380837732570961E-002   316.98041203413800     
   3.6701353532485742E-002   316.82244906151521     
   3.7024693082055506E-002   316.66177533815312     
   3.7350881258562771E-002   316.49834587108973     
   3.7679943158459392E-002   316.33211497497689     
   3.8011904099297347E-002   316.16303626339925     
   3.8346789621676695E-002   315.99106264016086     
   3.8684625491210614E-002   315.81614629054150     
   3.9025437700507780E-002   315.63823867252586     
   3.9369252471172185E-002   315.45729050801185     
   3.9716096255820593E-002   315.27325177399774     
   4.0065995740117800E-002   315.08607169375625     
   4.0418977844829729E-002   314.89569872799768     
   4.0775069727894735E-002   314.70208056602678     
   4.1134298786513049E-002   314.50516411689841     
   4.1496692659254729E-002   314.30489550057774     
   4.1862279228186083E-002   314.10122003910800     
   4.2231086621014907E-002   313.89408224779385     
   4.2603143213254584E-002   313.68342582640383     
   4.2978477630407255E-002   313.46919365039912     
   4.3357118750166207E-002   313.25132776219465     
   4.3739095704637722E-002   313.02976936245886     
   4.4124437882582412E-002   312.80445880145822     
   4.4513174931676378E-002   312.57533557045531     
   4.4905336760792253E-002   312.34233829316582     
   4.5300953542300355E-002   312.10540471728388     
   4.5700055714390071E-002   311.86447170608272     
   4.6102673983411793E-002   311.61947523009906     
   4.6508839326239358E-002   311.37035035891017     
   4.6918582992653390E-002   311.11703125301312     
   4.7331936507745635E-002   310.85945115581490     
   4.7748931674344394E-002   310.59754238574283     
   4.8169600575461456E-002   310.33123632848748     
   4.8593975576760477E-002   310.06046342938532     
   4.9022089329047190E-002   309.78515318595595     
   4.9453974770781443E-002   309.50523414060240     
   4.9889665130611487E-002   309.22063387348749     
   5.0329193929930550E-002   308.93127899559857     
   5.0772594985455888E-002   308.63709514201304     
   5.1219902411830609E-002   308.33800696537850     
   5.1671150624248423E-002   308.03393812962048     
   5.2126374341101463E-002   307.72481130389241     
   5.2585608586651490E-002   307.41054815678240     
   5.3048888693724643E-002   307.09106935079234     
   5.3516250306429813E-002   306.76629453710450     
   5.3987729382901119E-002   306.43614235065291     
   5.4463362198064462E-002   306.10053040551514     
   5.4943185346428433E-002   305.75937529064311     
   5.5427235744899904E-002   305.41259256595043     
   5.5915550635624284E-002   305.06009675877510     
   5.6408167588850942E-002   304.70180136073628     
   5.6905124505823787E-002   304.33761882500613     
   5.7406459621697312E-002   303.96746056401656     
   5.7912211508478389E-002   303.59123694762172     
   5.8422419077993920E-002   303.20885730173922     
   5.8937121584884671E-002   302.82022990749152     
   5.9456358629625457E-002   302.42526200087173     
   5.9980170161571950E-002   302.02385977295694     
   6.0508596482034313E-002   301.61592837069463     
   6.1041678247377974E-002   301.20137189828671     
   6.1579456472151600E-002   300.78009341919807     
   6.2121972532242727E-002   300.35199495881665     
   6.2669268168061204E-002   299.91697750779213     
   6.3221385487750539E-002   299.47494102608226     
   6.3778366970427783E-002   299.02578444773650     
   6.4340255469451643E-002   298.56940568644615     
   6.4907094215719718E-002   298.10570164189249     
   6.5478926820994515E-002   297.63456820692568     
   6.6055797281258904E-002   297.15590027560472     
   6.6637749980101149E-002   296.66959175213441     
   6.7224829692129659E-002   296.17553556073250     
   6.7817081586417888E-002   295.67362365646198     
   6.8414551229979637E-002   295.16374703706549     
   6.9017284591274847E-002   294.64579575583804     
   6.9625328043746354E-002   294.11965893557669     
   7.0238728369387882E-002   293.58522478364500     
   7.0857532762343259E-002   293.04238060819256     
   7.1481788832537529E-002   292.49101283557030     
   7.2111544609340023E-002   291.93100702898198     
   7.2746848545259576E-002   291.36224790841584     
   7.3387749519672502E-002   290.78461937189729     
   7.4034296842583253E-002   290.19800451810931     
   7.4686540258418185E-002   289.60228567042361     
   7.5344529949853009E-002   288.99734440238871     
   7.6008316541673573E-002   288.38306156472271     
   7.6677951104671002E-002   287.75931731385663     
   7.7353485159570939E-002   287.12599114207757     
   7.8034970680997504E-002   286.48296190932098     
   7.8722460101472130E-002   285.83010787666149     
   7.9416006315447651E-002   285.16730674155269     
   8.0115662683377983E-002   284.49443567486827     
   8.0821483035823483E-002   283.81137135979554     
   8.1533521677592702E-002   283.11799003263513     
   8.2251833391920465E-002   282.41416752555932     
   8.2976473444682813E-002   281.69977931138345     
   8.3707497588649135E-002   280.97470055040515     
   8.4444962067771620E-002   280.23880613936672     
   8.5188923621512702E-002   279.49197076259446     
   8.5939439489210359E-002   278.73406894537379     
   8.6696567414482201E-002   277.96497510961325     
   8.7460365649667984E-002   277.18456363185709     
   8.8230892960311696E-002   276.39270890369960     
   8.9008208629682645E-002   275.58928539466177     
   8.9792372463336864E-002   274.77416771758425     
   9.0583444793718271E-002   273.94723069659506     
   9.1381486484800656E-002   273.10834943770811     
   9.2186558936770510E-002   272.25739940210923     
   9.2998724090750925E-002   271.39425648218605     
   9.3818044433567407E-002   270.51879708035653     
   9.4644583002555474E-002   269.63089819075253     
   9.5478403390410541E-002   268.73043748381201     
   9.6319569750080880E-002   267.81729339383332     
   9.7168146799703245E-002   266.89134520954491     
   9.8024199827582287E-002   265.95247316774112     
   9.8887794697213788E-002   265.00055855003450     
   9.9758997852351969E-002   264.03548378277412     
  0.10063787632212172        263.05713254017564     
  0.10152449772617564        262.06538985070955     
  0.10241893027989661        261.06014220679037     
  0.10332124279964622        260.04127767780830     
  0.10423150470805934        259.00868602654072     
  0.10514978603938546        257.96225882898233     
  0.10607615744487701        256.90188959762355     
  0.10701069019822515        255.82747390821035     
  0.10795345620104345        254.73890953001026     
  0.10890452798839995        253.63609655960806     
  0.10986397873439785        252.51893755825154     
  0.11083188225780546        251.38733769276007     
  0.11180831302773571        250.24120488000847     
  0.11279334616937566        249.08044993499090     
  0.11378705746976653        247.90498672246559     
  0.11478952338363470        246.71473231217570     
  0.11580082103927399        245.50960713763544     
  0.11682102824447978        244.28953515846516     
  0.11785022349253546        243.05444402625187     
  0.11888848596825158        241.80426525390541     
  0.11993589555405824        240.53893438847257     
  0.12099253283615111        239.25839118736513     
  0.12205847911069154        237.96257979794777     
  0.12313381639006157        236.65144894042578     
  0.12421862740917364        235.32495209396137     
  0.12531299563183618        233.98304768593943     
  0.12641700525717520        232.62569928429423     
  0.12753074122611247        231.25287579279694     
  0.12865428922790073        229.86455164919408     
  0.12978773570671645        228.46070702607724     
  0.13093116786831077        227.04132803434959     
  0.13208467368671906        225.60640692914694     
  0.13324834191102936        224.15594231805503     
  0.13442226207221070        222.68993937145407     
  0.13560652449000149        221.20841003480751     
  0.13680122027985858        219.71137324269799     
  0.13800644135996754        218.19885513439971     
  0.13922228045831467        216.67088927076094     
  0.14044883111982148        215.12751685215704     
  0.14168618771354180        213.56878693725579     
  0.14293444543992243        211.99475666232362     
  0.14419370033812773        210.40549146078445     
  0.14546404929342877        208.80106528272353     
  0.14674559004465743        207.18156081401622     
  0.14803842119172639        205.54706969473852     
  0.14934264220321530        203.89769273650379     
  0.15065835342402364        202.23354013834734     
  0.15198565608309117        200.55473170076601     
  0.15332465230118628        198.86139703749825     
  0.15467544509876319        197.15367578461294     
  0.15603813840388794        195.43171780645682     
  0.15741283706023473        193.69568339798911     
  0.15879964683515221        191.94574348301563     
  0.16019867442780128        190.18207980781256     
  0.16161002747736408        188.40488512961497     
  0.16303381457132601        186.61436339942117     
  0.16447014525382991        184.81072993855042     
  0.16591913003410441        182.99421160836980     
  0.16738088039496635        181.16504697258836     
  0.16885550880139810        179.32348645150091     
  0.17034312870920043        177.46979246754415     
  0.17184385457372156        175.60423958151353     
  0.17335780185866342        173.72711461877108     
  0.17488508704496503        171.83871678476282     
  0.17642582763976447        169.93935776914645     
  0.17798014218543973        168.02936183781941     
  0.17954815026872917        166.10906591212603     
  0.18112997252993235        164.17881963450918     
  0.18272573067219192        162.23898541986574     
  0.18433554747085729        160.28993849185525     
  0.18595954678293072        158.33206690340685     
  0.18759785355659692        156.36577154066413     
  0.18925059384083609        154.39146610960665     
  0.19091789479512219        152.40957710458540     
  0.19259988469920628        150.42054375801334     
  0.19429669296298616        148.42481797045554     
  0.19600845013646306        146.42286422037083     
  0.19773528791978603        144.41515945276814     
  0.19947733917338456        142.40219294605151     
  0.20123473792819085        140.38446615634547     
  0.20300761939595185        138.36249253861055     
  0.20479611997963237        136.33679734388181     
  0.20660037728390959        134.30791739198892     
  0.20842053012576031        132.27640081914561     
  0.21025671854514116        130.24280679983119     
  0.21210908381576327        128.20770524242243     
  0.21397776845596156        126.17167645807672     
  0.21586291623965984        124.13531080241317     
  0.21776467220743267        122.09920828958670     
  0.21968318267766460        120.06397817840704     
  0.22161859525780755        118.03023853021099     
  0.22357105885573764        115.99861573826053     
  0.22554072369121198        113.96974402850768     
  0.22752774130742615        111.94426493163900     
  0.22953226458267398        109.92282672638885     
  0.23155444774210965        107.90608385419458     
  0.23359444636961360        105.89469630535051     
  0.23565241741976281        103.88932897691006     
  0.23772851922990687        101.89065100267923     
  0.23982291153235002        99.899335055745667     
  0.24193575546664092        97.916056624088910     
  0.24406721359197028        95.941493259927569     
  0.24621744989967814        93.976323803567283     
  0.24838662982587104        92.021227582630786     
  0.25057492026415035        90.076883587667069     
  0.25278248957845295        88.143969625258080     
  0.25500950761600494        86.223161449864136     
  0.25725614572038935        84.315131875774071     
  0.25952257674472901        82.420549870652877     
  0.26180897506498568        80.540079632305890     
  0.26411551659337651        78.674379650407957     
  0.26644237879190813        76.824101755072604     
  0.26878974068603051        74.989890154263421     
  0.27115778287841086        73.172380462175198     
  0.27354668756282891        71.372198720835470     
  0.27595663853819485        69.589960417297050     
  0.27838782122269023        67.826269498909781     
  0.28084042266803411        66.081717389268604     
  0.28331463157387421        64.356882007545153     
  0.28581063830230546        62.652326794005987     
  0.28832863489251603        60.968599744616235     
  0.29086881507556267        59.306232457709470     
  0.29343137428927601        57.665739195781121     
  0.29601650969329724        56.047615965526710     
  0.29862442018424745        54.452339619299764     
  0.30125530641103032        52.880366981207359     
  0.30390937079026970        51.332134001087631     
  0.30658681752188344        49.808054939629983     
  0.30928785260479408        48.308521587898063     
  0.31201268385277825        46.833902524499180     
  0.31476152091045539        45.384542413612735     
  0.31753457526941781        43.960761347039309     
  0.32033206028450201        42.562854233366650     
  0.32315419119020455        41.191090237260809     
  0.32600118511724141        39.845712271788585     
  0.32887326110925397        38.526936546551795     
  0.33177064013966162        37.234952174271555     
  0.33469354512866356        35.969920838297497     
  0.33764220096038977        34.731976523334481     
  0.34061683450020297        33.521225311477671     
  0.34361767461215381        32.337745245424735     
  0.34664495217658908        31.181586260495415     
  0.34969890010791532        30.052770186830305     
  0.35277975337251899        28.951290822865317     
  0.35588774900684444        27.877114080887942     
  0.35902312613563109        26.830178205174750     
  0.36218612599031130        25.810394062889820     
  0.36537699192757067        24.817645507592200     
  0.36859596944807116        23.851789814858314     
  0.37184330621533984        22.912658189174856     
  0.37511925207482366        22.000056340900827     
  0.37842405907311205        21.113765131737310     
  0.38175798147732953        20.253541286780465     
  0.38512127579469796        19.419118170873531     
  0.38851420079227239        18.610206626614449     
  0.39193701751685001        17.826495871026424     
  0.39538998931505470        17.067654447556322     
  0.39887338185359850        16.333331229736682     
  0.40238746313972190        15.623156472533415     
  0.40593250354181371        14.936742907105502     
  0.40950877581021261        14.273686874428179     
  0.41311655509819267        13.633569492980687     
  0.41675611898313292        13.015957855476042     
  0.42042774748787382        12.420406249415645     
  0.42413172310226172        11.846457396089271     
  0.42786833080488346        11.293643702512599     
  0.43163785808499205        10.761488520702317     
  0.43544059496462567        10.249507408634814     
  0.43927683402092171        9.7572093872193673     
  0.44314687040862694        9.2840981876428366     
  0.44705100188280655        8.8296734835095130     
  0.45098952882175308        8.3934321023085605     
  0.45496275425009680        7.9748692108914625     
  0.45897098386211999        7.5734794698331687     
  0.46301452604527704        7.1887581517815624     
  0.46709369190392092        6.8202022191704685     
  0.47120879528323922        6.4673113569776017     
  0.47536015279340105        6.1295889565507506     
  0.47954808383391656        5.8065430468987618     
  0.48377291061821082        5.4976871702458201     
  0.48803495819841475        5.2025411990748829     
  0.49233455449037428        4.9206320923346896     
  0.49667203029887924        4.6514945889504151     
  0.50104771934311554        4.3946718372560944     
  0.50546195828234031        4.1497159594533155     
  0.50991508674178510        3.9161885506892138     
  0.51440744733878541        3.6936611128343402     
  0.51893938570914078        3.4817154235201890     
  0.52351125053370851        3.2799438414640854     
  0.52812339356523030        3.0879495495596760     
  0.53277616965539509        2.9053467376397513     
  0.53746993678214139        2.7317607272201592     
  0.54220505607719949        2.5668280409051367     
  0.54698189185387636        2.4101964194710201     
  0.55180081163508565        2.2615247899439441     
  0.55666218618162355        2.1204831882448216     
  0.56156638952069560        1.9867526401888211     
  0.56651379897469334        1.8600250047954381     
  0.57150479519022512        1.7400027839871310     
  0.57653976216740210        1.6263989028293930     
  0.58161908728938316        1.5189364644925591     
  0.58674316135217941        1.4173484840967168     
  0.59191237859472112        1.3213776055367130     
  0.59712713672919093        1.2307758052766196     
  0.60238783697162190        1.1453040869546818     
  0.60769488407276773        1.0647321704534942     
  0.61304868634924270       0.98883817886997250     
  0.61844965571493760       0.91740832656910654     
  0.62389820771271176       0.85023661122935812     
  0.62939476154636387       0.78712451249013804     
  0.63493974011288545       0.72788069949825329     
  0.64053357003499767       0.67232074932537944     
  0.64617668169397524       0.62026687789758905     
  0.65186950926275888       0.57154768474575013     
  0.65761249073936068       0.52599791255701134     
  0.66340606798056245       0.48345822218734585     
  0.66925068673591193       0.44377498348746869     
  0.67514679668201794       0.40680008200349227     
  0.68109485145714765       0.37239074134294525     
  0.68709530869612945       0.34040936074933176     
  0.69314863006556215       0.31072336720697136     
  0.69925528129933523       0.28320508120428151     
  0.70541573223446141       0.25773159511963073     
  0.71163045684722592       0.23418466306016988     
  0.71789993328965285       0.21245060088108525     
  0.72422464392629393       0.19242019504024385     
  0.73060507537134056       0.17398861890058148     
  0.73704171852606359       0.15705535507853532     
  0.74353506861658270       0.14152412244977930     
  0.75008562523196753       0.12730280646140638     
  0.75669389236267648       0.11430339146017633     
  0.76336037843933224       0.10244189382691836     
  0.77008559637183971        9.1638294804762099E-002
  0.77687006358884936        8.1816472020668246E-002
  0.78371430207756632        7.2904128822667613E-002
  0.79061883842391212        6.4832720686270148E-002
  0.79758420385303930        5.7537378079682920E-002
  0.80461093427020292        5.0956825315889652E-002
  0.81169957030199258        4.5033295057563982E-002
  0.81885065733792728        3.9712438275691049E-002
  0.82606474557241671        3.4943229592349766E-002
  0.83334239004709310        3.0677868060339428E-002
  0.84068415069351476        2.6871673545465422E-002
  0.84809059237624640        2.3482978979879842E-002
  0.85556228493631958        2.0473018845766019E-002
  0.86309980323507429        1.7805814327020535E-002
  0.87070372719838973        1.5448055631880061E-002
  0.87837464186130088        1.3368982041423566E-002
  0.88611313741301234        1.1540260277553433E-002
  0.89391980924230507        9.9358618097129623E-003
  0.90179525798334526        8.5319397326989212E-003
  0.90974008956189689        7.3067058491873222E-003
  0.91775491524193964        6.2403085808505577E-003
  0.92584035167269951        5.3147123122047404E-003
  0.93399702093609283        4.5135787426918150E-003
  0.94222555059458790        3.8221507861468315E-003
  0.95052657373948923        3.2271395139599635E-003
  0.95890072903964640        2.7166145901634771E-003
  0.96734866079059267        2.2798985946003241E-003
  0.97587101896411577        1.9074655754819756E-003
  0.98446845925826565        1.5908441161837702E-003
  0.99314164314780395        1.3225251441581118E-003
   1.0018912379350953        1.0958746533842496E-003
   1.0107179168014504        9.0505145673934657E-004
   1.0196223588589184        7.4493003188449828E-004
   1.0286052492025368        6.1102847441318919E-004
   1.0376672789630428        4.9944152569565345E-004
   1.0468091453600465        4.0677860053936140E-004
   1.0560315517556751        3.3010670182528087E-004
   1.0653352077086877        2.6689807591154957E-004
   1.0747208290290684        2.1498243395181300E-004
   1.0841891378330997        1.7250354038607010E-004
   1.0937408625989202        1.3787995066669043E-004
   1.1033767382225736        1.0976966563877911E-004
   1.1130975060745509        8.7038459688500687E-005
   1.1229039140568284        6.8731633531774164E-005
   1.1327967166604131        5.4048940016947828E-005
   1.1427766750233892        4.2322432200246626E-005
   1.1528445569894816        3.2996986837802339E-005
   1.1630011371671303        2.5613262924523692E-005
   1.1732471969890899        1.9792863594624346E-005
   1.1835835247725501        1.5225480182804803E-005
   1.1940109157797891        1.1657809142811527E-005
   1.2045301722793591        8.8840454649873318E-006
   1.2151421036078112        6.7377698852559192E-006
   1.2258475262319668        5.0850612232451155E-006
   1.2366472638117321        3.8186793483548632E-006
   1.2475421472634727        2.8531783058236235E-006
   1.2585330148239404        2.1208228324298107E-006
   1.2696207121147678        1.5681946812738228E-006
   1.2808060922075282        1.1533877197999071E-006
   1.2920900156893695        8.4370256049705104E-007
   1.3034733507292280        6.1376245588334824E-007
   1.3149569731446227        4.4398229256504190E-007
   1.3265417664690391        3.1933173217121990E-007
   1.3382286220199091        2.2834186992866786E-007
   1.3500184389671852        1.6231223261022556E-007
   1.3619121244025232        1.1468154917799221E-007
   1.3739105934090714        8.0531543609366149E-008
   1.3860147691318767        5.6198072436976702E-008
   1.3982255828489090        3.8968317362806446E-008
   1.4105439740427137        2.6846507024443002E-008
   1.4229708904726923        1.8373843813526738E-008
   1.4355072882480240        1.2491013165632795E-008
   1.4481541319012254        8.4339135292900802E-009
   1.4609123944623614        5.6551217557564665E-009
   1.4737830575339077        3.7651535331357604E-009
   1.4867671113662755        2.4888399355946958E-009
   1.4998655549339981        1.6331627223048564E-009
   1.5130793960125919        1.0637115011628440E-009
   1.5264096512560925        6.8757938928092651E-010
   1.5398573462752754        4.4102998980370330E-010
   1.5534235157165635        2.8067279474823131E-010
   1.5671092033416336        1.7719809022014514E-010
   1.5809154621077197        1.1096417876605891E-010
   1.5948433542486271        6.8914253807788478E-011
   1.6088939513564593        4.2439878658245928E-011
   1.6230683344640644        2.5912733914077934E-011
   1.6373675941282080        1.5684129625691332E-011
   1.6517928305134797        9.4091109145231463E-012
   1.6663451534769376        5.5938322053233627E-012
   1.6810256826534997        3.2951368772043005E-012
   1.6958355475420865        1.9229585692816137E-012
   1.7107758875925234        1.1115444951106585E-012
   1.7258478522932079        6.3631326057863675E-013
   1.7410526012595502        3.6068471289288547E-013
   1.7563913043231913        2.0240501160927054E-013
   1.7718651416220097        1.1242796046874272E-013
   1.7874753036909183        6.1802830013583700E-014
   1.8032229915534630        3.3615794121574743E-014
   1.8191094168142274        1.8088309453625262E-014
   1.8351358017520523        9.6269638758063253E-015
   1.8513033794140756        5.0667930451065308E-015
   1.8676133937106021        2.6365964315024745E-015
   1.8840670995108071        1.3562305297378584E-015
   1.9006657627392844        6.8946763085700258E-016
   1.9174106604734460        3.4633336282277066E-016
   1.9343030810417765        1.7186317647030069E-016
   1.9513443241229573        8.4233673396345318E-017
   1.9685357008458606        4.0766904473300602E-017
   1.9858785338904266        1.9478334548008295E-017
