   4.0351624297894465E-006   123.72318755836994     
   4.0706339586960673E-006   123.72318755791230     
   4.1064173038888636E-006   123.72318755789576     
   4.1425152064224035E-006   123.72318755785420     
   4.1789304314467894E-006   123.72318755732164     
   4.2156657684194715E-006   123.72318755769447     
   4.2527240313189270E-006   123.72318755617846     
   4.2901080588602128E-006   123.72318755556699     
   4.3278207147124155E-006   123.72318755539391     
   4.3658648877180122E-006   123.72318755519308     
   4.4042434921141596E-006   123.72318755449840     
   4.4429594677559338E-006   123.72318755330929     
   4.4820157803415140E-006   123.72318755348800     
   4.5214154216393764E-006   123.72318755317133     
   4.5611614097174544E-006   123.72318755189303     
   4.6012567891743356E-006   123.72318755104959     
   4.6417046313724746E-006   123.72318755064049     
   4.6825080346734706E-006   123.72318755066516     
   4.7236701246754019E-006   123.72318754972605     
   4.7651940544522524E-006   123.72318754921957     
   4.8070830047954434E-006   123.72318754821384     
   4.8493401844574846E-006   123.72318754810522     
   4.8919688303977655E-006   123.72318754749614     
   4.9349722080305213E-006   123.72318754731725     
   4.9783536114749568E-006   123.72318754617100     
   5.0221163638075882E-006   123.72318754498809     
   5.0662638173167916E-006   123.72318754563042     
   5.1107993537595945E-006   123.72318754483786     
   5.1557263846207248E-006   123.72318754400658     
   5.2010483513739307E-006   123.72318754360163     
   5.2467687257456061E-006   123.72318754175967     
   5.2928910099807300E-006   123.72318754220527     
   5.3394187371111389E-006   123.72318754074678     
   5.3863554712261711E-006   123.72318754064298     
   5.4337048077456680E-006   123.72318753956500     
   5.4814703736954021E-006   123.72318753890892     
   5.5296558279849008E-006   123.72318753820844     
   5.5782648616877314E-006   123.72318753699699     
   5.6273011983242389E-006   123.72318753713643     
   5.6767685941467754E-006   123.72318753583204     
   5.7266708384274298E-006   123.72318753494562     
   5.7770117537482982E-006   123.72318753401061     
   5.8277951962942934E-006   123.72318753349191     
   5.8790250561485368E-006   123.72318753245725     
   5.9307052575903410E-006   123.72318753137142     
   5.9828397593958215E-006   123.72318753023353     
   6.0354325551411372E-006   123.72318752997404     
   6.0884876735084094E-006   123.72318752872923     
   6.1420091785943222E-006   123.72318752742962     
   6.1960011702214367E-006   123.72318752607407     
   6.2504677842522461E-006   123.72318752559312     
   6.3054131929059875E-006   123.72318752412292     
   6.3608416050782398E-006   123.72318752305955     
   6.4167572666633275E-006   123.72318752193632     
   6.4731644608795696E-006   123.72318752121782     
   6.5300675085973740E-006   123.72318752043725     
   6.5874707686702249E-006   123.72318751912792     
   6.6453786382685736E-006   123.72318751775435     
   6.7037955532166756E-006   123.72318751678108     
   6.7627259883323710E-006   123.72318751620691     
   6.8221744577698721E-006   123.72318751416816     
   6.8821455153655436E-006   123.72318751392299     
   6.9426437549867412E-006   123.72318751267653     
   7.0036738108837070E-006   123.72318751135867     
   7.0652403580445529E-006   123.72318750950257     
   7.1273481125533780E-006   123.72318750803822     
   7.1900018319515290E-006   123.72318750649868     
   7.2532063156020257E-006   123.72318750604677     
   7.3169664050572065E-006   123.72318750435278     
   7.3812869844295975E-006   123.72318750281244     
   7.4461729807660377E-006   123.72318750165704     
   7.5116293644251025E-006   123.72318749995401     
   7.5776611494578381E-006   123.72318749863308     
   7.6442733939918444E-006   123.72318749699429     
   7.7114712006187367E-006   123.72318749526903     
   7.7792597167850108E-006   123.72318749392139     
   7.8476441351863411E-006   123.72318749248416     
   7.9166296941653545E-006   123.72318749095575     
   7.9862216781128874E-006   123.72318748910175     
   8.0564254178727877E-006   123.72318748785187     
   8.1272462911502537E-006   123.72318748557456     
   8.1986897229237806E-006   123.72318748389796     
   8.2707611858607216E-006   123.72318748235472     
   8.3434662007364977E-006   123.72318748024452     
   8.4168103368575013E-006   123.72318747872987     
   8.4907992124877108E-006   123.72318747734306     
   8.5654384952790581E-006   123.72318747515106     
   8.6407339027055772E-006   123.72318747331616     
   8.7166912025013689E-006   123.72318747113792     
   8.7933162131024287E-006   123.72318746908002     
   8.8706148040923335E-006   123.72318746737335     
   8.9485928966518637E-006   123.72318746531732     
   9.0272564640125789E-006   123.72318746314272     
   9.1066115319143701E-006   123.72318746084761     
   9.1866641790670455E-006   123.72318745912816     
   9.2674205376159622E-006   123.72318745658526     
   9.3488867936117613E-006   123.72318745461382     
   9.4310691874842262E-006   123.72318745251295     
   9.5139740145203059E-006   123.72318745051325     
   9.5976076253463546E-006   123.72318744768108     
   9.6819764264145774E-006   123.72318744494544     
   9.7670868804937981E-006   123.72318744253664     
   9.8529455071644940E-006   123.72318744021942     
   9.9395588833182215E-006   123.72318743799138     
   1.0026933643661408E-005   123.72318743538426     
   1.0115076481223578E-005   123.72318743216266     
   1.0203994147870055E-005   123.72318742972095     
   1.0293693454819156E-005   123.72318742689220     
   1.0384181273163946E-005   123.72318742460521     
   1.0475464534398573E-005   123.72318742146001     
   1.0567550230949230E-005   123.72318741908379     
   1.0660445416709780E-005   123.72318741584371     
   1.0754157207582102E-005   123.72318741266827     
   1.0848692782021169E-005   123.72318741002005     
   1.0944059381584941E-005   123.72318740696483     
   1.1040264311489072E-005   123.72318740373237     
   1.1137314941166488E-005   123.72318740031943     
   1.1235218704831916E-005   123.72318739718855     
   1.1333983102051348E-005   123.72318739387083     
   1.1433615698316511E-005   123.72318739106146     
   1.1534124125624403E-005   123.72318738712721     
   1.1635516083061910E-005   123.72318738369461     
   1.1737799337395570E-005   123.72318738052718     
   1.1840981723666515E-005   123.72318737669013     
   1.1945071145790651E-005   123.72318737334410     
   1.2050075577164101E-005   123.72318736955401     
   1.2156003061273992E-005   123.72318736578177     
   1.2262861712314577E-005   123.72318736202368     
   1.2370659715808814E-005   123.72318735827582     
   1.2479405329235379E-005   123.72318735406861     
   1.2589106882661200E-005   123.72318735009645     
   1.2699772779379553E-005   123.72318734588976     
   1.2811411496553767E-005   123.72318734167720     
   1.2924031585866586E-005   123.72318733745442     
   1.3037641674175241E-005   123.72318733321731     
   1.3152250464172279E-005   123.72318732872850     
   1.3267866735052196E-005   123.72318732421655     
   1.3384499343183948E-005   123.72318731944392     
   1.3502157222789348E-005   123.72318731533750     
   1.3620849386627446E-005   123.72318731026274     
   1.3740584926684923E-005   123.72318730537899     
   1.3861373014872545E-005   123.72318730044861     
   1.3983222903727741E-005   123.72318729546663     
   1.4106143927123366E-005   123.72318729066092     
   1.4230145500982693E-005   123.72318728532775     
   1.4355237124000669E-005   123.72318728016052     
   1.4481428378371552E-005   123.72318727457184     
   1.4608728930522899E-005   123.72318726937124     
   1.4737148531856041E-005   123.72318726362192     
   1.4866697019493048E-005   123.72318725790035     
   1.4997384317030272E-005   123.72318725231730     
   1.5129220435298502E-005   123.72318724651768     
   1.5262215473129814E-005   123.72318724061205     
   1.5396379618131146E-005   123.72318723459449     
   1.5531723147464694E-005   123.72318722845887     
   1.5668256428635155E-005   123.72318722219899     
   1.5805989920283886E-005   123.72318721592490     
   1.5944934172990057E-005   123.72318720928109     
   1.6085099830078834E-005   123.72318720272654     
   1.6226497628436681E-005   123.72318719602191     
   1.6369138399333811E-005   123.72318718927670     
   1.6513033069253888E-005   123.72318718213484     
   1.6658192660730999E-005   123.72318717505510     
   1.6804628293194005E-005   123.72318716791381     
   1.6952351183818299E-005   123.72318716058726     
   1.7101372648385061E-005   123.72318715306818     
   1.7251704102148064E-005   123.72318714534902     
   1.7403357060708084E-005   123.72318713788786     
   1.7556343140895038E-005   123.72318713009474     
   1.7710674061657827E-005   123.72318712184540     
   1.7866361644962029E-005   123.72318711359731     
   1.8023417816695487E-005   123.72318710545886     
   1.8181854607581839E-005   123.72318709718883     
   1.8341684154102094E-005   123.72318708854584     
   1.8502918699424298E-005   123.72318707975410     
   1.8665570594341383E-005   123.72318707080490     
   1.8829652298217254E-005   123.72318706192192     
   1.8995176379941191E-005   123.72318705251422     
   1.9162155518890653E-005   123.72318704338727     
   1.9330602505902510E-005   123.72318703371684     
   1.9500530244252883E-005   123.72318702407534     
   1.9671951750645514E-005   123.72318701433659     
   1.9844880156208880E-005   123.72318700390861     
   2.0019328707502047E-005   123.72318699382902     
   2.0195310767529395E-005   123.72318698338893     
   2.0372839816764217E-005   123.72318697292724     
   2.0551929454181372E-005   123.72318696220043     
   2.0732593398298947E-005   123.72318695119759     
   2.0914845488229152E-005   123.72318693990781     
   2.1098699684738398E-005   123.72318692843606     
   2.1284170071316708E-005   123.72318691712036     
   2.1471270855256533E-005   123.72318690525049     
   2.1660016368741072E-005   123.72318689328023     
   2.1850421069942100E-005   123.72318688119765     
   2.2042499544127519E-005   123.72318686887388     
   2.2236266504778591E-005   123.72318685629671     
   2.2431736794717014E-005   123.72318684322039     
   2.2628925387241909E-005   123.72318683044693     
   2.2827847387276789E-005   123.72318681691553     
   2.3028518032526618E-005   123.72318680331125     
   2.3230952694645046E-005   123.72318678973687     
   2.3435166880411899E-005   123.72318677571286     
   2.3641176232921010E-005   123.72318676145795     
   2.3848996532778513E-005   123.72318674695782     
   2.4058643699311660E-005   123.72318673231428     
   2.4270133791788246E-005   123.72318671727959     
   2.4483483010646801E-005   123.72318670195500     
   2.4698707698737546E-005   123.72318668632522     
   2.4915824342574275E-005   123.72318667049080     
   2.5134849573597260E-005   123.72318665443618     
   2.5355800169447239E-005   123.72318663802832     
   2.5578693055250591E-005   123.72318662125087     
   2.5803545304915856E-005   123.72318660420342     
   2.6030374142441583E-005   123.72318658710168     
   2.6259196943235737E-005   123.72318656957907     
   2.6490031235446682E-005   123.72318655161780     
   2.6722894701305840E-005   123.72318653343279     
   2.6957805178482200E-005   123.72318651488916     
   2.7194780661448687E-005   123.72318649585185     
   2.7433839302860582E-005   123.72318647676758     
   2.7674999414946031E-005   123.72318645715131     
   2.7918279470908779E-005   123.72318643733257     
   2.8163698106343273E-005   123.72318641705868     
   2.8411274120662140E-005   123.72318639654196     
   2.8661026478536268E-005   123.72318637558703     
   2.8912974311347514E-005   123.72318635423107     
   2.9167136918654220E-005   123.72318633256901     
   2.9423533769669556E-005   123.72318631046255     
   2.9682184504752908E-005   123.72318628800588     
   2.9943108936914351E-005   123.72318626517637     
   3.0206327053332352E-005   123.72318624183464     
   3.0471859016884812E-005   123.72318621813179     
   3.0739725167693592E-005   123.72318619416046     
   3.1009946024682569E-005   123.72318616960530     
   3.1282542287149426E-005   123.72318614461619     
   3.1557534836351249E-005   123.72318611910987     
   3.1834944737104045E-005   123.72318609340999     
   3.2114793239396380E-005   123.72318606702476     
   3.2397101780017094E-005   123.72318604021882     
   3.2681891984197449E-005   123.72318601296519     
   3.2969185667267601E-005   123.72318598529478     
   3.3259004836327730E-005   123.72318595706292     
   3.3551371691933787E-005   123.72318592841617     
   3.3846308629798104E-005   123.72318589920894     
   3.4143838242504896E-005   123.72318586935381     
   3.4443983321240977E-005   123.72318583922811     
   3.4746766857541473E-005   123.72318580845229     
   3.5052212045051110E-005   123.72318577693693     
   3.5360342281300837E-005   123.72318574511627     
   3.5671181169500095E-005   123.72318571278362     
   3.5984752520344893E-005   123.72318567973161     
   3.6301080353841694E-005   123.72318564598510     
   3.6620188901147449E-005   123.72318561180134     
   3.6942102606425661E-005   123.72318557720422     
   3.7266846128718907E-005   123.72318554157641     
   3.7594444343837698E-005   123.72318550563909     
   3.7924922346266066E-005   123.72318546883196     
   3.8258305451083757E-005   123.72318543152562     
   3.8594619195905490E-005   123.72318539350783     
   3.8933889342837100E-005   123.72318535491502     
   3.9276141880449001E-005   123.72318531547529     
   3.9621403025766906E-005   123.72318527549834     
   3.9969699226280124E-005   123.72318523482744     
   4.0321057161967463E-005   123.72318519324688     
   4.0675503747340953E-005   123.72318515112238     
   4.1033066133507509E-005   123.72318510812045     
   4.1393771710248806E-005   123.72318506454701     
   4.1757648108119303E-005   123.72318501995068     
   4.2124723200562836E-005   123.72318497475226     
   4.2495025106047753E-005   123.72318492867345     
   4.2868582190220800E-005   123.72318488184231     
   4.3245423068079982E-005   123.72318483409538     
   4.3625576606166551E-005   123.72318478555917     
   4.4009071924776165E-005   123.72318473618486     
   4.4395938400189569E-005   123.72318468580619     
   4.4786205666922886E-005   123.72318463472186     
   4.5179903619997610E-005   123.72318458264743     
   4.5577062417230632E-005   123.72318452958882     
   4.5977712481544409E-005   123.72318447578357     
   4.6381884503297321E-005   123.72318442088653     
   4.6789609442634673E-005   123.72318436501689     
   4.7200918531860234E-005   123.72318430823481     
   4.7615843277828714E-005   123.72318425036678     
   4.8034415464359199E-005   123.72318419147092     
   4.8456667154669859E-005   123.72318413160434     
   4.8882630693834022E-005   123.72318407070691     
   4.9312338711257865E-005   123.72318400860058     
   4.9745824123179861E-005   123.72318394557226     
   5.0183120135192230E-005   123.72318388132561     
   5.0624260244784492E-005   123.72318381597051     
   5.1069278243909468E-005   123.72318374938300     
   5.1518208221571757E-005   123.72318368172876     
   5.1971084566439037E-005   123.72318361282333     
   5.2427941969476234E-005   123.72318354277189     
   5.2888815426602948E-005   123.72318347144568     
   5.3353740241374181E-005   123.72318339877279     
   5.3822752027684599E-005   123.72318332479665     
   5.4295886712496663E-005   123.72318324967557     
   5.4773180538592640E-005   123.72318317315921     
   5.5254670067350872E-005   123.72318309528697     
   5.5740392181546432E-005   123.72318301603855     
   5.6230384088176393E-005   123.72318293533431     
   5.6724683321309917E-005   123.72318285332568     
   5.7223327744963456E-005   123.72318276978461     
   5.7726355556001141E-005   123.72318268483076     
   5.8233805287060765E-005   123.72318259832019     
   5.8745715809505407E-005   123.72318251028230     
   5.9262126336401033E-005   123.72318242068661     
   5.9783076425520291E-005   123.72318232950118     
   6.0308605982372652E-005   123.72318223672147     
   6.0838755263261297E-005   123.72318214231234     
   6.1373564878366722E-005   123.72318204626589     
   6.1913075794857629E-005   123.72318194851459     
   6.2457329340028964E-005   123.72318184893084     
   6.3006367204467746E-005   123.72318174767645     
   6.3560231445246535E-005   123.72318164470755     
   6.4118964489145151E-005   123.72318153977488     
   6.4682609135900549E-005   123.72318143306398     
   6.5251208561485372E-005   123.72318132443809     
   6.5824806321415302E-005   123.72318121390447     
   6.6403446354085469E-005   123.72318110146813     
   6.6987172984136171E-005   123.72318098698668     
   6.7576030925848232E-005   123.72318087049041     
   6.8170065286568109E-005   123.72318075200764     
   6.8769321570163352E-005   123.72318063127341     
   6.9373845680508031E-005   123.72318050854454     
   6.9983683924999219E-005   123.72318038363932     
   7.0598883018104116E-005   123.72318025643187     
   7.1219490084938476E-005   123.72318012702704     
   7.1845552664876429E-005   123.72317999541093     
   7.2477118715192100E-005   123.72317986145100     
   7.3114236614733183E-005   123.72317972507045     
   7.3756955167626813E-005   123.72317958630668     
   7.4405323607018071E-005   123.72317944510723     
   7.5059391598841273E-005   123.72317930135904     
   7.5719209245624474E-005   123.72317915509200     
   7.6384827090327398E-005   123.72317900633345     
   7.7056296120213056E-005   123.72317885484631     
   7.7733667770753511E-005   123.72317870062346     
   7.8416993929569822E-005   123.72317854382987     
   7.9106326940406806E-005   123.72317838416211     
   7.9801719607142568E-005   123.72317822175046     
   8.0503225197833388E-005   123.72317805637317     
   8.1210897448794075E-005   123.72317788812563     
   8.1924790568714372E-005   123.72317771695498     
   8.2644959242811244E-005   123.72317754271785     
   8.3371458637018011E-005   123.72317736538434     
   8.4104344402209977E-005   123.72317718486318     
   8.4843672678467494E-005   123.72317700129292     
   8.5589500099376349E-005   123.72317681443036     
   8.6341883796365890E-005   123.72317662423296     
   8.7100881403085449E-005   123.72317643071290     
   8.7866551059819170E-005   123.72317623376262     
   8.8638951417939591E-005   123.72317603332937     
   8.9418141644400463E-005   123.72317582935682     
   9.0204181426268952E-005   123.72317562175601     
   9.0997130975297878E-005   123.72317541055082     
   9.1797051032537858E-005   123.72317519552860     
   9.2604002872990321E-005   123.72317497682201     
   9.3418048310301132E-005   123.72317475415281     
   9.4239249701495649E-005   123.72317452758756     
   9.5067669951755384E-005   123.72317429701479     
   9.5903372519236588E-005   123.72317406237693     
   9.6746421419931285E-005   123.72317382364150     
   9.7596881232570929E-005   123.72317358062628     
   9.8454817103573228E-005   123.72317333334843     
   9.9320294752032519E-005   123.72317308167555     
   1.0019338047475388E-004   123.72317282552882     
   1.0107414115133159E-004   123.72317256497058     
   1.0196264424927217E-004   123.72317229968007     
   1.0285895782916250E-004   123.72317202979787     
   1.0376315054988338E-004   123.72317175508130     
   1.0467529167386889E-004   123.72317147557391     
   1.0559545107241196E-004   123.72317119108152     
   1.0652369923101660E-004   123.72317090160891     
   1.0746010725479729E-004   123.72317060698100     
   1.0840474687392558E-004   123.72317030716306     
   1.0935769044912487E-004   123.72317000208608     
   1.1031901097721321E-004   123.72316969155935     
   1.1128878209669507E-004   123.72316937556127     
   1.1226707809340207E-004   123.72316905400658     
   1.1325397390618345E-004   123.72316872680432     
   1.1424954513264646E-004   123.72316839379965     
   1.1525386803494717E-004   123.72316805487571     
   1.1626701954563241E-004   123.72316770998225     
   1.1728907727353278E-004   123.72316735900489     
   1.1832011950970766E-004   123.72316700182307     
   1.1936022523344242E-004   123.72316663835375     
   1.2040947411829827E-004   123.72316626840569     
   1.2146794653821548E-004   123.72316589198465     
   1.2253572357367003E-004   123.72316550891549     
   1.2361288701788459E-004   123.72316511906001     
   1.2469951938309386E-004   123.72316472228744     
   1.2579570390686530E-004   123.72316431854790     
   1.2690152455847509E-004   123.72316390766758     
   1.2801706604534036E-004   123.72316348950926     
   1.2914241381950791E-004   123.72316306401598     
   1.3027765408419993E-004   123.72316263093387     
   1.3142287380041729E-004   123.72316219026368     
   1.3257816069360093E-004   123.72316174180901     
   1.3374360326035158E-004   123.72316128539489     
   1.3491929077520901E-004   123.72316082094028     
   1.3610531329749030E-004   123.72316034825405     
   1.3730176167818869E-004   123.72315986728250     
   1.3850872756693286E-004   123.72315937775960     
   1.3972630341900730E-004   123.72315887961457     
   1.4095458250243476E-004   123.72315837268076     
   1.4219365890512039E-004   123.72315785676790     
   1.4344362754205935E-004   123.72315733176401     
   1.4470458416260715E-004   123.72315679744634     
   1.4597662535781431E-004   123.72315625371357     
   1.4725984856782542E-004   123.72315570039666     
   1.4855435208934310E-004   123.72315513727335     
   1.4986023508315764E-004   123.72315456422797     
   1.5117759758174302E-004   123.72315398106190     
   1.5250654049691931E-004   123.72315338759563     
   1.5384716562758286E-004   123.72315278362464     
   1.5519957566750419E-004   123.72315216899204     
   1.5656387421319429E-004   123.72315154353043     
   1.5794016577184061E-004   123.72315090697384     
   1.5932855576931209E-004   123.72315025922006     
   1.6072915055823515E-004   123.72314959998079     
   1.6214205742614050E-004   123.72314892911629     
   1.6356738460368125E-004   123.72314824640256     
   1.6500524127292381E-004   123.72314755161796     
   1.6645573757571129E-004   123.72314684460156     
   1.6791898462210038E-004   123.72314612504920     
   1.6939509449887284E-004   123.72314539277505     
   1.7088418027812115E-004   123.72314464763866     
   1.7238635602591029E-004   123.72314388928282     
   1.7390173681101518E-004   123.72314311754110     
   1.7543043871373520E-004   123.72314233216031     
   1.7697257883478608E-004   123.72314153291768     
   1.7852827530426992E-004   123.72314071954713     
   1.8009764729072427E-004   123.72313989182652     
   1.8168081501025043E-004   123.72313904947589     
   1.8327789973572226E-004   123.72313819224405     
   1.8488902380607586E-004   123.72313731983559     
   1.8651431063568098E-004   123.72313643208554     
   1.8815388472379454E-004   123.72313552860976     
   1.8980787166409752E-004   123.72313460919742     
   1.9147639815431580E-004   123.72313367350523     
   1.9315959200592509E-004   123.72313272130447     
   1.9485758215394169E-004   123.72313175227708     
   1.9657049866679901E-004   123.72313076617553     
   1.9829847275631095E-004   123.72312976258928     
   2.0004163678772303E-004   123.72312874129415     
   2.0180012428985158E-004   123.72312770197544     
   2.0357406996531245E-004   123.72312664428546     
   2.0536360970083923E-004   123.72312556791661     
   2.0716888057769250E-004   123.72312447254222     
   2.0899002088216033E-004   123.72312335778753     
   2.1082717011615130E-004   123.72312222334574     
   2.1268046900788050E-004   123.72312106886068     
   2.1455005952264954E-004   123.72311989401481     
   2.1643608487372122E-004   123.72311869839695     
   2.1833868953328992E-004   123.72311748164788     
   2.2025801924354846E-004   123.72311624338704     
   2.2219422102785191E-004   123.72311498329987     
   2.2414744320198003E-004   123.72311370091847     
   2.2611783538549842E-004   123.72311239588367     
   2.2810554851321948E-004   123.72311106779910     
   2.3011073484676428E-004   123.72310971625961     
   2.3213354798622612E-004   123.72310834083629     
   2.3417414288193629E-004   123.72310694109831     
   2.3623267584633374E-004   123.72310551665583     
   2.3830930456593868E-004   123.72310406703582     
   2.4040418811343159E-004   123.72310259180551     
   2.4251748695983846E-004   123.72310109052091     
   2.4464936298682305E-004   123.72309956271170     
   2.4679997949908727E-004   123.72309800790299     
   2.4896950123688060E-004   123.72309642561430     
   2.5115809438861945E-004   123.72309481538855     
   2.5336592660361721E-004   123.72309317671142     
   2.5559316700492663E-004   123.72309150908364     
   2.5783998620229485E-004   123.72308981199882     
   2.6010655630523237E-004   123.72308808492062     
   2.6239305093619675E-004   123.72308632734104     
   2.6469964524389241E-004   123.72308453869215     
   2.6702651591668732E-004   123.72308271845480     
   2.6937384119614757E-004   123.72308086605631     
   2.7174180089069083E-004   123.72307898092077     
   2.7413057638935999E-004   123.72307706248290     
   2.7654035067571783E-004   123.72307511014412     
   2.7897130834186380E-004   123.72307312333703     
   2.8142363560257398E-004   123.72307110140889     
   2.8389752030956553E-004   123.72306904375137     
   2.8639315196588629E-004   123.72306694975674     
   2.8891072174043095E-004   123.72306481874449     
   2.9145042248258506E-004   123.72306265009854     
   2.9401244873699712E-004   123.72306044310693     
   2.9659699675848162E-004   123.72305819713534     
   2.9920426452705181E-004   123.72305591148870     
   3.0183445176308566E-004   123.72305358543912     
   3.0448775994262455E-004   123.72305121832005     
   3.0716439231280661E-004   123.72304880936542     
   3.0986455390743590E-004   123.72304635784712     
   3.1258845156268794E-004   123.72304386299425     
   3.1533629393295414E-004   123.72304132408686     
   3.1810829150682454E-004   123.72303874028813     
   3.2090465662321197E-004   123.72303611085425     
   3.2372560348761694E-004   123.72303343495173     
   3.2657134818853681E-004   123.72303071176617     
   3.2944210871401793E-004   123.72302794046453     
   3.3233810496835389E-004   123.72302512019445     
   3.3525955878893073E-004   123.72302225008360     
   3.3820669396321986E-004   123.72301932927496     
   3.4117973624592045E-004   123.72301635683141     
   3.4417891337625272E-004   123.72301333188778     
   3.4720445509540287E-004   123.72301025347491     
   3.5025659316412162E-004   123.72300712067209     
   3.5333556138047762E-004   123.72300393251828     
   3.5644159559776657E-004   123.72300068801860     
   3.5957493374257771E-004   123.72299738617983     
   3.6273581583301984E-004   123.72299402600942     
   3.6592448399710634E-004   123.72299060644872     
   3.6914118249130323E-004   123.72298712645960     
   3.7238615771923914E-004   123.72298358497949     
   3.7565965825058027E-004   123.72297998091301     
   3.7896193484007111E-004   123.72297631315314     
   3.8229324044674283E-004   123.72297258057944     
   3.8565383025328996E-004   123.72296878206475     
   3.8904396168561802E-004   123.72296491640100     
   3.9246389443256270E-004   123.72296098242907     
   3.9591389046578218E-004   123.72295697892849     
   3.9939421405982452E-004   123.72295290468901     
   4.0290513181237195E-004   123.72294875845097     
   4.0644691266466203E-004   123.72294453892619     
   4.1001982792208909E-004   123.72294024484006     
   4.1362415127498692E-004   123.72293587485763     
   4.1726015881959346E-004   123.72293142764761     
   4.2092812907920028E-004   123.72292690184520     
   4.2462834302548787E-004   123.72292229605705     
   4.2836108410004853E-004   123.72291760886793     
   4.3212663823609832E-004   123.72291283883885     
   4.3592529388037987E-004   123.72290798451343     
   4.3975734201525806E-004   123.72290304438650     
   4.4362307618100934E-004   123.72289801695445     
   4.4752279249830754E-004   123.72289290065481     
   4.5145678969090727E-004   123.72288769395226     
   4.5542536910852610E-004   123.72288239522084     
   4.5942883474992896E-004   123.72287700282561     
   4.6346749328621430E-004   123.72287151512865     
   4.6754165408430611E-004   123.72286593043987     
   4.7165162923065138E-004   123.72286024704454     
   4.7579773355512655E-004   123.72285446319427     
   4.7998028465515402E-004   123.72284857711259     
   4.8419960292003035E-004   123.72284258698943     
   4.8845601155546878E-004   123.72283649100484     
   4.9274983660835671E-004   123.72283028725423     
   4.9708140699173244E-004   123.72282397385595     
   5.0145105450997887E-004   123.72281754886910     
   5.0585911388424166E-004   123.72281101030256     
   5.1030592277806822E-004   123.72280435616744     
   5.1479182182327383E-004   123.72279758440999     
   5.1931715464603441E-004   123.72279069295638     
   5.2388226789320841E-004   123.72278367967812     
   5.2848751125889114E-004   123.72277654244073     
   5.3313323751120112E-004   123.72276927903272     
   5.3781980251930311E-004   123.72276188723589     
   5.4254756528066786E-004   123.72275436475400     
   5.4731688794857193E-004   123.72274670931978     
   5.5212813585983947E-004   123.72273891853246     
   5.5698167756282682E-004   123.72273099003718     
   5.6187788484565466E-004   123.72272292138098     
   5.6681713276468656E-004   123.72271471008298     
   5.7179979967325991E-004   123.72270635363174     
   5.7682626725066757E-004   123.72269784945024     
   5.8189692053139507E-004   123.72268919492603     
   5.8701214793461522E-004   123.72268038739378     
   5.9217234129394088E-004   123.72267142416933     
   5.9737789588744101E-004   123.72266230247772     
   6.0262921046791830E-004   123.72265301951950     
   6.0792668729345528E-004   123.72264357244251     
   6.1327073215822702E-004   123.72263395835000     
   6.1866175442358594E-004   123.72262417427930     
   6.2410016704941970E-004   123.72261421722845     
   6.2958638662578403E-004   123.72260408413803     
   6.3512083340481410E-004   123.72259377189204     
   6.4070393133291699E-004   123.72258327731117     
   6.4633610808324598E-004   123.72257259718242     
   6.5201779508846129E-004   123.72256172822648     
   6.5774942757377826E-004   123.72255066709124     
   6.6353144459030595E-004   123.72253941037707     
   6.6936428904868016E-004   123.72252795463368     
   6.7524840775298940E-004   123.72251629632757     
   6.8118425143500188E-004   123.72250443188568     
   6.8717227478869180E-004   123.72249235765196     
   6.9321293650506980E-004   123.72248006991629     
   6.9930669930731867E-004   123.72246756490711     
   7.0545402998623940E-004   123.72245483877327     
   7.1165539943600776E-004   123.72244188760908     
   7.1791128269024502E-004   123.72242870741781     
   7.2422215895840672E-004   123.72241529416584     
   7.3058851166249081E-004   123.72240164371311     
   7.3701082847406785E-004   123.72238775187452     
   7.4348960135163825E-004   123.72237361436470     
   7.5002532657831580E-004   123.72235922684490     
   7.5661850479984496E-004   123.72234458489652     
   7.6326964106295002E-004   123.72232968400226     
   7.6997924485402308E-004   123.72231451959271     
   7.7674783013815076E-004   123.72229908699762     
   7.8357591539848510E-004   123.72228338146749     
   7.9046402367596023E-004   123.72226739817523     
   7.9741268260935744E-004   123.72225113220480     
   8.0442242447572383E-004   123.72223457854921     
   8.1149378623114490E-004   123.72221773212812     
   8.1862730955187604E-004   123.72220058775298     
   8.2582354087583636E-004   123.72218314013685     
   8.3308303144446604E-004   123.72216538393246     
   8.4040633734495235E-004   123.72214731366898     
   8.4779401955282672E-004   123.72212892377883     
   8.5524664397493635E-004   123.72211020861806     
   8.6276478149279346E-004   123.72209116242408     
   8.7034900800630544E-004   123.72207177933171     
   8.7799990447788947E-004   123.72205205338201     
   8.8571805697697551E-004   123.72203197848717     
   8.9350405672489999E-004   123.72201154850052     
   9.0135850014019358E-004   123.72199075711649     
   9.0928198888426881E-004   123.72196959793632     
   9.1727512990750647E-004   123.72194806445316     
   9.2533853549575109E-004   123.72192615004138     
   9.3347282331721060E-004   123.72190384795067     
   9.4167861646977252E-004   123.72188115131473     
   9.4995654352873294E-004   123.72185805315985     
   9.5830723859494646E-004   123.72183454636115     
   9.6673134134339970E-004   123.72181062368634     
   9.7522949707221096E-004   123.72178627778146     
   9.8380235675206060E-004   123.72176150114308     
   9.9245057707605727E-004   123.72173628614070     
   1.0011748205100402E-003   123.72171062501377     
   1.0099757553433267E-003   123.72168450986430     
   1.0188540557399025E-003   123.72165793265088     
   1.0278104017900640E-003   123.72163088518425     
   1.0368454795625158E-003   123.72160335914089     
   1.0459599811569213E-003   123.72157534604361     
   1.0551546047569214E-003   123.72154683726797     
   1.0644300546836154E-003   123.72151782402443     
   1.0737870414495128E-003   123.72148829738796     
   1.0832262818129593E-003   123.72145824826146     
   1.0927484988330421E-003   123.72142766739080     
   1.1023544219249770E-003   123.72139654534948     
   1.1120447869159826E-003   123.72136487255739     
   1.1218203361016460E-003   123.72133263925423     
   1.1316818183027828E-003   123.72129983551542     
   1.1416299889227988E-003   123.72126645122040     
   1.1516656100055550E-003   123.72123247610261     
   1.1617894502937401E-003   123.72119789968463     
   1.1720022852877584E-003   123.72116271131137     
   1.1823048973051335E-003   123.72112690013756     
   1.1926980755404362E-003   123.72109045513548     
   1.2031826161257358E-003   123.72105336507263     
   1.2137593221915868E-003   123.72101561850980     
   1.2244290039285489E-003   123.72097720382254     
   1.2351924786492487E-003   123.72093810916738     
   1.2460505708509876E-003   123.72089832249071     
   1.2570041122788994E-003   123.72085783153420     
   1.2680539419896626E-003   123.72081662381402     
   1.2792009064157733E-003   123.72077468662087     
   1.2904458594303835E-003   123.72073200704028     
   1.3017896624127089E-003   123.72068857189583     
   1.3132331843140124E-003   123.72064436780545     
   1.3247773017241657E-003   123.72059938113694     
   1.3364228989387976E-003   123.72055359801999     
   1.3481708680270336E-003   123.72050700432874     
   1.3600221088998282E-003   123.72045958570396     
   1.3719775293788994E-003   123.72041132751542     
   1.3840380452662703E-003   123.72036221487792     
   1.3962045804144197E-003   123.72031223264207     
   1.4084780667970513E-003   123.72026136539205     
   1.4208594445804829E-003   123.72020959743736     
   1.4333496621956659E-003   123.72015691280660     
   1.4459496764108364E-003   123.72010329524397     
   1.4586604524048036E-003   123.72004872820622     
   1.4714829638408852E-003   123.71999319486025     
   1.4844181929414906E-003   123.71993667806152     
   1.4974671305633611E-003   123.71987916037847     
   1.5106307762734706E-003   123.71982062405510     
   1.5239101384255938E-003   123.71976105102470     
   1.5373062342375475E-003   123.71970042290053     
   1.5508200898691116E-003   123.71963872097234     
   1.5644527405006331E-003   123.71957592618782     
   1.5782052304123230E-003   123.71951201916255     
   1.5920786130642507E-003   123.71944698016836     
   1.6060739511770384E-003   123.71938078912251     
   1.6201923168132689E-003   123.71931342558804     
   1.6344347914596055E-003   123.71924486876418     
   1.6488024661096374E-003   123.71917509747863     
   1.6632964413474489E-003   123.71910409018631     
   1.6779178274319278E-003   123.71903182495191     
   1.6926677443818115E-003   123.71895827945349     
   1.7075473220614830E-003   123.71888343098192     
   1.7225577002675193E-003   123.71880725640784     
   1.7377000288160008E-003   123.71872973219672     
   1.7529754676305913E-003   123.71865083440014     
   1.7683851868313869E-003   123.71857053863545     
   1.7839303668245507E-003   123.71848882010016     
   1.7996121983927331E-003   123.71840565353358     
   1.8154318827862874E-003   123.71832101323258     
   1.8313906318152859E-003   123.71823487303811     
   1.8474896679423498E-003   123.71814720632659     
   1.8637302243762874E-003   123.71805798599689     
   1.8801135451665624E-003   123.71796718446399     
   1.8966408852985890E-003   123.71787477366109     
   1.9133135107898653E-003   123.71778072501434     
   1.9301326987869523E-003   123.71768500943750     
   1.9470997376633051E-003   123.71758759733643     
   1.9642159271179641E-003   123.71748845858212     
   1.9814825782751132E-003   123.71738756251318     
   1.9989010137845160E-003   123.71728487792319     
   2.0164725679228286E-003   123.71718037304385     
   2.0341985866958114E-003   123.71707401554880     
   2.0520804279414318E-003   123.71696577253192     
   2.0701194614338790E-003   123.71685561049821     
   2.0883170689884878E-003   123.71674349536187     
   2.1066746445675901E-003   123.71662939242475     
   2.1251935943872938E-003   123.71651326637749     
   2.1438753370252002E-003   123.71639508127134     
   2.1627213035290689E-003   123.71627480052547     
   2.1817329375264389E-003   123.71615238690464     
   2.2009116953352129E-003   123.71602780250595     
   2.2202590460752123E-003   123.71590100875881     
   2.2397764717807128E-003   123.71577196640050     
   2.2594654675139737E-003   123.71564063546822     
   2.2793275414797580E-003   123.71550697528426     
   2.2993642151408664E-003   123.71537094445364     
   2.3195770233346807E-003   123.71523250083601     
   2.3399675143907350E-003   123.71509160153681     
   2.3605372502493228E-003   123.71494820291343     
   2.3812878065811388E-003   123.71480226052273     
   2.4022207729079820E-003   123.71465372914508     
   2.4233377527245140E-003   123.71450256274812     
   2.4446403636210865E-003   123.71434871447428     
   2.4661302374076547E-003   123.71419213663893     
   2.4878090202387743E-003   123.71403278069920     
   2.5096783727396985E-003   123.71387059725146     
   2.5317399701335866E-003   123.71370553600542     
   2.5539955023698257E-003   123.71353754577933     
   2.5764466742534860E-003   123.71336657447051     
   2.5990952055759088E-003   123.71319256905144     
   2.6219428312464466E-003   123.71301547554566     
   2.6449913014253575E-003   123.71283523901752     
   2.6682423816578736E-003   123.71265180354305     
   2.6916978530094416E-003   123.71246511220608     
   2.7153595122021536E-003   123.71227510707058     
   2.7392291717523820E-003   123.71208172916840     
   2.7633086601096188E-003   123.71188491847283     
   2.7875998217965371E-003   123.71168461389118     
   2.8121045175502853E-003   123.71148075323680     
   2.8368246244650222E-003   123.71127327321005     
   2.8617620361357033E-003   123.71106210938581     
   2.8869186628031340E-003   123.71084719618062     
   2.9122964315002990E-003   123.71062846684100     
   2.9378972861999701E-003   123.71040585342558     
   2.9637231879636227E-003   123.71017928677156     
   2.9897761150916545E-003   123.70994869648314     
   3.0160580632749229E-003   123.70971401090651     
   3.0425710457476223E-003   123.70947515710378     
   3.0693170934414978E-003   123.70923206083592     
   3.0962982551414192E-003   123.70898464653374     
   3.1235165976423182E-003   123.70873283727599     
   3.1509742059075102E-003   123.70847655477019     
   3.1786731832284046E-003   123.70821571931629     
   3.2066156513856211E-003   123.70795024979435     
   3.2348037508115181E-003   123.70768006362664     
   3.2632396407541548E-003   123.70740507676385     
   3.2919254994426940E-003   123.70712520364810     
   3.3208635242542544E-003   123.70684035719506     
   3.3500559318822357E-003   123.70655044875070     
   3.3795049585061171E-003   123.70625538808656     
   3.4092128599627564E-003   123.70595508335180     
   3.4391819119191864E-003   123.70564944105098     
   3.4694144100469340E-003   123.70533836601362     
   3.4999126701978764E-003   123.70502176136807     
   3.5306790285816333E-003   123.70469952850402     
   3.5617158419445263E-003   123.70437156704469     
   3.5930254877501095E-003   123.70403777481550     
   3.6246103643612858E-003   123.70369804781126     
   3.6564728912240243E-003   123.70335228016188     
   3.6886155090526938E-003   123.70300036409679     
   3.7210406800170254E-003   123.70264218992173     
   3.7537508879307191E-003   123.70227764596586     
   3.7867486384417027E-003   123.70190661856299     
   3.8200364592240752E-003   123.70152899200252     
   3.8536169001717230E-003   123.70114464850309     
   3.8874925335936508E-003   123.70075346817129     
   3.9216659544110220E-003   123.70035532895821     
   3.9561397803559318E-003   123.69995010662711     
   3.9909166521719325E-003   123.69953767471253     
   4.0259992338163141E-003   123.69911790447759     
   4.0613902126641725E-003   123.69869066487706     
   4.0970922997142596E-003   123.69825582251127     
   4.1331082297966547E-003   123.69781324158498     
   4.1694407617822570E-003   123.69736278386546     
   4.2060926787941136E-003   123.69690430863801     
   4.2430667884206137E-003   123.69643767265916     
   4.2803659229305561E-003   123.69596273011035     
   4.3179929394901026E-003   123.69547933255802     
   4.3559507203816388E-003   123.69498732889599     
   4.3942421732245662E-003   123.69448656530716     
   4.4328702311980245E-003   123.69397688520604     
   4.4718378532655817E-003   123.69345812919352     
   4.5111480244018915E-003   123.69293013500385     
   4.5508037558213499E-003   123.69239273745393     
   4.5908080852087542E-003   123.69184576839194     
   4.6311640769519978E-003   123.69128905663769     
   4.6718748223768050E-003   123.69072242793220     
   4.7129434399835312E-003   123.69014570488241     
   4.7543730756860452E-003   123.68955870690439     
   4.7961669030527065E-003   123.68896125015891     
   4.8383281235494704E-003   123.68835314750368     
   4.8808599667851237E-003   123.68773420842126     
   4.9237656907586743E-003   123.68710423896772     
   4.9670485821089209E-003   123.68646304170574     
   5.0107119563662147E-003   123.68581041564062     
   5.0547591582064313E-003   123.68514615615555     
   5.0991935617071800E-003   123.68447005495068     
   5.1440185706062612E-003   123.68378189997003     
   5.1892376185623985E-003   123.68308147533514     
   5.2348541694182630E-003   123.68236856127703     
   5.2808717174658033E-003   123.68164293406528     
   5.3272937877139187E-003   123.68090436593309     
   5.3741239361584803E-003   123.68015262500796     
   5.4213657500547189E-003   123.67938747523300     
   5.4690228481920206E-003   123.67860867629253     
   5.5170988811711280E-003   123.67781598353685     
   5.5655975316837815E-003   123.67700914789958     
   5.6145225147948181E-003   123.67618791581708     
   5.6638775782267533E-003   123.67535202914991     
   5.7136665026468582E-003   123.67450122509825     
   5.7638931019567659E-003   123.67363523611459     
   5.8145612235846224E-003   123.67275378981878     
   5.8656747487798059E-003   123.67185660891130     
   5.9172375929102310E-003   123.67094341108037     
   5.9692537057622758E-003   123.67001390891312     
   6.0217270718433396E-003   123.66906780980128     
   6.0746617106870650E-003   123.66810481584713     
   6.1280616771612331E-003   123.66712462376660     
   6.1819310617783774E-003   123.66612692478918     
   6.2362739910091225E-003   123.66511140455890     
   6.2910946275982751E-003   123.66407774303752     
   6.3463971708836971E-003   123.66302561438738     
   6.4021858571179820E-003   123.66195468687840     
   6.4584649597929566E-003   123.66086462277718     
   6.5152387899670367E-003   123.65975507823248     
   6.5725116965954589E-003   123.65862570316563     
   6.6302880668634235E-003   123.65747614116117     
   6.6885723265221447E-003   123.65630602934215     
   6.7473689402278878E-003   123.65511499826027     
   6.8066824118839511E-003   123.65390267176912     
   6.8665172849856834E-003   123.65266866690638     
   6.9268781429685155E-003   123.65141259376452     
   6.9877696095590608E-003   123.65013405536820     
   7.0491963491292981E-003   123.64883264753848     
   7.1111630670538679E-003   123.64750795876716     
   7.1736745100705141E-003   123.64615957007913     
   7.2367354666436883E-003   123.64478705489500     
   7.3003507673313518E-003   123.64338997889234     
   7.3645252851550075E-003   123.64196789986232     
   7.4292639359729738E-003   123.64052036756874     
   7.4945716788569518E-003   123.63904692359489     
   7.5604535164718982E-003   123.63754710119684     
   7.6269144954592260E-003   123.63602042515134     
   7.6939597068234004E-003   123.63446641159584     
   7.7615942863219021E-003   123.63288456787370     
   7.8298234148586436E-003   123.63127439237019     
   7.8986523188808253E-003   123.62963537434746     
   7.9680862707792992E-003   123.62796699377907     
   8.0381305892924318E-003   123.62626872117534     
   8.1087906399135313E-003   123.62454001741304     
   8.1800718353018508E-003   123.62278033355369     
   8.2519796356972097E-003   123.62098911066710     
   8.3245195493382457E-003   123.61916577964348     
   8.3976971328843641E-003   123.61730976100949     
   8.4715179918413847E-003   123.61542046473153     
   8.5459877809909227E-003   123.61349729002717     
   8.6211122048235628E-003   123.61153962516414     
   8.6968970179758243E-003   123.60954684725675     
   8.7733480256709812E-003   123.60751832206307     
   8.8504710841637389E-003   123.60545340377053     
   8.9282721011888482E-003   123.60335143478954     
   9.0067570364136280E-003   123.60121174552836     
   9.0859319018945020E-003   123.59903365417495     
   9.1658027625375182E-003   123.59681646647107     
   9.2463757365629264E-003   123.59455947548270     
   9.3276569959738608E-003   123.59226196136160     
   9.4096527670291027E-003   123.58992319111246     
   9.4923693307200352E-003   123.58754241834401     
   9.5758130232517693E-003   123.58511888302422     
   9.6599902365285088E-003   123.58265181122692     
   9.7449074186431763E-003   123.58014041487314     
   9.8305710743713508E-003   123.57758389147148     
   9.9169877656695368E-003   123.57498142384856     
   1.0004164112177825E-002   123.57233217987772     
   1.0092106791726963E-002   123.56963531220197     
   1.0180822540849887E-002   123.56688995795008     
   1.0270318155297749E-002   123.56409523845196     
   1.0360600490560482E-002   123.56125025894016     
   1.0451676462391942E-002   123.55835410825637     
   1.0543553047339659E-002   123.55540585854339     
   1.0636237283279254E-002   123.55240456493596     
   1.0729736269953554E-002   123.54934926524572     
   1.0824057169516434E-002   123.54623897963677     
   1.0919207207081451E-002   123.54307271030018     
   1.1015193671275306E-002   123.53984944111727     
   1.1112023914796151E-002   123.53656813732130     
   1.1209705354976816E-002   123.53322774514754     
   1.1308245474353005E-002   123.52982719148366     
   1.1407651821236446E-002   123.52636538350487     
   1.1507932010293116E-002   123.52284120830961     
   1.1609093723126528E-002   123.51925353254467     
   1.1711144708866163E-002   123.51560120202299     
   1.1814092784761053E-002   123.51188304133905     
   1.1917945836778594E-002   123.50809785346689     
   1.2022711820208630E-002   123.50424441936178     
   1.2128398760272840E-002   123.50032149754867     
   1.2235014752739465E-002   123.49632782370043     
   1.2342567964543477E-002   123.49226211021585     
   1.2451066634412160E-002   123.48812304578109     
   1.2560519073496217E-002   123.48390929492774     
   1.2670933666006421E-002   123.47961949758229     
   1.2782318869855841E-002   123.47525226860625     
   1.2894683217307747E-002   123.47080619732611     
   1.3008035315629182E-002   123.46627984705708     
   1.3122383847750293E-002   123.46167175461596     
   1.3237737572929465E-002   123.45698042982536     
   1.3354105327424278E-002   123.45220435500755     
   1.3471496025168384E-002   123.44734198447185     
   1.3589918658454332E-002   123.44239174398746     
   1.3709382298622378E-002   123.43735203025022     
   1.3829896096755376E-002   123.43222121033739     
   1.3951469284379750E-002   123.42699762115285     
   1.4074111174172656E-002   123.42167956886061     
   1.4197831160675333E-002   123.41626532830946     
   1.4322638721012748E-002   123.41075314244347     
   1.4448543415619552E-002   123.40514122170794     
   1.4575554888972424E-002   123.39942774343251     
   1.4703682870328853E-002   123.39361085121647     
   1.4832937174472410E-002   123.38768865429029     
   1.4963327702464573E-002   123.38165922687273     
   1.5094864442403171E-002   123.37552060751273     
   1.5227557470187473E-002   123.36927079841837     
   1.5361416950290030E-002   123.36290776477415     
   1.5496453136535276E-002   123.35642943404565     
   1.5632676372884995E-002   123.34983369526918     
   1.5770097094230672E-002   123.34311839832958     
   1.5908725827192830E-002   123.33628135322346     
   1.6048573190927385E-002   123.32932032930881     
   1.6189649897939078E-002   123.32223305453954     
   1.6331966754902078E-002   123.31501721468703     
   1.6475534663487786E-002   123.30767045254504     
   1.6620364621199903E-002   123.30019036712014     
   1.6766467722216891E-002   123.29257451280779     
   1.6913855158241755E-002   123.28482039855146     
   1.7062538219359394E-002   123.27692548698514     
   1.7212528294901386E-002   123.26888719356162     
   1.7363836874318469E-002   123.26070288566325     
   1.7516475548060621E-002   123.25236988169456     
   1.7670456008464931E-002   123.24388545015881     
   1.7825790050651220E-002   123.23524680871748     
   1.7982489573425575E-002   123.22645112323022     
   1.8140566580191836E-002   123.21749550677873     
   1.8300033179871028E-002   123.20837701866890     
   1.8460901587828968E-002   123.19909266341847     
   1.8623184126811944E-002   123.18963938971950     
   1.8786893227890684E-002   123.18001408938818     
   1.8952041431412568E-002   123.17021359628814     
   1.9118641387962248E-002   123.16023468523667     
   1.9286705859330705E-002   123.15007407089143     
   1.9456247719492809E-002   123.13972840661091     
   1.9627279955593498E-002   123.12919428330008     
   1.9799815668942587E-002   123.11846822822781     
   1.9973868076018381E-002   123.10754670382642     
   2.0149450509480048E-002   123.09642610646500     
   2.0326576419188922E-002   123.08510276520298     
   2.0505259373238813E-002   123.07357294051701     
   2.0685513058995283E-002   123.06183282300469     
   2.0867351284144187E-002   123.04987853206495     
   2.1050787977749296E-002   123.03770611455184     
   2.1235837191319329E-002   123.02531154340369     
   2.1422513099884296E-002   123.01269071624586     
   2.1610830003081342E-002   122.99983945396826     
   2.1800802326250094E-002   122.98675349927316     
   2.1992444621537686E-002   122.97342851519994     
   2.2185771569013465E-002   122.95986008361814     
   2.2380797977793496E-002   122.94604370369314     
   2.2577538787174983E-002   122.93197479032500     
   2.2776009067780618E-002   122.91764867255387     
   2.2976224022713026E-002   122.90306059194023     
   2.3178198988719336E-002   122.88820570091025     
   2.3381949437366000E-002   122.87307906107287     
   2.3587490976223945E-002   122.85767564150444     
   2.3794839350064115E-002   122.84199031700041     
   2.4004010442063559E-002   122.82601786629630     
   2.4215020275022106E-002   122.80975297025276     
   2.4427885012589728E-002   122.79319021000782     
   2.4642620960504694E-002   122.77632406509690     
   2.4859244567842616E-002   122.75914891153241     
   2.5077772428276475E-002   122.74165901985327     
   2.5298221281347722E-002   122.72384855313425     
   2.5520608013748541E-002   122.70571156495987     
   2.5744949660615395E-002   122.68724199736010     
   2.5971263406833950E-002   122.66843367870854     
   2.6199566588355452E-002   122.64928032158053     
   2.6429876693524694E-002   122.62977552057140     
   2.6662211364419642E-002   122.60991275007672     
   2.6896588398202838E-002   122.58968536202929     
   2.7133025748484703E-002   122.56908658359418     
   2.7371541526698781E-002   122.54810951482358     
   2.7612154003489150E-002   122.52674712626617     
   2.7854881610109915E-002   122.50499225653414     
   2.8099742939837122E-002   122.48283760982537     
   2.8346756749393003E-002   122.46027575339917     
   2.8595941960382766E-002   122.43729911500833     
   2.8847317660744023E-002   122.41389998028109     
   2.9100903106208970E-002   122.39007049005926     
   2.9356717721779356E-002   122.36580263768451     
   2.9614781103214523E-002   122.34108826623793     
   2.9875113018532424E-002   122.31591906572908     
   3.0137733409523904E-002   122.29028657023332     
   3.0402662393280263E-002   122.26418215497944     
   3.0669920263734253E-002   122.23759703338322     
   3.0939527493214623E-002   122.21052225402963     
   3.1211504734014323E-002   122.18294869759922     
   3.1485872819972512E-002   122.15486707374185     
   3.1762652768070443E-002   122.12626791789273     
   3.2041865780041402E-002   122.09714158803405     
   3.2323533243994791E-002   122.06747826139821     
   3.2607676736054497E-002   122.03726793111304     
   3.2894318022011620E-002   122.00650040278816     
   3.3183479058991786E-002   121.97516529104308     
   3.3475181997137136E-002   121.94325201597189     
   3.3769449181302952E-002   121.91074979954868     
   3.4066303152769407E-002   121.87764766197046     
   3.4365766650968223E-002   121.84393441793594     
   3.4667862615224518E-002   121.80959867286128     
   3.4972614186514019E-002   121.77462881903068     
   3.5280044709235688E-002   121.73901303168083     
   3.5590177732999953E-002   121.70273926502000     
   3.5903037014432586E-002   121.66579524817899     
   3.6218646518994549E-002   121.62816848109298     
   3.6537030422817786E-002   121.58984623031705     
   3.6858213114557080E-002   121.55081552476832     
   3.7182219197258351E-002   121.51106315140080     
   3.7509073490243197E-002   121.47057565080667     
   3.7838801031010165E-002   121.42933931274547     
   3.8171427077152598E-002   121.38734017160115     
   3.8506977108293435E-002   121.34456400176484     
   3.8845476828036983E-002   121.30099631294260     
   3.9186952165937837E-002   121.25662234538871     
   3.9531429279487135E-002   121.21142706506197     
   3.9878934556116241E-002   121.16539515870627     
   4.0229494615218082E-002   121.11851102885296     
   4.0583136310186216E-002   121.07075878874460     
   4.0939886730471824E-002   121.02212225718233     
   4.1299773203658845E-002   120.97258495329029     
   4.1662823297557279E-002   120.92213009120420     
   4.2029064822314895E-002   120.87074057467544     
   4.2398525832547579E-002   120.81839899159709     
   4.2771234629488321E-002   120.76508760844692     
   4.3147219763155158E-002   120.71078836464915     
   4.3526510034538099E-002   120.65548286685345     
   4.3909134497805369E-002   120.59915238313167     
   4.4295122462528973E-002   120.54177783709062     
   4.4684503495929874E-002   120.48333980190296     
   4.5077307425142855E-002   120.42381849425379     
   4.5473564339501324E-002   120.36319376820259     
   4.5873304592842216E-002   120.30144510896375     
   4.6276558805831147E-002   120.23855162660132     
   4.6683357868307955E-002   120.17449204964043     
   4.7093732941652942E-002   120.10924471859624     
   4.7507715461173904E-002   120.04278757941756     
   4.7925337138514032E-002   119.97509817684815     
   4.8346629964081171E-002   119.90615364770599     
   4.8771626209498251E-002   119.83593071407873     
   4.9200358430075405E-002   119.76440567643769     
   4.9632859467303683E-002   119.69155440667080     
   5.0069162451370823E-002   119.61735234103540     
   5.0509300803698996E-002   119.54177447302988     
   5.0953308239505023E-002   119.46479534618783     
   5.1401218770382923E-002   119.38638904679456     
   5.1853066706909312E-002   119.30652919652616     
   5.2308886661271606E-002   119.22518894501417     
   5.2768713549919376E-002   119.14234096233648     
   5.3232582596238989E-002   119.05795743143597     
   5.3700529333251784E-002   118.97201004046943     
   5.4172589606335926E-002   118.88446997508677     
   5.4648799575972247E-002   118.79530791064664     
   5.5129195720514154E-002   118.70449400436490     
   5.5613814838981958E-002   118.61199788740475     
   5.6102694053881706E-002   118.51778865690568     
   5.6595870814048807E-002   118.42183486795793     
   5.7093382897516698E-002   118.32410452552455     
   5.7595268414410677E-002   118.22456507631202     
   5.8101565809867181E-002   118.12318340059744     
   5.8612313866978773E-002   118.01992580401213     
   5.9127551709764935E-002   117.91475800928734     
   5.9647318806169053E-002   117.80764514796692     
   6.0171654971081713E-002   117.69855175209005     
   6.0700600369390581E-002   117.58744174585087     
   6.1234195519057066E-002   117.47427843723725     
   6.1772481294220076E-002   117.35902450965858     
   6.2315498928327051E-002   117.24164201356302     
   6.2863290017292461E-002   117.12209235805614     
   6.3415896522684118E-002   117.00033630252199     
   6.3973360774937538E-002   116.87633394825767     
   6.4535725476598457E-002   116.75004473012686     
   6.5103033705593921E-002   116.62142740823970     
   6.5675328918532158E-002   116.49044005966823     
   6.6252654954031320E-002   116.35704007020507     
   6.6835056036077714E-002   116.22118412617451     
   6.7422576777413298E-002   116.08282820630569     
   6.8015262182953118E-002   115.94192757367779     
   6.8613157653232851E-002   115.79843676774698     
   6.9216308987886346E-002   115.65230959646743     
   6.9824762389154138E-002   115.50349912851581     
   7.0438564465422501E-002   115.35195768563372     
   7.1057762234793695E-002   115.19763683509899     
   7.1682403128687719E-002   115.04048738233908     
   7.2312534995475547E-002   114.88045936370176     
   7.2948206104144361E-002   114.71750203939601     
   7.3589465147995123E-002   114.55156388661874     
   7.4236361248372448E-002   114.38259259288355     
   7.4888943958427420E-002   114.21053504956836     
   7.5547263266913411E-002   114.03533734569720     
   7.6211369602015341E-002   113.85694476197634     
   7.6881313835212434E-002   113.67530176510232     
   7.7557147285175196E-002   113.49035200236224     
   7.8238921721696386E-002   113.30203829654548     
   7.8926689369656661E-002   113.11030264118872     
   7.9620502913025179E-002   112.91508619617721     
   8.0320415498895084E-002   112.71632928372347     
   8.1026480741554857E-002   112.51397138474840     
   8.1738752726595060E-002   112.30795113568982     
   8.2457286015051520E-002   112.09820632576384     
   8.3182135647584657E-002   111.88467389470466     
   8.3913357148695744E-002   111.66728993101412     
   8.4651006530980191E-002   111.44598967074458     
   8.5395140299418082E-002   111.22070749685045     
   8.6145815455702643E-002   110.99137693913528     
   8.6903089502606570E-002   110.75793067482880     
   8.7667020448386909E-002   110.52030052982624     
   8.8437666811228513E-002   110.27841748062417     
   8.9215087623726569E-002   110.03221165698909     
   8.9999342437408730E-002   109.78161234539564     
   9.0790491327296663E-002   109.52654799327098     
   9.1588594896508016E-002   109.26694621408680     
   9.2393714280898639E-002   109.00273379333714     
   9.3205911153745699E-002   108.73383669544648     
   9.4025247730471953E-002   108.46018007164798     
   9.4851786773411453E-002   108.18168826887998     
   9.5685591596617353E-002   107.89828483974276     
   9.6526726070711777E-002   107.60989255356549     
   9.7375254627778407E-002   107.31643340863084     
   9.8231242266298091E-002   107.01782864560619     
   9.9094754556127790E-002   106.71399876223435     
   9.9965857643523365E-002   106.40486352933482     
  0.10084461825620640        106.09034200816959     
  0.10173110370847575        105.77035256923017     
  0.10262538190636381        105.44481291250119     
  0.10352752135283821        105.11364008925763     
  0.10443759115304936        104.77675052545806     
  0.10535566101962386        104.43406004679082     
  0.10628180127800467        104.08548390543841     
  0.10721608287183809        103.73093680862019     
  0.10815857736840821        103.37033294898013     
  0.10910935696411898        103.00358603688481     
  0.11006849449002459        102.63060933469656     
  0.11103606341740849        102.25131569309278     
  0.11201213786341127        101.86561758949769     
  0.11299679259670826        101.47342716869755     
  0.11399010304323687        101.07465628571036     
  0.11499214529197427        100.66921655098153     
  0.11600299610076598        100.25701937797767     
  0.11702273290220563        99.837976033252119     
  0.11805143380956637        99.411997689055838     
  0.11908917762278447        98.978995478567484     
  0.12013604383449547        98.538880553817634     
  0.12119211263612355        98.091564146381600     
  0.12225746492402413        97.636957630915447     
  0.12333218230568081        97.174972591610612     
  0.12441634710595650        96.705520891640376     
  0.12551004237339963        96.228514745673237     
  0.12661335188660591        95.743866795526387     
  0.12772636016063574        95.251490189030449     
  0.12884915245348819        94.751298662179593     
  0.12998181477263207        94.243206624634553     
  0.13112443388159395        93.727129248648410     
  0.13227709730660456        93.202982561482642     
  0.13343989334330336        92.670683541376334     
  0.13461291106350215        92.130150217133405     
  0.13579624032200799        91.581301771385071     
  0.13698997176350636        91.024058647586088     
  0.13819419682950448        90.458342660797399     
  0.13940900776533607        89.884077112304752     
  0.14063449762722732        89.301186908118652     
  0.14187076028942519        88.709598681397395     
  0.14311789045138826        88.109240918828107     
  0.14437598364504092        87.500044090996965     
  0.14564513624209119        86.881940786773797     
  0.14692544546141290        86.254865851728425     
  0.14821700937649290        85.618756530591469     
  0.14951992692294358        84.973552613762791     
  0.15083429790608135        84.319196587865335     
  0.15216022300857213        83.655633790330597     
  0.15349780379814348        82.982812567995268     
  0.15484714273536507        82.300684439679173     
  0.15620834318149723        81.609204262701965     
  0.15758150940640853        80.908330403287067     
  0.15896674659656299        80.198024910790039     
  0.16036416086307759        79.478253695675221     
  0.16177385924985044        78.748986711151474     
  0.16319594974176060        78.010198138365894     
  0.16463054127293977        77.261866575038823     
  0.16607774373511683        76.503975227407821     
  0.16753766798603578        75.736512105334626     
  0.16901042585794743        74.959470220411021     
  0.17049613016617607        74.172847786882684     
  0.17199489471776117        73.376648425192357     
  0.17350683432017527        72.570881367925438     
  0.17503206479011837        71.755561667920858     
  0.17657070296238944        70.930710408290949     
  0.17812286669883648        70.096354914071782     
  0.17968867489738471        69.252528965206565     
  0.18126824750114418        68.399273010539687     
  0.18286170550759795        67.536634382477800     
  0.18446917097787024        66.664667511950995     
  0.18609076704607694        65.783434143282633     
  0.18772661792875742        64.893003548552329     
  0.18937684893438997        63.993452741010813     
  0.19104158647299047        63.084866687081103     
  0.19272095806579573        62.167338516454436     
  0.19441509235503157        61.240969729761730     
  0.19612411911376723        60.305870403278277     
  0.19784816925585591        59.362159390088777     
  0.19958737484596331        58.409964517116919     
  0.20134186910968357        57.449422777395753     
  0.20311178644374486        56.480680516927734     
  0.20489726242630418        55.503893615459489     
  0.20669843382733286        54.519227660468587     
  0.20851543861909339        53.526858113635882     
  0.21034841598670823        52.526970469051221     
  0.21219750633882170        51.519760402377855     
  0.21406285131835531        50.505433910177345     
  0.21594459381335793        49.484207438574856     
  0.21784287796795110        48.456308000425679     
  0.21975784919337085        47.421973280123240     
  0.22168965417910627        46.381451725174102     
  0.22363844090413612        45.335002623647227     
  0.22560435864826436        44.282896166595151     
  0.22758755800355504        43.225413494530812     
  0.22958819088586793        42.162846727037902     
  0.23160641054649550        41.095498974586206     
  0.23364237158390225        40.023684331620856     
  0.23569622995556691        38.947727849996440     
  0.23776814298992938        37.867965491830418     
  0.23985826939844196        36.784744060858642     
  0.24196676928772717        35.698421111389152     
  0.24409380417184190        34.609364833965657     
  0.24623953698464970        33.517953916873992     
  0.24840413209230186        32.424577382651066     
  0.25058775530582783        31.329634398785515     
  0.25279057389383686        30.233534061837446     
  0.25501275659533085        29.136695154244336     
  0.25725447363262999        28.039545873128873     
  0.25951589672441205        26.942523530476947     
  0.26179719909886640        25.846074224114275     
  0.26409855550696332        24.750652478974189     
  0.26642014223584026        23.656720858222741     
  0.26876213712230579        22.564749543883842     
  0.27112471956646189        21.475215886693327     
  0.27350807054544668        20.388603925001448     
  0.27591237262729701        19.305403872641755     
  0.27833780998493374        18.226111575788408     
  0.28078456841026961        17.151227938934980     
  0.28325283532844109        16.081258320245780     
  0.28574279981216560        15.016711896653561     
  0.28825465259622440        13.958100999206806     
  0.29078858609207342        12.905940419305850     
  0.29334479440258210        11.860746686606447     
  0.29592347333690222        10.823037319515585     
  0.29852482042546669        9.7933300493541040     
  0.30114903493512107        8.7721420194141473     
  0.30379631788438749        7.7599889602968588     
  0.30646687205886303        6.7573843430762608     
  0.30916090202675328        5.7648385119957553     
  0.31187861415454271        4.7828577985679601     
  0.31462021662280248        3.8119436191113039     
  0.31738591944213740        2.8525915579195171     
  0.32017593446927312        1.9052904384208063     
  0.32299047542328468       0.97052138484284711     
  0.32582975790196750        4.8756877052660741E-002
  0.32869399939835259      -0.85954019860935915     
  0.33158341931736679       -1.7539174995387015     
  0.33449823899263964       -2.6339341750220697     
  0.33743868170345764       -3.4991618091140850     
  0.34040497269186792       -4.3491853548950843     
  0.34339733917993198       -5.1836040566638317     
  0.34641601038713127       -6.0020323565285523     
  0.34946121754792570       -6.8041007817811305     
  0.35253319392946653       -7.5894568093779426     
  0.35563217484946508       -8.3577657038065141     
  0.35875839769421819       -9.1087113245899971     
  0.36191210193679252       -9.8419968996759977     
  0.36509352915536836       -10.557345760969103     
  0.36830292305174511       -11.254502038303443     
  0.37154052947000876       -11.933231308209741     
  0.37480659641536451       -12.593321193914303     
  0.37810137407313366       -13.234581913113864     
  0.38142511482791863       -13.856846770202871     
  0.38477807328293567       -14.459972589786123     
  0.38816050627951809       -15.043840088493958     
  0.39157267291679043       -15.608354182324561     
  0.39501483457151615       -16.153444226972862     
  0.39848725491811882       -16.679064188863954     
  0.40199019994888069       -17.185192744892777     
  0.40552393799431768       -17.671833309177927     
  0.40908873974373394       -18.139013985466729     
  0.41268487826595696       -18.586787444178089     
  0.41631262903025523       -19.015230723438165     
  0.41997226992743925       -19.424444953849640     
  0.42366408129114874       -19.814555007135333     
  0.42738834591932634       -20.185709069209771     
  0.43114534909588031       -20.538078138654292     
  0.43493537861253789       -20.871855451999561     
  0.43875872479089029       -21.187255837651371     
  0.44261568050463201       -21.484515000727548     
  0.44650654120199501       -21.763888741501322     
  0.45043160492838097       -22.025652110568039     
  0.45439117234919141       -22.270098504261107     
  0.45838554677285959       -22.497538704238373     
  0.46241503417408403       -22.708299865535654     
  0.46647994321726666       -22.902724457737612     
  0.47058058528015717       -23.081169164242951     
  0.47471727447770468       -23.244003744897633     
  0.47889032768611961       -23.391609867532800     
  0.48310006456714666       -23.524379914170460     
  0.48734680759255150       -23.642715767845996     
  0.49163088206882249       -23.747027586140415     
  0.49595261616208963       -23.837732567613578     
  0.50031234092326260       -23.915253717381450     
  0.50471039031338949       -23.980018618083392     
  0.50914710122923912       -24.032458212439245     
  0.51362281352910744       -24.073005603499453     
  0.51813787005885126       -24.102094878545106     
  0.52269261667815070       -24.120159962398994     
  0.52728740228700255       -24.127633505664633     
  0.53192257885244665       -24.124945813119819     
  0.53659850143552679       -24.112523817156223     
  0.54131552821848883       -24.090790100780982     
  0.54607402053221887       -24.060161974281737     
  0.55087434288392001       -24.021050609209318     
  0.55571686298503586       -23.973860232854356     
  0.56060195177941663       -23.918987385892457     
  0.56552998347173422       -23.856820245350661     
  0.57050133555614702       -23.787738014512627     
  0.57551638884521672       -23.712110380835931     
  0.58057552749907804       -23.630297042408941     
  0.58567913905486746       -23.542647302931968     
  0.59082761445640741       -23.449499734674674     
  0.59602134808415475       -23.351181908343936     
  0.60126073778540989       -23.248010188300384     
  0.60654618490479240       -23.140289591091623     
  0.61187809431498530       -23.028313704832168     
  0.61725687444774802       -22.912364666558275     
  0.62268293732520352       -22.792713194323895     
  0.62815669859139944       -22.669618670486781     
  0.63367857754414714       -22.543329272362648     
  0.63924899716714012       -22.414082146203715     
  0.64486838416235603       -22.282103620287067     
  0.65053716898274172       -22.147609452778607     
  0.65625578586518696       -22.010805109970605     
  0.66202467286378763       -21.871886070473710     
  0.66784427188340101       -21.731038150977138     
  0.67371502871349709       -21.588437849270541     
  0.67963739306230542       -21.444252700346336     
  0.68561181859126430       -21.298641641567443     
  0.69163876294977178       -21.151755383089647     
  0.69771868781024204       -21.003736779965493     
  0.70385205890347013       -20.854721202622724     
  0.71003934605430774       -20.704836902700688     
  0.71628102321765252       -20.554205371536973     
  0.72257756851475341       -20.402941688918936     
  0.72892946426983563       -20.251154860045439     
  0.73533719704704736       -20.098948138977924     
  0.74180125768773120       -19.946419337191777     
  0.74832214134802300       -19.793661116164333     
  0.75490034753678259       -19.640761263250024     
  0.76153638015385527       -19.487802950392798     
  0.76823074752867249       -19.334864975506374     
  0.77498396245919021       -19.182021986612472     
  0.78179654225116990       -19.029344689062174     
  0.78866900875780444       -18.876900036374561     
  0.79560188841969426       -18.724751405408572     
  0.80259571230517124       -18.572958756737243     
  0.80965101615098156       -18.421578781218024     
  0.81676834040332236       -18.270665033849358     
  0.82394823025924091       -18.120268056071847     
  0.83119123570839826       -17.970435487714521     
  0.83849791157519815       -17.821212169803214     
  0.84586881756128818       -17.672640239441801     
  0.85330451828843357       -17.524759217949303     
  0.86080558334176704       -17.377606093389666     
  0.86837258731342160       -17.231215398568409     
  0.87600610984654370       -17.085619285494143     
  0.88370673567969504       -16.940847597215836     
  0.89147505469164445       -16.796927937851148     
  0.89931166194655388       -16.653885741519833     
  0.90721715773956046       -16.511744340791644     
  0.91519214764276002       -16.370525035152369     
  0.92323724255159545       -16.230247159887146     
  0.93135305873165097       -16.090928155678590     
  0.93954021786586051       -15.952583639120119     
  0.94779934710212776       -15.815227474254424     
  0.95613107910136830       -15.678871845163027     
  0.96453605208597060       -15.543527329557858     
  0.97301490988868633       -15.409202973259179     
  0.98156830200194778       -15.275906365387211     
  0.99019688362762015       -15.143643714047228     
  0.99890131572719121       -15.012419922250114     
   1.0076822650724020       -14.882238663781809     
   1.0165404042963218       -14.753102458715839     
   1.0254764119448729       -14.625012748252225     
   1.0344909725288092       -14.497969968563506     
   1.0435847765761492       -14.371973623333080     
   1.0527585206850727       -14.247022354682160     
   1.0620129075772804       -14.123114012198604     
   1.0713486461518233       -14.000245719802358     
   1.0807664515394062       -13.878413940207993     
   1.0902670451571670       -13.757614536773545     
   1.0998511547639385       -13.637842832555801     
   1.1095195145159957       -13.519093666424711     
   1.1192728650232933       -13.401361446122632     
   1.1291119534061966       -13.284640198187352     
   1.1390375333527143       -13.168923614690225     
   1.1490503651762289       -13.054205096772110     
   1.1591512158737405       -12.940477794989329     
   1.1693408591846186       -12.827734646509430     
   1.1796200756498711       -12.715968409221519     
   1.1899896526719362       -12.605171692848435     
   1.2004503845749972       -12.495336987167542     
   1.2110030726658303       -12.386456687463598     
   1.2216485252951843       -12.278523117350783     
   1.2323875579197023       -12.171528549111740     
   1.2432209931643872       -12.065465221709331     
   1.2541496608856144       -11.960325356631994     
   1.2651743982347015       -11.856101171736189     
   1.2762960497220346       -11.752784893249666     
   1.2875154672817595       -11.650368766097563     
   1.2988335103370399       -11.548845062709466     
   1.3102510458658911       -11.448206090460452     
   1.3217689484675934       -11.348444197892356     
   1.3333881004296839       -11.249551779853917     
   1.3451093917955443       -11.151521281689753     
   1.3569337204325782       -11.054345202599166     
   1.3688619921009890       -10.958016098276129     
   1.3808951205231621       -10.862526582932244     
   1.3930340274536583       -10.767869330794754     
   1.4052796427498206       -10.674037077162277     
   1.4176329044430029       -10.581022619091746     
   1.4300947588104245       -10.488818815781316     
   1.4426661604476561       -10.397418588705758     
   1.4553480723417438       -10.306814921553210     
   1.4681414659449743       -10.217000860005117     
   1.4810473212492907       -10.127969511394772     
   1.4940666268613596       -10.039714044274108     
   1.5072003800783016       -9.9522276879132399     
   1.5204495869640842       -9.8655037317528027     
   1.5338152624265886       -9.7795355248251532     
   1.5472984302953525       -9.6943164751571498     
   1.5609001233999977       -9.6098400491643687     
   1.5746213836493455       -9.5260997710442226     
   1.5884632621112280       -9.4430892221734339     
   1.6024268190930036       -9.3608020405137609     
   1.6165131242227744       -9.2792319200285007     
   1.6307232565313248       -9.1983726101113685     
   1.6450583045347749       -9.1182179150285094     
   1.6595193663179622       -9.0387616933738411     
   1.6741075496185578       -8.9599978575375285     
   1.6888239719119189       -8.8819203731870555     
   1.7036697604966908       -8.8045232587602271     
   1.7186460525811578       -8.7278005849692679     
   1.7337539953703562       -8.6517464743152654     
   1.7489947461539517       -8.5763551006120124     
   1.7643694723948888       -8.5016206885185550     
   1.7798793518188210       -8.4275375130796313     
   1.7955255725043244       -8.3540998992733613     
   1.8113093329739092       -8.2813022215655678     
   1.8272318422858254       -8.2091389034701905     
   1.8432943201266794       -8.1376044171153339     
   1.8594979969048644       -8.0666932828145814     
   1.8758441138448103       -7.9964000686431618     
   1.8923339230820637       -7.9267193900187785     
   1.9089686877592040       -7.8576459092867728     
   1.9257496821226001       -7.7891743353095046     
   1.9426781916200213       -7.7212994230597154     
   1.9597555129991031       -7.6540159732177786     
   1.9769829544066813       -7.5873188317727065     
   1.9943618354889954       -7.5212028896268315     
