   4.0351624297894465E-006   33.291523549802889     
   4.0706339586960673E-006   33.291523549767732     
   4.1064173038888636E-006   33.291523550181125     
   4.1425152064224035E-006   33.291523550577182     
   4.1789304314467894E-006   33.291523550489870     
   4.2156657684194715E-006   33.291523551315947     
   4.2527240313189270E-006   33.291523550261047     
   4.2901080588602128E-006   33.291523550118825     
   4.3278207147124155E-006   33.291523550423335     
   4.3658648877180122E-006   33.291523550708547     
   4.4042434921141596E-006   33.291523550508458     
   4.4429594677559338E-006   33.291523549822756     
   4.4820157803415140E-006   33.291523550513659     
   4.5214154216393764E-006   33.291523550718210     
   4.5611614097174544E-006   33.291523549970435     
   4.6012567891743356E-006   33.291523549666863     
   4.6417046313724746E-006   33.291523549807124     
   4.6825080346734706E-006   33.291523550390906     
   4.7236701246754019E-006   33.291523550020770     
   4.7651940544522524E-006   33.291523550093274     
   4.8070830047954434E-006   33.291523549676754     
   4.8493401844574846E-006   33.291523550167767     
   4.8919688303977655E-006   33.291523550168904     
   4.9349722080305213E-006   33.291523550611004     
   4.9783536114749568E-006   33.291523550096741     
   5.0221163638075882E-006   33.291523549556928     
   5.0662638173167916E-006   33.291523550853782     
   5.1107993537595945E-006   33.291523550727220     
   5.1557263846207248E-006   33.291523550573771     
   5.2010483513739307E-006   33.291523550858585     
   5.2467687257456061E-006   33.291523549718534     
   5.2928910099807300E-006   33.291523550878509     
   5.3394187371111389E-006   33.291523550146906     
   5.3863554712261711E-006   33.291523550782955     
   5.4337048077456680E-006   33.291523550457811     
   5.4814703736954021E-006   33.291523550567888     
   5.5296558279849008E-006   33.291523550647071     
   5.5782648616877314E-006   33.291523550229044     
   5.6273011983242389E-006   33.291523551175970     
   5.6767685941467754E-006   33.291523550693313     
   5.7266708384274298E-006   33.291523550643092     
   5.7770117537482982E-006   33.291523550559134     
   5.8277951962942934E-006   33.291523550906419     
   5.8790250561485368E-006   33.291523550753084     
   5.9307052575903410E-006   33.291523550564136     
   5.9828397593958215E-006   33.291523550338979     
   6.0354325551411372E-006   33.291523551008254     
   6.0884876735084094E-006   33.291523550708717     
   6.1420091785943222E-006   33.291523550370982     
   6.1960011702214367E-006   33.291523549994366     
   6.2504677842522461E-006   33.291523550509595     
   6.3054131929059875E-006   33.291523550053199     
   6.3608416050782398E-006   33.291523550021537     
   6.4167572666633275E-006   33.291523549948238     
   6.4731644608795696E-006   33.291523550298137     
   6.5300675085973740E-006   33.291523550604893     
   6.5874707686702249E-006   33.291523550402076     
   6.6453786382685736E-006   33.291523550154551     
   6.7037955532166756E-006   33.291523550327241     
   6.7627259883323710E-006   33.291523550919266     
   6.8221744577698721E-006   33.291523550067211     
   6.8821455153655436E-006   33.291523551029826     
   6.9426437549867412E-006   33.291523551012375     
   7.0036738108837070E-006   33.291523550945300     
   7.0652403580445529E-006   33.291523550362001     
   7.1273481125533780E-006   33.291523550192977     
   7.1900018319515290E-006   33.291523549971600     
   7.2532063156020257E-006   33.291523550861143     
   7.3169664050572065E-006   33.291523550532361     
   7.3812869844295975E-006   33.291523550381243     
   7.4461729807660377E-006   33.291523550639681     
   7.5116293644251025E-006   33.291523550375359     
   7.5776611494578381E-006   33.291523550518576     
   7.6442733939918444E-006   33.291523550369845     
   7.7114712006187367E-006   33.291523550160889     
   7.7792597167850108E-006   33.291523550356345     
   7.8476441351863411E-006   33.291523550489501     
   7.9166296941653545E-006   33.291523550559191     
   7.9862216781128874E-006   33.291523550331505     
   8.0564254178727877E-006   33.291523550736628     
   8.1272462911502537E-006   33.291523550143580     
   8.1986897229237806E-006   33.291523550180955     
   8.2707611858607216E-006   33.291523550381953     
   8.3434662007364977E-006   33.291523550046861     
   8.4168103368575013E-006   33.291523550338553     
   8.4907992124877108E-006   33.291523550790060     
   8.5654384952790581E-006   33.291523550468867     
   8.6407339027055772E-006   33.291523550537761     
   8.7166912025013689E-006   33.291523550296915     
   8.7933162131024287E-006   33.291523550210627     
   8.8706148040923335E-006   33.291523550510419     
   8.9485928966518637E-006   33.291523550496265     
   9.0272564640125789E-006   33.291523550399660     
   9.1066115319143701E-006   33.291523550219097     
   9.1866641790670455E-006   33.291523550651618     
   9.2674205376159622E-006   33.291523550298734     
   9.3488867936117613E-006   33.291523550555866     
   9.4310691874842262E-006   33.291523550723014     
   9.5139740145203059E-006   33.291523551031361     
   9.5976076253463546E-006   33.291523550547964     
   9.6819764264145774E-006   33.291523550202498     
   9.7670868804937981E-006   33.291523550226231     
   9.8529455071644940E-006   33.291523550384483     
   9.9395588833182215E-006   33.291523550675606     
   1.0026933643661408E-005   33.291523550632121     
   1.0115076481223578E-005   33.291523550019434     
   1.0203994147870055E-005   33.291523550232654     
   1.0293693454819156E-005   33.291523550105808     
   1.0384181273163946E-005   33.291523550568314     
   1.0475464534398573E-005   33.291523550221314     
   1.0567550230949230E-005   33.291523550692546     
   1.0660445416709780E-005   33.291523550350291     
   1.0754157207582102E-005   33.291523550123799     
   1.0848692782021169E-005   33.291523550476711     
   1.0944059381584941E-005   33.291523550475574     
   1.1040264311489072E-005   33.291523550351030     
   1.1137314941166488E-005   33.291523550100976     
   1.1235218704831916E-005   33.291523550188799     
   1.1333983102051348E-005   33.291523550146621     
   1.1433615698316511E-005   33.291523550670661     
   1.1534124125624403E-005   33.291523550128659     
   1.1635516083061910E-005   33.291523550148185     
   1.1737799337395570E-005   33.291523550493906     
   1.1840981723666515E-005   33.291523550232057     
   1.1945071145790651E-005   33.291523550524289     
   1.2050075577164101E-005   33.291523550436693     
   1.2156003061273992E-005   33.291523550432402     
   1.2262861712314577E-005   33.291523550508742     
   1.2370659715808814E-005   33.291523550663044     
   1.2479405329235379E-005   33.291523550426888     
   1.2589106882661200E-005   33.291523550495981     
   1.2699772779379553E-005   33.291523550401848     
   1.2811411496553767E-005   33.291523550374393     
   1.2924031585866586E-005   33.291523550410716     
   1.3037641674175241E-005   33.291523550507861     
   1.3152250464172279E-005   33.291523550429929     
   1.3267866735052196E-005   33.291523550406652     
   1.3384499343183948E-005   33.291523550202015     
   1.3502157222789348E-005   33.291523550744216     
   1.3620849386627446E-005   33.291523550400171     
   1.3740584926684923E-005   33.291523550330709     
   1.3861373014872545E-005   33.291523550299587     
   1.3983222903727741E-005   33.291523550303395     
   1.4106143927123366E-005   33.291523550571469     
   1.4230145500982693E-005   33.291523550401791     
   1.4355237124000669E-005   33.291523550489188     
   1.4481428378371552E-005   33.291523550247888     
   1.4608728930522899E-005   33.291523550489103     
   1.4737148531856041E-005   33.291523550277674     
   1.4866697019493048E-005   33.291523550191812     
   1.4997384317030272E-005   33.291523550343953     
   1.5129220435298502E-005   33.291523550380845     
   1.5262215473129814E-005   33.291523550414837     
   1.5396379618131146E-005   33.291523550441667     
   1.5531723147464694E-005   33.291523550457214     
   1.5668256428635155E-005   33.291523550457157     
   1.5805989920283886E-005   33.291523550553450     
   1.5944934172990057E-005   33.291523550392469     
   1.6085099830078834E-005   33.291523550435215     
   1.6226497628436681E-005   33.291523550444367     
   1.6369138399333811E-005   33.291523550531537     
   1.6513033069253888E-005   33.291523550342760     
   1.6658192660730999E-005   33.291523550338752     
   1.6804628293194005E-005   33.291523550398182     
   1.6952351183818299E-005   33.291523550399546     
   1.7101372648385061E-005   33.291523550337786     
   1.7251704102148064E-005   33.291523550207643     
   1.7403357060708084E-005   33.291523550469435     
   1.7556343140895038E-005   33.291523550535658     
   1.7710674061657827E-005   33.291523550284410     
   1.7866361644962029E-005   33.291523550175810     
   1.8023417816695487E-005   33.291523550320449     
   1.8181854607581839E-005   33.291523550479781     
   1.8341684154102094E-005   33.291523550415036     
   1.8502918699424298E-005   33.291523550353020     
   1.8665570594341383E-005   33.291523550287621     
   1.8829652298217254E-005   33.291523550445447     
   1.8995176379941191E-005   33.291523550238139     
   1.9162155518890653E-005   33.291523550474039     
   1.9330602505902510E-005   33.291523550331760     
   1.9500530244252883E-005   33.291523550386671     
   1.9671951750645514E-005   33.291523550515620     
   1.9844880156208880E-005   33.291523550129483     
   2.0019328707502047E-005   33.291523550269147     
   2.0195310767529395E-005   33.291523550228789     
   2.0372839816764217E-005   33.291523550350433     
   2.0551929454181372E-005   33.291523550393833     
   2.0732593398298947E-005   33.291523550351428     
   2.0914845488229152E-005   33.291523550215516     
   2.1098699684738398E-005   33.291523550094752     
   2.1284170071316708E-005   33.291523550330396     
   2.1471270855256533E-005   33.291523550215857     
   2.1660016368741072E-005   33.291523550208552     
   2.1850421069942100E-005   33.291523550300070     
   2.2042499544127519E-005   33.291523550365525     
   2.2236266504778591E-005   33.291523550396192     
   2.2431736794717014E-005   33.291523550150458     
   2.2628925387241909E-005   33.291523550434107     
   2.2827847387276789E-005   33.291523550190362     
   2.3028518032526618E-005   33.291523550108394     
   2.3230952694645046E-005   33.291523550295125     
   2.3435166880411899E-005   33.291523550275230     
   2.3641176232921010E-005   33.291523550271734     
   2.3848996532778513E-005   33.291523550274661     
   2.4058643699311660E-005   33.291523550390252     
   2.4270133791788246E-005   33.291523550375331     
   2.4483483010646801E-005   33.291523550335796     
   2.4698707698737546E-005   33.291523550260905     
   2.4915824342574275E-005   33.291523550256187     
   2.5134849573597260E-005   33.291523550310558     
   2.5355800169447239E-005   33.291523550296290     
   2.5578693055250591E-005   33.291523550201958     
   2.5803545304915856E-005   33.291523550132155     
   2.6030374142441583E-005   33.291523550307943     
   2.6259196943235737E-005   33.291523550367884     
   2.6490031235446682E-005   33.291523550299672     
   2.6722894701305840E-005   33.291523550323660     
   2.6957805178482200E-005   33.291523550310586     
   2.7194780661448687E-005   33.291523550131046     
   2.7433839302860582E-005   33.291523550237542     
   2.7674999414946031E-005   33.291523550150970     
   2.7918279470908779E-005   33.291523550206790     
   2.8163698106343273E-005   33.291523550158303     
   2.8411274120662140E-005   33.291523550224213     
   2.8661026478536268E-005   33.291523550215373     
   2.8912974311347514E-005   33.291523550175384     
   2.9167136918654220E-005   33.291523550205653     
   2.9423533769669556E-005   33.291523550174645     
   2.9682184504752908E-005   33.291523550183229     
   2.9943108936914351E-005   33.291523550215715     
   3.0206327053332352E-005   33.291523550139630     
   3.0471859016884812E-005   33.291523550113254     
   3.0739725167693592E-005   33.291523550236491     
   3.1009946024682569E-005   33.291523550201362     
   3.1282542287149426E-005   33.291523550165323     
   3.1557534836351249E-005   33.291523550052659     
   3.1834944737104045E-005   33.291523550194825     
   3.2114793239396380E-005   33.291523550108053     
   3.2397101780017094E-005   33.291523550064937     
   3.2681891984197449E-005   33.291523550046719     
   3.2969185667267601E-005   33.291523550092535     
   3.3259004836327730E-005   33.291523550066557     
   3.3551371691933787E-005   33.291523550123571     
   3.3846308629798104E-005   33.291523550127067     
   3.4143838242504896E-005   33.291523549998459     
   3.4443983321240977E-005   33.291523550124225     
   3.4746766857541473E-005   33.291523550134002     
   3.5052212045051110E-005   33.291523549947925     
   3.5360342281300837E-005   33.291523550009799     
   3.5671181169500095E-005   33.291523550122633     
   3.5984752520344893E-005   33.291523550088982     
   3.6301080353841694E-005   33.291523549944003     
   3.6620188901147449E-005   33.291523549955144     
   3.6942102606425661E-005   33.291523550156626     
   3.7266846128718907E-005   33.291523549942013     
   3.7594444343837698E-005   33.291523550043138     
   3.7924922346266066E-005   33.291523549910920     
   3.8258305451083757E-005   33.291523549927120     
   3.8594619195905490E-005   33.291523549890883     
   3.8933889342837100E-005   33.291523549950341     
   3.9276141880449001E-005   33.291523549845436     
   3.9621403025766906E-005   33.291523549897818     
   3.9969699226280124E-005   33.291523549963159     
   4.0321057161967463E-005   33.291523549838246     
   4.0675503747340953E-005   33.291523549901427     
   4.1033066133507509E-005   33.291523549832050     
   4.1393771710248806E-005   33.291523549949375     
   4.1757648108119303E-005   33.291523549815281     
   4.2124723200562836E-005   33.291523549864280     
   4.2495025106047753E-005   33.291523549831822     
   4.2868582190220800E-005   33.291523549860216     
   4.3245423068079982E-005   33.291523549800218     
   4.3625576606166551E-005   33.291523549793055     
   4.4009071924776165E-005   33.291523549804708     
   4.4395938400189569E-005   33.291523549684143     
   4.4786205666922886E-005   33.291523549745364     
   4.5179903619997610E-005   33.291523549719699     
   4.5577062417230632E-005   33.291523549628863     
   4.5977712481544409E-005   33.291523549726804     
   4.6381884503297321E-005   33.291523549684655     
   4.6789609442634673E-005   33.291523549638669     
   4.7200918531860234E-005   33.291523549666039     
   4.7615843277828714E-005   33.291523549610588     
   4.8034415464359199E-005   33.291523549548174     
   4.8456667154669859E-005   33.291523549554029     
   4.8882630693834022E-005   33.291523549586117     
   4.9312338711257865E-005   33.291523549485390     
   4.9745824123179861E-005   33.291523549557581     
   5.0183120135192230E-005   33.291523549525664     
   5.0624260244784492E-005   33.291523549519212     
   5.1069278243909468E-005   33.291523549434288     
   5.1518208221571757E-005   33.291523549457025     
   5.1971084566439037E-005   33.291523549423601     
   5.2427941969476234E-005   33.291523549460408     
   5.2888815426602948E-005   33.291523549460067     
   5.3353740241374181E-005   33.291523549372585     
   5.3822752027684599E-005   33.291523549263530     
   5.4295886712496663E-005   33.291523549313922     
   5.4773180538592640E-005   33.291523549296500     
   5.5254670067350872E-005   33.291523549273990     
   5.5740392181546432E-005   33.291523549250144     
   5.6230384088176393E-005   33.291523549169341     
   5.6724683321309917E-005   33.291523549207909     
   5.7223327744963456E-005   33.291523549162804     
   5.7726355556001141E-005   33.291523549179260     
   5.8233805287060765E-005   33.291523549139583     
   5.8745715809505407E-005   33.291523549099480     
   5.9262126336401033E-005   33.291523549055512     
   5.9783076425520291E-005   33.291523549003102     
   6.0308605982372652E-005   33.291523548965728     
   6.0838755263261297E-005   33.291523548936539     
   6.1373564878366722E-005   33.291523548936766     
   6.1913075794857629E-005   33.291523548928154     
   6.2457329340028964E-005   33.291523548813075     
   6.3006367204467746E-005   33.291523548783715     
   6.3560231445246535E-005   33.291523548827399     
   6.4118964489145151E-005   33.291523548726360     
   6.4682609135900549E-005   33.291523548698251     
   6.5251208561485372E-005   33.291523548639077     
   6.5824806321415302E-005   33.291523548589225     
   6.6403446354085469E-005   33.291523548587634     
   6.6987172984136171E-005   33.291523548526357     
   6.7576030925848232E-005   33.291523548470821     
   6.8170065286568109E-005   33.291523548484861     
   6.8769321570163352E-005   33.291523548339910     
   6.9373845680508031E-005   33.291523548329820     
   6.9983683924999219E-005   33.291523548310352     
   7.0598883018104116E-005   33.291523548193993     
   7.1219490084938476E-005   33.291523548124417     
   7.1845552664876429E-005   33.291523548127486     
   7.2477118715192100E-005   33.291523548110888     
   7.3114236614733183E-005   33.291523548038953     
   7.3756955167626813E-005   33.291523547990835     
   7.4405323607018071E-005   33.291523547956501     
   7.5059391598841273E-005   33.291523547866177     
   7.5719209245624474E-005   33.291523547793759     
   7.6384827090327398E-005   33.291523547811465     
   7.7056296120213056E-005   33.291523547727678     
   7.7733667770753511E-005   33.291523547581789     
   7.8416993929569822E-005   33.291523547585911     
   7.9106326940406806E-005   33.291523547484672     
   7.9801719607142568E-005   33.291523547457246     
   8.0503225197833388E-005   33.291523547331622     
   8.1210897448794075E-005   33.291523547253917     
   8.1924790568714372E-005   33.291523547222653     
   8.2644959242811244E-005   33.291523547146994     
   8.3371458637018011E-005   33.291523547050360     
   8.4104344402209977E-005   33.291523546895860     
   8.4843672678467494E-005   33.291523546877215     
   8.5589500099376349E-005   33.291523546807554     
   8.6341883796365890E-005   33.291523546701541     
   8.7100881403085449E-005   33.291523546629520     
   8.7866551059819170E-005   33.291523546543317     
   8.8638951417939591E-005   33.291523546450463     
   8.9418141644400463E-005   33.291523546356046     
   9.0204181426268952E-005   33.291523546233549     
   9.0997130975297878E-005   33.291523546170424     
   9.1797051032537858E-005   33.291523546018652     
   9.2604002872990321E-005   33.291523545976929     
   9.3418048310301132E-005   33.291523545833684     
   9.4239249701495649E-005   33.291523545724033     
   9.5067669951755384E-005   33.291523545605685     
   9.5903372519236588E-005   33.291523545491771     
   9.6746421419931285E-005   33.291523545421512     
   9.7596881232570929E-005   33.291523545285941     
   9.8454817103573228E-005   33.291523545176716     
   9.9320294752032519E-005   33.291523545037052     
   1.0019338047475388E-004   33.291523544865214     
   1.0107414115133159E-004   33.291523544801919     
   1.0196264424927217E-004   33.291523544606434     
   1.0285895782916250E-004   33.291523544500393     
   1.0376315054988338E-004   33.291523544323809     
   1.0467529167386889E-004   33.291523544204352     
   1.0559545107241196E-004   33.291523544033538     
   1.0652369923101660E-004   33.291523543903111     
   1.0746010725479729E-004   33.291523543726726     
   1.0840474687392558E-004   33.291523543559947     
   1.0935769044912487E-004   33.291523543425456     
   1.1031901097721321E-004   33.291523543225992     
   1.1128878209669507E-004   33.291523543035169     
   1.1226707809340207E-004   33.291523542864411     
   1.1325397390618345E-004   33.291523542721194     
   1.1424954513264646E-004   33.291523542551033     
   1.1525386803494717E-004   33.291523542338837     
   1.1626701954563241E-004   33.291523542138293     
   1.1728907727353278E-004   33.291523541940592     
   1.1832011950970766E-004   33.291523541732772     
   1.1936022523344242E-004   33.291523541540982     
   1.2040947411829827E-004   33.291523541285301     
   1.2146794653821548E-004   33.291523541084985     
   1.2253572357367003E-004   33.291523540880007     
   1.2361288701788459E-004   33.291523540649422     
   1.2469951938309386E-004   33.291523540382144     
   1.2579570390686530E-004   33.291523540149313     
   1.2690152455847509E-004   33.291523539901164     
   1.2801706604534036E-004   33.291523539626212     
   1.2914241381950791E-004   33.291523539395399     
   1.3027765408419993E-004   33.291523539085290     
   1.3142287380041729E-004   33.291523538829097     
   1.3257816069360093E-004   33.291523538565542     
   1.3374360326035158E-004   33.291523538256911     
   1.3491929077520901E-004   33.291523537961950     
   1.3610531329749030E-004   33.291523537631747     
   1.3730176167818869E-004   33.291523537357222     
   1.3850872756693286E-004   33.291523537019771     
   1.3972630341900730E-004   33.291523536698492     
   1.4095458250243476E-004   33.291523536379174     
   1.4219365890512039E-004   33.291523536026887     
   1.4344362754205935E-004   33.291523535687645     
   1.4470458416260715E-004   33.291523535299376     
   1.4597662535781431E-004   33.291523534924323     
   1.4725984856782542E-004   33.291523534560099     
   1.4855435208934310E-004   33.291523534153725     
   1.4986023508315764E-004   33.291523533761961     
   1.5117759758174302E-004   33.291523533361755     
   1.5250654049691931E-004   33.291523532952112     
   1.5384716562758286E-004   33.291523532510212     
   1.5519957566750419E-004   33.291523532064218     
   1.5656387421319429E-004   33.291523531634652     
   1.5794016577184061E-004   33.291523531147334     
   1.5932855576931209E-004   33.291523530694803     
   1.6072915055823515E-004   33.291523530187078     
   1.6214205742614050E-004   33.291523529686458     
   1.6356738460368125E-004   33.291523529174128     
   1.6500524127292381E-004   33.291523528637555     
   1.6645573757571129E-004   33.291523528128607     
   1.6791898462210038E-004   33.291523527559548     
   1.6939509449887284E-004   33.291523526964767     
   1.7088418027812115E-004   33.291523526428136     
   1.7238635602591029E-004   33.291523525820651     
   1.7390173681101518E-004   33.291523525207822     
   1.7543043871373520E-004   33.291523524572995     
   1.7697257883478608E-004   33.291523523933705     
   1.7852827530426992E-004   33.291523523268552     
   1.8009764729072427E-004   33.291523522604706     
   1.8168081501025043E-004   33.291523521915195     
   1.8327789973572226E-004   33.291523521206955     
   1.8488902380607586E-004   33.291523520446987     
   1.8651431063568098E-004   33.291523519737495     
   1.8815388472379454E-004   33.291523518966045     
   1.8980787166409752E-004   33.291523518198403     
   1.9147639815431580E-004   33.291523517372781     
   1.9315959200592509E-004   33.291523516546903     
   1.9485758215394169E-004   33.291523515694280     
   1.9657049866679901E-004   33.291523514863911     
   1.9829847275631095E-004   33.291523513947254     
   2.0004163678772303E-004   33.291523513027357     
   2.0180012428985158E-004   33.291523512102088     
   2.0357406996531245E-004   33.291523511142117     
   2.0536360970083923E-004   33.291523510163415     
   2.0716888057769250E-004   33.291523509168996     
   2.0899002088216033E-004   33.291523508119354     
   2.1082717011615130E-004   33.291523507048822     
   2.1268046900788050E-004   33.291523505948817     
   2.1455005952264954E-004   33.291523504854922     
   2.1643608487372122E-004   33.291523503715723     
   2.1833868953328992E-004   33.291523502537899     
   2.2025801924354846E-004   33.291523501313634     
   2.2219422102785191E-004   33.291523500107047     
   2.2414744320198003E-004   33.291523498836227     
   2.2611783538549842E-004   33.291523497534484     
   2.2810554851321948E-004   33.291523496204860     
   2.3011073484676428E-004   33.291523494848747     
   2.3213354798622612E-004   33.291523493451081     
   2.3417414288193629E-004   33.291523492001915     
   2.3623267584633374E-004   33.291523490539845     
   2.3830930456593868E-004   33.291523489027952     
   2.4040418811343159E-004   33.291523487477150     
   2.4251748695983846E-004   33.291523485894913     
   2.4464936298682305E-004   33.291523484270641     
   2.4679997949908727E-004   33.291523482596887     
   2.4896950123688060E-004   33.291523480869103     
   2.5115809438861945E-004   33.291523479114574     
   2.5336592660361721E-004   33.291523477311813     
   2.5559316700492663E-004   33.291523475463180     
   2.5783998620229485E-004   33.291523473572539     
   2.6010655630523237E-004   33.291523471623123     
   2.6239305093619675E-004   33.291523469635365     
   2.6469964524389241E-004   33.291523467579395     
   2.6702651591668732E-004   33.291523465483465     
   2.6937384119614757E-004   33.291523463332027     
   2.7174180089069083E-004   33.291523461116014     
   2.7413057638935999E-004   33.291523458847223     
   2.7654035067571783E-004   33.291523456514028     
   2.7897130834186380E-004   33.291523454146727     
   2.8142363560257398E-004   33.291523451700442     
   2.8389752030956553E-004   33.291523449185775     
   2.8639315196588629E-004   33.291523446624751     
   2.8891072174043095E-004   33.291523443977525     
   2.9145042248258506E-004   33.291523441280276     
   2.9401244873699712E-004   33.291523438484631     
   2.9659699675848162E-004   33.291523435631831     
   2.9920426452705181E-004   33.291523432713944     
   3.0183445176308566E-004   33.291523429702607     
   3.0448775994262455E-004   33.291523426643096     
   3.0716439231280661E-004   33.291523423493658     
   3.0986455390743590E-004   33.291523420263388     
   3.1258845156268794E-004   33.291523416931511     
   3.1533629393295414E-004   33.291523413541597     
   3.1810829150682454E-004   33.291523410033648     
   3.2090465662321197E-004   33.291523406454473     
   3.2372560348761694E-004   33.291523402775312     
   3.2657134818853681E-004   33.291523399000397     
   3.2944210871401793E-004   33.291523395129929     
   3.3233810496835389E-004   33.291523391159700     
   3.3525955878893073E-004   33.291523387080161     
   3.3820669396321986E-004   33.291523382912487     
   3.4117973624592045E-004   33.291523378613363     
   3.4417891337625272E-004   33.291523374226955     
   3.4720445509540287E-004   33.291523369709722     
   3.5025659316412162E-004   33.291523365082753     
   3.5333556138047762E-004   33.291523360343490     
   3.5644159559776657E-004   33.291523355472606     
   3.5957493374257771E-004   33.291523350469475     
   3.6273581583301984E-004   33.291523345351692     
   3.6592448399710634E-004   33.291523340088673     
   3.6914118249130323E-004   33.291523334688350     
   3.7238615771923914E-004   33.291523329152938     
   3.7565965825058027E-004   33.291523323470528     
   3.7896193484007111E-004   33.291523317636518     
   3.8229324044674283E-004   33.291523311652668     
   3.8565383025328996E-004   33.291523305533588     
   3.8904396168561802E-004   33.291523299233234     
   3.9246389443256270E-004   33.291523292775111     
   3.9591389046578218E-004   33.291523286142052     
   3.9939421405982452E-004   33.291523279348581     
   4.0290513181237195E-004   33.291523272381340     
   4.0644691266466203E-004   33.291523265220405     
   4.1001982792208909E-004   33.291523257881920     
   4.1362415127498692E-004   33.291523250344397     
   4.1726015881959346E-004   33.291523242613437     
   4.2092812907920028E-004   33.291523234684121     
   4.2462834302548787E-004   33.291523226547667     
   4.2836108410004853E-004   33.291523218197597     
   4.3212663823609832E-004   33.291523209628622     
   4.3592529388037987E-004   33.291523200843187     
   4.3975734201525806E-004   33.291523191820943     
   4.4362307618100934E-004   33.291523182569080     
   4.4752279249830754E-004   33.291523173062842     
   4.5145678969090727E-004   33.291523163331732     
   4.5542536910852610E-004   33.291523153342013     
   4.5942883474992896E-004   33.291523143079417     
   4.6346749328621430E-004   33.291523132555028     
   4.6754165408430611E-004   33.291523121757109     
   4.7165162923065138E-004   33.291523110678781     
   4.7579773355512655E-004   33.291523099309671     
   4.7998028465515402E-004   33.291523087642133     
   4.8419960292003035E-004   33.291523075665964     
   4.8845601155546878E-004   33.291523063392930     
   4.9274983660835671E-004   33.291523050782729     
   4.9708140699173244E-004   33.291523037850510     
   5.0145105450997887E-004   33.291523024586070     
   5.0585911388424166E-004   33.291523010962720     
   5.1030592277806822E-004   33.291522996991006     
   5.1479182182327383E-004   33.291522982651685     
   5.1931715464603441E-004   33.291522967941489     
   5.2388226789320841E-004   33.291522952838932     
   5.2848751125889114E-004   33.291522937353989     
   5.3313323751120112E-004   33.291522921457215     
   5.3781980251930311E-004   33.291522905151055     
   5.4254756528066786E-004   33.291522888399356     
   5.4731688794857193E-004   33.291522871234463     
   5.5212813585983947E-004   33.291522853596064     
   5.5698167756282682E-004   33.291522835511159     
   5.6187788484565466E-004   33.291522816950561     
   5.6681713276468656E-004   33.291522797899859     
   5.7179979967325991E-004   33.291522778357887     
   5.7682626725066757E-004   33.291522758302079     
   5.8189692053139507E-004   33.291522737719561     
   5.8701214793461522E-004   33.291522716590521     
   5.9217234129394088E-004   33.291522694923060     
   5.9737789588744101E-004   33.291522672681822     
   6.0262921046791830E-004   33.291522649855636     
   6.0792668729345528E-004   33.291522626429639     
   6.1327073215822702E-004   33.291522602394537     
   6.1866175442358594E-004   33.291522577726170     
   6.2410016704941970E-004   33.291522552412800     
   6.2958638662578403E-004   33.291522526438143     
   6.3512083340481410E-004   33.291522499783241     
   6.4070393133291699E-004   33.291522472420297     
   6.4633610808324598E-004   33.291522444343428     
   6.5201779508846129E-004   33.291522415537258     
   6.5774942757377826E-004   33.291522385971064     
   6.6353144459030595E-004   33.291522355625318     
   6.6936428904868016E-004   33.291522324489677     
   6.7524840775298940E-004   33.291522292531170     
   6.8118425143500188E-004   33.291522259739111     
   6.8717227478869180E-004   33.291522226082634     
   6.9321293650506980E-004   33.291522191540906     
   6.9930669930731867E-004   33.291522156096875     
   7.0545402998623940E-004   33.291522119720099     
   7.1165539943600776E-004   33.291522082393044     
   7.1791128269024502E-004   33.291522044075890     
   7.2422215895840672E-004   33.291522004761703     
   7.3058851166249081E-004   33.291521964408219     
   7.3701082847406785E-004   33.291521923000545     
   7.4348960135163825E-004   33.291521880497186     
   7.5002532657831580E-004   33.291521836878076     
   7.5661850479984496E-004   33.291521792119596     
   7.6326964106295002E-004   33.291521746177153     
   7.6997924485402308E-004   33.291521699032870     
   7.7674783013815076E-004   33.291521650648576     
   7.8357591539848510E-004   33.291521600988347     
   7.9046402367596023E-004   33.291521550022281     
   7.9741268260935744E-004   33.291521497715877     
   8.0442242447572383E-004   33.291521444030195     
   8.1149378623114490E-004   33.291521388940396     
   8.1862730955187604E-004   33.291521332402880     
   8.2582354087583636E-004   33.291521274366431     
   8.3308303144446604E-004   33.291521214812008     
   8.4040633734495235E-004   33.291521153690894     
   8.4779401955282672E-004   33.291521090953722     
   8.5524664397493635E-004   33.291521026571957     
   8.6276478149279346E-004   33.291520960497536     
   8.7034900800630544E-004   33.291520892680808     
   8.7799990447788947E-004   33.291520823081100     
   8.8571805697697551E-004   33.291520751633186     
   8.9350405672489999E-004   33.291520678319699     
   9.0135850014019358E-004   33.291520603072058     
   9.0928198888426881E-004   33.291520525839132     
   9.1727512990750647E-004   33.291520446573344     
   9.2533853549575109E-004   33.291520365222880     
   9.3347282331721060E-004   33.291520281726747     
   9.4167861646977252E-004   33.291520196026653     
   9.4995654352873294E-004   33.291520108076725     
   9.5830723859494646E-004   33.291520017802299     
   9.6673134134339970E-004   33.291519925146019     
   9.7522949707221096E-004   33.291519830055165     
   9.8380235675206060E-004   33.291519732456948     
   9.9245057707605727E-004   33.291519632282245     
   1.0011748205100402E-003   33.291519529465631     
   1.0099757553433267E-003   33.291519423940201     
   1.0188540557399025E-003   33.291519315633820     
   1.0278104017900640E-003   33.291519204467079     
   1.0368454795625158E-003   33.291519090369547     
   1.0459599811569213E-003   33.291518973263095     
   1.0551546047569214E-003   33.291518853070414     
   1.0644300546836154E-003   33.291518729700215     
   1.0737870414495128E-003   33.291518603078941     
   1.0832262818129593E-003   33.291518473117605     
   1.0927484988330421E-003   33.291518339728981     
   1.1023544219249770E-003   33.291518202815752     
   1.1120447869159826E-003   33.291518062291317     
   1.1218203361016460E-003   33.291517918056542     
   1.1316818183027828E-003   33.291517770018856     
   1.1416299889227988E-003   33.291517618063040     
   1.1516656100055550E-003   33.291517462104736     
   1.1617894502937401E-003   33.291517302028382     
   1.1720022852877584E-003   33.291517137723730     
   1.1823048973051335E-003   33.291516969076753     
   1.1926980755404362E-003   33.291516795980016     
   1.2031826161257358E-003   33.291516618314489     
   1.2137593221915868E-003   33.291516435950541     
   1.2244290039285489E-003   33.291516248772950     
   1.2351924786492487E-003   33.291516056650948     
   1.2460505708509876E-003   33.291515859449930     
   1.2570041122788994E-003   33.291515657041458     
   1.2680539419896626E-003   33.291515449285612     
   1.2792009064157733E-003   33.291515236034968     
   1.2904458594303835E-003   33.291515017158673     
   1.3017896624127089E-003   33.291514792489750     
   1.3132331843140124E-003   33.291514561885265     
   1.3247773017241657E-003   33.291514325185773     
   1.3364228989387976E-003   33.291514082231743     
   1.3481708680270336E-003   33.291513832850143     
   1.3600221088998282E-003   33.291513576880902     
   1.3719775293788994E-003   33.291513314143657     
   1.3840380452662703E-003   33.291513044458156     
   1.3962045804144197E-003   33.291512767639745     
   1.4084780667970513E-003   33.291512483501407     
   1.4208594445804829E-003   33.291512191850416     
   1.4333496621956659E-003   33.291511892486710     
   1.4459496764108364E-003   33.291511585204432     
   1.4586604524048036E-003   33.291511269793347     
   1.4714829638408852E-003   33.291510946042166     
   1.4844181929414906E-003   33.291510613721215     
   1.4974671305633611E-003   33.291510272612783     
   1.5106307762734706E-003   33.291509922478554     
   1.5239101384255938E-003   33.291509563078648     
   1.5373062342375475E-003   33.291509194167986     
   1.5508200898691116E-003   33.291508815498446     
   1.5644527405006331E-003   33.291508426805478     
   1.5782052304123230E-003   33.291508027824449     
   1.5920786130642507E-003   33.291507618284356     
   1.6060739511770384E-003   33.291507197903258     
   1.6201923168132689E-003   33.291506766394519     
   1.6344347914596055E-003   33.291506323463494     
   1.6488024661096374E-003   33.291505868806013     
   1.6632964413474489E-003   33.291505402113614     
   1.6779178274319278E-003   33.291504923062519     
   1.6926677443818115E-003   33.291504431323830     
   1.7075473220614830E-003   33.291503926569874     
   1.7225577002675193E-003   33.291503408447767     
   1.7377000288160008E-003   33.291502876601641     
   1.7529754676305913E-003   33.291502330670880     
   1.7683851868313869E-003   33.291501770277222     
   1.7839303668245507E-003   33.291501195046351     
   1.7996121983927331E-003   33.291500604576783     
   1.8154318827862874E-003   33.291499998463763     
   1.8313906318152859E-003   33.291499376293046     
   1.8474896679423498E-003   33.291498737640552     
   1.8637302243762874E-003   33.291498082067079     
   1.8801135451665624E-003   33.291497409120240     
   1.8966408852985890E-003   33.291496718345059     
   1.9133135107898653E-003   33.291496009266552     
   1.9301326987869523E-003   33.291495281393878     
   1.9470997376633051E-003   33.291494534232839     
   1.9642159271179641E-003   33.291493767268236     
   1.9814825782751132E-003   33.291492979975146     
   1.9989010137845160E-003   33.291492171815861     
   2.0164725679228286E-003   33.291491342232035     
   2.0341985866958114E-003   33.291490490658418     
   2.0520804279414318E-003   33.291489616510489     
   2.0701194614338790E-003   33.291488719185566     
   2.0883170689884878E-003   33.291487798070648     
   2.1066746445675901E-003   33.291486852531733     
   2.1251935943872938E-003   33.291485881924530     
   2.1438753370252002E-003   33.291484885577432     
   2.1627213035290689E-003   33.291483862809571     
   2.1817329375264389E-003   33.291482812919384     
   2.2009116953352129E-003   33.291481735182515     
   2.2202590460752123E-003   33.291480628863326     
   2.2397764717807128E-003   33.291479493201848     
   2.2594654675139737E-003   33.291478327417906     
   2.2793275414797580E-003   33.291477130707904     
   2.2993642151408664E-003   33.291475902254717     
   2.3195770233346807E-003   33.291474641212517     
   2.3399675143907350E-003   33.291473346709864     
   2.3605372502493228E-003   33.291472017869381     
   2.3812878065811388E-003   33.291470653767789     
   2.4022207729079820E-003   33.291469253473679     
   2.4233377527245140E-003   33.291467816024692     
   2.4446403636210865E-003   33.291466340428656     
   2.4661302374076547E-003   33.291464825676201     
   2.4878090202387743E-003   33.291463270723369     
   2.5096783727396985E-003   33.291461674503864     
   2.5317399701335866E-003   33.291460035918249     
   2.5539955023698257E-003   33.291458353843495     
   2.5764466742534860E-003   33.291456627119544     
   2.5990952055759088E-003   33.291454854560470     
   2.6219428312464466E-003   33.291453034946528     
   2.6449913014253575E-003   33.291451167030118     
   2.6682423816578736E-003   33.291449249522515     
   2.6916978530094416E-003   33.291447281107679     
   2.7153595122021536E-003   33.291445260430635     
   2.7392291717523820E-003   33.291443186103123     
   2.7633086601096188E-003   33.291441056694566     
   2.7875998217965371E-003   33.291438870742610     
   2.8121045175502853E-003   33.291436626743490     
   2.8368246244650222E-003   33.291434323151208     
   2.8617620361357033E-003   33.291431958384464     
   2.8869186628031340E-003   33.291429530812593     
   2.9122964315002990E-003   33.291427038763771     
   2.9378972861999701E-003   33.291424480526587     
   2.9637231879636227E-003   33.291421854337386     
   2.9897761150916545E-003   33.291419158388862     
   3.0160580632749229E-003   33.291416390826100     
   3.0425710457476223E-003   33.291413549742060     
   3.0693170934414978E-003   33.291410633182011     
   3.0962982551414192E-003   33.291407639136764     
   3.1235165976423182E-003   33.291404565543104     
   3.1509742059075102E-003   33.291401410287762     
   3.1786731832284046E-003   33.291398171194260     
   3.2066156513856211E-003   33.291394846033995     
   3.2348037508115181E-003   33.291391432513109     
   3.2632396407541548E-003   33.291387928282688     
   3.2919254994426940E-003   33.291384330926974     
   3.3208635242542544E-003   33.291380637971002     
   3.3500559318822357E-003   33.291376846862875     
   3.3795049585061171E-003   33.291372954995779     
   3.4092128599627564E-003   33.291368959686679     
   3.4391819119191864E-003   33.291364858181140     
   3.4694144100469340E-003   33.291360647650862     
   3.4999126701978764E-003   33.291356325195693     
   3.5306790285816333E-003   33.291351887835106     
   3.5617158419445263E-003   33.291347332509133     
   3.5930254877501095E-003   33.291342656077205     
   3.6246103643612858E-003   33.291337855315305     
   3.6564728912240243E-003   33.291332926912958     
   3.6886155090526938E-003   33.291327867468254     
   3.7210406800170254E-003   33.291322673497376     
   3.7537508879307191E-003   33.291317341413446     
   3.7867486384417027E-003   33.291311867541225     
   3.8200364592240752E-003   33.291306248101506     
   3.8536169001717230E-003   33.291300479218847     
   3.8874925335936508E-003   33.291294556915403     
   3.9216659544110220E-003   33.291288477102654     
   3.9561397803559318E-003   33.291282235585243     
   3.9909166521719325E-003   33.291275828056456     
   4.0259992338163141E-003   33.291269250093279     
   4.0613902126641725E-003   33.291262497156993     
   4.0970922997142596E-003   33.291255564586237     
   4.1331082297966547E-003   33.291248447594768     
   4.1694407617822570E-003   33.291241141269609     
   4.2060926787941136E-003   33.291233640567697     
   4.2430667884206137E-003   33.291225940309658     
   4.2803659229305561E-003   33.291218035176826     
   4.3179929394901026E-003   33.291209919712969     
   4.3559507203816388E-003   33.291201588311310     
   4.3942421732245662E-003   33.291193035220260     
   4.4328702311980245E-003   33.291184254531061     
   4.4718378532655817E-003   33.291175240178546     
   4.5111480244018915E-003   33.291165985935294     
   4.5508037558213499E-003   33.291156485408067     
   4.5908080852087542E-003   33.291146732035287     
   4.6311640769519978E-003   33.291136719076292     
   4.6718748223768050E-003   33.291126439611645     
   4.7129434399835312E-003   33.291115886538165     
   4.7543730756860452E-003   33.291105052564944     
   4.7961669030527065E-003   33.291093930201214     
   4.8383281235494704E-003   33.291082511762198     
   4.8808599667851237E-003   33.291070789352773     
   4.9237656907586743E-003   33.291058754870477     
   4.9670485821089209E-003   33.291046399996276     
   5.0107119563662147E-003   33.291033716187940     
   5.0547591582064313E-003   33.291020694674074     
   5.0991935617071800E-003   33.291007326452416     
   5.1440185706062612E-003   33.290993602278292     
   5.1892376185623985E-003   33.290979512659590     
   5.2348541694182630E-003   33.290965047851728     
   5.2808717174658033E-003   33.290950197850862     
   5.3272937877139187E-003   33.290934952383992     
   5.3741239361584803E-003   33.290919300905699     
   5.4213657500547189E-003   33.290903232587567     
   5.4690228481920206E-003   33.290886736311478     
   5.5170988811711280E-003   33.290869800665007     
   5.5655975316837815E-003   33.290852413929343     
   5.6145225147948181E-003   33.290834564071304     
   5.6638775782267533E-003   33.290816238738103     
   5.7136665026468582E-003   33.290797425247632     
   5.7638931019567659E-003   33.290778110577520     
   5.8145612235846224E-003   33.290758281357824     
   5.8656747487798059E-003   33.290737923862167     
   5.9172375929102310E-003   33.290717023996507     
   5.9692537057622758E-003   33.290695567290726     
   6.0217270718433396E-003   33.290673538888200     
   6.0746617106870650E-003   33.290650923535793     
   6.1280616771612331E-003   33.290627705573144     
   6.1819310617783774E-003   33.290603868919902     
   6.2362739910091225E-003   33.290579397065926     
   6.2910946275982751E-003   33.290554273065055     
   6.3463971708836971E-003   33.290528479509845     
   6.4021858571179820E-003   33.290501998532818     
   6.4584649597929566E-003   33.290474811790546     
   6.5152387899670367E-003   33.290446900446341     
   6.5725116965954589E-003   33.290418245159458     
   6.6302880668634235E-003   33.290388826076509     
   6.6885723265221447E-003   33.290358622808299     
   6.7473689402278878E-003   33.290327614424911     
   6.8066824118839511E-003   33.290295779434160     
   6.8665172849856834E-003   33.290263095771650     
   6.9268781429685155E-003   33.290229540781155     
   6.9877696095590608E-003   33.290195091203543     
   7.0491963491292981E-003   33.290159723154090     
   7.1111630670538679E-003   33.290123412112763     
   7.1736745100705141E-003   33.290086132903554     
   7.2367354666436883E-003   33.290047859676775     
   7.3003507673313518E-003   33.290008565891810     
   7.3645252851550075E-003   33.289968224297354     
   7.4292639359729738E-003   33.289926806916526     
   7.4945716788569518E-003   33.289884285021429     
   7.5604535164718982E-003   33.289840629116810     
   7.6269144954592260E-003   33.289795808920417     
   7.6939597068234004E-003   33.289749793338046     
   7.7615942863219021E-003   33.289702550445583     
   7.8298234148586436E-003   33.289654047464779     
   7.8986523188808253E-003   33.289604250740069     
   7.9680862707792992E-003   33.289553125717617     
   8.0381305892924318E-003   33.289500636917552     
   8.1087906399135313E-003   33.289446747913047     
   8.1800718353018508E-003   33.289391421300991     
   8.2519796356972097E-003   33.289334618679845     
   8.3245195493382457E-003   33.289276300619719     
   8.3976971328843641E-003   33.289216426637751     
   8.4715179918413847E-003   33.289154955165429     
   8.5459877809909227E-003   33.289091843524574     
   8.6211122048235628E-003   33.289027047895758     
   8.6968970179758243E-003   33.288960523285823     
   8.7733480256709812E-003   33.288892223499943     
   8.8504710841637389E-003   33.288822101104415     
   8.9282721011888482E-003   33.288750107400830     
   9.0067570364136280E-003   33.288676192384912     
   9.0859319018945020E-003   33.288600304715260     
   9.1658027625375182E-003   33.288522391677475     
   9.2463757365629264E-003   33.288442399147556     
   9.3276569959738608E-003   33.288360271551028     
   9.4096527670291027E-003   33.288275951829746     
   9.4923693307200352E-003   33.288189381396279     
   9.5758130232517693E-003   33.288100500097158     
   9.6599902365285088E-003   33.288009246169167     
   9.7449074186431763E-003   33.287915556195571     
   9.8305710743713508E-003   33.287819365064308     
   9.9169877656695368E-003   33.287720605920128     
   1.0004164112177825E-002   33.287619210118947     
   1.0092106791726963E-002   33.287515107180269     
   1.0180822540849887E-002   33.287408224736396     
   1.0270318155297749E-002   33.287298488485732     
   1.0360600490560482E-002   33.287185822135029     
   1.0451676462391942E-002   33.287070147352182     
   1.0543553047339659E-002   33.286951383707446     
   1.0636237283279254E-002   33.286829448618960     
   1.0729736269953554E-002   33.286704257295696     
   1.0824057169516434E-002   33.286575722676190     
   1.0919207207081451E-002   33.286443755370215     
   1.1015193671275306E-002   33.286308263594151     
   1.1112023914796151E-002   33.286169153109370     
   1.1209705354976816E-002   33.286026327153763     
   1.1308245474353005E-002   33.285879686377626     
   1.1407651821236446E-002   33.285729128770754     
   1.1507932010293116E-002   33.285574549593349     
   1.1609093723126528E-002   33.285415841302665     
   1.1711144708866163E-002   33.285252893476951     
   1.1814092784761053E-002   33.285085592741694     
   1.1917945836778594E-002   33.284913822684985     
   1.2022711820208630E-002   33.284737463781141     
   1.2128398760272840E-002   33.284556393306218     
   1.2235014752739465E-002   33.284370485249696     
   1.2342567964543477E-002   33.284179610231462     
   1.2451066634412160E-002   33.283983635407111     
   1.2560519073496217E-002   33.283782424377051     
   1.2670933666006421E-002   33.283575837091604     
   1.2782318869855841E-002   33.283363729753859     
   1.2894683217307747E-002   33.283145954717611     
   1.3008035315629182E-002   33.282922360386124     
   1.3122383847750293E-002   33.282692791105916     
   1.3237737572929465E-002   33.282457087057765     
   1.3354105327424278E-002   33.282215084145207     
   1.3471496025168384E-002   33.281966613882219     
   1.3589918658454332E-002   33.281711503272788     
   1.3709382298622378E-002   33.281449574692516     
   1.3829896096755376E-002   33.281180645763726     
   1.3951469284379750E-002   33.280904529229474     
   1.4074111174172656E-002   33.280621032821614     
   1.4197831160675333E-002   33.280329959128665     
   1.4322638721012748E-002   33.280031105455777     
   1.4448543415619552E-002   33.279724263688138     
   1.4575554888972424E-002   33.279409220139485     
   1.4703682870328853E-002   33.279085755410080     
   1.4832937174472410E-002   33.278753644228885     
   1.4963327702464573E-002   33.278412655299462     
   1.5094864442403171E-002   33.278062551138589     
   1.5227557470187473E-002   33.277703087910453     
   1.5361416950290030E-002   33.277334015257139     
   1.5496453136535276E-002   33.276955076125262     
   1.5632676372884995E-002   33.276566006586279     
   1.5770097094230672E-002   33.276166535653402     
   1.5908725827192830E-002   33.275756385093217     
   1.6048573190927385E-002   33.275335269232130     
   1.6189649897939078E-002   33.274902894758128     
   1.6331966754902078E-002   33.274458960516768     
   1.6475534663487786E-002   33.274003157302275     
   1.6620364621199903E-002   33.273535167642081     
   1.6766467722216891E-002   33.273054665577632     
   1.6913855158241755E-002   33.272561316437219     
   1.7062538219359394E-002   33.272054776603682     
   1.7212528294901386E-002   33.271534693276408     
   1.7363836874318469E-002   33.271000704226878     
   1.7516475548060621E-002   33.270452437546851     
   1.7670456008464931E-002   33.269889511390801     
   1.7825790050651220E-002   33.269311533711402     
   1.7982489573425575E-002   33.268718101987389     
   1.8140566580191836E-002   33.268108802946216     
   1.8300033179871028E-002   33.267483212275550     
   1.8460901587828968E-002   33.266840894332347     
   1.8623184126811944E-002   33.266181401838281     
   1.8786893227890684E-002   33.265504275573619     
   1.8952041431412568E-002   33.264809044057387     
   1.9118641387962248E-002   33.264095223221517     
   1.9286705859330705E-002   33.263362316078315     
   1.9456247719492809E-002   33.262609812374365     
   1.9627279955593498E-002   33.261837188241003     
   1.9799815668942587E-002   33.261043905830604     
   1.9973868076018381E-002   33.260229412946956     
   2.0149450509480048E-002   33.259393142663185     
   2.0326576419188922E-002   33.258534512932187     
   2.0505259373238813E-002   33.257652926185102     
   2.0685513058995283E-002   33.256747768919041     
   2.0867351284144187E-002   33.255818411275840     
   2.1050787977749296E-002   33.254864206608346     
   2.1235837191319329E-002   33.253884491035535     
   2.1422513099884296E-002   33.252878582985858     
   2.1610830003081342E-002   33.251845782730555     
   2.1800802326250094E-002   33.250785371900264     
   2.1992444621537686E-002   33.249696612995479     
   2.2185771569013465E-002   33.248578748878288     
   2.2380797977793496E-002   33.247431002253933     
   2.2577538787174983E-002   33.246252575139096     
   2.2776009067780618E-002   33.245042648314211     
   2.2976224022713026E-002   33.243800380764014     
   2.3178198988719336E-002   33.242524909102087     
   2.3381949437366000E-002   33.241215346980539     
   2.3587490976223945E-002   33.239870784485305     
   2.3794839350064115E-002   33.238490287514480     
   2.4004010442063559E-002   33.237072897142241     
   2.4215020275022106E-002   33.235617628964491     
   2.4427885012589728E-002   33.234123472428166     
   2.4642620960504694E-002   33.232589390145705     
   2.4859244567842616E-002   33.231014317186805     
   2.5077772428276475E-002   33.229397160357081     
   2.5298221281347722E-002   33.227736797455208     
   2.5520608013748541E-002   33.226032076511672     
   2.5744949660615395E-002   33.224281815007998     
   2.5971263406833950E-002   33.222484799076909     
   2.6199566588355452E-002   33.220639782680223     
   2.6429876693524694E-002   33.218745486766267     
   2.6662211364419642E-002   33.216800598407872     
   2.6896588398202838E-002   33.214803769915619     
   2.7133025748484703E-002   33.212753617929167     
   2.7371541526698781E-002   33.210648722487235     
   2.7612154003489150E-002   33.208487626070990     
   2.7854881610109915E-002   33.206268832626279     
   2.8099742939837122E-002   33.203990806558949     
   2.8346756749393003E-002   33.201651971705047     
   2.8595941960382766E-002   33.199250710276488     
   2.8847317660744023E-002   33.196785361777700     
   2.9100903106208970E-002   33.194254221897722     
   2.9356717721779356E-002   33.191655541371688     
   2.9614781103214523E-002   33.188987524816241     
   2.9875113018532424E-002   33.186248329534266     
   3.0137733409523904E-002   33.183436064289651     
   3.0402662393280263E-002   33.180548788052590     
   3.0669920263734253E-002   33.177584508712471     
   3.0939527493214623E-002   33.174541181759650     
   3.1211504734014323E-002   33.171416708933236     
   3.1485872819972512E-002   33.168208936837118     
   3.1762652768070443E-002   33.164915655520076     
   3.2041865780041402E-002   33.161534597021785     
   3.2323533243994791E-002   33.158063433883228     
   3.2607676736054497E-002   33.154499777619151     
   3.2894318022011620E-002   33.150841177154462     
   3.3183479058991786E-002   33.147085117221991     
   3.3475181997137136E-002   33.143229016720539     
   3.3769449181302952E-002   33.139270227033450     
   3.4066303152769407E-002   33.135206030306449     
   3.4365766650968223E-002   33.131033637683203     
   3.4667862615224518E-002   33.126750187498516     
   3.4972614186514019E-002   33.122352743428195     
   3.5280044709235688E-002   33.117838292593234     
   3.5590177732999953E-002   33.113203743620630     
   3.5903037014432586E-002   33.108445924656053     
   3.6218646518994549E-002   33.103561581328734     
   3.6537030422817786E-002   33.098547374670460     
   3.6858213114557080E-002   33.093399878981870     
   3.7182219197258351E-002   33.088115579651486     
   3.7509073490243197E-002   33.082690870920970     
   3.7838801031010165E-002   33.077122053598856     
   3.8171427077152598E-002   33.071405332720730     
   3.8506977108293435E-002   33.065536815155014     
   3.8845476828036983E-002   33.059512507152618     
   3.9186952165937837E-002   33.053328311839977     
   3.9531429279487135E-002   33.046980026654182     
   3.9878934556116241E-002   33.040463340719697     
   4.0229494615218082E-002   33.033773832164428     
   4.0583136310186216E-002   33.026906965373826     
   4.0939886730471824E-002   33.019858088184918     
   4.1299773203658845E-002   33.012622429014357     
   4.1662823297557279E-002   33.005195093923760     
   4.2029064822314895E-002   32.997571063617784     
   4.2398525832547579E-002   32.989745190376141     
   4.2771234629488321E-002   32.981712194917321     
   4.3147219763155158E-002   32.973466663192880     
   4.3526510034538099E-002   32.965003043111409     
   4.3909134497805369E-002   32.956315641191026     
   4.4295122462528973E-002   32.947398619138426     
   4.4684503495929874E-002   32.938245990355028     
   4.5077307425142855E-002   32.928851616367382     
   4.5473564339501324E-002   32.919209203180628     
   4.5873304592842216E-002   32.909312297556312     
   4.6276558805831147E-002   32.899154283210038     
   4.6683357868307955E-002   32.888728376929976     
   4.7093732941652942E-002   32.878027624614930     
   4.7507715461173904E-002   32.867044897229988     
   4.7925337138514032E-002   32.855772886678920     
   4.8346629964081171E-002   32.844204101593647     
   4.8771626209498251E-002   32.832330863037328     
   4.9200358430075405E-002   32.820145300122192     
   4.9632859467303683E-002   32.807639345539513     
   5.0069162451370823E-002   32.794804731002415     
   5.0509300803698996E-002   32.781632982598552     
   5.0953308239505023E-002   32.768115416053547     
   5.1401218770382923E-002   32.754243131904190     
   5.1853066706909312E-002   32.740007010578069     
   5.2308886661271606E-002   32.725397707383308     
   5.2768713549919376E-002   32.710405647403718     
   5.3232582596238989E-002   32.695021020300231     
   5.3700529333251784E-002   32.679233775018929     
   5.4172589606335926E-002   32.663033614402792     
   5.4648799575972247E-002   32.646409989710008     
   5.5129195720514154E-002   32.629352095034591     
   5.5613814838981958E-002   32.611848861632126     
   5.6102694053881706E-002   32.593888952148973     
   5.6595870814048807E-002   32.575460754755170     
   5.7093382897516698E-002   32.556552377180651     
   5.7595268414410677E-002   32.537151640655139     
   5.8101565809867181E-002   32.517246073751949     
   5.8612313866978773E-002   32.496822906135804     
   5.9127551709764935E-002   32.475869062215082     
   5.9647318806169053E-002   32.454371154699146     
   6.0171654971081713E-002   32.432315478061270     
   6.0700600369390581E-002   32.409688001908506     
   6.1234195519057066E-002   32.386474364258248     
   6.1772481294220076E-002   32.362659864724549     
   6.2315498928327051E-002   32.338229457613295     
   6.2863290017292461E-002   32.313167744929956     
   6.3415896522684118E-002   32.287458969299735     
   6.3973360774937538E-002   32.261087006802825     
   6.4535725476598457E-002   32.234035359727926     
   6.5103033705593921E-002   32.206287149243934     
   6.5675328918532158E-002   32.177825107994522     
   6.6252654954031320E-002   32.148631572617631     
   6.6835056036077714E-002   32.118688476193114     
   6.7422576777413298E-002   32.087977340621364     
   6.8015262182953118E-002   32.056479268937380     
   6.8613157653232851E-002   32.024174937564027     
   6.9216308987886346E-002   31.991044588508174     
   6.9824762389154138E-002   31.957068021504853     
   7.0438564465422501E-002   31.922224586114595     
   7.1057762234793695E-002   31.886493173778518     
   7.1682403128687719E-002   31.849852209837422     
   7.2312534995475547E-002   31.812279645521073     
   7.2948206104144361E-002   31.773752949913273     
   7.3589465147995123E-002   31.734249101900900     
   7.4236361248372448E-002   31.693744582113254     
   7.4888943958427420E-002   31.652215364860183     
   7.5547263266913411E-002   31.609636910077199     
   7.6211369602015341E-002   31.565984155285605     
   7.6881313835212434E-002   31.521231507578250     
   7.7557147285175196E-002   31.475352835640393     
   7.8238921721696386E-002   31.428321461815500     
   7.8926689369656661E-002   31.380110154227225     
   7.9620502913025179E-002   31.330691118970606     
   8.0320415498895084E-002   31.280035992382409     
   8.1026480741554857E-002   31.228115833405610     
   8.1738752726595060E-002   31.174901116060596     
   8.2457286015051520E-002   31.120361722037927     
   8.3182135647584657E-002   31.064466933426843     
   8.3913357148695744E-002   31.007185425597044     
   8.4651006530980191E-002   30.948485260247793     
   8.5395140299418082E-002   30.888333878644914     
   8.6145815455702643E-002   30.826698095060692     
   8.6903089502606570E-002   30.763544090438046     
   8.7667020448386909E-002   30.698837406298253     
   8.8437666811228513E-002   30.632542938911996     
   8.9215087623726569E-002   30.564624933757585     
   8.9999342437408730E-002   30.495046980287640     
   9.0790491327296663E-002   30.423772007027679     
   9.1588594896508016E-002   30.350762277033056     
   9.2393714280898639E-002   30.275979383727559     
   9.3205911153745699E-002   30.199384247153347     
   9.4025247730471953E-002   30.120937110657110     
   9.4851786773411453E-002   30.040597538044210     
   9.5685591596617353E-002   29.958324411228944     
   9.6526726070711777E-002   29.874075928412680     
   9.7375254627778407E-002   29.787809602823472     
   9.8231242266298091E-002   29.699482262049031     
   9.9094754556127790E-002   29.609050047999148     
   9.9965857643523365E-002   29.516468417533218     
  0.10084461825620640        29.421692143789954     
  0.10173110370847575        29.324675318258443     
  0.10262538190636381        29.225371353630266     
  0.10352752135283821        29.123732987472849     
  0.10443759115304936        29.019712286768424     
  0.10535566101962386        28.913260653360283     
  0.10628180127800467        28.804328830352929     
  0.10721608287183809        28.692866909511537     
  0.10815857736840821        28.578824339708731     
  0.10910935696411898        28.462149936468009     
  0.11006849449002459        28.342791892652727     
  0.11103606341740849        28.220697790354450     
  0.11201213786341127        28.095814614030886     
  0.11299679259670826        27.968088764949243     
  0.11399010304323687        27.837466076989486     
  0.11499214529197427        27.703891833864162     
  0.11600299610076598        27.567310787811849     
  0.11702273290220563        27.427667179823999     
  0.11805143380956637        27.284904761463011     
  0.11908917762278447        27.138966818334566     
  0.12013604383449547        26.989796195273314     
  0.12119211263612355        26.837335323306789     
  0.12225746492402413        26.681526248458880     
  0.12333218230568081        26.522310662457983     
  0.12441634710595650        26.359629935413707     
  0.12551004237339963        26.193425150527247     
  0.12661335188660591        26.023637140901727     
  0.12772636016063574        25.850206528515940     
  0.12884915245348819        25.673073765430090     
  0.12998181477263207        25.492179177287198     
  0.13112443388159395        25.307463009175436     
  0.13227709730660456        25.118865473919143     
  0.13343989334330336        24.926326802859464     
  0.13461291106350215        24.729787299191628     
  0.13579624032200799        24.529187393919571     
  0.13698997176350636        24.324467704491042     
  0.13819419682950448        24.115569096172152     
  0.13940900776533607        23.902432746221294     
  0.14063449762722732        23.685000210917977     
  0.14187076028942519        23.463213495501620     
  0.14311789045138826        23.237015127071629     
  0.14437598364504092        23.006348230498588     
  0.14564513624209119        22.771156607391347     
  0.14692544546141290        22.531384818163303     
  0.14821700937649290        22.286978267235355     
  0.14951992692294358        22.037883291410196     
  0.15083429790608135        21.784047251447262     
  0.15216022300857213        21.525418626862333     
  0.15349780379814348        21.261947113970479     
  0.15484714273536507        20.993583727185623     
  0.15620834318149723        20.720280903582150     
  0.15758150940640853        20.441992610718287     
  0.15896674659656299        20.158674457712479     
  0.16036416086307759        19.870283809557563     
  0.16177385924985044        19.576779904646642     
  0.16319594974176060        19.278123975477513     
  0.16463054127293977        18.974279372492333     
  0.16607774373511683        18.665211690997737     
  0.16753766798603578        18.350888901102010     
  0.16901042585794743        18.031281480592838     
  0.17049613016617607        17.706362550667208     
  0.17199489471776117        17.376108014413163     
  0.17350683432017527        17.040496697930280     
  0.17503206479011837        16.699510493959536     
  0.17657070296238944        16.353134507881762     
  0.17812286669883648        16.001357205926766     
  0.17968867489738471        15.644170565420197     
  0.18126824750114418        15.281570226878983     
  0.18286170550759795        14.913555647749064     
  0.18446917097787024        14.540130257562168     
  0.18609076704607694        14.161301614269547     
  0.18772661792875742        13.777081561493205     
  0.18937684893438997        13.387486386415148     
  0.19104158647299047        12.992536978006072     
  0.19272095806579573        12.592258985275862     
  0.19441509235503157        12.186682975206026     
  0.19612411911376723        11.775844590006301     
  0.19784816925585591        11.359784703314261     
  0.19958737484596331        10.938549574937213     
  0.20134186910968357        10.512191003714790     
  0.20311178644374486        10.080766478057598     
  0.20489726242630418        9.6443393236982473     
  0.20669843382733286        9.2029788481685983     
  0.20851543861909339        8.7567604814965989     
  0.21034841598670823        8.3057659125952341     
  0.21219750633882170        7.8500832207968472     
  0.21406285131835531        7.3898070019652522     
  0.21594459381335793        6.9250384886000660     
  0.21784287796795110        6.4558856633291839     
  0.21975784919337085        5.9824633651679306     
  0.22168965417910627        5.5048933879086093     
  0.22363844090413612        5.0233045699866921     
  0.22560435864826436        4.5378328751601487     
  0.22758755800355504        4.0486214633232294     
  0.22958819088586793        3.5558207507681203     
  0.23160641054649550        3.0595884591992046     
  0.23364237158390225        2.5600896527981689     
  0.23569622995556691        2.0574967626356511     
  0.23776814298992938        1.5519895977232352     
  0.23985826939844196        1.0437553420016457     
  0.24196676928772717       0.53298853656535528     
  0.24409380417184190        1.9891046431752102E-002
  0.24623953698464970      -0.49532798882592033     
  0.24840413209230186       -1.0124522212486795     
  0.25058775530582783       -1.5312581781122248     
  0.25279057389383686       -2.0515153636245174     
  0.25501275659533085       -2.5729863792989107     
  0.25725447363262999       -3.0954270635729983     
  0.25951589672441205       -3.6185866512063853     
  0.26179719909886640       -4.1422079529522335     
  0.26409855550696332       -4.6660275559524678     
  0.26642014223584026       -5.1897760452582702     
  0.26876213712230579       -5.7131782468223946     
  0.27112471956646189       -6.2359534922516175     
  0.27350807054544668       -6.7578159055433531     
  0.27591237262729701       -7.2784747119615147     
  0.27833780998493374       -7.7976345691317306     
  0.28078456841026961       -8.3149959203582711     
  0.28325283532844109       -8.8302553700796196     
  0.28574279981216560       -9.3431060812910829     
  0.28825465259622440       -9.8532381946697996     
  0.29078858609207342       -10.360339269038512     
  0.29334479440258210       -10.864094742703131     
  0.29592347333690222       -11.364188415092038     
  0.29852482042546669       -11.860302948016262     
  0.30114903493512107       -12.352120385755896     
  0.30379631788438749       -12.839322693063188     
  0.30646687205886303       -13.321592310054193     
  0.30916090202675328       -13.798612722841980     
  0.31187861415454271       -14.270069048643229     
  0.31462021662280248       -14.735648633969426     
  0.31738591944213740       -15.195041664392889     
  0.32017593446927312       -15.647941784258578     
  0.32299047542328468       -16.094046724594548     
  0.32582975790196750       -16.533058937359343     
  0.32869399939835259       -16.964686234053058     
  0.33158341931736679       -17.388642426612329     
  0.33449823899263964       -17.804647968408617     
  0.33743868170345764       -18.212430593074011     
  0.34040497269186792       -18.611725948793087     
  0.34339733917993198       -19.002278225619982     
  0.34641601038713127       -19.383840773312450     
  0.34946121754792570       -19.756176707116406     
  0.35253319392946653       -20.119059498888554     
  0.35563217484946508       -20.472273550912412     
  0.35875839769421819       -20.815614749742487     
  0.36191210193679252       -21.148890997408014     
  0.36509352915536836       -21.471922717317860     
  0.36830292305174511       -21.784543332235771     
  0.37154052947000876       -22.086599711739666     
  0.37480659641536451       -22.377952586640632     
  0.37810137407313366       -22.658476927917551     
  0.38142511482791863       -22.928062287822279     
  0.38477807328293567       -23.186613100927758     
  0.38816050627951809       -23.434048943028209     
  0.39157267291679043       -23.670304745955683     
  0.39501483457151615       -23.895330966551455     
  0.39848725491811882       -24.109093708222645     
  0.40199019994888069       -24.311574793724354     
  0.40552393799431768       -24.502771788033883     
  0.40908873974373394       -24.682697970425842     
  0.41268487826595696       -24.851382255113862     
  0.41631262903025523       -25.008869060094085     
  0.41997226992743925       -25.155218124107673     
  0.42366408129114874       -25.290504271930011     
  0.42738834591932634       -25.414817128493720     
  0.43114534909588031       -25.528260782656872     
  0.43493537861253789       -25.630953401735393     
  0.43875872479089029       -25.723026798227213     
  0.44261568050463201       -25.804625950462608     
  0.44650654120199501       -25.875908479216694     
  0.45043160492838097       -25.937044082615373     
  0.45439117234919141       -25.988213931950217     
  0.45838554677285959       -26.029610031289536     
  0.46241503417408403       -26.061434544028309     
  0.46647994321726666       -26.083899089756635     
  0.47058058528015717       -26.097224015042073     
  0.47471727447770468       -26.101637641912376     
  0.47889032768611961       -26.097375497990392     
  0.48310006456714666       -26.084679532369151     
  0.48734680759255150       -26.063797321420580     
  0.49163088206882249       -26.034981268804650     
  0.49595261616208963       -25.998487803984620     
  0.50031234092326260       -25.954576583558413     
  0.50471039031338949       -25.903509699684392     
  0.50914710122923912       -25.845550899812061     
  0.51362281352910744       -25.780964821824409     
  0.51813787005885126       -25.710016248558954     
  0.52269261667815070       -25.632969385500544     
  0.52728740228700255       -25.550087165231240     
  0.53192257885244665       -25.461630581983385     
  0.53659850143552679       -25.367858059373312     
  0.54131552821848883       -25.269024854097637     
  0.54607402053221887       -25.165382498054456     
  0.55087434288392001       -25.057178281012011     
  0.55571686298503586       -24.944654775589996     
  0.56060195177941663       -24.828049405948846     
  0.56552998347173422       -24.707594061202901     
  0.57050133555614702       -24.583514754189604     
  0.57551638884521672       -24.456031325842389     
  0.58057552749907804       -24.325357195034634     
  0.58567913905486746       -24.191699153389795     
  0.59082761445640741       -24.055257204193563     
  0.59602134808415475       -23.916224444200875     
  0.60126073778540989       -23.774786986808568     
  0.60654618490479240       -23.631123924766271     
  0.61187809431498530       -23.485407330327437     
  0.61725687444774802       -23.337802290502257     
  0.62268293732520352       -23.188466974866159     
  0.62815669859139944       -23.037552733204812     
  0.63367857754414714       -22.885204220139183     
  0.63924899716714012       -22.731559543774122     
  0.64486838416235603       -22.576750435350995     
  0.65053716898274172       -22.420902436858754     
  0.65625578586518696       -22.264135103568183     
  0.66202467286378763       -22.106562218499239     
  0.66784427188340101       -21.948292015909686     
  0.67371502871349709       -21.789427411002585     
  0.67963739306230542       -21.630066233187712     
  0.68561181859126430       -21.470301460394758     
  0.69163876294977178       -21.310221452120881     
  0.69771868781024204       -21.149910179098416     
  0.70385205890347013       -20.989447447686132     
  0.71003934605430774       -20.828909117316183     
  0.71628102321765252       -20.668367309564470     
  0.72257756851475341       -20.507890607650925     
  0.72892946426983563       -20.347544245414486     
  0.73533719704704736       -20.187390285041836     
  0.74180125768773120       -20.027487783055896     
  0.74832214134802300       -19.867892944286670     
  0.75490034753678259       -19.708659263750452     
  0.76153638015385527       -19.549837656552047     
  0.76823074752867249       -19.391476576094959     
  0.77498396245919021       -19.233622121037122     
  0.78179654225116990       -19.076318131561742     
  0.78866900875780444       -18.919606275644082     
  0.79560188841969426       -18.763526126085843     
  0.80259571230517124       -18.608115229158340     
  0.80965101615098156       -18.453409165744592     
  0.81676834040332236       -18.299441605900331     
  0.82394823025924091       -18.146244357764470     
  0.83119123570839826       -17.993847411743243     
  0.83849791157519815       -17.842278980870088     
  0.84586881756128818       -17.691565538206856     
  0.85330451828843357       -17.541731852103577     
  0.86080558334176704       -17.392801020074941     
  0.86837258731342160       -17.244794501984394     
  0.87600610984654370       -17.097732153152837     
  0.88370673567969504       -16.951632257930591     
  0.89147505469164445       -16.806511564189861     
  0.89931166194655388       -16.662385319112719     
  0.90721715773956046       -16.519267306567848     
  0.91519214764276002       -16.377169886289213     
  0.92323724255159545       -16.236104034993296     
  0.93135305873165097       -16.096079389499227     
  0.93954021786586051       -15.957104291848719     
  0.94779934710212776       -15.819185836362141     
  0.95613107910136830       -15.682329918511972     
  0.96453605208597060       -15.546541285447802     
  0.97301490988868633       -15.411823587966422     
  0.98156830200194778       -15.278179433687791     
  0.99019688362762015       -15.145610441171749     
  0.99890131572719121       -15.014117294691918     
   1.0076822650724020       -14.883699799371263     
   1.0165404042963218       -14.754356936378638     
   1.0254764119448729       -14.626086917886017     
   1.0344909725288092       -14.498887241492413     
   1.0435847765761492       -14.372754743831349     
   1.0527585206850727       -14.247685653093955     
   1.0620129075772804       -14.123675640218789     
   1.0713486461518233       -14.000719868521196     
   1.0807664515394062       -13.878813041559432     
   1.0902670451571670       -13.757949449060717     
   1.0998511547639385       -13.638123010757548     
   1.1095195145159957       -13.519327318012412     
   1.1192728650232933       -13.401555673136741     
   1.1291119534061966       -13.284801126337387     
   1.1390375333527143       -13.169056510250371     
   1.1490503651762289       -13.054314472046975     
   1.1591512158737405       -12.940567503120784     
   1.1693408591846186       -12.827807966386318     
   1.1796200756498711       -12.716028121239532     
   1.1899896526719362       -12.605220146248080     
   1.2004503845749972       -12.495376159654525     
   1.2110030726658303       -12.386488237788553     
   1.2216485252951843       -12.278548431494746     
   1.2323875579197023       -12.171548780690708     
   1.2432209931643872       -12.065481327176281     
   1.2541496608856144       -11.960338125818398     
   1.2651743982347015       -11.856111254237950     
   1.2762960497220346       -11.752792821125080     
   1.2875154672817595       -11.650374973307692     
   1.2988335103370399       -11.548849901694886     
   1.3102510458658911       -11.448209846212741     
   1.3217689484675934       -11.348447099844558     
   1.3333881004296839       -11.249554011881571     
   1.3451093917955443       -11.151522990483246     
   1.3569337204325782       -11.054346504639215     
   1.3688619921009890       -10.958017085617341     
   1.3808951205231621       -10.862527327974831     
   1.3930340274536583       -10.767869890201785     
   1.4052796427498206       -10.674037495059153     
   1.4176329044430029       -10.581022929665968     
   1.4300947588104245       -10.488819045383890     
   1.4426661604476561       -10.397418757540732     
   1.4553480723417438       -10.306815045028745     
   1.4681414659449743       -10.217000949807948     
   1.4810473212492907       -10.127969576339927     
   1.4940666268613596       -10.039714090973078     
   1.5072003800783016       -9.9522277212963708     
   1.5204495869640842       -9.8655037554753182     
   1.5338152624265886       -9.7795355415808309     
   1.5472984302953525       -9.6943164869192220     
   1.5609001233999977       -9.6098400573693628     
   1.5746213836493455       -9.5260997767313960     
   1.5884632621112280       -9.4430892260898514     
   1.6024268190930036       -9.3608020431929582     
   1.6165131242227744       -9.2792319218490089     
   1.6307232565313248       -9.1983726113399396     
   1.6450583045347749       -9.1182179158518384     
   1.6595193663179622       -9.0387616939216855     
   1.6741075496185578       -8.9599978578994364     
   1.6888239719119189       -8.8819203734243786     
   1.7036697604966908       -8.8045232589146885     
   1.7186460525811578       -8.7278005850690352     
   1.7337539953703562       -8.6517464743792054     
   1.7489947461539517       -8.5763551006526697     
   1.7643694723948888       -8.5016206885441985     
   1.7798793518188210       -8.4275375130956736     
   1.7955255725043244       -8.3540998992833142     
   1.8113093329739092       -8.2813022215716909     
   1.8272318422858254       -8.2091389034739226     
   1.8432943201266794       -8.1376044171175916     
   1.8594979969048644       -8.0666932828159332     
   1.8758441138448103       -7.9964000686439647     
   1.8923339230820637       -7.9267193900192510     
   1.9089686877592040       -7.8576459092870481     
   1.9257496821226001       -7.7891743353096627     
   1.9426781916200213       -7.7212994230598060     
   1.9597555129991031       -7.6540159732178301     
   1.9769829544066813       -7.5873188317727349     
   1.9943618354889954       -7.5212028896268475     
