   4.0351624297894465E-006   188.24147180477559     
   4.0706339586960673E-006   188.24147180380911     
   4.1064173038888636E-006   188.24147180282552     
   4.1425152064224035E-006   188.24147180182459     
   4.1789304314467894E-006   188.24147180080595     
   4.2156657684194715E-006   188.24147179976939     
   4.2527240313189270E-006   188.24147179871449     
   4.2901080588602128E-006   188.24147179764094     
   4.3278207147124155E-006   188.24147179654847     
   4.3658648877180122E-006   188.24147179543669     
   4.4042434921141596E-006   188.24147179430528     
   4.4429594677559338E-006   188.24147179315392     
   4.4820157803415140E-006   188.24147179198218     
   4.5214154216393764E-006   188.24147179078975     
   4.5611614097174544E-006   188.24147178957631     
   4.6012567891743356E-006   188.24147178834141     
   4.6417046313724746E-006   188.24147178708469     
   4.6825080346734706E-006   188.24147178580583     
   4.7236701246754019E-006   188.24147178450437     
   4.7651940544522524E-006   188.24147178317989     
   4.8070830047954434E-006   188.24147178183205     
   4.8493401844574846E-006   188.24147178046042     
   4.8919688303977655E-006   188.24147177906457     
   4.9349722080305213E-006   188.24147177764402     
   4.9783536114749568E-006   188.24147177619844     
   5.0221163638075882E-006   188.24147177472730     
   5.0662638173167916E-006   188.24147177323019     
   5.1107993537595945E-006   188.24147177170664     
   5.1557263846207248E-006   188.24147177015621     
   5.2010483513739307E-006   188.24147176857838     
   5.2467687257456061E-006   188.24147176697267     
   5.2928910099807300E-006   188.24147176533867     
   5.3394187371111389E-006   188.24147176367575     
   5.3863554712261711E-006   188.24147176198349     
   5.4337048077456680E-006   188.24147176026136     
   5.4814703736954021E-006   188.24147175850879     
   5.5296558279849008E-006   188.24147175672533     
   5.5782648616877314E-006   188.24147175491032     
   5.6273011983242389E-006   188.24147175306328     
   5.6767685941467754E-006   188.24147175118364     
   5.7266708384274298E-006   188.24147174927077     
   5.7770117537482982E-006   188.24147174732417     
   5.8277951962942934E-006   188.24147174534315     
   5.8790250561485368E-006   188.24147174332717     
   5.9307052575903410E-006   188.24147174127557     
   5.9828397593958215E-006   188.24147173918777     
   6.0354325551411372E-006   188.24147173706308     
   6.0884876735084094E-006   188.24147173490090     
   6.1420091785943222E-006   188.24147173270052     
   6.1960011702214367E-006   188.24147173046126     
   6.2504677842522461E-006   188.24147172818252     
   6.3054131929059875E-006   188.24147172586348     
   6.3608416050782398E-006   188.24147172350351     
   6.4167572666633275E-006   188.24147172110190     
   6.4731644608795696E-006   188.24147171865783     
   6.5300675085973740E-006   188.24147171617062     
   6.5874707686702249E-006   188.24147171363950     
   6.6453786382685736E-006   188.24147171106367     
   6.7037955532166756E-006   188.24147170844239     
   6.7627259883323710E-006   188.24147170577479     
   6.8221744577698721E-006   188.24147170306009     
   6.8821455153655436E-006   188.24147170029741     
   6.9426437549867412E-006   188.24147169748599     
   7.0036738108837070E-006   188.24147169462495     
   7.0652403580445529E-006   188.24147169171334     
   7.1273481125533780E-006   188.24147168875035     
   7.1900018319515290E-006   188.24147168573501     
   7.2532063156020257E-006   188.24147168266643     
   7.3169664050572065E-006   188.24147167954368     
   7.3812869844295975E-006   188.24147167636576     
   7.4461729807660377E-006   188.24147167313174     
   7.5116293644251025E-006   188.24147166984062     
   7.5776611494578381E-006   188.24147166649138     
   7.6442733939918444E-006   188.24147166308302     
   7.7114712006187367E-006   188.24147165961443     
   7.7792597167850108E-006   188.24147165608460     
   7.8476441351863411E-006   188.24147165249246     
   7.9166296941653545E-006   188.24147164883686     
   7.9862216781128874E-006   188.24147164511672     
   8.0564254178727877E-006   188.24147164133089     
   8.1272462911502537E-006   188.24147163747821     
   8.1986897229237806E-006   188.24147163355747     
   8.2707611858607216E-006   188.24147162956751     
   8.3434662007364977E-006   188.24147162550713     
   8.4168103368575013E-006   188.24147162137504     
   8.4907992124877108E-006   188.24147161716994     
   8.5654384952790581E-006   188.24147161289062     
   8.6407339027055772E-006   188.24147160853573     
   8.7166912025013689E-006   188.24147160410394     
   8.7933162131024287E-006   188.24147159959386     
   8.8706148040923335E-006   188.24147159500421     
   8.9485928966518637E-006   188.24147159033345     
   9.0272564640125789E-006   188.24147158558023     
   9.1066115319143701E-006   188.24147158074305     
   9.1866641790670455E-006   188.24147157582047     
   9.2674205376159622E-006   188.24147157081097     
   9.3488867936117613E-006   188.24147156571300     
   9.4310691874842262E-006   188.24147156052504     
   9.5139740145203059E-006   188.24147155524545     
   9.5976076253463546E-006   188.24147154987261     
   9.6819764264145774E-006   188.24147154440487     
   9.7670868804937981E-006   188.24147153884067     
   9.8529455071644940E-006   188.24147153317816     
   9.9395588833182215E-006   188.24147152741568     
   1.0026933643661408E-005   188.24147152155143     
   1.0115076481223578E-005   188.24147151558364     
   1.0203994147870055E-005   188.24147150951043     
   1.0293693454819156E-005   188.24147150332999     
   1.0384181273163946E-005   188.24147149704041     
   1.0475464534398573E-005   188.24147149063981     
   1.0567550230949230E-005   188.24147148412612     
   1.0660445416709780E-005   188.24147147749744     
   1.0754157207582102E-005   188.24147147075169     
   1.0848692782021169E-005   188.24147146388685     
   1.0944059381584941E-005   188.24147145690080     
   1.1040264311489072E-005   188.24147144979133     
   1.1137314941166488E-005   188.24147144255636     
   1.1235218704831916E-005   188.24147143519360     
   1.1333983102051348E-005   188.24147142770084     
   1.1433615698316511E-005   188.24147142007581     
   1.1534124125624403E-005   188.24147141231606     
   1.1635516083061910E-005   188.24147140441934     
   1.1737799337395570E-005   188.24147139638316     
   1.1840981723666515E-005   188.24147138820507     
   1.1945071145790651E-005   188.24147137988257     
   1.2050075577164101E-005   188.24147137141307     
   1.2156003061273992E-005   188.24147136279404     
   1.2262861712314577E-005   188.24147135402282     
   1.2370659715808814E-005   188.24147134509673     
   1.2479405329235379E-005   188.24147133601301     
   1.2589106882661200E-005   188.24147132676887     
   1.2699772779379553E-005   188.24147131736152     
   1.2811411496553767E-005   188.24147130778800     
   1.2924031585866586E-005   188.24147129804544     
   1.3037641674175241E-005   188.24147128813087     
   1.3152250464172279E-005   188.24147127804122     
   1.3267866735052196E-005   188.24147126777339     
   1.3384499343183948E-005   188.24147125732421     
   1.3502157222789348E-005   188.24147124669054     
   1.3620849386627446E-005   188.24147123586911     
   1.3740584926684923E-005   188.24147122485661     
   1.3861373014872545E-005   188.24147121364962     
   1.3983222903727741E-005   188.24147120224472     
   1.4106143927123366E-005   188.24147119063844     
   1.4230145500982693E-005   188.24147117882723     
   1.4355237124000669E-005   188.24147116680743     
   1.4481428378371552E-005   188.24147115457535     
   1.4608728930522899E-005   188.24147114212730     
   1.4737148531856041E-005   188.24147112945943     
   1.4866697019493048E-005   188.24147111656788     
   1.4997384317030272E-005   188.24147110344867     
   1.5129220435298502E-005   188.24147109009780     
   1.5262215473129814E-005   188.24147107651120     
   1.5396379618131146E-005   188.24147106268461     
   1.5531723147464694E-005   188.24147104861390     
   1.5668256428635155E-005   188.24147103429476     
   1.5805989920283886E-005   188.24147101972272     
   1.5944934172990057E-005   188.24147100489341     
   1.6085099830078834E-005   188.24147098980217     
   1.6226497628436681E-005   188.24147097444450     
   1.6369138399333811E-005   188.24147095881560     
   1.6513033069253888E-005   188.24147094291075     
   1.6658192660730999E-005   188.24147092672501     
   1.6804628293194005E-005   188.24147091025347     
   1.6952351183818299E-005   188.24147089349103     
   1.7101372648385061E-005   188.24147087643263     
   1.7251704102148064E-005   188.24147085907302     
   1.7403357060708084E-005   188.24147084140685     
   1.7556343140895038E-005   188.24147082342870     
   1.7710674061657827E-005   188.24147080513308     
   1.7866361644962029E-005   188.24147078651444     
   1.8023417816695487E-005   188.24147076756697     
   1.8181854607581839E-005   188.24147074828494     
   1.8341684154102094E-005   188.24147072866242     
   1.8502918699424298E-005   188.24147070869338     
   1.8665570594341383E-005   188.24147068837172     
   1.8829652298217254E-005   188.24147066769120     
   1.8995176379941191E-005   188.24147064664555     
   1.9162155518890653E-005   188.24147062522820     
   1.9330602505902510E-005   188.24147060343267     
   1.9500530244252883E-005   188.24147058125226     
   1.9671951750645514E-005   188.24147055868022     
   1.9844880156208880E-005   188.24147053570951     
   2.0019328707502047E-005   188.24147051233328     
   2.0195310767529395E-005   188.24147048854419     
   2.0372839816764217E-005   188.24147046433504     
   2.0551929454181372E-005   188.24147043969839     
   2.0732593398298947E-005   188.24147041462669     
   2.0914845488229152E-005   188.24147038911224     
   2.1098699684738398E-005   188.24147036314727     
   2.1284170071316708E-005   188.24147033672381     
   2.1471270855256533E-005   188.24147030983374     
   2.1660016368741072E-005   188.24147028246884     
   2.1850421069942100E-005   188.24147025462068     
   2.2042499544127519E-005   188.24147022628080     
   2.2236266504778591E-005   188.24147019744046     
   2.2431736794717014E-005   188.24147016809090     
   2.2628925387241909E-005   188.24147013822298     
   2.2827847387276789E-005   188.24147010782767     
   2.3028518032526618E-005   188.24147007689564     
   2.3230952694645046E-005   188.24147004541740     
   2.3435166880411899E-005   188.24147001338329     
   2.3641176232921010E-005   188.24146998078351     
   2.3848996532778513E-005   188.24146994760807     
   2.4058643699311660E-005   188.24146991384680     
   2.4270133791788246E-005   188.24146987948936     
   2.4483483010646801E-005   188.24146984452523     
   2.4698707698737546E-005   188.24146980894366     
   2.4915824342574275E-005   188.24146977273378     
   2.5134849573597260E-005   188.24146973588449     
   2.5355800169447239E-005   188.24146969838449     
   2.5578693055250591E-005   188.24146966022235     
   2.5803545304915856E-005   188.24146962138624     
   2.6030374142441583E-005   188.24146958186441     
   2.6259196943235737E-005   188.24146954164465     
   2.6490031235446682E-005   188.24146950071466     
   2.6722894701305840E-005   188.24146945906196     
   2.6957805178482200E-005   188.24146941667371     
   2.7194780661448687E-005   188.24146937353692     
   2.7433839302860582E-005   188.24146932963842     
   2.7674999414946031E-005   188.24146928496478     
   2.7918279470908779E-005   188.24146923950221     
   2.8163698106343273E-005   188.24146919323684     
   2.8411274120662140E-005   188.24146914615454     
   2.8661026478536268E-005   188.24146909824080     
   2.8912974311347514E-005   188.24146904948100     
   2.9167136918654220E-005   188.24146899986013     
   2.9423533769669556E-005   188.24146894936308     
   2.9682184504752908E-005   188.24146889797430     
   2.9943108936914351E-005   188.24146884567810     
   3.0206327053332352E-005   188.24146879245842     
   3.0471859016884812E-005   188.24146873829892     
   3.0739725167693592E-005   188.24146868318309     
   3.1009946024682569E-005   188.24146862709398     
   3.1282542287149426E-005   188.24146857001443     
   3.1557534836351249E-005   188.24146851192694     
   3.1834944737104045E-005   188.24146845281371     
   3.2114793239396380E-005   188.24146839265663     
   3.2397101780017094E-005   188.24146833143726     
   3.2681891984197449E-005   188.24146826913685     
   3.2969185667267601E-005   188.24146820573631     
   3.3259004836327730E-005   188.24146814121625     
   3.3551371691933787E-005   188.24146807555681     
   3.3846308629798104E-005   188.24146800873791     
   3.4143838242504896E-005   188.24146794073917     
   3.4443983321240977E-005   188.24146787153961     
   3.4746766857541473E-005   188.24146780111812     
   3.5052212045051110E-005   188.24146772945303     
   3.5360342281300837E-005   188.24146765652250     
   3.5671181169500095E-005   188.24146758230415     
   3.5984752520344893E-005   188.24146750677517     
   3.6301080353841694E-005   188.24146742991249     
   3.6620188901147449E-005   188.24146735169253     
   3.6942102606425661E-005   188.24146727209131     
   3.7266846128718907E-005   188.24146719108447     
   3.7594444343837698E-005   188.24146710864713     
   3.7924922346266066E-005   188.24146702475409     
   3.8258305451083757E-005   188.24146693937965     
   3.8594619195905490E-005   188.24146685249758     
   3.8933889342837100E-005   188.24146676408139     
   3.9276141880449001E-005   188.24146667410386     
   3.9621403025766906E-005   188.24146658253738     
   3.9969699226280124E-005   188.24146648935405     
   4.0321057161967463E-005   188.24146639452528     
   4.0675503747340953E-005   188.24146629802195     
   4.1033066133507509E-005   188.24146619981445     
   4.1393771710248806E-005   188.24146609987281     
   4.1757648108119303E-005   188.24146599816635     
   4.2124723200562836E-005   188.24146589466392     
   4.2495025106047753E-005   188.24146578933380     
   4.2868582190220800E-005   188.24146568214368     
   4.3245423068079982E-005   188.24146557306074     
   4.3625576606166551E-005   188.24146546205156     
   4.4009071924776165E-005   188.24146534908215     
   4.4395938400189569E-005   188.24146523411787     
   4.4786205666922886E-005   188.24146511712348     
   4.5179903619997610E-005   188.24146499806315     
   4.5577062417230632E-005   188.24146487690038     
   4.5977712481544409E-005   188.24146475359808     
   4.6381884503297321E-005   188.24146462811842     
   4.6789609442634673E-005   188.24146450042304     
   4.7200918531860234E-005   188.24146437047270     
   4.7615843277828714E-005   188.24146423822765     
   4.8034415464359199E-005   188.24146410364733     
   4.8456667154669859E-005   188.24146396669056     
   4.8882630693834022E-005   188.24146382731530     
   4.9312338711257865E-005   188.24146368547892     
   4.9745824123179861E-005   188.24146354113790     
   5.0183120135192230E-005   188.24146339424806     
   5.0624260244784492E-005   188.24146324476433     
   5.1069278243909468E-005   188.24146309264100     
   5.1518208221571757E-005   188.24146293783136     
   5.1971084566439037E-005   188.24146278028800     
   5.2427941969476234E-005   188.24146261996270     
   5.2888815426602948E-005   188.24146245680629     
   5.3353740241374181E-005   188.24146229076877     
   5.3822752027684599E-005   188.24146212179929     
   5.4295886712496663E-005   188.24146194984604     
   5.4773180538592640E-005   188.24146177485639     
   5.5254670067350872E-005   188.24146159677665     
   5.5740392181546432E-005   188.24146141555235     
   5.6230384088176393E-005   188.24146123112789     
   5.6724683321309917E-005   188.24146104344675     
   5.7223327744963456E-005   188.24146085245141     
   5.7726355556001141E-005   188.24146065808338     
   5.8233805287060765E-005   188.24146046028318     
   5.8745715809505407E-005   188.24146025899009     
   5.9262126336401033E-005   188.24146005414246     
   5.9783076425520291E-005   188.24145984567753     
   6.0308605982372652E-005   188.24145963353143     
   6.0838755263261297E-005   188.24145941763913     
   6.1373564878366722E-005   188.24145919793455     
   6.1913075794857629E-005   188.24145897435031     
   6.2457329340028964E-005   188.24145874681790     
   6.3006367204467746E-005   188.24145851526757     
   6.3560231445246535E-005   188.24145827962843     
   6.4118964489145151E-005   188.24145803982825     
   6.4682609135900549E-005   188.24145779579362     
   6.5251208561485372E-005   188.24145754744967     
   6.5824806321415302E-005   188.24145729472036     
   6.6403446354085469E-005   188.24145703752822     
   6.6987172984136171E-005   188.24145677579440     
   6.7576030925848232E-005   188.24145650943882     
   6.8170065286568109E-005   188.24145623837978     
   6.8769321570163352E-005   188.24145596253425     
   6.9373845680508031E-005   188.24145568181771     
   6.9983683924999219E-005   188.24145539614415     
   7.0598883018104116E-005   188.24145510542604     
   7.1219490084938476E-005   188.24145480957424     
   7.1845552664876429E-005   188.24145450849818     
   7.2477118715192100E-005   188.24145420210556     
   7.3114236614733183E-005   188.24145389030249     
   7.3756955167626813E-005   188.24145357299352     
   7.4405323607018071E-005   188.24145325008129     
   7.5059391598841273E-005   188.24145292146693     
   7.5719209245624474E-005   188.24145258704971     
   7.6384827090327398E-005   188.24145224672722     
   7.7056296120213056E-005   188.24145190039516     
   7.7733667770753511E-005   188.24145154794741     
   7.8416993929569822E-005   188.24145118927592     
   7.9106326940406806E-005   188.24145082427086     
   7.9801719607142568E-005   188.24145045282035     
   8.0503225197833388E-005   188.24145007481059     
   8.1210897448794075E-005   188.24144969012576     
   8.1924790568714372E-005   188.24144929864798     
   8.2644959242811244E-005   188.24144890025730     
   8.3371458637018011E-005   188.24144849483162     
   8.4104344402209977E-005   188.24144808224673     
   8.4843672678467494E-005   188.24144766237623     
   8.5589500099376349E-005   188.24144723509144     
   8.6341883796365890E-005   188.24144680026151     
   8.7100881403085449E-005   188.24144635775306     
   8.7866551059819170E-005   188.24144590743060     
   8.8638951417939591E-005   188.24144544915615     
   8.9418141644400463E-005   188.24144498278926     
   9.0204181426268952E-005   188.24144450818702     
   9.0997130975297878E-005   188.24144402520403     
   9.1797051032537858E-005   188.24144353369229     
   9.2604002872990321E-005   188.24144303350124     
   9.3418048310301132E-005   188.24144252447752     
   9.4239249701495649E-005   188.24144200646521     
   9.5067669951755384E-005   188.24144147930559     
   9.5903372519236588E-005   188.24144094283719     
   9.6746421419931285E-005   188.24144039689548     
   9.7596881232570929E-005   188.24143984131331     
   9.8454817103573228E-005   188.24143927592038     
   9.9320294752032519E-005   188.24143870054351     
   1.0019338047475388E-004   188.24143811500633     
   1.0107414115133159E-004   188.24143751912942     
   1.0196264424927217E-004   188.24143691273025     
   1.0285895782916250E-004   188.24143629562300     
   1.0376315054988338E-004   188.24143566761859     
   1.0467529167386889E-004   188.24143502852453     
   1.0559545107241196E-004   188.24143437814504     
   1.0652369923101660E-004   188.24143371628082     
   1.0746010725479729E-004   188.24143304272911     
   1.0840474687392558E-004   188.24143235728354     
   1.0935769044912487E-004   188.24143165973396     
   1.1031901097721321E-004   188.24143094986670     
   1.1128878209669507E-004   188.24143022746432     
   1.1226707809340207E-004   188.24142949230543     
   1.1325397390618345E-004   188.24142874416466     
   1.1424954513264646E-004   188.24142798281292     
   1.1525386803494717E-004   188.24142720801683     
   1.1626701954563241E-004   188.24142641953904     
   1.1728907727353278E-004   188.24142561713791     
   1.1832011950970766E-004   188.24142480056764     
   1.1936022523344242E-004   188.24142396957791     
   1.2040947411829827E-004   188.24142312391416     
   1.2146794653821548E-004   188.24142226331730     
   1.2253572357367003E-004   188.24142138752359     
   1.2361288701788459E-004   188.24142049626468     
   1.2469951938309386E-004   188.24141958926757     
   1.2579570390686530E-004   188.24141866625413     
   1.2690152455847509E-004   188.24141772694179     
   1.2801706604534036E-004   188.24141677104257     
   1.2914241381950791E-004   188.24141579826360     
   1.3027765408419993E-004   188.24141480830684     
   1.3142287380041729E-004   188.24141380086894     
   1.3257816069360093E-004   188.24141277564124     
   1.3374360326035158E-004   188.24141173230953     
   1.3491929077520901E-004   188.24141067055422     
   1.3610531329749030E-004   188.24140959004990     
   1.3730176167818869E-004   188.24140849046549     
   1.3850872756693286E-004   188.24140737146411     
   1.3972630341900730E-004   188.24140623270284     
   1.4095458250243476E-004   188.24140507383279     
   1.4219365890512039E-004   188.24140389449889     
   1.4344362754205935E-004   188.24140269433968     
   1.4470458416260715E-004   188.24140147298752     
   1.4597662535781431E-004   188.24140023006808     
   1.4725984856782542E-004   188.24139896520063     
   1.4855435208934310E-004   188.24139767799750     
   1.4986023508315764E-004   188.24139636806433     
   1.5117759758174302E-004   188.24139503499973     
   1.5250654049691931E-004   188.24139367839524     
   1.5384716562758286E-004   188.24139229783515     
   1.5519957566750419E-004   188.24139089289650     
   1.5656387421319429E-004   188.24138946314872     
   1.5794016577184061E-004   188.24138800815382     
   1.5932855576931209E-004   188.24138652746592     
   1.6072915055823515E-004   188.24138502063124     
   1.6214205742614050E-004   188.24138348718822     
   1.6356738460368125E-004   188.24138192666692     
   1.6500524127292381E-004   188.24138033858915     
   1.6645573757571129E-004   188.24137872246837     
   1.6791898462210038E-004   188.24137707780937     
   1.6939509449887284E-004   188.24137540410814     
   1.7088418027812115E-004   188.24137370085191     
   1.7238635602591029E-004   188.24137196751877     
   1.7390173681101518E-004   188.24137020357762     
   1.7543043871373520E-004   188.24136840848792     
   1.7697257883478608E-004   188.24136658169968     
   1.7852827530426992E-004   188.24136472265309     
   1.8009764729072427E-004   188.24136283077868     
   1.8168081501025043E-004   188.24136090549652     
   1.8327789973572226E-004   188.24135894621691     
   1.8488902380607586E-004   188.24135695233932     
   1.8651431063568098E-004   188.24135492325291     
   1.8815388472379454E-004   188.24135285833594     
   1.8980787166409752E-004   188.24135075695568     
   1.9147639815431580E-004   188.24134861846827     
   1.9315959200592509E-004   188.24134644221837     
   1.9485758215394169E-004   188.24134422753923     
   1.9657049866679901E-004   188.24134197375224     
   1.9829847275631095E-004   188.24133968016679     
   2.0004163678772303E-004   188.24133734608012     
   2.0180012428985158E-004   188.24133497077705     
   2.0357406996531245E-004   188.24133255352976     
   2.0536360970083923E-004   188.24133009359753     
   2.0716888057769250E-004   188.24132759022666     
   2.0899002088216033E-004   188.24132504265006     
   2.1082717011615130E-004   188.24132245008715     
   2.1268046900788050E-004   188.24131981174355     
   2.1455005952264954E-004   188.24131712681083     
   2.1643608487372122E-004   188.24131439446631     
   2.1833868953328992E-004   188.24131161387268     
   2.2025801924354846E-004   188.24130878417810     
   2.2219422102785191E-004   188.24130590451537     
   2.2414744320198003E-004   188.24130297400222     
   2.2611783538549842E-004   188.24129999174065     
   2.2810554851321948E-004   188.24129695681691     
   2.3011073484676428E-004   188.24129386830109     
   2.3213354798622612E-004   188.24129072524678     
   2.3417414288193629E-004   188.24128752669091     
   2.3623267584633374E-004   188.24128427165343     
   2.3830930456593868E-004   188.24128095913699     
   2.4040418811343159E-004   188.24127758812659     
   2.4251748695983846E-004   188.24127415758926     
   2.4464936298682305E-004   188.24127066647392     
   2.4679997949908727E-004   188.24126711371085     
   2.4896950123688060E-004   188.24126349821137     
   2.5115809438861945E-004   188.24125981886772     
   2.5336592660361721E-004   188.24125607455247     
   2.5559316700492663E-004   188.24125226411837     
   2.5783998620229485E-004   188.24124838639787     
   2.6010655630523237E-004   188.24124444020276     
   2.6239305093619675E-004   188.24124042432385     
   2.6469964524389241E-004   188.24123633753072     
   2.6702651591668732E-004   188.24123217857107     
   2.6937384119614757E-004   188.24122794617060     
   2.7174180089069083E-004   188.24122363903240     
   2.7413057638935999E-004   188.24121925583677     
   2.7654035067571783E-004   188.24121479524058     
   2.7897130834186380E-004   188.24121025587715     
   2.8142363560257398E-004   188.24120563635555     
   2.8389752030956553E-004   188.24120093526028     
   2.8639315196588629E-004   188.24119615115092     
   2.8891072174043095E-004   188.24119128256152     
   2.9145042248258506E-004   188.24118632800031     
   2.9401244873699712E-004   188.24118128594918     
   2.9659699675848162E-004   188.24117615486321     
   2.9920426452705181E-004   188.24117093317014     
   3.0183445176308566E-004   188.24116561926999     
   3.0448775994262455E-004   188.24116021153458     
   3.0716439231280661E-004   188.24115470830688     
   3.0986455390743590E-004   188.24114910790070     
   3.1258845156268794E-004   188.24114340859995     
   3.1533629393295414E-004   188.24113760865833     
   3.1810829150682454E-004   188.24113170629872     
   3.2090465662321197E-004   188.24112569971254     
   3.2372560348761694E-004   188.24111958705933     
   3.2657134818853681E-004   188.24111336646612     
   3.2944210871401793E-004   188.24110703602682     
   3.3233810496835389E-004   188.24110059380180     
   3.3525955878893073E-004   188.24109403781702     
   3.3820669396321986E-004   188.24108736606365     
   3.4117973624592045E-004   188.24108057649750     
   3.4417891337625272E-004   188.24107366703814     
   3.4720445509540287E-004   188.24106663556839     
   3.5025659316412162E-004   188.24105947993382     
   3.5333556138047762E-004   188.24105219794183     
   3.5644159559776657E-004   188.24104478736118     
   3.5957493374257771E-004   188.24103724592115     
   3.6273581583301984E-004   188.24102957131103     
   3.6592448399710634E-004   188.24102176117921     
   3.6914118249130323E-004   188.24101381313255     
   3.7238615771923914E-004   188.24100572473583     
   3.7565965825058027E-004   188.24099749351058     
   3.7896193484007111E-004   188.24098911693471     
   3.8229324044674283E-004   188.24098059244159     
   3.8565383025328996E-004   188.24097191741919     
   3.8904396168561802E-004   188.24096308920940     
   3.9246389443256270E-004   188.24095410510725     
   3.9591389046578218E-004   188.24094496235981     
   3.9939421405982452E-004   188.24093565816580     
   4.0290513181237195E-004   188.24092618967424     
   4.0644691266466203E-004   188.24091655398394     
   4.1001982792208909E-004   188.24090674814244     
   4.1362415127498692E-004   188.24089676914511     
   4.1726015881959346E-004   188.24088661393438     
   4.2092812907920028E-004   188.24087627939849     
   4.2462834302548787E-004   188.24086576237090     
   4.2836108410004853E-004   188.24085505962915     
   4.3212663823609832E-004   188.24084416789378     
   4.3592529388037987E-004   188.24083308382757     
   4.3975734201525806E-004   188.24082180403411     
   4.4362307618100934E-004   188.24081032505725     
   4.4752279249830754E-004   188.24079864337978     
   4.5145678969090727E-004   188.24078675542231     
   4.5542536910852610E-004   188.24077465754223     
   4.5942883474992896E-004   188.24076234603274     
   4.6346749328621430E-004   188.24074981712141     
   4.6754165408430611E-004   188.24073706696936     
   4.7165162923065138E-004   188.24072409166979     
   4.7579773355512655E-004   188.24071088724693     
   4.7998028465515402E-004   188.24069744965499     
   4.8419960292003035E-004   188.24068377477647     
   4.8845601155546878E-004   188.24066985842128     
   4.9274983660835671E-004   188.24065569632543     
   4.9708140699173244E-004   188.24064128414940     
   5.0145105450997887E-004   188.24062661747740     
   5.0585911388424166E-004   188.24061169181530     
   5.1030592277806822E-004   188.24059650258980     
   5.1479182182327383E-004   188.24058104514685     
   5.1931715464603441E-004   188.24056531475020     
   5.2388226789320841E-004   188.24054930657985     
   5.2848751125889114E-004   188.24053301573088     
   5.3313323751120112E-004   188.24051643721162     
   5.3781980251930311E-004   188.24049956594229     
   5.4254756528066786E-004   188.24048239675352     
   5.4731688794857193E-004   188.24046492438441     
   5.5212813585983947E-004   188.24044714348139     
   5.5698167756282682E-004   188.24042904859630     
   5.6187788484565466E-004   188.24041063418477     
   5.6681713276468656E-004   188.24039189460444     
   5.7179979967325991E-004   188.24037282411342     
   5.7682626725066757E-004   188.24035341686837     
   5.8189692053139507E-004   188.24033366692288     
   5.8701214793461522E-004   188.24031356822536     
   5.9217234129394088E-004   188.24029311461754     
   5.9737789588744101E-004   188.24027229983221     
   6.0262921046791830E-004   188.24025111749174     
   6.0792668729345528E-004   188.24022956110565     
   6.1327073215822702E-004   188.24020762406900     
   6.1866175442358594E-004   188.24018529966011     
   6.2410016704941970E-004   188.24016258103876     
   6.2958638662578403E-004   188.24013946124376     
   6.3512083340481410E-004   188.24011593319119     
   6.4070393133291699E-004   188.24009198967190     
   6.4633610808324598E-004   188.24006762334946     
   6.5201779508846129E-004   188.24004282675793     
   6.5774942757377826E-004   188.24001759229958     
   6.6353144459030595E-004   188.23999191224237     
   6.6936428904868016E-004   188.23996577871793     
   6.7524840775298940E-004   188.23993918371883     
   6.8118425143500188E-004   188.23991211909623     
   6.8717227478869180E-004   188.23988457655742     
   6.9321293650506980E-004   188.23985654766327     
   6.9930669930731867E-004   188.23982802382565     
   7.0545402998623940E-004   188.23979899630481     
   7.1165539943600776E-004   188.23976945620655     
   7.1791128269024502E-004   188.23973939447976     
   7.2422215895840672E-004   188.23970880191342     
   7.3058851166249081E-004   188.23967766913387     
   7.3701082847406785E-004   188.23964598660197     
   7.4348960135163825E-004   188.23961374461012     
   7.5002532657831580E-004   188.23958093327934     
   7.5661850479984496E-004   188.23954754255610     
   7.6326964106295002E-004   188.23951356220945     
   7.6997924485402308E-004   188.23947898182783     
   7.7674783013815076E-004   188.23944379081564     
   7.8357591539848510E-004   188.23940797839037     
   7.9046402367596023E-004   188.23937153357909     
   7.9741268260935744E-004   188.23933444521506     
   8.0442242447572383E-004   188.23929670193434     
   8.1149378623114490E-004   188.23925829217239     
   8.1862730955187604E-004   188.23921920416043     
   8.2582354087583636E-004   188.23917942592195     
   8.3308303144446604E-004   188.23913894526885     
   8.4040633734495235E-004   188.23909774979785     
   8.4779401955282672E-004   188.23905582688673     
   8.5524664397493635E-004   188.23901316369034     
   8.6276478149279346E-004   188.23896974713668     
   8.7034900800630544E-004   188.23892556392292     
   8.7799990447788947E-004   188.23888060051149     
   8.8571805697697551E-004   188.23883484312563     
   8.9350405672489999E-004   188.23878827774539     
   9.0135850014019358E-004   188.23874089010314     
   9.0928198888426881E-004   188.23869266567954     
   9.1727512990750647E-004   188.23864358969863     
   9.2533853549575109E-004   188.23859364712376     
   9.3347282331721060E-004   188.23854282265265     
   9.4167861646977252E-004   188.23849110071282     
   9.4995654352873294E-004   188.23843846545685     
   9.5830723859494646E-004   188.23838490075750     
   9.6673134134339970E-004   188.23833039020286     
   9.7522949707221096E-004   188.23827491709102     
   9.8380235675206060E-004   188.23821846442530     
   9.9245057707605727E-004   188.23816101490894     
   1.0011748205100402E-003   188.23810255093963     
   1.0099757553433267E-003   188.23804305460436     
   1.0188540557399025E-003   188.23798250767385     
   1.0278104017900640E-003   188.23792089159684     
   1.0368454795625158E-003   188.23785818749457     
   1.0459599811569213E-003   188.23779437615494     
   1.0551546047569214E-003   188.23772943802655     
   1.0644300546836154E-003   188.23766335321295     
   1.0737870414495128E-003   188.23759610146618     
   1.0832262818129593E-003   188.23752766218087     
   1.0927484988330421E-003   188.23745801438778     
   1.1023544219249770E-003   188.23738713674746     
   1.1120447869159826E-003   188.23731500754369     
   1.1218203361016460E-003   188.23724160467665     
   1.1316818183027828E-003   188.23716690565658     
   1.1416299889227988E-003   188.23709088759631     
   1.1516656100055550E-003   188.23701352720482     
   1.1617894502937401E-003   188.23693480077972     
   1.1720022852877584E-003   188.23685468420010     
   1.1823048973051335E-003   188.23677315291926     
   1.1926980755404362E-003   188.23669018195690     
   1.2031826161257358E-003   188.23660574589186     
   1.2137593221915868E-003   188.23651981885399     
   1.2244290039285489E-003   188.23643237451643     
   1.2351924786492487E-003   188.23634338608747     
   1.2460505708509876E-003   188.23625282630229     
   1.2570041122788994E-003   188.23616066741474     
   1.2680539419896626E-003   188.23606688118878     
   1.2792009064157733E-003   188.23597143888975     
   1.2904458594303835E-003   188.23587431127569     
   1.3017896624127089E-003   188.23577546858832     
   1.3132331843140124E-003   188.23567488054402     
   1.3247773017241657E-003   188.23557251632431     
   1.3364228989387976E-003   188.23546834456670     
   1.3481708680270336E-003   188.23536233335497     
   1.3600221088998282E-003   188.23525445020925     
   1.3719775293788994E-003   188.23514466207641     
   1.3840380452662703E-003   188.23503293531951     
   1.3962045804144197E-003   188.23491923570788     
   1.4084780667970513E-003   188.23480352840639     
   1.4208594445804829E-003   188.23468577796484     
   1.4333496621956659E-003   188.23456594830725     
   1.4459496764108364E-003   188.23444400272064     
   1.4586604524048036E-003   188.23431990384373     
   1.4714829638408852E-003   188.23419361365572     
   1.4844181929414906E-003   188.23406509346441     
   1.4974671305633611E-003   188.23393430389470     
   1.5106307762734706E-003   188.23380120487604     
   1.5239101384255938E-003   188.23366575563057     
   1.5373062342375475E-003   188.23352791466033     
   1.5508200898691116E-003   188.23338763973493     
   1.5644527405006331E-003   188.23324488787813     
   1.5782052304123230E-003   188.23309961535509     
   1.5920786130642507E-003   188.23295177765880     
   1.6060739511770384E-003   188.23280132949643     
   1.6201923168132689E-003   188.23264822477555     
   1.6344347914596055E-003   188.23249241658991     
   1.6488024661096374E-003   188.23233385720519     
   1.6632964413474489E-003   188.23217249804424     
   1.6779178274319278E-003   188.23200828967236     
   1.6926677443818115E-003   188.23184118178213     
   1.7075473220614830E-003   188.23167112317782     
   1.7225577002675193E-003   188.23149806175994     
   1.7377000288160008E-003   188.23132194450923     
   1.7529754676305913E-003   188.23114271747039     
   1.7683851868313869E-003   188.23096032573548     
   1.7839303668245507E-003   188.23077471342737     
   1.7996121983927331E-003   188.23058582368222     
   1.8154318827862874E-003   188.23039359863250     
   1.8313906318152859E-003   188.23019797938892     
   1.8474896679423498E-003   188.22999890602279     
   1.8637302243762874E-003   188.22979631754711     
   1.8801135451665624E-003   188.22959015189852     
   1.8966408852985890E-003   188.22938034591783     
   1.9133135107898653E-003   188.22916683533083     
   1.9301326987869523E-003   188.22894955472876     
   1.9470997376633051E-003   188.22872843754809     
   1.9642159271179641E-003   188.22850341605013     
   1.9814825782751132E-003   188.22827442130051     
   1.9989010137845160E-003   188.22804138314788     
   2.0164725679228286E-003   188.22780423020245     
   2.0341985866958114E-003   188.22756288981424     
   2.0520804279414318E-003   188.22731728805070     
   2.0701194614338790E-003   188.22706734967420     
   2.0883170689884878E-003   188.22681299811893     
   2.1066746445675901E-003   188.22655415546748     
   2.1251935943872938E-003   188.22629074242701     
   2.1438753370252002E-003   188.22602267830493     
   2.1627213035290689E-003   188.22574988098421     
   2.1817329375264389E-003   188.22547226689832     
   2.2009116953352129E-003   188.22518975100547     
   2.2202590460752123E-003   188.22490224676284     
   2.2397764717807128E-003   188.22460966609987     
   2.2594654675139737E-003   188.22431191939148     
   2.2793275414797580E-003   188.22400891543032     
   2.2993642151408664E-003   188.22370056139931     
   2.3195770233346807E-003   188.22338676284289     
   2.3399675143907350E-003   188.22306742363824     
   2.3605372502493228E-003   188.22274244596585     
   2.3812878065811388E-003   188.22241173027956     
   2.4022207729079820E-003   188.22207517527613     
   2.4233377527245140E-003   188.22173267786422     
   2.4446403636210865E-003   188.22138413313280     
   2.4661302374076547E-003   188.22102943431918     
   2.4878090202387743E-003   188.22066847277617     
   2.5096783727396985E-003   188.22030113793886     
   2.5317399701335866E-003   188.21992731729108     
   2.5539955023698257E-003   188.21954689633037     
   2.5764466742534860E-003   188.21915975853364     
   2.5990952055759088E-003   188.21876578532101     
   2.6219428312464466E-003   188.21836485601972     
   2.6449913014253575E-003   188.21795684782728     
   2.6682423816578736E-003   188.21754163577370     
   2.6916978530094416E-003   188.21711909268342     
   2.7153595122021536E-003   188.21668908913642     
   2.7392291717523820E-003   188.21625149342842     
   2.7633086601096188E-003   188.21580617153086     
   2.7875998217965371E-003   188.21535298704967     
   2.8121045175502853E-003   188.21489180118377     
   2.8368246244650222E-003   188.21442247268240     
   2.8617620361357033E-003   188.21394485780206     
   2.8869186628031340E-003   188.21345881026241     
   2.9122964315002990E-003   188.21296418120173     
   2.9378972861999701E-003   188.21246081913119     
   2.9637231879636227E-003   188.21194856988859     
   2.9897761150916545E-003   188.21142727659139     
   3.0160580632749229E-003   188.21089677958827     
   3.0425710457476223E-003   188.21035691641089     
   3.0693170934414978E-003   188.20980752172380     
   3.0962982551414192E-003   188.20924842727402     
   3.1235165976423182E-003   188.20867946183958     
   3.1509742059075102E-003   188.20810045117716     
   3.1786731832284046E-003   188.20751121796889     
   3.2066156513856211E-003   188.20691158176794     
   3.2348037508115181E-003   188.20630135894359     
   3.2632396407541548E-003   188.20568036262500     
   3.2919254994426940E-003   188.20504840264397     
   3.3208635242542544E-003   188.20440528547707     
   3.3500559318822357E-003   188.20375081418609     
   3.3795049585061171E-003   188.20308478835824     
   3.4092128599627564E-003   188.20240700404474     
   3.4391819119191864E-003   188.20171725369843     
   3.4694144100469340E-003   188.20101532611031     
   3.4999126701978764E-003   188.20030100634517     
   3.5306790285816333E-003   188.19957407567580     
   3.5617158419445263E-003   188.19883431151612     
   3.5930254877501095E-003   188.19808148735322     
   3.6246103643612858E-003   188.19731537267808     
   3.6564728912240243E-003   188.19653573291527     
   3.6886155090526938E-003   188.19574232935113     
   3.7210406800170254E-003   188.19493491906101     
   3.7537508879307191E-003   188.19411325483486     
   3.7867486384417027E-003   188.19327708510193     
   3.8200364592240752E-003   188.19242615385375     
   3.8536169001717230E-003   188.19156020056593     
   3.8874925335936508E-003   188.19067896011879     
   3.9216659544110220E-003   188.18978216271628     
   3.9561397803559318E-003   188.18886953380348     
   3.9909166521719325E-003   188.18794079398290     
   4.0259992338163141E-003   188.18699565892908     
   4.0613902126641725E-003   188.18603383930184     
   4.0970922997142596E-003   188.18505504065800     
   4.1331082297966547E-003   188.18405896336131     
   4.1694407617822570E-003   188.18304530249105     
   4.2060926787941136E-003   188.18201374774910     
   4.2430667884206137E-003   188.18096398336499     
   4.2803659229305561E-003   188.17989568799976     
   4.3179929394901026E-003   188.17880853464760     
   4.3559507203816388E-003   188.17770219053648     
   4.3942421732245662E-003   188.17657631702610     
   4.4328702311980245E-003   188.17543056950507     
   4.4718378532655817E-003   188.17426459728520     
   4.5111480244018915E-003   188.17307804349522     
   4.5508037558213499E-003   188.17187054497123     
   4.5908080852087542E-003   188.17064173214638     
   4.6311640769519978E-003   188.16939122893785     
   4.6718748223768050E-003   188.16811865263256     
   4.7129434399835312E-003   188.16682361376982     
   4.7543730756860452E-003   188.16550571602329     
   4.7961669030527065E-003   188.16416455607964     
   4.8383281235494704E-003   188.16279972351575     
   4.8808599667851237E-003   188.16141080067365     
   4.9237656907586743E-003   188.15999736253306     
   4.9670485821089209E-003   188.15855897658207     
   5.0107119563662147E-003   188.15709520268501     
   5.0547591582064313E-003   188.15560559294872     
   5.0991935617071800E-003   188.15408969158574     
   5.1440185706062612E-003   188.15254703477549     
   5.1892376185623985E-003   188.15097715052326     
   5.2348541694182630E-003   188.14937955851599     
   5.2808717174658033E-003   188.14775376997636     
   5.3272937877139187E-003   188.14609928751375     
   5.3741239361584803E-003   188.14441560497269     
   5.4213657500547189E-003   188.14270220727909     
   5.4690228481920206E-003   188.14095857028295     
   5.5170988811711280E-003   188.13918416059920     
   5.5655975316837815E-003   188.13737843544507     
   5.6145225147948181E-003   188.13554084247522     
   5.6638775782267533E-003   188.13367081961326     
   5.7136665026468582E-003   188.13176779488103     
   5.7638931019567659E-003   188.12983118622444     
   5.8145612235846224E-003   188.12786040133651     
   5.8656747487798059E-003   188.12585483747708     
   5.9172375929102310E-003   188.12381388128969     
   5.9692537057622758E-003   188.12173690861491     
   6.0217270718433396E-003   188.11962328430070     
   6.0746617106870650E-003   188.11747236200921     
   6.1280616771612331E-003   188.11528348402047     
   6.1819310617783774E-003   188.11305598103229     
   6.2362739910091225E-003   188.11078917195721     
   6.2910946275982751E-003   188.10848236371524     
   6.3463971708836971E-003   188.10613485102354     
   6.4021858571179820E-003   188.10374591618211     
   6.4584649597929566E-003   188.10131482885595     
   6.5152387899670367E-003   188.09884084585315     
   6.5725116965954589E-003   188.09632321089941     
   6.6302880668634235E-003   188.09376115440850     
   6.6885723265221447E-003   188.09115389324847     
   6.7473689402278878E-003   188.08850063050446     
   6.8066824118839511E-003   188.08580055523649     
   6.8665172849856834E-003   188.08305284223383     
   6.9268781429685155E-003   188.08025665176453     
   6.9877696095590608E-003   188.07741112932086     
   7.0491963491292981E-003   188.07451540536039     
   7.1111630670538679E-003   188.07156859504224     
   7.1736745100705141E-003   188.06856979795910     
   7.2367354666436883E-003   188.06551809786438     
   7.3003507673313518E-003   188.06241256239463     
   7.3645252851550075E-003   188.05925224278712     
   7.4292639359729738E-003   188.05603617359287     
   7.4945716788569518E-003   188.05276337238396     
   7.5604535164718982E-003   188.04943283945644     
   7.6269144954592260E-003   188.04604355752781     
   7.6939597068234004E-003   188.04259449142921     
   7.7615942863219021E-003   188.03908458779236     
   7.8298234148586436E-003   188.03551277473107     
   7.8986523188808253E-003   188.03187796151707     
   7.9680862707792992E-003   188.02817903825044     
   8.0381305892924318E-003   188.02441487552429     
   8.1087906399135313E-003   188.02058432408339     
   8.1800718353018508E-003   188.01668621447726     
   8.2519796356972097E-003   188.01271935670695     
   8.3245195493382457E-003   188.00868253986587     
   8.3976971328843641E-003   188.00457453177435     
   8.4715179918413847E-003   188.00039407860794     
   8.5459877809909227E-003   187.99613990451914     
   8.6211122048235628E-003   187.99181071125273     
   8.6968970179758243E-003   187.98740517775445     
   8.7733480256709812E-003   187.98292195977297     
   8.8504710841637389E-003   187.97835968945469     
   8.9282721011888482E-003   187.97371697493193     
   9.0067570364136280E-003   187.96899239990381     
   9.0859319018945020E-003   187.96418452321006     
   9.1658027625375182E-003   187.95929187839727     
   9.2463757365629264E-003   187.95431297327772     
   9.3276569959738608E-003   187.94924628948093     
   9.4096527670291027E-003   187.94409028199698     
   9.4923693307200352E-003   187.93884337871239     
   9.5758130232517693E-003   187.93350397993791     
   9.6599902365285088E-003   187.92807045792802     
   9.7449074186431763E-003   187.92254115639241     
   9.8305710743713508E-003   187.91691438999902     
   9.9169877656695368E-003   187.91118844386841     
   1.0004164112177825E-002   187.90536157305976     
   1.0092106791726963E-002   187.89943200204763     
   1.0180822540849887E-002   187.89339792419025     
   1.0270318155297749E-002   187.88725750118832     
   1.0360600490560482E-002   187.88100886253471     
   1.0451676462391942E-002   187.87465010495484     
   1.0543553047339659E-002   187.86817929183712     
   1.0636237283279254E-002   187.86159445265446     
   1.0729736269953554E-002   187.85489358237487     
   1.0824057169516434E-002   187.84807464086273     
   1.0919207207081451E-002   187.84113555226975     
   1.1015193671275306E-002   187.83407420441529     
   1.1112023914796151E-002   187.82688844815635     
   1.1209705354976816E-002   187.81957609674703     
   1.1308245474353005E-002   187.81213492518637     
   1.1407651821236446E-002   187.80456266955616     
   1.1507932010293116E-002   187.79685702634654     
   1.1609093723126528E-002   187.78901565177080     
   1.1711144708866163E-002   187.78103616106833     
   1.1814092784761053E-002   187.77291612779564     
   1.1917945836778594E-002   187.76465308310571     
   1.2022711820208630E-002   187.75624451501500     
   1.2128398760272840E-002   187.74768786765770     
   1.2235014752739465E-002   187.73898054052810     
   1.2342567964543477E-002   187.73011988770972     
   1.2451066634412160E-002   187.72110321709144     
   1.2560519073496217E-002   187.71192778957064     
   1.2670933666006421E-002   187.70259081824273     
   1.2782318869855841E-002   187.69308946757732     
   1.2894683217307747E-002   187.68342085258018     
   1.3008035315629182E-002   187.67358203794151     
   1.3122383847750293E-002   187.66357003716976     
   1.3237737572929465E-002   187.65338181171080     
   1.3354105327424278E-002   187.64301427005267     
   1.3471496025168384E-002   187.63246426681530     
   1.3589918658454332E-002   187.62172860182471     
   1.3709382298622378E-002   187.61080401917209     
   1.3829896096755376E-002   187.59968720625719     
   1.3951469284379750E-002   187.58837479281578     
   1.4074111174172656E-002   187.57686334993070     
   1.4197831160675333E-002   187.56514938902689     
   1.4322638721012748E-002   187.55322936084926     
   1.4448543415619552E-002   187.54109965442439     
   1.4575554888972424E-002   187.52875659600403     
   1.4703682870328853E-002   187.51619644799214     
   1.4832937174472410E-002   187.50341540785357     
   1.4963327702464573E-002   187.49040960700495     
   1.5094864442403171E-002   187.47717510968749     
   1.5227557470187473E-002   187.46370791182093     
   1.5361416950290030E-002   187.45000393983904     
   1.5496453136535276E-002   187.43605904950567     
   1.5632676372884995E-002   187.42186902471173     
   1.5770097094230672E-002   187.40742957625233     
   1.5908725827192830E-002   187.39273634058404     
   1.6048573190927385E-002   187.37778487856173     
   1.6189649897939078E-002   187.36257067415542     
   1.6331966754902078E-002   187.34708913314535     
   1.6475534663487786E-002   187.33133558179674     
   1.6620364621199903E-002   187.31530526551273     
   1.6766467722216891E-002   187.29899334746560     
   1.6913855158241755E-002   187.28239490720571     
   1.7062538219359394E-002   187.26550493924856     
   1.7212528294901386E-002   187.24831835163855     
   1.7363836874318469E-002   187.23082996448994     
   1.7516475548060621E-002   187.21303450850462     
   1.7670456008464931E-002   187.19492662346599     
   1.7825790050651220E-002   187.17650085670857     
   1.7982489573425575E-002   187.15775166156382     
   1.8140566580191836E-002   187.13867339578096     
   1.8300033179871028E-002   187.11926031992240     
   1.8460901587828968E-002   187.09950659573457     
   1.8623184126811944E-002   187.07940628449231     
   1.8786893227890684E-002   187.05895334531755     
   1.8952041431412568E-002   187.03814163347155     
   1.9118641387962248E-002   187.01696489862016     
   1.9286705859330705E-002   186.99541678307219     
   1.9456247719492809E-002   186.97349081999022     
   1.9627279955593498E-002   186.95118043157348     
   1.9799815668942587E-002   186.92847892721255     
   1.9973868076018381E-002   186.90537950161570     
   2.0149450509480048E-002   186.88187523290597     
   2.0326576419188922E-002   186.85795908068914     
   2.0505259373238813E-002   186.83362388409208     
   2.0685513058995283E-002   186.80886235977087     
   2.0867351284144187E-002   186.78366709988879     
   2.1050787977749296E-002   186.75803057006331     
   2.1235837191319329E-002   186.73194510728212     
   2.1422513099884296E-002   186.70540291778727     
   2.1610830003081342E-002   186.67839607492814     
   2.1800802326250094E-002   186.65091651698125     
   2.1992444621537686E-002   186.62295604493835     
   2.2185771569013465E-002   186.59450632026056     
   2.2380797977793496E-002   186.56555886260011     
   2.2577538787174983E-002   186.53610504748750     
   2.2776009067780618E-002   186.50613610398506     
   2.2976224022713026E-002   186.47564311230576     
   2.3178198988719336E-002   186.44461700139743     
   2.3381949437366000E-002   186.41304854649132     
   2.3587490976223945E-002   186.38092836661568     
   2.3794839350064115E-002   186.34824692207275     
   2.4004010442063559E-002   186.31499451187989     
   2.4215020275022106E-002   186.28116127117400     
   2.4427885012589728E-002   186.24673716857870     
   2.4642620960504694E-002   186.21171200353442     
   2.4859244567842616E-002   186.17607540359057     
   2.5077772428276475E-002   186.13981682165982     
   2.5298221281347722E-002   186.10292553323390     
   2.5520608013748541E-002   186.06539063356081     
   2.5744949660615395E-002   186.02720103478282     
   2.5971263406833950E-002   185.98834546303547     
   2.6199566588355452E-002   185.94881245550630     
   2.6429876693524694E-002   185.90859035745441     
   2.6662211364419642E-002   185.86766731918920     
   2.6896588398202838E-002   185.82603129300870     
   2.7133025748484703E-002   185.78367003009723     
   2.7371541526698781E-002   185.74057107738196     
   2.7612154003489150E-002   185.69672177434794     
   2.7854881610109915E-002   185.65210924981193     
   2.8099742939837122E-002   185.60672041865402     
   2.8346756749393003E-002   185.56054197850747     
   2.8595941960382766E-002   185.51356040640638     
   2.8847317660744023E-002   185.46576195539086     
   2.9100903106208970E-002   185.41713265106955     
   2.9356717721779356E-002   185.36765828813930     
   2.9614781103214523E-002   185.31732442686251     
   2.9875113018532424E-002   185.26611638950081     
   3.0137733409523904E-002   185.21401925670585     
   3.0402662393280263E-002   185.16101786386702     
   3.0669920263734253E-002   185.10709679741581     
   3.0939527493214623E-002   185.05224039108697     
   3.1211504734014323E-002   184.99643272213592     
   3.1485872819972512E-002   184.93965760751354     
   3.1762652768070443E-002   184.88189859999699     
   3.2041865780041402E-002   184.82313898427782     
   3.2323533243994791E-002   184.76336177300664     
   3.2607676736054497E-002   184.70254970279467     
   3.2894318022011620E-002   184.64068523017301     
   3.3183479058991786E-002   184.57775052750816     
   3.3475181997137136E-002   184.51372747887623     
   3.3769449181302952E-002   184.44859767589404     
   3.4066303152769407E-002   184.38234241350852     
   3.4365766650968223E-002   184.31494268574463     
   3.4667862615224518E-002   184.24637918141187     
   3.4972614186514019E-002   184.17663227976985     
   3.5280044709235688E-002   184.10568204615353     
   3.5590177732999953E-002   184.03350822755854     
   3.5903037014432586E-002   183.96009024818716     
   3.6218646518994549E-002   183.88540720495524     
   3.6537030422817786E-002   183.80943786296152     
   3.6858213114557080E-002   183.73216065091867     
   3.7182219197258351E-002   183.65355365654864     
   3.7509073490243197E-002   183.57359462194117     
   3.7838801031010165E-002   183.49226093887799     
   3.8171427077152598E-002   183.40952964412259     
   3.8506977108293435E-002   183.32537741467684     
   3.8845476828036983E-002   183.23978056300609     
   3.9186952165937837E-002   183.15271503223283     
   3.9531429279487135E-002   183.06415639130097     
   3.9878934556116241E-002   182.97407983011186     
   4.0229494615218082E-002   182.88246015463324     
   4.0583136310186216E-002   182.78927178198236     
   4.0939886730471824E-002   182.69448873548569     
   4.1299773203658845E-002   182.59808463971595     
   4.1662823297557279E-002   182.50003271550818     
   4.2029064822314895E-002   182.40030577495770     
   4.2398525832547579E-002   182.29887621640049     
   4.2771234629488321E-002   182.19571601937918     
   4.3147219763155158E-002   182.09079673959582     
   4.3526510034538099E-002   181.98408950385445     
   4.3909134497805369E-002   181.87556500499539     
   4.4295122462528973E-002   181.76519349682385     
   4.4684503495929874E-002   181.65294478903502     
   4.5077307425142855E-002   181.53878824213936     
   4.5473564339501324E-002   181.42269276239008     
   4.5873304592842216E-002   181.30462679671555     
   4.6276558805831147E-002   181.18455832766097     
   4.6683357868307955E-002   181.06245486834155     
   4.7093732941652942E-002   180.93828345741039     
   4.7507715461173904E-002   180.81201065404613     
   4.7925337138514032E-002   180.68360253296214     
   4.8346629964081171E-002   180.55302467944253     
   4.8771626209498251E-002   180.42024218440864     
   4.9200358430075405E-002   180.28521963952008     
   4.9632859467303683E-002   180.14792113231482     
   5.0069162451370823E-002   180.00831024139313     
   5.0509300803698996E-002   179.86635003164972     
   5.0953308239505023E-002   179.72200304955976     
   5.1401218770382923E-002   179.57523131852321     
   5.1853066706909312E-002   179.42599633427307     
   5.2308886661271606E-002   179.27425906035398     
   5.2768713549919376E-002   179.11997992367569     
   5.3232582596238989E-002   178.96311881014830     
   5.3700529333251784E-002   178.80363506040558     
   5.4172589606335926E-002   178.64148746562233     
   5.4648799575972247E-002   178.47663426343343     
   5.5129195720514154E-002   178.30903313396092     
   5.5613814838981958E-002   178.13864119595647     
   5.6102694053881706E-002   177.96541500306745     
   5.6595870814048807E-002   177.78931054023391     
   5.7093382897516698E-002   177.61028322022429     
   5.7595268414410677E-002   177.42828788031943     
   5.8101565809867181E-002   177.24327877915243     
   5.8612313866978773E-002   177.05520959371401     
   5.9127551709764935E-002   176.86403341653278     
   5.9647318806169053E-002   176.66970275303962     
   6.0171654971081713E-002   176.47216951912677     
   6.0700600369390581E-002   176.27138503891152     
   6.1234195519057066E-002   176.06730004271537     
   6.1772481294220076E-002   175.85986466526981     
   6.2315498928327051E-002   175.64902844415980     
   6.2863290017292461E-002   175.43474031851707     
   6.3415896522684118E-002   175.21694862797546     
   6.3973360774937538E-002   174.99560111189990     
   6.4535725476598457E-002   174.77064490890376     
   6.5103033705593921E-002   174.54202655666595     
   6.5675328918532158E-002   174.30969199206271     
   6.6252654954031320E-002   174.07358655162787     
   6.6835056036077714E-002   173.83365497235661     
   6.7422576777413298E-002   173.58984139286645     
   6.8015262182953118E-002   173.34208935493274     
   6.8613157653232851E-002   173.09034180541309     
   6.9216308987886346E-002   172.83454109857772     
   6.9824762389154138E-002   172.57462899886229     
   7.0438564465422501E-002   172.31054668406108     
   7.1057762234793695E-002   172.04223474897697     
   7.1682403128687719E-002   171.76963320954815     
   7.2312534995475547E-002   171.49268150746889     
   7.2948206104144361E-002   171.21131851532408     
   7.3589465147995123E-002   170.92548254225721     
   7.4236361248372448E-002   170.63511134019225     
   7.4888943958427420E-002   170.34014211062930     
   7.5547263266913411E-002   170.04051151203646     
   7.6211369602015341E-002   169.73615566785787     
   7.6881313835212434E-002   169.42701017516231     
   7.7557147285175196E-002   169.11301011395295     
   7.8238921721696386E-002   168.79409005716309     
   7.8926689369656661E-002   168.47018408136051     
   7.9620502913025179E-002   168.14122577818546     
   8.0320415498895084E-002   167.80714826654673     
   8.1026480741554857E-002   167.46788420560082     
   8.1738752726595060E-002   167.12336580854057     
   8.2457286015051520E-002   166.77352485721897     
   8.3182135647584657E-002   166.41829271763532     
   8.3913357148695744E-002   166.05760035631053     
   8.4651006530980191E-002   165.69137835757954     
   8.5395140299418082E-002   165.31955694182963     
   8.6145815455702643E-002   164.94206598471175     
   8.6903089502606570E-002   164.55883503735546     
   8.7667020448386909E-002   164.16979334761632     
   8.8437666811228513E-002   163.77486988238550     
   8.9215087623726569E-002   163.37399335099244     
   8.9999342437408730E-002   162.96709222973053     
   9.0790491327296663E-002   162.55409478753768     
   9.1588594896508016E-002   162.13492911286230     
   9.2393714280898639E-002   161.70952314174681     
   9.3205911153745699E-002   161.27780468716085     
   9.4025247730471953E-002   160.83970146961548     
   9.4851786773411453E-002   160.39514114909156     
   9.5685591596617353E-002   159.94405135831468     
   9.6526726070711777E-002   159.48635973740875     
   9.7375254627778407E-002   159.02199396996167     
   9.8231242266298091E-002   158.55088182053555     
   9.9094754556127790E-002   158.07295117365408     
   9.9965857643523365E-002   157.58813007430027     
  0.10084461825620640        157.09634676995651     
  0.10173110370847575        156.59752975421966     
  0.10262538190636381        156.09160781202368     
  0.10352752135283821        155.57851006650088     
  0.10443759115304936        155.05816602751386     
  0.10535566101962386        154.53050564188911     
  0.10628180127800467        153.99545934538222     
  0.10721608287183809        153.45295811640554     
  0.10815857736840821        152.90293353154624     
  0.10910935696411898        152.34531782290418     
  0.11006849449002459        151.78004393727616     
  0.11103606341740849        151.20704559721381     
  0.11201213786341127        150.62625736397970     
  0.11299679259670826        150.03761470242611     
  0.11399010304323687        149.44105404781916     
  0.11499214529197427        148.83651287462959     
  0.11600299610076598        148.22392976730953     
  0.11702273290220563        147.60324449307373     
  0.11805143380956637        146.97439807670045     
  0.11908917762278447        146.33733287736689     
  0.12013604383449547        145.69199266753000     
  0.12119211263612355        145.03832271386290     
  0.12225746492402413        144.37626986025319     
  0.12333218230568081        143.70578261286767     
  0.12441634710595650        143.02681122728475     
  0.12551004237339963        142.33930779769244     
  0.12661335188660591        141.64322634814749     
  0.12772636016063574        140.93852292588664     
  0.12884915245348819        140.22515569667831     
  0.12998181477263207        139.50308504219831     
  0.13112443388159395        138.77227365940956     
  0.13227709730660456        138.03268666192193     
  0.13343989334330336        137.28429168330209     
  0.13461291106350215        136.52705898230101     
  0.13579624032200799        135.76096154995909     
  0.13698997176350636        134.98597521854583     
  0.13819419682950448        134.20207877228387     
  0.13940900776533607        133.40925405980246     
  0.14063449762722732        132.60748610825905     
  0.14187076028942519        131.79676323906108     
  0.14311789045138826        130.97707718511396     
  0.14437598364504092        130.14842320951476     
  0.14564513624209119        129.31080022560266     
  0.14692544546141290        128.46421091827173     
  0.14821700937649290        127.60866186644222     
  0.14951992692294358        126.74416366658016     
  0.15083429790608135        125.87073105714612     
  0.15216022300857213        124.98838304384525     
  0.15349780379814348        124.09714302554326     
  0.15484714273536507        123.19703892070289     
  0.15620834318149723        122.28810329418675     
  0.15758150940640853        121.37037348426342     
  0.15896674659656299        120.44389172964281     
  0.16036416086307759        119.50870529635868     
  0.16177385924985044        118.56486660430481     
  0.16319594974176060        117.61243335322092     
  0.16463054127293977        116.65146864791595     
  0.16607774373511683        115.68204112250262     
  0.16753766798603578        114.70422506340958     
  0.16901042585794743        113.71810053092429     
  0.17049613016617607        112.72375347901004     
  0.17199489471776117        111.72127587312877     
  0.17350683432017527        110.71076580579123     
  0.17503206479011837        109.69232760954347     
  0.17657070296238944        108.66607196708929     
  0.17812286669883648        107.63211601823544     
  0.17968867489738471        106.59058346333694     
  0.18126824750114418        105.54160466290865     
  0.18286170550759795        104.48531673305739     
  0.18446917097787024        103.42186363638103     
  0.18609076704607694        102.35139626796781     
  0.18772661792875742        101.27407253612225     
  0.18937684893438997        100.19005743743207     
  0.19104158647299047        99.099523125783364     
  0.19272095806579573        98.002648974921755     
  0.19441509235503157        96.899621634149980     
  0.19612411911376723        95.790635076744167     
  0.19784816925585591        94.675890640666040     
  0.19958737484596331        93.555597061139878     
  0.20134186910968357        92.429970494661745     
  0.20311178644374486        91.299234534000405     
  0.20489726242630418        90.163620213749624     
  0.20669843382733286        89.023366005988009     
  0.20851543861909339        87.878717805601639     
  0.21034841598670823        86.729928904826224     
  0.21219750633882170        85.577259956566692     
  0.21406285131835531        84.420978926055639     
  0.21594459381335793        83.261361030416865     
  0.21784287796795110        82.098688665706788     
  0.21975784919337085        80.933251321014595     
  0.22168965417910627        79.765345479212499     
  0.22363844090413612        78.595274503958393     
  0.22560435864826436        77.423348512568367     
  0.22758755800355504        76.249884234391487     
  0.22958819088586793        75.075204854338182     
  0.23160641054649550        73.899639841233508     
  0.23364237158390225        72.723524760689401     
  0.23569622995556691        71.547201072215699     
  0.23776814298992938        70.371015910316302     
  0.23985826939844196        69.195321849348232     
  0.24196676928772717        68.020476651952833     
  0.24409380417184190        66.846843000905011     
  0.24623953698464970        65.674788214263202     
  0.24840413209230186        64.504683943744197     
  0.25058775530582783        63.336905856290628     
  0.25279057389383686        62.171833298843879     
  0.25501275659533085        61.009848946385702     
  0.25725447363262999        59.851338433361434     
  0.25951589672441205        58.696689968653700     
  0.26179719909886640        57.546293934330507     
  0.26409855550696332        56.400542468452244     
  0.26642014223584026        55.259829032282454     
  0.26876213712230579        54.124547962311958     
  0.27112471956646189        52.995094007571765     
  0.27350807054544668        51.871861852777585     
  0.27591237262729701        50.755245627919436     
  0.27833780998493374        49.645638404980588     
  0.28078456841026961        48.543431682542973     
  0.28325283532844109        47.449014859110100     
  0.28574279981216560        46.362774696053350     
  0.28825465259622440        45.285094771162392     
  0.29078858609207342        44.216354923855981     
  0.29334479440258210        43.156930693184691     
  0.29592347333690222        42.107192749831967     
  0.29852482042546669        41.067506323393211     
  0.30114903493512107        40.038230626285056     
  0.30379631788438749        39.019718275707845     
  0.30646687205886303        38.012314715151838     
  0.30916090202675328        37.016357637003637     
  0.31187861415454271        36.032176407870743     
  0.31462021662280248        35.060091498300764     
  0.31738591944213740        34.100413918625179     
  0.32017593446927312        33.153444662706349     
  0.32299047542328468        32.219474161409792     
  0.32582975790196750        31.298781747660762     
  0.32869399939835259        30.391635134974418     
  0.33158341931736679        29.498289911372353     
  0.33449823899263964        28.618989050613187     
  0.33743868170345764        27.753962442672709     
  0.34040497269186792        26.903426445406353     
  0.34339733917993198        26.067583459316324     
  0.34641601038713127        25.246621527324365     
  0.34946121754792570        24.440713961420091     
  0.35253319392946653        23.650018998012960     
  0.35563217484946508        22.874679483762876     
  0.35875839769421819        22.114822593600877     
  0.36191210193679252        21.370559582575236     
  0.36509352915536836        20.641985573071516     
  0.36830292305174511        19.929179378856141     
  0.37154052947000876        19.232203367282693     
  0.37480659641536451        18.551103360877420     
  0.37810137407313366        17.885908579387976     
  0.38142511482791863        17.236631623233464     
  0.38477807328293567        16.603268499139588     
  0.38816050627951809        15.985798688576246     
  0.39157267291679043        15.384185259440123     
  0.39501483457151615        14.798375021240203     
  0.39848725491811882        14.228298723852204     
  0.40199019994888069        13.673871299707663     
  0.40552393799431768        13.134992149078521     
  0.40908873974373394        12.611545467906749     
  0.41268487826595696        12.103400617414231     
  0.41631262903025523        11.610412534511385     
  0.41997226992743925        11.132422181805079     
  0.42366408129114874        10.669257035789089     
  0.42738834591932634        10.220731611585510     
  0.43114534909588031        9.7866480223940524     
  0.43493537861253789        9.3667965716006130     
  0.43875872479089029        8.9609563752981565     
  0.44261568050463201        8.5688960127835472     
  0.44650654120199501        8.1903742024156934     
  0.45043160492838097        7.8251405000542622     
  0.45439117234919141        7.4729360171470454     
  0.45838554677285959        7.1334941553981537     
  0.46241503417408403        6.8065413548316815     
  0.46647994321726666        6.4917978519663393     
  0.47058058528015717        6.1889784447383089     
  0.47471727447770468        5.8977932607530459     
  0.47889032768611961        5.6179485254126540     
  0.48310006456714666        5.3491473264555776     
  0.48734680759255150        5.0910903714594378     
  0.49163088206882249        4.8434767348971315     
  0.49595261616208963        4.6060045914006515     
  0.50031234092326260        4.3783719319765133     
  0.50471039031338949        4.1602772600313402     
  0.50914710122923912        3.9514202642048595     
  0.51362281352910744        3.7515024651703390     
  0.51813787005885126        3.5602278337476649     
  0.52269261667815070        3.3773033778807453     
  0.52728740228700255        3.2024396962573469     
  0.53192257885244665        3.0353514965936195     
  0.53659850143552679        2.8757580768657425     
  0.54131552821848883        2.7233837680446871     
  0.54607402053221887        2.5779583371749455     
  0.55087434288392001        2.4392173499312775     
  0.55571686298503586        2.3069024920861358     
  0.56060195177941663        2.1807618496222316     
  0.56552998347173422        2.0605501475255577     
  0.57050133555614702        1.9460289475922117     
  0.57551638884521672        1.8369668058736734     
  0.58057552749907804        1.7331393906672403     
  0.58567913905486746        1.6343295622278555     
  0.59082761445640741        1.5403274156322615     
  0.59602134808415475        1.4509302884628548     
  0.60126073778540989        1.3659427351953468     
  0.60654618490479240        1.2851764703681765     
  0.61187809431498530        1.2084502827813728     
  0.61725687444774802        1.1355899231162951     
  0.62268293732520352        1.0664279674840418     
  0.62815669859139944        1.0008036594985998     
  0.63367857754414714       0.93856273353028352     
  0.63924899716714012       0.87955722182553664     
  0.64486838416235603       0.82364524818097551     
  0.65053716898274172       0.77069081083323498     
  0.65625578586518696       0.72056355717261311     
  0.66202467286378763       0.67313855280914880     
  0.66784427188340101       0.62829604741615996     
  0.67371502871349709       0.58592123965040610     
  0.67963739306230542       0.54590404330227527     
  0.68561181859126430       0.50813885666594794     
  0.69163876294977178       0.47252433694140972     
  0.69771868781024204       0.43896318128995326     
  0.70385205890347013       0.40736191596556998     
  0.71003934605430774       0.37763069473929906     
  0.71628102321765252       0.34968310762518967     
  0.72257756851475341       0.32343600070793277     
  0.72892946426983563       0.29880930766634772     
  0.73533719704704736       0.27572589338643799     
  0.74180125768773120       0.25411140986517655     
  0.74832214134802300       0.23389416442387448     
  0.75490034753678259       0.21500500007997814     
  0.76153638015385527       0.19737718777019203     
  0.76823074752867249       0.18094632997740717     
  0.77498396245919021       0.16565027519023362     
  0.78179654225116990       0.15142904251775718     
  0.78866900875780444       0.13822475569405210     
  0.79560188841969426       0.12598158563711484     
  0.80259571230517124       0.11464570067520050     
  0.80965101615098156       0.10416522351954560     
  0.81676834040332236        9.4490194045603382E-002
  0.82394823025924091        8.5572536944157410E-002
  0.83119123570839826        7.7366033318001348E-002
  0.83849791157519815        6.9826295327913526E-002
  0.84586881756128818        6.2910743031971861E-002
  0.85330451828843357        5.6578582613317344E-002
  0.86080558334176704        5.0790785251609523E-002
  0.86837258731342160        4.5510065960976828E-002
  0.87600610984654370        4.0700861790563238E-002
  0.88370673567969504        3.6329308861134467E-002
  0.89147505469164445        3.2363217791054416E-002
  0.89931166194655388        2.8772047145730131E-002
  0.90721715773956046        2.5526874624930744E-002
  0.91519214764276002        2.2600365780908190E-002
  0.92323724255159545        1.9966740135808379E-002
  0.93135305873165097        1.7601734638433737E-002
  0.93954021786586051        1.5482564467118395E-002
  0.94779934710212776        1.3587881246591493E-002
  0.95613107910136830        1.1897728801651285E-002
  0.96453605208597060        1.0393496618850070E-002
  0.97301490988868633        9.0578712289158987E-003
  0.98156830200194778        7.8747857571921341E-003
  0.99019688362762015        6.8293679169510969E-003
  0.99890131572719121        5.9078867411573640E-003
   1.0076822650724020        5.0976983623417854E-003
   1.0165404042963218        4.3871911580158698E-003
   1.0254764119448729        3.7657305809070340E-003
   1.0344909725288092        3.2236039896902406E-003
   1.0435847765761492        2.7519657873475273E-003
   1.0527585206850727        2.3427831613576440E-003
   1.0620129075772804        1.9887827031859337E-003
   1.0713486461518233        1.6833981646050418E-003
   1.0807664515394062        1.4207195858278914E-003
   1.0902670451571670        1.1954440058684003E-003
   1.0998511547639385        1.0028279395358204E-003
   1.1095195145159957        8.3864177856572296E-004
   1.1192728650232933        6.9912624711145923E-004
   1.1291119534061966        5.8095101464306737E-004
   1.1390375333527143        4.8117554266133056E-004
   1.1490503651762289        3.9721221592101829E-004
   1.1591512158737405        3.2679178440651429E-004
   1.1693408591846186        2.6793111940139660E-004
   1.1796200756498711        2.1890326587362176E-004
   1.1899896526719362        1.7820975424107064E-004
   1.2004503845749972        1.4455511751791642E-004
   1.2110030726658303        1.1682354495130934E-004
   1.2216485252951843        9.4057590574875269E-005
   1.2323875579197023        7.5438844622145937E-005
   1.2432209931643872        6.0270467412547459E-005
   1.2541496608856144        4.7961479063641916E-005
   1.2651743982347015        3.8012694085469954E-005
   1.2762960497220346        3.0004187440964723E-005
   1.2875154672817595        2.3584177856045599E-005
   1.2988335103370399        1.8459214865344064E-005
   1.3102510458658911        1.4385558106267756E-005
   1.3217689484675934        1.1161640542150703E-005
   1.3333881004296839        8.6215114209102452E-006
   1.3451093917955443        6.6291596786397475E-006
   1.3569337204325782        5.0736240044260256E-006
   1.3688619921009890        3.8648017295638449E-006
   1.3808951205231621        2.9298749395351380E-006
   1.3930340274536583        2.2102785927780265E-006
   1.4052796427498206        1.6591418437405886E-006
   1.4176329044430029        1.2391401022828744E-006
   1.4300947588104245        9.2070152668357852E-007
   1.4426661604476561        6.8051756892283485E-007
   1.4553480723417438        5.0031280969393935E-007
   1.4681414659449743        3.6583459257303465E-007
   1.4810473212492907        2.6602786134317887E-007
   1.4940666268613596        1.9236510328454803E-007
   1.5072003800783016        1.3830539677718534E-007
   1.5204495869640842        9.8860255592961006E-008
   1.5338152624265886        7.0247264326128912E-008
   1.5472984302953525        4.9615425345951070E-008
   1.5609001233999977        3.4828708108354413E-008
   1.5746213836493455        2.4296530807159409E-008
   1.5884632621112280        1.6841838659767010E-008
   1.6024268190930036        1.1599100340456273E-008
   1.6165131242227744        7.9359522755063123E-009
   1.6307232565313248        5.3934073709852610E-009
   1.6450583045347749        3.6405369217852256E-009
   1.6595193663179622        2.4403571492064194E-009
   1.6741075496185578        1.6243284410829248E-009
   1.6888239719119189        1.0734273265037530E-009
   1.7036697604966908        7.0419779672362799E-010
   1.7186460525811578        4.5854693627939951E-010
   1.7337539953703562        2.9633500883573727E-010
   1.7489947461539517        1.9003520474102072E-010
   1.7643694723948888        1.2091438694601228E-010
   1.7798793518188210        7.6322843392608322E-011
   1.7955255725043244        4.7786203115660958E-011
   1.8113093329739092        2.9672874409265506E-011
   1.8272318422858254        1.8271004011046286E-011
   1.8432943201266794        1.1154404225834740E-011
   1.8594979969048644        6.7506539729048505E-012
   1.8758441138448103        4.0494308751341763E-012
   1.8923339230820637        2.4072588817558827E-012
   1.9089686877592040        1.4179570019587579E-012
   1.9257496821226001        8.2745493322319966E-013
   1.9426781916200213        4.7829405894226882E-013
   1.9597555129991031        2.7380541384104763E-013
   1.9769829544066813        1.5520698206608267E-013
   1.9943618354889954        8.7101797284718039E-014
