                                                  
                                                                                                                                                                                                                                                                
        SCF,CCSD
   -144.32724618,   -145.12651966
   -144.26196079,   -145.11083215
   -144.05370851,   -145.00418019
   -144.08103057,   -144.82276434
   -144.02752025,   -144.83685468
   -143.50287885,   -144.20922515
   -142.35531092,   -142.98038327
   -140.54519489,   -141.09149629
   -137.64910293,   -138.16474316
   -133.90330240,   -134.38501803
   -129.17351500,   -129.63136825
   -123.38899564,   -123.83367800
   -116.55869273,   -116.98691140
    -38.39989165,    -38.50880141
   -144.25519286,   -145.14917460
                                                  
