                                                  
                                                                                                                                                                                                                                                                
         SCF,CCSD
   -1157.403847,   -1157.996577
   -1157.273832,   -1157.914230
   -1157.054606,   -1157.778880
   -1157.185315,   -1157.724367
   -1157.047203,   -1157.653235
   -1156.639163,   -1157.149150
   -1155.443931,   -1155.912199
   -1153.598658,   -1154.025102
   -1150.973797,   -1151.367170
   -1147.494010,   -1147.862316
   -1143.154175,   -1143.493743
   -1084.419709,   -1084.508420
   -1157.258324,   -1157.945696
                                                  
