                                                  
                                                                                                                                                                                                                                                                
         SCF,CCSD
   -1157.402518,   -1157.970203
   -1157.272442,   -1157.885438
   -1157.053174,   -1157.748118
   -1157.183960,   -1157.698515
   -1157.045788,   -1157.624485
   -1156.637709,   -1157.123257
   -1155.442535,   -1155.889006
   -1153.597435,   -1154.005088
   -1150.972711,   -1151.350791
   -1147.493080,   -1147.850013
   -1143.153494,   -1143.485573
   -1084.419021,   -1084.507610
   -1157.256916,   -1157.916300
                                                  
