                                                  
                                                                                                                                                                                                                                                                
         SCF,CCSD
   -1638.950069,   -1640.352816
   -1638.963727,   -1640.422769
   -1638.681131,   -1640.026291
   -1638.728228,   -1640.146692
   -1638.084498,   -1639.391387
   -1636.820037,   -1638.026613
   -1634.782524,   -1635.904407
   -1631.885232,   -1632.933639
   -1628.123366,   -1629.094778
   -1623.016419,   -1623.954077
   -1616.883266,   -1617.780619
   -1609.584111,   -1610.448599
   -1601.054774,   -1601.893968
   -1591.321877,   -1592.129097
   -1490.604420,   -1491.094186
   -1638.963933,   -1640.465132
                                                  
