                                                  
                                                                                                                                                                                                                                                                
       SCF,CCSD
   -57.73623329,   -58.21942951
   -57.71141731,   -58.18556695
   -57.57073889,   -58.07878480
   -57.53258188,   -57.96915255
   -57.50950913,   -57.95943675
   -57.05706724,   -57.46995311
   -56.08022134,   -56.46721830
   -54.52960903,   -54.88932935
   -20.32432952,   -20.41196384
   -57.69738079,   -58.21503900
                                                  
