                                                  
                                                                                                                                                                                                                                                                
       SCF,CCSD
   -57.73611897,   -58.21286770
   -57.71130876,   -58.17845438
   -57.57063310,   -58.07136125
   -57.53246911,   -57.96269299
   -57.50940281,   -57.95221038
   -57.05695616,   -57.46355683
   -56.08010364,   -56.46199299
   -54.52948535,   -54.88544352
   -20.32414652,   -20.41170520
   -57.69722541,   -58.20794215
                                                  
