                                                  
                                                                                                                                                                                                                                                                
       SCF,CCSD
   -57.73587460,   -58.19691275
   -57.71099875,   -58.16083807
   -57.57027201,   -58.05290189
   -57.53221035,   -57.94689958
   -57.50908032,   -57.93421665
   -57.05665490,   -57.44771745
   -56.07993766,   -56.44971644
   -54.52952703,   -54.87729400
   -20.32420176,   -20.41164156
   -57.69687629,   -58.19044802
                                                  
