                                                  
                                                                                                                                                                                                                                                                
        SCF,CCSD
   -852.7542085,   -853.2022897
   -852.7290839,   -853.1718346
   -852.5895166,   -853.0676536
   -852.5504320,   -852.9522410
   -852.5272470,   -852.9464470
   -852.0747209,   -852.4530083
   -851.0993577,   -851.4460731
   -849.5485385,   -849.8622144
   -815.3665372,   -815.4449649
   -852.7150519,   -853.2006542
                                                  
