                                                  
                                                                                                                                                                                                                                                                
        SCF,CCSD
   -852.7540492,   -853.1959724
   -852.7289216,   -853.1649440
   -852.5893532,   -853.0604282
   -852.5502734,   -852.9460277
   -852.5270845,   -852.9394428
   -852.0745600,   -852.4468560
   -851.0991965,   -851.4410967
   -849.5483774,   -849.8585743
   -815.3663778,   -815.4447310
   -852.7148436,   -853.1937785
                                                  
