                                                  
                                                                                                                                                                                                                                                                
        SCF,CCSD
   -852.7534152,   -853.1807520
   -852.7282341,   -853.1480670
   -852.5886261,   -853.0426853
   -852.5496168,   -852.9309726
   -852.5263721,   -852.9222109
   -852.0738646,   -852.4317818
   -851.0986382,   -851.4294939
   -849.5479684,   -849.8508799
   -815.3659582,   -815.4442126
   -852.7141144,   -853.1769946
                                                  
