                                                  
                                                                                                                                                                                                                                                                
       SCF,CCSD
   -70.89559755,   -71.39898672
   -70.88732714,   -71.38749263
   -70.76838932,   -71.30183656
   -70.68689027,   -71.14101931
   -70.67570706,   -71.14848079
   -65.08353597,   -65.44223823
   -23.40265246,   -23.49759726
   -70.86980386,   -71.41290215
   -70.18653665,   -70.61449201
   -69.14557716,   -69.54322445
   -67.45472115,   -67.83343777
                                                  
