                                                  
                                                                                                                                                                                                                                                                
        SCF,CCSD
   -103.50387834,   -104.09048330
   -103.37684914,   -104.00618091
   -103.15903231,   -103.86848813
   -103.28612478,   -103.81924451
   -103.15013317,   -103.74469977
   -102.73930365,   -103.24297024
   -101.53905807,   -102.00811537
    -99.68681199,   -100.12226047
    -97.05282508,    -97.46512530
    -93.56126509,    -93.96058919
    -89.20671913,    -89.58993614
    -30.47240095,    -30.57423570
   -103.36103318,   -104.03674339
                                                  
                                                                                                                                                                                                                                                                
   
                                                  
