                                                  
                                                                                                                                                                                                                                                                
       SCF,CCSD
   -46.05588661,   -46.47646664
   -46.01787284,   -46.42308338
   -45.88981304,   -46.31738485
   -45.85858522,   -46.23641340
   -45.82768617,   -46.21225465
   -45.40976635,   -45.76601915
   -44.53199331,   -44.86072179
   -17.21527411,   -17.29768867
   -46.00753033,   -46.45680354
                                                  
