                                                                                                                                                                                                                                                                
     Z,SCF,CCSD
   1.16,   -1022.759969,   -1024.073717
   1.21,   -1022.853840,   -1024.171741
   1.26,   -1022.926519,   -1024.247733
   1.31,   -1022.981517,   -1024.305315
   1.36,   -1023.021710,   -1024.347592
   1.41,   -1023.049542,   -1024.377269
   1.46,   -1023.067133,   -1024.396696
   1.51,   -1023.076328,   -1024.407898
   1.56,   -1023.078729,   -1024.412589
   1.61,   -1023.075723,   -1024.412213
   1.66,   -1023.068521,   -1024.407968
   1.71,   -1023.058246,   -1024.400790
   1.76,   -1023.046415,   -1024.391092
   1.81,   -1023.036597,   -1024.378476
   1.86,   -1023.027181,   -1024.365899
   1.91,   -1023.017335,   -1024.353164
   1.96,   -1023.007103,   -1024.340414
   2.01,   -1022.996737,   -1024.327645
   2.06,   -1022.986573,   -1024.314874
   2.11,   -1022.976947,   -1024.302325
   2.16,   -1022.968087,   -1024.290367
                                                  
