                                                  
                                                                                                                                                                                                                                                                
        SCF,CCSD
   -196.17923997,   -197.15227299
   -196.17645119,   -197.20514346
   -195.90556625,   -196.81937359
   -195.93506412,   -196.92078806
   -195.29883786,   -196.17259089
   -194.04394660,   -194.81821623
   -192.01655999,   -192.70863637
   -189.12813629,   -189.75109618
   -185.37206687,   -185.92401405
   -180.26499693,   -180.79226285
   -174.12396283,   -174.62145929
   -166.80661064,   -167.28476385
   -158.24610766,   -158.71631033
   -148.46674952,   -148.92496843
    -47.42521587,    -47.54454639
   -196.17749942,   -197.25074755
                                                  
