                                                  
                                                                                                                                                                                                                                                                
       SCF,CCSD
   -86.17668733,   -86.75330735
   -86.21915751,   -86.79048411
   -85.95790420,   -86.62541784
   -85.96321443,   -86.48739537
   -85.99877958,   -86.54140054
   -85.43933480,   -85.93564555
   -84.34087284,   -84.79502682
   -82.56707190,   -82.98981037
   -80.03326424,   -80.43428167
   -76.72189858,   -77.09882034
   -26.85330328,   -26.94709688
   -86.19880138,   -86.81272319
                                                  
