                                                  
                                                                                                                                                                                                                                                                
       SCF,CCSD
   -86.17464259,   -86.74190960
   -86.21711952,   -86.77851508
   -85.95587723,   -86.61270926
   -85.96115006,   -86.47612249
   -85.99672778,   -86.52934953
   -85.43727287,   -85.92443815
   -84.33886321,   -84.78501793
   -82.56519725,   -82.98125080
   -80.03157837,   -80.42732297
   -76.72044332,   -77.09353419
   -26.85258680,   -26.94629182
   -86.19673636,   -86.80063718
                                                  
