                                                  
                                                                                                                                                                                                                                                                
        SCF,CCSD
   -123.11693819,   -123.83876226
   -123.03800350,   -123.79762332
   -122.82046750,   -123.67164177
   -122.88482552,   -123.54933028
   -122.80744849,   -123.52930917
   -102.90019165,   -103.33159619
    -34.42304413,    -34.53867525
   -123.02683279,   -123.83260281
   -122.32159980,   -122.95277580
   -121.29122903,   -121.84058758
   -119.30605503,   -119.82541379
   -116.56917040,   -117.05619310
   -112.95319810,   -113.41746717
   -108.39284485,   -108.84347581
                                                  
