                                                  
                                                                                                                                                                                                                                                                
        SCF,CCSD
   -123.11561053,   -123.80632320
   -123.03655291,   -123.76253347
   -122.81895033,   -123.63455467
   -122.88348931,   -123.51750097
   -122.80597284,   -123.49449145
   -102.90020203,   -103.32367226
    -34.42304661,    -34.53855566
   -123.02538178,   -123.79684191
   -122.32019686,   -122.92107998
   -121.28978129,   -121.81250195
   -119.30473348,   -119.80055745
   -116.56798653,   -117.03479317
   -112.95222228,   -113.40006559
   -108.39225996,   -108.83073055
                                                  
