                                                  
                                                                                                                                                                                                                                                                
     Z,SCF,CCSD
   1.16,   -86.55140353,   -87.40818302
   1.21,   -86.64347956,   -87.50575957
   1.26,   -86.71461834,   -87.58132845
   1.31,   -86.76827208,   -87.63850226
   1.36,   -86.80728438,   -87.68039160
   1.41,   -86.83408502,   -87.70971127
   1.46,   -86.85078367,   -87.72883191
   1.51,   -86.85921724,   -87.73977579
   1.56,   -86.86098125,   -87.74425746
   1.61,   -86.85746166,   -87.74372348
   1.66,   -86.84988338,   -87.73934547
   1.71,   -86.83943682,   -87.73203818
   1.76,   -86.82837597,   -87.72149475
   1.81,   -86.81924483,   -87.70909726
   1.86,   -86.80998007,   -87.69653760
   1.91,   -86.80019779,   -87.68380810
   1.96,   -86.79003005,   -87.67099375
   2.01,   -86.77976800,   -87.65813654
   2.06,   -86.76976736,   -87.64535929
   2.11,   -86.76035521,   -87.63291606
   2.16,   -86.75172860,   -87.62117071
                                                  
