   -1149.728370 0 0.0 2000 0.40000000D-05 0.16000000D+03  25.0 26.00000000  0
   1
  1 0 0.0 1 -240.184387 -312.356275  2.00000000
  2 0 0.0 1  -28.739792  -76.346365  2.00000000
  2 1 1.0 1  -24.446721  -75.671232  2.00000000
  2 1 1.0 1  -24.446721  -75.671232  2.00000000
  2 1 1.0 1  -24.446721  -75.671232  2.00000000
  3 0 0.0 1   -3.453802  -29.169149  2.00000000
  3 1 1.0 1   -2.131172  -27.287243  2.00000000
  3 1 1.0 1   -2.131172  -27.287243  2.00000000
  3 1 1.0 1   -2.131172  -27.287243  2.00000000
  3 2 2.0 1   -0.214227  -21.345380  1.00000000
  3 2 2.0 1   -0.214227  -21.345380  1.00000000
  3 2 2.0 1   -0.214227  -21.345380  1.00000000
  3 2 2.0 1   -0.214227  -21.345380  1.00000000
  3 2 2.0 1   -0.214227  -21.345380  1.00000000
  3 2 2.0 2   -0.214227  -21.345380  1.00000000
  4 0 0.0 1   -0.017920   -6.171734  2.00000000
    0    0    0    0
