 ENTER Z, NR
 PLEASE ENTER RELATIVITY FACTOR.  (0=NR, 1=REL.)
 PLEASE ENTER IUFLAG. (0=U, 1=SU, 2=R).
 PLEASE ENTER NFC, NEL, RATIO, ETOL, XNUM
 PLEASE ENTER N L M J S OCC.
     468.750000   -992.420089
      60.533523  -1100.507110
      28.715636  -1138.121932
      12.227872  -1147.707331
       4.514149  -1149.296018
       1.483709  -1149.563776
       0.553959  -1149.663558
       0.265040  -1149.704909
       0.125696  -1149.720690
       0.054369  -1149.726068
       0.023351  -1149.727669
       0.011993  -1149.728122
       0.010225  -1149.728266
       0.007528  -1149.728320
       0.005167  -1149.728344
       0.003414  -1149.728356
       0.002204  -1149.728363
       0.001449  -1149.728366
       0.000958  -1149.728368
       0.000622  -1149.728369
       0.000398  -1149.728370
       0.000252  -1149.728370
       0.000159  -1149.728370
       0.000099  -1149.728370
    1   0 0   0/2   1    2.0000       -240.184387
    2   0 0   0/2   1    2.0000        -28.739792
    2   1 1   2/2   1    2.0000        -24.446721
    2   1 0   2/2   1    2.0000        -24.446721
    2   1-1   2/2   1    2.0000        -24.446721
    3   0 0   0/2   1    2.0000         -3.453802
    3   1 1   2/2   1    2.0000         -2.131172
    3   1 0   2/2   1    2.0000         -2.131172
    3   1-1   2/2   1    2.0000         -2.131172
    3   2 2   4/2   1    1.0000         -0.214227
    3   2 1   4/2   1    1.0000         -0.214227
    3   2 0   4/2   1    1.0000         -0.214227
    3   2-1   4/2   1    1.0000         -0.214227
    3   2-2   4/2   1    1.0000         -0.214227
    3   2 2   4/2   2    1.0000         -0.214227
    4   0 0   0/2   1    2.0000         -0.017920
 TOTAL ENERGY =    -1149.728370 -31285.948524
 PLEASE ENTER FULL FILENAME.
