                                                  
                                                                                                                                                                                                                                                                
        SCF,CCSD
   -948.1510464,   -948.6507206
   -948.1402967,   -948.6411694
   -948.0205157,   -948.5576773
   -947.9417704,   -948.3919867
   -947.9281146,   -948.4025684
   -942.3636711,   -942.6877028
   -900.6832013,   -900.7651900
   -948.1230070,   -948.6671719
   -947.4411901,   -947.8657753
   -946.4050456,   -946.7912159
   -944.7224617,   -945.0787464
                                                  
