                                                  
                                                                                                                                                                                                                                                                
        SCF,CCSD
   -948.1508563,   -948.6430530
   -948.1401042,   -948.6329483
   -948.0203208,   -948.5490354
   -947.9415796,   -948.3844444
   -947.9279210,   -948.3942512
   -942.3634779,   -942.6839987
   -900.6830165,   -900.7649187
   -948.1227544,   -948.6588754
   -947.4409994,   -947.8582816
   -946.4048517,   -946.7848547
   -944.7222678,   -945.0736800
                                                  
