                                                  
                                                                                                                                                                                                                                                                
         SCF,CCSD
   -1653.191956,   -1654.080481
   -1653.189722,   -1654.130846
   -1652.918213,   -1653.748898
   -1652.948355,   -1653.847916
   -1652.312008,   -1653.103547
   -1651.058632,   -1651.754760
   -1649.035688,   -1649.653381
   -1646.156257,   -1646.708118
   -1642.414871,   -1642.898605
   -1637.331764,   -1637.789036
   -1631.224157,   -1631.649565
   -1623.952250,   -1624.354126
   -1615.451664,   -1615.838520
   -1605.748633,   -1606.115241
   -1504.706462,   -1504.807510
   -1653.190643,   -1654.174872
                                                  
