                                                  
                                                                                                                                                                                                                                                                
       SCF,CCSD
   -70.85623394,   -71.38513963
   -70.84871427,   -71.37618304
   -70.73043779,   -71.29256622
   -70.64777437,   -71.12701163
   -70.63745306,   -71.13790682
   -65.04440055,   -65.41359286
   -23.36228682,   -23.45832550
   -70.83130677,   -71.40181759
   -70.14794497,   -70.60098558
   -69.10659997,   -69.52532822
   -67.41554181,   -67.81025432
                                                  
