                                                  
                                                                                                                                                                                                                                                                
       SCF,CCSD
   -70.85621384,   -71.37737561
   -70.84869269,   -71.36786428
   -70.73041475,   -71.28382623
   -70.64775371,   -71.11937020
   -70.63743068,   -71.12948688
   -65.04437499,   -65.40993411
   -23.36226984,   -23.45823216
   -70.83122335,   -71.39342412
   -70.14792460,   -70.59338794
   -69.10657462,   -69.51887800
   -67.41551537,   -67.80514717
                                                  
