                                                  
                                                                                                                                                                                                                                                                
         SCF,CCSD
-1149.86624322, -1150.88863926
-1149.74394867, -1150.81530464
-1149.52979427, -1150.68651166
-1149.64937328, -1150.61888970
-1149.52147639, -1150.56004322
-1149.10920971, -1150.05059418
-1147.905740,  -1148.80360295
-1146.04959414, -1146.90306280
-1143.41185172, -1144.22873559
-1139.91733943, -1140.70484549
-1135.56133939, -1136.31441755
-1111.296832,   -1111.875849
-1076.94132043, -1077.40581562
-1149.72892476, -1150.84503005
                                                  

                                                  
