                                                  
                                                                                                                                                                                                                                                                
         SCF,CCSD
-1149.86619226,  -1150.86450986
-1149.74389429,  -1150.78979588
-1149.52973675,  -1150.65999277
-1149.64932008,  -1150.59491844
-1149.52142095,  -1150.53440232
-1149.10915830,  -1150.02660273
-1147.905683,    -1148.78102547
-1146.04953564,  -1146.88221236
-1143.41179486,  -1144.20987559
-1139.91728250,  -1140.68821492
-1135.56128573,  -1136.30027410
-1111.296781,   -1111.865230
-1076.94128428,  -1077.39693994
-1149.72877635,  -1150.81941650

                                                  

                                                  
