   3.6029256752877590E-006   4995789.9622299373     
   3.6347005580613707E-006   4952115.0016893176     
   3.6667556695341760E-006   4908821.8516250076     
   3.6990934810960593E-006   4865907.1742151054     
   3.7317164859325580E-006   4823367.6608172581     
   3.7646271992170865E-006   4781200.0317135556     
   3.7978281583048482E-006   4739401.0358576830     
   3.8313219229284614E-006   4697967.4506242676     
   3.8651110753953087E-006   4656896.0815604283     
   3.8991982207866350E-006   4616183.7621394712     
   3.9335859871583842E-006   4575827.3535167659     
   3.9682770257438243E-006   4535823.7442877591     
   4.0032740111579506E-006   4496169.8502480714     
   4.0385796416036947E-006   4456862.6141557144     
   4.0741966390799481E-006   4417899.0054953946     
   4.1101277495914268E-006   4379276.0202448564     
   4.1463757433603816E-006   4340990.6806432782     
   4.1829434150401755E-006   4303040.0349616949     
   4.2198335839307496E-006   4265421.1572754271     
   4.2570490941959853E-006   4228131.1472384902     
   4.2945928150829798E-006   4191167.1298599923     
   4.3324676411432640E-006   4154526.2552824705     
   4.3706764924559682E-006   4118205.6985621774     
   4.4092223148529507E-006   4082202.6594512793     
   4.4481080801459178E-006   4046514.3621819615     
   4.4873367863555468E-006   4011138.0552524291     
   4.5269114579426250E-006   3976071.0112147611     
   4.5668351460412305E-006   3941310.5264646364     
   4.6071109286939726E-006   3906853.9210328893     
   4.6477419110892956E-006   3872698.5383788883     
   4.6887312258008931E-006   3838841.7451857184     
   4.7300820330292152E-006   3805280.9311571647     
   4.7717975208451188E-006   3772013.5088164564     
   4.8138809054356581E-006   3739036.9133067820     
   4.8563354313520530E-006   3706348.6021935404     
   4.8991643717598301E-006   3673946.0552683235     
   4.9423710286911838E-006   3641826.7743546171     
   4.9859587332995544E-006   3609988.2831151919     
   5.0299308461164554E-006   3578428.1268611820     
   5.0742907573105596E-006   3547143.8723628391     
   5.1190418869490828E-006   3516133.1076619257     
   5.1641876852614568E-006   3485393.4418857661     
   5.2097316329053417E-006   3454922.5050629098     
   5.2556772412349731E-006   3424717.9479404115     
   5.3020280525718861E-006   3394777.4418027098     
   5.3487876404780167E-006   3365098.6782920859     
   5.3959596100312211E-006   3335679.3692306951     
   5.4435475981032183E-006   3306517.2464441485     
   5.4915552736399867E-006   3277610.0615866473     
   5.5399863379446325E-006   3248955.5859676357     
   5.5888445249627536E-006   3220551.6103799720     
   5.6381336015703230E-006   3192395.9449296035     
   5.6878573678641001E-006   3164486.4188667336     
   5.7380196574546216E-006   3136820.8804184543     
   5.7886243377617550E-006   3109397.1966228541     
   5.8396753103128785E-006   3082213.2531645698     
   5.8911765110436786E-006   3055266.9542117696     
   5.9431319106015999E-006   3028556.2222545822     
   5.9955455146519792E-006   3002078.9979449096     
   6.0484213641868728E-006   2975833.2399376663     
   6.1017635358366112E-006   2949816.9247333887     
   6.1555761421840967E-006   2924028.0465222313     
   6.2098633320818785E-006   2898464.6170293204     
   6.2646292909720223E-006   2873124.6653614608     
   6.3198782412087974E-006   2848006.2378551853     
   6.3756144423842134E-006   2823107.3979261322     
   6.4318421916564279E-006   2798426.2259197324     
   6.4885658240810497E-006   2773960.8189632166     
   6.5457897129453608E-006   2749709.2908188975     
   6.6035182701054920E-006   2725669.7717387532     
   6.6617559463265672E-006   2701840.4083202658     
   6.7205072316258489E-006   2678219.3633635319     
   6.7797766556189113E-006   2654804.8157296190     
   6.8395687878688662E-006   2631594.9602001524     
   6.8998882382386631E-006   2608588.0073381430     
   6.9607396572465081E-006   2585782.1833500252     
   7.0221277364244032E-006   2563175.7299488923     
   7.0840572086798628E-006   2540766.9042189447     
   7.1465328486608033E-006   2518553.9784811120     
   7.2095594731236637E-006   2496535.2401598510     
   7.2731419413047738E-006   2474708.9916511080     
   7.3372851552949823E-006   2453073.5501914397     
   7.4019940604176055E-006   2431627.2477282733     
   7.4672736456097024E-006   2410368.4307913030     
   7.5331289438067112E-006   2389295.4603650114     
   7.5995650323304761E-006   2368406.7117623040     
   7.6665870332807036E-006   2347700.5744992481     
   7.7342001139298714E-006   2327175.4521709075     
   7.8024094871216054E-006   2306829.7623282643     
   7.8712204116725812E-006   2286661.9363562125     
   7.9406381927779823E-006   2266670.4193526236     
   8.0106681824205089E-006   2246853.6700084619     
   8.0813157797829996E-006   2227210.1604889599     
   8.1525864316647211E-006   2207738.3763158168     
   8.2244856329012797E-006   2188436.8162504402     
   8.2970189267882884E-006   2169303.9921782026     
   8.3701919055087226E-006   2150338.4289937089     
   8.4440102105640811E-006   2131538.6644870685     
   8.5184795332093298E-006   2112903.2492311657     
   8.5936056148916881E-006   2094430.7464699063     
   8.6693942476932867E-006   2076119.7320074476     
   8.7458512747777216E-006   2057968.7940983991     
   8.8229825908405521E-006   2039976.5333389752     
   8.9007941425637730E-006   2022141.5625591057     
   8.9792919290742962E-006   2004462.5067154865     
   9.0584820024064601E-006   1986938.0027855693     
   9.1383704679686442E-006   1969566.6996624712     
   9.2189634850139792E-006   1952347.2580508078     
   9.3002672671152122E-006   1935278.3503634378     
   9.3822880826437583E-006   1918358.6606191085     
   9.4650322552529967E-006   1901586.8843409922     
   9.5485061643657895E-006   1884961.7284561195     
   9.6327162456663418E-006   1868481.9111956803     
   9.7176689915963764E-006   1852146.1619962039     
   9.8033709518556797E-006   1835953.2214016020     
   9.8898287339070873E-006   1819901.8409660652     
   9.9770490034858915E-006   1803990.7831578120     
   1.0065038485113770E-005   1788218.8212636746     
   1.0153803962617228E-005   1772584.7392945243     
   1.0243352279650614E-005   1757087.3318915202     
   1.0333690340223767E-005   1741725.4042331774     
   1.0424825109234284E-005   1726497.7719432486     
   1.0516763613004521E-005   1711403.2609994127     
   1.0609512939823293E-005   1696440.7076427571     
   1.0703080240492372E-005   1681608.9582880572     
   1.0797472728877816E-005   1666906.8694348328     
   1.0892697682466113E-005   1652333.3075791914     
   1.0988762442925293E-005   1637887.1491264331     
   1.1085674416670947E-005   1623567.2803044249     
   1.1183441075437231E-005   1609372.5970777317     
   1.1282069956852953E-005   1595302.0050624975     
   1.1381568665022684E-005   1581354.4194420669     
   1.1481944871113038E-005   1567528.7648833527     
   1.1583206313944094E-005   1553823.9754539256     
   1.1685360800586047E-005   1540238.9945398374     
   1.1788416206961124E-005   1526772.7747641506     
   1.1892380478450799E-005   1513424.2779061962     
   1.1997261630508366E-005   1500192.4748215226     
   1.2103067749276916E-005   1487076.3453625531     
   1.2209806992212766E-005   1474074.8782999339     
   1.2317487588714386E-005   1461187.0712445700     
   1.2426117840756864E-005   1448411.9305703435     
   1.2535706123531972E-005   1435748.4713375061     
   1.2646260886093892E-005   1423195.7172167411     
   1.2757790652010602E-005   1410752.7004138939     
   1.2870304020021042E-005   1398418.4615953532     
   1.2983809664698059E-005   1386192.0498140878     
   1.3098316337117194E-005   1374072.5224363345     
   1.3213832865531382E-005   1362058.9450689191     
   1.3330368156051586E-005   1350150.3914872166     
   1.3447931193333448E-005   1338345.9435637433     
   1.3566531041269982E-005   1326644.6911973697     
   1.3686176843690397E-005   1315045.7322431509     
   1.3806877825065055E-005   1303548.1724427768     
   1.3928643291216668E-005   1292151.1253556251     
   1.4051482630037755E-005   1280853.7122904174     
   1.4175405312214437E-005   1269655.0622374737     
   1.4300420891956608E-005   1258554.3118015607     
   1.4426539007734542E-005   1247550.6051353249     
   1.4553769383022005E-005   1236643.0938733078     
   1.4682121827045921E-005   1225830.9370665390     
   1.4811606235542639E-005   1215113.3011176998     
   1.4942232591520878E-005   1204489.3597168557     
   1.5074010966031392E-005   1193958.2937777494     
   1.5206951518943444E-005   1183519.2913746487     
   1.5341064499728103E-005   1173171.5476797512     
   1.5476360248248464E-005   1162914.2649011314     
   1.5612849195556822E-005   1152746.6522212343     
   1.5750541864698900E-005   1142667.9257359027     
   1.5889448871525154E-005   1132677.3083939422     
   1.6029580925509223E-005   1122774.0299372093     
   1.6170948830573626E-005   1112957.3268412284     
   1.6313563485922718E-005   1103226.4422563233     
   1.6457435886882990E-005   1093580.6259492673     
   1.6602577125750809E-005   1084019.1342454401     
   1.6748998392647594E-005   1074541.2299714927     
   1.6896710976382557E-005   1065146.1823985130     
   1.7045726265323058E-005   1055833.2671856869     
   1.7196055748272626E-005   1046601.7663244536     
   1.7347711015356704E-005   1037450.9680831494     
   1.7500703758916264E-005   1028380.1669521324     
   1.7655045774409233E-005   1019388.6635893907     
   1.7810748961319908E-005   1010475.7647666230     
   1.7967825324076397E-005   1001640.7833157945     
   1.8126286972976126E-005   992883.03807615454     
   1.8286146125119516E-005   984201.85384172166     
   1.8447415105351922E-005   975596.56130922679     
   1.8610106347213831E-005   967066.49702651124     
   1.8774232393899470E-005   958611.00334137562     
   1.8939805899223877E-005   950229.42835087411     
   1.9106839628598476E-005   941921.12585105805     
   1.9275346460015260E-005   933685.45528715104     
   1.9445339385039678E-005   925521.78170416446     
   1.9616831509812244E-005   917429.47569794604     
   1.9789836056059012E-005   909407.91336664895     
   1.9964366362110924E-005   901456.47626263555     
   2.0140435883932200E-005   893574.55134479189     
   2.0318058196157746E-005   885761.53093126591     
   2.0497246993139734E-005   878016.81265261641     
   2.0678016090003429E-005   870339.79940536874     
   2.0860379423712288E-005   862729.89930598263     
   2.1044351054142489E-005   855186.52564521704     
   2.1229945165166916E-005   847709.09684289596     
   2.1417176065748710E-005   840297.03640307148     
   2.1606058191044458E-005   832949.77286957426     
   2.1796606103517130E-005   825666.73978195782     
   2.1988834494058806E-005   818447.37563182355     
   2.2182758183123325E-005   811291.12381953071     
   2.2378392121868905E-005   804197.43261128350     
   2.2575751393310859E-005   797165.75509659306     
   2.2774851213484463E-005   790195.54914611101     
   2.2975706932618089E-005   783286.27736983402     
   2.3178334036316667E-005   776437.40707567031     
   2.3382748146755611E-005   769648.41022837139     
   2.3588965023885253E-005   762918.76340882026     
   2.3797000566645908E-005   756247.94777367811     
   2.4006870814193649E-005   749635.44901538151     
   2.4218591947136898E-005   743080.75732249010     
   2.4432180288783925E-005   736583.36734038219     
   2.4647652306401348E-005   730142.77813229163     
   2.4865024612483709E-005   723758.49314068747     
   2.5084313966034288E-005   717430.02014898963     
   2.5305537273857192E-005   711156.87124361936     
   2.5528711591860811E-005   704938.56277638418     
   2.5753854126372832E-005   698774.61532718735     
   2.5980982235466796E-005   692664.55366706615     
   2.6210113430300371E-005   686607.90672155283     
   2.6441265376465441E-005   680604.20753435534     
   2.6674455895350085E-005   674652.99323135626     
   2.6909702965512568E-005   668753.80498492555     
   2.7147024724067462E-005   662906.18797854602     
   2.7386439468083989E-005   657109.69137174787     
   2.7627965655996672E-005   651363.86826535000     
   2.7871621909028471E-005   645668.27566700394     
   2.8117427012626415E-005   640022.47445704124     
   2.8365399917909966E-005   634426.02935461723     
   2.8615559743132063E-005   628878.50888415182     
   2.8867925775153166E-005   623379.48534206406     
   2.9122517470928171E-005   617928.53476379625     
   2.9379354459006561E-005   612525.23689112754     
   2.9638456541045697E-005   607169.17513977259     
   2.9899843693337507E-005   601859.93656726426     
   3.0163536068348612E-005   596597.11184111494     
   3.0429553996274046E-005   591380.29520725971     
   3.0697917986604674E-005   586209.08445877233     
   3.0968648729708447E-005   581083.08090485644     
   3.1241767098425580E-005   576001.88934010593     
   3.1517294149677804E-005   570965.11801403773     
   3.1795251126091828E-005   565972.37860088563     
   3.2075659457637119E-005   561023.28616966330     
   3.2358540763278073E-005   556117.45915448607     
   3.2643916852640832E-005   551254.51932515309     
   3.2931809727694760E-005   546434.09175798576     
   3.3222241584448729E-005   541655.80480692280     
   3.3515234814662438E-005   536919.29007486673     
   3.3810812007572730E-005   532224.18238528073     
   3.4108995951635209E-005   527570.11975403421     
   3.4409809636281157E-005   522956.74336149526     
   3.4713276253690020E-005   518383.69752486586     
   3.5019419200577460E-005   513850.62967075885     
   3.5328262079999180E-005   509357.19030801591     
   3.5639828703170710E-005   504903.03300076223     
   3.5954143091303185E-005   500487.81434169709     
   3.6271229477455354E-005   496111.19392561732     
   3.6591112308401859E-005   491772.83432317333     
   3.6913816246518120E-005   487472.40105485322     
   3.7239366171681667E-005   483209.56256519549     
   3.7567787183190405E-005   478983.99019722693     
   3.7899104601697662E-005   474795.35816712311     
   3.8233343971164429E-005   470643.34353909164     
   3.8570531060828693E-005   466527.62620047387     
   3.8910691867192232E-005   462447.88883706572     
   3.9253852616024893E-005   458403.81690865214     
   3.9600039764386540E-005   454395.09862475749     
   3.9949280002666852E-005   450421.42492060689     
   4.0301600256643103E-005   446482.48943329765     
   4.0657027689556086E-005   442577.98847817956     
   4.1015589704204352E-005   438707.62102544116     
   4.1377313945056909E-005   434871.08867690124     
   4.1742228300384573E-005   431068.09564300207     
   4.2110360904410085E-005   427298.34872000566     
   4.2481740139477229E-005   423561.55726738734     
   4.2856394638239016E-005   419857.43318542885     
   4.3234353285865277E-005   416185.69089300546     
   4.3615645222269597E-005   412546.04730556853     
   4.4000299844355954E-005   408938.22181332059     
   4.4388346808285211E-005   405361.93625958049     
   4.4779816031761504E-005   401816.91491933784     
   4.5174737696338861E-005   398302.88447799569     
   4.5573142249748133E-005   394819.57401029783     
   4.5975060408244487E-005   391366.71495944157     
   4.6380523158975532E-005   387944.04111637187     
   4.6789561762370408E-005   384551.28859925782     
   4.7202207754549878E-005   381188.19583314704     
   4.7618492949757711E-005   377854.50352979999     
   4.8038449442813536E-005   374549.95466769719     
   4.8462109611587227E-005   371274.29447222600     
   4.8889506119495244E-005   368027.27039603569     
   4.9320671918018873E-005   364808.63209956791     
   4.9755640249244762E-005   361618.13143175520     
   5.0194444648427793E-005   358455.52241088962     
   5.0637118946576604E-005   355320.56120565743     
   5.1083697273061899E-005   352213.00611634040     
   5.1534214058247756E-005   349132.61755618139     
   5.1988704036146138E-005   346079.15803291241     
   5.2447202247094825E-005   343052.39213044441     
   5.2909744040458982E-005   340052.08649071725     
   5.3376365077356480E-005   337078.00979570794     
   5.3847101333407351E-005   334129.93274959730     
   5.4321989101507415E-005   331207.62806109036     
   5.4801064994626406E-005   328310.87042589369     
   5.5284365948630754E-005   325439.43650934444     
   5.5771929225131294E-005   322593.10492919158     
   5.6263792414356029E-005   319771.65623852808     
   5.6759993438048313E-005   316974.87290887127     
   5.7260570552390514E-005   314202.53931339283     
   5.7765562350953503E-005   311454.44171029341     
   5.8275007767672153E-005   308730.36822632415     
   5.8788946079847087E-005   306030.10884045099     
   5.9307416911172841E-005   303353.45536766329     
   5.9830460234792803E-005   300700.20144292247     
   6.0358116376381107E-005   298070.14250525192     
   6.0890426017251608E-005   295463.07578196569     
   6.1427430197494361E-005   292878.80027303525     
   6.1969170319139735E-005   290317.11673559231     
   6.2515688149350430E-005   287777.82766856794     
   6.3067025823641644E-005   285260.73729746597     
   6.3623225849129692E-005   282765.65155926778     
   6.4184331107809133E-005   280292.37808747200     
   6.4750384859858963E-005   277840.72619726264     
   6.5321430746977888E-005   275410.50687080750     
   6.5897512795749016E-005   273001.53274268541     
   6.6478675421034162E-005   270613.61808544106     
   6.7064963429398265E-005   268246.57879526535     
   6.7656422022563818E-005   265900.23237780109     
   6.8253096800895802E-005   263574.39793407382     
   6.8855033766917516E-005   261268.89614654408     
   6.9462279328857170E-005   258983.54926528272     
   7.0074880304225897E-005   256718.18109426668     
   7.0692883923427339E-005   254472.61697779445     
   7.1316337833399012E-005   252246.68378702062     
   7.1945290101285730E-005   250040.20990660804     
   7.2579789218145613E-005   247853.02522149609     
   7.3219884102688538E-005   245684.96110378575     
   7.3865624105047737E-005   243535.85039973838     
   7.4517059010584645E-005   241405.52741688848     
   7.5174239043727164E-005   239293.82791126921     
   7.5837214871841944E-005   237200.58907474932     
   7.6506037609140725E-005   235125.64952248114     
   7.7180758820621128E-005   233068.84928045812     
   7.7861430526042231E-005   231030.02977318075     
   7.8548105203935265E-005   229009.03381143115     
   7.9240835795649467E-005   227005.70558015382     
   7.9939675709433890E-005   225019.89062644274     
   8.0644678824555021E-005   223051.43584763311     
   8.1355899495450817E-005   221100.18947949764     
   8.2073392555921239E-005   219166.00108454560     
   8.2797213323355969E-005   217248.72154042465     
   8.3527417602999139E-005   215348.20302842354     
   8.4264061692251912E-005   213464.29902207563     
   8.5007202385012918E-005   211596.86427586197     
   8.5756896976056822E-005   209745.75481401308     
   8.6513203265451837E-005   207910.82791940897     
   8.7276179563015860E-005   206091.94212257554     
   8.8045884692812079E-005   204288.95719077761     
   8.8822377997684285E-005   202501.73411720747     
   8.9605719343831931E-005   200730.13511026755     
   9.0395969125425896E-005   198974.02358294697     
   9.1193188269264605E-005   197233.26414229095     
   9.1997438239471493E-005   195507.72257896196     
   9.2808781042233692E-005   193797.26585689303     
   9.3627279230582588E-005   192101.76210303055     
   9.4452995909216649E-005   190421.08059716699     
   9.5285994739366568E-005   188755.09176186292     
   9.6126339943703471E-005   187103.66715245650     
   9.6974096311290374E-005   185466.67944716100     
   9.7829329202577295E-005   183844.00243724816     
   9.8692104554440392E-005   182235.51101731797     
   9.9562488885265624E-005   180641.08117565332     
   1.0044054930007717E-004   179060.58998465858     
   1.0132635349571111E-004   177493.91559138260     
   1.0221996976603471E-004   175940.93720812356     
   1.0312146700721177E-004   174401.53510311697     
   1.0403091472301438E-004   172875.59059130412     
   1.0494838303018155E-004   171362.98602518195     
   1.0587394266382506E-004   169863.60478573255     
   1.0680766498288302E-004   168377.33127343212     
   1.0774962197562149E-004   166904.05089933847     
   1.0869988626518471E-004   165443.65007625622     
   1.0965853111519409E-004   163996.01620997963     
   1.1062563043539683E-004   162561.03769061179     
   1.1160125878736413E-004   161138.60388395970     
   1.1258549139023977E-004   159728.60512300447     
   1.1357840412653946E-004   158330.93269944633     
   1.1458007354800109E-004   156945.47885532319     
   1.1559057688148680E-004   155572.13677470316     
   1.1660999203493707E-004   154210.80057544867     
   1.1763839760337725E-004   152861.36530105353     
   1.1867587287497698E-004   151523.72691255104     
   1.1972249783716338E-004   150197.78228049228     
   1.2077835318278776E-004   148883.42917699565     
   1.2184352031634691E-004   147580.56626786490     
   1.2291808136025934E-004   146289.09310477637     
   1.2400211916119668E-004   145008.91011753518     
   1.2509571729647093E-004   143739.91860639778     
   1.2619896008047833E-004   142482.02073446292     
   1.2731193257119972E-004   141235.11952012841     
   1.2843472057675820E-004   139999.11882961413     
   1.2956741066203514E-004   138773.92336955012     
   1.3071009015534380E-004   137559.43867962973     
   1.3186284715516243E-004   136355.57112532706     
   1.3302577053692644E-004   135162.22789067752     
   1.3419894995988043E-004   133979.31697112232     
   1.3538247587399087E-004   132806.74716641486     
   1.3657643952691965E-004   131644.42807358928     
   1.3778093297105894E-004   130492.27007999078     
   1.3899604907062837E-004   129350.18435636662     
   1.4022188150883478E-004   128218.08285001729     
   1.4145852479509482E-004   127095.87827800818     
   1.4270607427232160E-004   125983.48412043994     
   1.4396462612427543E-004   124880.81461377800     
   1.4523427738297932E-004   123787.78474424053     
   1.4651512593620014E-004   122704.31024124390     
   1.4780727053499536E-004   121630.30757090553     
   1.4911081080132681E-004   120565.69392960376     
   1.5042584723574116E-004   119510.38723759362     
   1.5175248122511846E-004   118464.30613267879     
   1.5309081505048881E-004   117427.36996393865     
   1.5444095189491802E-004   116399.49878551034     
   1.5580299585146289E-004   115380.61335042500     
   1.5717705193119661E-004   114370.63510449789     
   1.5856322607130476E-004   113369.48618027227     
   1.5996162514325316E-004   112377.08939101569     
   1.6137235696102716E-004   111393.36822476910     
   1.6279553028944409E-004   110418.24683844813     
   1.6423125485253874E-004   109451.65005199538     
   1.6567964134202298E-004   108493.50334258453     
   1.6714080142581973E-004   107543.73283887444     
   1.6861484775667241E-004   106602.26531531414     
   1.7010189398083045E-004   105669.02818649691     
   1.7160205474681087E-004   104743.94950156442     
   1.7311544571423776E-004   103826.95793865921     
   1.7464218356275920E-004   102917.98279942603     
   1.7618238600104321E-004   102016.95400356108     
   1.7773617177585280E-004   101123.80208340904     
   1.7930366068120117E-004   100238.45817860703     
   1.8088497356758747E-004   99360.854030775896     
   1.8248023235131435E-004   98490.921978257291     
   1.8408956002388739E-004   97628.594950897357     
   1.8571308066149745E-004   96773.806464875655     
   1.8735091943458679E-004   95926.490617579286     
   1.8900320261749953E-004   95086.582082522058     
   1.9067005759821698E-004   94254.016104307899     
   1.9235161288817931E-004   93428.728493638220     
   1.9404799813219322E-004   92610.655622363221     
   1.9575934411842762E-004   91799.734418576234     
   1.9748578278849688E-004   90995.902361750792     
   1.9922744724763350E-004   90199.097477920717     
   2.0098447177495013E-004   89409.258334901868     
   2.0275699183379241E-004   88626.324037555780     
   2.0454514408218270E-004   87850.234223095002     
   2.0634906638335640E-004   87080.929056428940     
   2.0816889781639082E-004   86318.349225550846     
   2.1000477868692792E-004   85562.435936965063     
   2.1185685053799172E-004   84813.130911153872     
   2.1372525616090082E-004   84070.376378084577     
   2.1561013960627761E-004   83334.115072755230     
   2.1751164619515398E-004   82604.290230779909     
   2.1942992253017564E-004   81880.845584012030     
   2.2136511650690461E-004   81163.725356206371     
   2.2331737732522196E-004   80452.874258718672     
   2.2528685550083060E-004   79748.237486243073     
   2.2727370287686004E-004   79049.760712586663     
   2.2927807263557290E-004   78357.390086481231     
   2.3130011931017525E-004   77671.072227431083     
   2.3333999879673068E-004   76990.754221597817     
   2.3539786836617959E-004   76316.383617720625     
   2.3747388667646460E-004   75647.908423072411     
   2.3956821378476280E-004   74985.277099451167     
   2.4168101115982561E-004   74328.438559206741     
   2.4381244169442804E-004   73677.342161301742     
   2.4596266971792729E-004   73031.937707407415     
   2.4813186100893203E-004   72392.175438033446     
   2.5032018280808416E-004   71758.006028691379     
   2.5252780383095211E-004   71129.380586092157     
   2.5475489428103897E-004   70506.250644376181     
   2.5700162586290466E-004   69888.568161376912     
   2.5926817179540418E-004   69276.285514916788     
   2.6155470682504218E-004   68669.355499135709     
   2.6386140723944594E-004   68067.731320851526     
   2.6618845088095653E-004   67471.366595952379     
   2.6853601716034036E-004   66880.215345820587     
   2.7090428707062121E-004   66294.231993787733     
   2.7329344320103471E-004   65713.371361620812     
   2.7570366975110535E-004   65137.588666039082     
   2.7813515254484800E-004   64566.839515261403     
   2.8058807904509492E-004   64001.079905583567     
   2.8306263836794823E-004   63440.266217985853     
   2.8555902129736086E-004   62884.355214770025     
   2.8807742029984546E-004   62333.304036225723     
   2.9061802953931335E-004   61787.070197326124     
   2.9318104489204396E-004   61245.611584452483     
   2.9576666396178669E-004   60708.886452147104     
   2.9837508609499580E-004   60176.853419894935     
   3.0100651239619967E-004   59649.471468933225     
   3.0366114574350542E-004   59126.699939089027     
   3.0633919080424066E-004   58608.498525644318     
   3.0904085405073281E-004   58094.827276228658     
   3.1176634377622780E-004   57585.646587738927     
   3.1451587011094913E-004   57080.917203285935     
   3.1728964503829833E-004   56580.600209167918     
   3.2008788241119878E-004   56084.657031870185     
   3.2291079796858323E-004   55593.049435091314     
   3.2575860935202668E-004   55105.739516795191     
   3.2863153612252655E-004   54622.689706288736     
   3.3152979977743010E-004   54143.862761325392     
   3.3445362376751156E-004   53669.221765233720     
   3.3740323351419990E-004   53198.730124071255     
   3.4037885642695817E-004   52732.351563803168     
   3.4338072192081648E-004   52270.050127505601     
   3.4640906143405960E-004   51811.790172593421     
   3.4946410844607028E-004   51357.536368072302     
   3.5254609849532981E-004   50907.253691814738     
   3.5565526919757826E-004   50460.907427859915     
   3.5879186026413354E-004   50018.463163737135     
   3.6195611352037331E-004   49579.886787812757     
   3.6514827292437866E-004   49145.144486660174     
   3.6836858458574320E-004   48714.202742452915     
   3.7161729678454771E-004   48287.028330380454     
   3.7489465999050189E-004   47863.588316086636     
   3.7820092688225501E-004   47443.850053130554     
   3.8153635236687735E-004   47027.781180469494     
   3.8490119359951277E-004   46615.349619963956     
   3.8829571000320486E-004   46206.523573904618     
   3.9172016328889827E-004   45801.271522560608     
   3.9517481747561577E-004   45399.562221749533     
   3.9865993891081394E-004   45001.364700428581     
   4.0217579629091787E-004   44606.648258306603     
   4.0572266068203725E-004   44215.382463477355     
   4.0930080554086511E-004   43827.537150073134     
   4.1291050673576056E-004   43443.082415939090     
   4.1655204256801822E-004   43061.988620327800     
   4.2022569379332421E-004   42684.226381614004     
   4.2393174364340229E-004   42309.766575029425     
   4.2767047784785021E-004   41938.580330417251     
   4.3144218465616919E-004   41570.639030006234     
   4.3524715485998718E-004   41205.914306204453     
   4.3908568181547862E-004   40844.378039412069     
   4.4295806146598142E-004   40486.002355853518     
   4.4686459236481372E-004   40130.759625428342     
   4.5080557569829197E-004   39778.622459581093     
   4.5478131530895150E-004   39429.563709189606     
   4.5879211771897261E-004   39083.556462471963     
   4.6283829215381246E-004   38740.574042911590     
   4.6692015056604618E-004   38400.590007200502     
   4.7103800765941744E-004   38063.578143200692     
   4.7519218091310198E-004   37729.512467923108     
   4.7938299060618420E-004   37398.367225524482     
   4.8361075984235043E-004   37070.116885321600     
   4.8787581457479940E-004   36744.736139822868     
   4.9217848363137292E-004   36422.199902777262     
   4.9651909873990737E-004   36102.483307240145     
   5.0089799455381012E-004   35785.561703656029     
   5.0531550867785970E-004   35471.410657958317     
   5.0977198169423535E-004   35160.005949685306     
   5.1426775718877501E-004   34851.323570112887     
   5.1880318177746469E-004   34545.339720403565     
   5.2337860513316267E-004   34242.030809771590     
   5.2799438001255826E-004   33941.373453664099     
   5.3265086228336869E-004   33643.344471958262     
   5.3734841095177564E-004   33347.920887174172     
   5.4208738819010453E-004   33055.079922703197     
   5.4686815936474682E-004   32764.799001052161     
   5.5169109306432912E-004   32477.055742102431     
   5.5655656112813098E-004   32191.827961384599     
   5.6146493867475329E-004   31909.093668368045     
   5.6641660413103787E-004   31628.831064765523     
   5.7141193926124525E-004   31351.018542852566     
   5.7645132919648676E-004   31075.634683801560     
   5.8153516246441789E-004   30802.658256030376     
   5.8666383101919309E-004   30532.068213565486     
   5.9183773027168428E-004   30263.843694419360     
   5.9705725911996714E-004   29997.964018982013     
   6.0232281998007448E-004   29734.408688426658     
   6.0763481881702223E-004   29473.157383129328     
   6.1299366517610901E-004   29214.189961102209     
   6.1839977221449021E-004   28957.486456440784     
   6.2385355673303278E-004   28703.027077784453     
   6.2935543920844897E-004   28450.792206790706     
   6.3490584382571498E-004   28200.762396622540     
   6.4050519851077431E-004   27952.918370449202     
   6.4615393496353054E-004   27707.241019959903     
   6.5185248869112974E-004   27463.711403890695     
   6.5760129904153856E-004   27222.310746564061     
   6.6340080923741587E-004   26983.020436441395     
   6.6925146641028544E-004   26745.822024688056     
   6.7515372163500821E-004   26510.697223751020     
   6.8110802996455941E-004   26277.627905948957     
   6.8711485046511311E-004   26046.596102074571     
   6.9317464625143416E-004   25817.584000009279     
   6.9928788452258456E-004   25590.573943349853     
   7.0545503659794268E-004   25365.548430047249     
   7.1167657795354207E-004   25142.490111057105     
   7.1795298825872919E-004   24921.381789002273     
   7.2428475141314487E-004   24702.206416846882     
   7.3067235558403284E-004   24484.947096582084     
   7.3711629324387570E-004   24269.587077923177     
   7.4361706120836403E-004   24056.109757018265     
   7.5017516067470028E-004   23844.498675168106     
   7.5679109726023929E-004   23634.737517557187     
   7.6346538104147123E-004   23426.810111995866     
   7.7019852659334720E-004   23220.700427673539     
   7.7699105302895231E-004   23016.392573922723     
   7.8384348403952764E-004   22813.870798993863     
   7.9075634793484694E-004   22613.119488840952     
   7.9773017768394728E-004   22414.123165917685     
   8.0476551095622073E-004   22216.866487984207     
   8.1186289016286703E-004   22021.334246924223     
   8.1902286249871338E-004   21827.511367572508     
   8.2624597998440122E-004   21635.382906552622     
   8.3353279950894657E-004   21444.934051124830     
   8.4088388287267488E-004   21256.150118044050     
   8.4829979683053488E-004   21069.016552427809     
   8.5578111313579458E-004   20883.518926634100     
   8.6332840858412195E-004   20699.642939149027     
   8.7094226505805492E-004   20517.374413484213     
   8.7862326957186400E-004   20336.699297083782     
   8.8637201431680909E-004   20157.603660240980     
   8.9418909670679685E-004   19980.073695024184     
   9.0207511942444029E-004   19804.095714212384     
   9.1003069046752445E-004   19629.656150239862     
   9.1805642319588144E-004   19456.741554150231     
   9.2615293637867996E-004   19285.338594559529     
   9.3432085424213090E-004   19115.434056628346     
   9.4256080651761425E-004   18947.014841043070     
   9.5087342849023003E-004   18780.067963005877     
   9.5925936104777746E-004   18614.580551233725     
   9.6771925073016701E-004   18450.539846965887     
   9.7625374977926608E-004   18287.933202980399     
   9.8486351618918742E-004   18126.748082618888     
   9.9354921375701712E-004   17966.972058820098     
   1.0023115121339944E-003   17808.592813161726     
   1.0111510868771388E-003   17651.598134910771     
   1.0200686195013344E-003   17495.975920082044     
   1.0290647975318751E-003   17341.714170504994     
   1.0381403145574698E-003   17188.800992898727     
   1.0472958702837170E-003   17037.224597954984     
   1.0565321705870519E-003   16886.973299429279     
   1.0658499275691667E-003   16738.035513239869     
   1.0752498596119137E-003   16590.399756574672     
   1.0847326914326901E-003   16444.054647005967     
   1.0942991541403133E-003   16298.988901612805     
   1.1039499852913870E-003   16155.191336111173     
   1.1136859289471669E-003   16012.650863991672     
   1.1235077357309251E-003   15871.356495664779     
   1.1334161628858220E-003   15731.297337613592     
   1.1434119743332890E-003   15592.462591553962     
   1.1534959407319249E-003   15454.841553601938     
   1.1636688395369123E-003   15318.423613448575     
   1.1739314550599587E-003   15183.198253541854     
   1.1842845785297639E-003   15049.155048275848     
   1.1947290081530241E-003   14916.283663186905     
   1.2052655491759704E-003   14784.573854156895     
   1.2158950139464532E-003   14654.015466623408     
   1.2266182219765724E-003   14524.598434796875     
   1.2374360000058592E-003   14396.312780884506     
   1.2483491820650182E-003   14269.148614321030     
   1.2593586095402277E-003   14143.096131006167     
   1.2704651312380097E-003   14018.145612548758     
   1.2816696034506718E-003   13894.287425517479     
   1.2929728900223257E-003   13771.512020698146     
   1.3043758624154867E-003   13649.809932357501     
   1.3158793997782637E-003   13529.171777513408     
   1.3274843890121383E-003   13409.588255211474     
   1.3391917248403446E-003   13291.050145807951     
   1.3510023098768495E-003   13173.548310258933     
   1.3629170546959437E-003   13057.073689415764     
   1.3749368779024441E-003   12941.617303326590     
   1.3870627062025176E-003   12827.170250544057     
   1.3992954744751281E-003   12713.723707438983     
   1.4116361258441137E-003   12601.268927520143     
   1.4240856117508996E-003   12489.797240759890     
   1.4366448920278534E-003   12379.300052925741     
   1.4493149349722857E-003   12269.768844917795     
   1.4620967174211036E-003   12161.195172111911     
   1.4749912248261249E-003   12053.570663708666     
   1.4879994513300515E-003   11946.887022088002     
   1.5011223998431193E-003   11841.136022169474     
   1.5143610821204184E-003   11736.309510778156     
   1.5277165188398987E-003   11632.399406016024     
   1.5411897396810617E-003   11529.397696638896     
   1.5547817834043473E-003   11427.296441438759     
   1.5684936979312198E-003   11326.087768631560     
   1.5823265404249615E-003   11225.763875250279     
   1.5962813773721773E-003   11126.317026543384     
   1.6103592846650190E-003   11027.739555378475     
   1.6245613476841354E-003   10930.023861651185     
   1.6388886613823512E-003   10833.162411699253     
   1.6533423303690886E-003   10737.147737721669     
   1.6679234689955277E-003   10641.972437202967     
   1.6826332014405236E-003   10547.629172342487     
   1.6974726617972765E-003   10454.110669488680     
   1.7124429941607693E-003   10361.409718578316     
   1.7275453527159747E-003   10269.519172580633     
   1.7427809018268410E-003   10178.431946946301     
   1.7581508161260628E-003   10088.141019061262     
   1.7736562806056411E-003   9998.6394277052714     
   1.7892984907082472E-003   9909.9202725152572     
   1.8050786524193862E-003   9821.9767134532976     
   1.8209979823603777E-003   9734.8019702792826     
   1.8370577078821548E-003   9648.3893220282116     
   1.8532590671598904E-003   9562.7321064919943     
   1.8696033092884588E-003   9477.8237197058388     
   1.8860916943787376E-003   9393.6576154391369     
   1.9027254936547610E-003   9310.2273046907212     
   1.9195059895517278E-003   9227.5263551886474     
   1.9364344758148757E-003   9145.5483908942460     
   1.9535122575992264E-003   9064.2870915106032     
   1.9707406515702096E-003   8983.7361919952546     
   1.9881209860051785E-003   8903.8894820771857     
   2.0056546008958122E-003   8824.7408057780758     
   2.0233428480514321E-003   8746.2840609376617     
   2.0411870912032215E-003   8668.5131987433106     
   2.0591887061093667E-003   8591.4222232636821     
   2.0773490806611245E-003   8515.0051909864760     
   2.0956696149898278E-003   8439.2562103602031     
   2.1141517215748340E-003   8364.1694413399764     
   2.1327968253524203E-003   8289.7390949372930     
   2.1516063638256479E-003   8215.9594327737068     
   2.1705817871751892E-003   8142.8247666384477     
   2.1897245583711341E-003   8070.3294580498768     
   2.2090361532857822E-003   7998.4679178207998     
   2.2285180608074295E-003   7927.2346056275728     
   2.2481717829551610E-003   7856.6240295829584     
   2.2679988349946500E-003   7786.6307458127476     
   2.2880007455549863E-003   7717.2493580360642     
   2.3081790567465264E-003   7648.4745171493387     
   2.3285353242797910E-003   7580.3009208139320     
   2.3490711175854066E-003   7512.7233130473487     
   2.3697880199351038E-003   7445.7364838180356     
   2.3906876285637872E-003   7379.3352686437192     
   2.4117715547926767E-003   7313.5145481932741     
   2.4330414241535395E-003   7248.2692478920299     
   2.4544988765140144E-003   7183.5943375305642     
   2.4761455662040445E-003   7119.4848308769187     
   2.4979831621434190E-003   7055.9357852921848     
   2.5200133479704478E-003   6992.9423013494579     
   2.5422378221717657E-003   6930.4995224561289     
   2.5646582982132814E-003   6868.6026344794891     
   2.5872765046722835E-003   6807.2468653755741     
   2.6100941853707108E-003   6746.4274848212926     
   2.6331130995095979E-003   6686.1398038497446     
   2.6563350218047053E-003   6626.3791744887467     
   2.6797617426233475E-003   6567.1409894025055     
   2.7033950681224269E-003   6508.4206815364323     
   2.7272368203876858E-003   6450.2137237650568     
   2.7512888375741838E-003   6392.5156285430321     
   2.7755529740480190E-003   6335.3219475591750     
   2.8000311005292934E-003   6278.6282713935525     
   2.8247251042363445E-003   6222.4302291775357     
   2.8496368890312449E-003   6166.7234882568700     
   2.8747683755665854E-003   6111.5037538576544     
   2.9001215014335573E-003   6056.7667687552521     
   2.9256982213113334E-003   6002.5083129461109     
   2.9515005071177728E-003   5948.7242033224366     
   2.9775303481614497E-003   5895.4102933497206     
   3.0037897512950286E-003   5842.5624727470877     
   3.0302807410699847E-003   5790.1766671704327     
   3.0570053598926979E-003   5738.2488378983326     
   3.0839656681819153E-003   5686.7749815207071     
   3.1111637445276055E-003   5635.7511296302091     
   3.1386016858512165E-003   5585.1733485162968     
   3.1662816075673419E-003   5535.0377388619900     
   3.1942056437468170E-003   5485.3404354432942     
   3.2223759472812517E-003   5436.0776068312189     
   3.2507946900490140E-003   5387.2454550964421     
   3.2794640630826768E-003   5338.8402155165322     
   3.3083862767379455E-003   5290.8581562857298     
   3.3375635608640683E-003   5243.2955782272911     
   3.3669981649757574E-003   5196.1488145083204     
   3.3966923584266189E-003   5149.4142303571134     
   3.4266484305841187E-003   5103.0882227829698     
   3.4568686910060871E-003   5057.1672202984555     
   3.4873554696187806E-003   5011.6476826440939     
   3.5181111168965172E-003   4966.5261005154689     
   3.5491380040428913E-003   4921.7989952927110     
   3.5804385231735913E-003   4877.4629187723494     
   3.6120150875008244E-003   4833.5144529015206     
   3.6438701315193748E-003   4789.9502095144862     
   3.6760061111942941E-003   4746.7668300714695     
   3.7084255041502571E-003   4703.9609853997672     
   3.7411308098625751E-003   4661.5293754371351     
   3.7741245498499085E-003   4619.4687289774120     
   3.8074092678686646E-003   4577.7758034183689     
   3.8409875301091230E-003   4536.4473845117736     
   3.8748619253932762E-003   4495.4802861156313     
   3.9090350653744298E-003   4454.8713499486030     
   3.9435095847385557E-003   4414.6174453465510     
   3.9782881414074144E-003   4374.7154690212637     
   4.0133734167434858E-003   4335.1623448212267     
   4.0487681157566893E-003   4295.9550234945373     
   4.0844749673129401E-003   4257.0904824538738     
   4.1204967243445379E-003   4218.5657255435208     
   4.1568361640624127E-003   4180.3777828084449     
   4.1934960881702399E-003   4142.5237102653773     
   4.2304793230804535E-003   4105.0005896759067     
   4.2677887201321525E-003   4067.8055283215604     
   4.3054271558109333E-003   4030.9356587808529     
   4.3433975319706608E-003   3994.3881387082797     
   4.3817027760572006E-003   3958.1601506152583     
   4.4203458413341196E-003   3922.2489016529662     
   4.4593297071103665E-003   3886.6516233971092     
   4.4986573789699870E-003   3851.3655716345447     
   4.5383318890038354E-003   3816.3880261517920     
   4.5783562960433517E-003   3781.7162905253886     
   4.6187336858963873E-003   3747.3476919140730     
   4.6594671715851164E-003   3713.2795808528090     
   4.7005598935860454E-003   3679.5093310485872     
   4.7420150200721371E-003   3646.0343391780348     
   4.7838357471570673E-003   3612.8520246867874     
   4.8260252991416475E-003   3579.9598295906208     
   4.8685869287624032E-003   3547.3552182783214     
   4.9115239174423626E-003   3515.0356773162925     
   4.9548395755440412E-003   3482.9987152548538     
   4.9985372426246677E-003   3451.2418624362595     
   5.0426202876936574E-003   3419.7626708043804     
   5.0870921094723579E-003   3388.5587137160578     
   5.1319561366560832E-003   3357.6275857541168     
   5.1772158281784570E-003   3326.9669025420117     
   5.2228746734780951E-003   3296.5743005600921     
   5.2689361927676318E-003   3266.4474369634859     
   5.3154039373051213E-003   3236.5839894015721     
   5.3622814896678341E-003   3206.9816558390407     
   5.4095724640284681E-003   3177.6381543785151     
   5.4572805064337935E-003   3148.5512230847294     
   5.5054092950857555E-003   3119.7186198102559     
   5.5539625406250577E-003   3091.1381220227454     
   5.6029439864172465E-003   3062.8075266336909     
   5.6523574088413169E-003   3034.7246498286918     
   5.7022066175808628E-003   3006.8873268992033     
   5.7524954559177999E-003   2979.2934120757591     
   5.8032278010286724E-003   2951.9407783626630     
   5.8544075642835798E-003   2924.8273173741236     
   5.9060386915477294E-003   2897.9509391718279     
   5.9581251634856659E-003   2871.3095721039381     
   6.0106709958681623E-003   2844.9011626455044     
   6.0636802398818367E-003   2818.7236752402705     
   6.1171569824414853E-003   2792.7750921438733     
   6.1711053465051801E-003   2767.0534132684152     
   6.2255294913921410E-003   2741.5566560283955     
   6.2804336131034085E-003   2716.2828551880043     
   6.3358219446453500E-003   2691.2300627097438     
   6.3916987563560181E-003   2666.3963476043855     
   6.4480683562343809E-003   2641.7797957822449     
   6.5049350902724682E-003   2617.3785099057550     
   6.5623033427904317E-003   2593.1906092433383     
   6.6201775367745732E-003   2569.2142295245621     
   6.6785621342183464E-003   2545.4475227965627     
   6.7374616364663693E-003   2521.8886572817305     
   6.7968805845614695E-003   2498.5358172366491     
   6.8568235595947886E-003   2475.3872028122641     
   6.9172951830589790E-003   2452.4410299152901     
   6.9783001172045089E-003   2429.6955300708250     
   7.0398430653991172E-003   2407.1489502861850     
   7.1019287724904279E-003   2384.7995529159161     
   7.1645620251717789E-003   2362.6456155280111     
   7.2277476523512577E-003   2340.6854307712911     
   7.2914905255240074E-003   2318.9173062439531     
   7.3557955591478054E-003   2297.3395643632812     
   7.4206677110219650E-003   2275.9505422364869     
   7.4861119826695674E-003   2254.7485915327065     
   7.5521334197230679E-003   2233.7320783561040     
   7.6187371123133171E-003   2212.8993831201037     
   7.6859281954619815E-003   2192.2489004227227     
   7.7537118494774640E-003   2171.7790389229954     
   7.8220933003542801E-003   2151.4882212185030     
   7.8910778201759842E-003   2131.3748837239573     
   7.9606707275216276E-003   2111.4374765508710     
   8.0308773878758188E-003   2091.6744633882781     
   8.1017032140423897E-003   2072.0843213845051     
   8.1731536665617128E-003   2052.6655410299900     
   8.2452342541316920E-003   2033.4166260411257     
   8.3179505340324929E-003   2014.3360932451255     
   8.3913081125549741E-003   1995.4224724659118     
   8.4653126454329371E-003   1976.6743064110008     
   8.5399698382791715E-003   1958.0901505593920     
   8.6152854470253407E-003   1939.6685730504364     
   8.6912652783657628E-003   1921.4081545736963     
   8.7679151902050837E-003   1903.3074882597637     
   8.8452410921099258E-003   1885.3651795720507     
   8.9232489457644927E-003   1867.5798461995344     
   9.0019447654302084E-003   1849.9501179504389     
   9.0813346184094070E-003   1832.4746366468655     
   9.1614246255131062E-003   1815.1520560203512     
   9.2422209615329199E-003   1797.9810416083421     
   9.3237298557171094E-003   1780.9602706515909     
   9.4059575922508572E-003   1764.0884319924535     
   9.4889105107407636E-003   1747.3642259740886     
   9.5725950067036165E-003   1730.7863643405419     
   9.6570175320594802E-003   1714.3535701377230     
   9.7421845956291147E-003   1698.0645776152494     
   9.8281027636358091E-003   1681.9181321291592     
   9.9147786602116102E-003   1665.9129900454918     
   1.0002218967908040E-002   1650.0479186447135     
   1.0090430428211309E-002   1634.3216960269901     
   1.0179419842062066E-002   1618.7331110183034     
   1.0269194070379743E-002   1603.2809630773936     
   1.0359760034591516E-002   1587.9640622035281     
   1.0451124717165935E-002   1572.7812288450868     
   1.0543295162151266E-002   1557.7312938089592     
   1.0636278475718563E-002   1542.8130981707411     
   1.0730081826709547E-002   1528.0254931857332     
   1.0824712447189312E-002   1513.3673402007232     
   1.0920177633003902E-002   1498.8375105665541     
   1.1016484744342801E-002   1484.4348855514695     
   1.1113641206306401E-002   1470.1583562552250     
   1.1211654509478459E-002   1456.0068235239635     
   1.1310532210503602E-002   1441.9791978658495     
   1.1410281932669939E-002   1428.0743993674500     
   1.1510911366496795E-002   1414.2913576108615     
   1.1612428270327640E-002   1400.6290115915685     
   1.1714840470928245E-002   1387.0863096370415     
   1.1818155864090104E-002   1373.6622093260526     
   1.1922382415239189E-002   1360.3556774087128     
   1.2027528160050076E-002   1347.1656897272194     
   1.2133601205065467E-002   1334.0912311373118     
   1.2240609728321201E-002   1321.1312954304251     
   1.2348561979976760E-002   1308.2848852565401     
   1.2457466282951343E-002   1295.5510120477206     
   1.2567331033565547E-002   1282.9286959423318     
   1.2678164702188707E-002   1270.4169657099380     
   1.2789975833891951E-002   1258.0148586768685     
   1.2902773049106996E-002   1245.7214206524504     
   1.3016565044290784E-002   1233.5357058558996     
   1.3131360592595955E-002   1221.4567768438653     
   1.3247168544547236E-002   1209.4837044386259     
   1.3363997828723809E-002   1197.6155676569235     
   1.3481857452447683E-002   1185.8514536394380     
   1.3600756502478146E-002   1174.1904575808906     
   1.3720704145712324E-002   1162.6316826607815     
   1.3841709629891955E-002   1151.1742399747347     
   1.3963782284316354E-002   1139.8172484664733     
   1.4086931520561686E-002   1128.5598348603969     
   1.4211166833206597E-002   1117.4011335947655     
   1.4336497800564205E-002   1106.3402867554860     
   1.4462934085420593E-002   1095.3764440104922     
   1.4590485435779772E-002   1084.5087625447163     
   1.4719161685615254E-002   1073.7364069956423     
   1.4848972755628211E-002   1063.0585493894430     
   1.4979928654012365E-002   1052.4743690776916     
   1.5112039477225586E-002   1041.9830526746412     
   1.5245315410768312E-002   1031.5837939950732     
   1.5379766729968844E-002   1021.2757939927039     
   1.5515403800775537E-002   1011.0582606991464     
   1.5652237080556006E-002   1000.9304091634270     
   1.5790277118903379E-002   990.89146139204320     
   1.5929534558449622E-002   980.94064628956937     
   1.6070020135686102E-002   971.07719959979306     
   1.6211744681791325E-002   961.30036384738912     
   1.6354719123466008E-002   951.60938828011979     
   1.6498954483775509E-002   942.00352881155709     
   1.6644461882999687E-002   932.48204796432583     
   1.6791252539490237E-002   923.04421481386396     
   1.6939337770535644E-002   913.68930493268317     
   1.7088728993233680E-002   904.41660033514950     
   1.7239437725371669E-002   895.22538942275344     
   1.7391475586314476E-002   886.11496692988396     
   1.7544854297900342E-002   877.08463387009294     
   1.7699585685344622E-002   868.13369748284708     
   1.7855681678151467E-002   859.26147118076858     
   1.8013154311033598E-002   850.46727449735158     
   1.8172015724840136E-002   841.75043303515577     
   1.8332278167492635E-002   833.11027841447560     
   1.8493953994929400E-002   824.54614822247140     
   1.8657055672058092E-002   816.05738596276854     
   1.8821595773716740E-002   807.64334100551707     
   1.8987586985643248E-002   799.30336853790300     
   1.9155042105453452E-002   791.03682951511473     
   1.9323974043627776E-002   782.84309061175679     
   1.9494395824506603E-002   774.72152417370762     
   1.9666320587294447E-002   766.67150817041579     
   1.9839761587072950E-002   758.69242614763425     
   2.0014732195822827E-002   750.78366718058692     
   2.0191245903454808E-002   742.94462582756182     
   2.0369316318849709E-002   735.17470208393081     
   2.0548957170907635E-002   727.47330133658977     
   2.0730182309606458E-002   719.83983431881506     
   2.0913005707069613E-002   712.27371706553492     
   2.1097441458643350E-002   704.77437086900750     
   2.1283503783983432E-002   697.34122223490976     
   2.1471207028151463E-002   689.97370283882299     
   2.1660565662720847E-002   682.67124948312176     
   2.1851594286892536E-002   675.43330405425422     
   2.2044307628620596E-002   668.25931348041593     
   2.2238720545747707E-002   661.14872968961004     
   2.2434848027150667E-002   654.10100956809208     
   2.2632705193896020E-002   647.11561491919576     
   2.2832307300405842E-002   640.19201242253484     
   2.3033669735633856E-002   633.32967359357872     
   2.3236808024251869E-002   626.52807474359554     
   2.3441737827846709E-002   619.78669693996778     
   2.3648474946127696E-002   613.10502596686263     
   2.3857035318144780E-002   606.48255228626715     
   2.4067435023517391E-002   599.91877099937722     
   2.4279690283674181E-002   593.41318180833775     
   2.4493817463103643E-002   586.96528897833377     
   2.4709833070615781E-002   580.57460130002437     
   2.4927753760614926E-002   574.24063205232073     
   2.5147596334383737E-002   567.96289896550013     
   2.5369377741378575E-002   561.74092418465568     
   2.5593115080536261E-002   555.57423423347802     
   2.5818825601592359E-002   549.46235997836447     
   2.6046526706411128E-002   543.40483659285098     
   2.6276235950327149E-002   537.40120352236852     
   2.6507971043498821E-002   531.45100444931245     
   2.6741749852273775E-002   525.55378725843036     
   2.6977590400566347E-002   519.70910400251648     
   2.7215510871247177E-002   513.91651086841659     
   2.7455529607545080E-002   508.17556814333415     
   2.7697665114461274E-002   502.48584018143771     
   2.7941936060196085E-002   496.84689537076417     
   2.8188361277588218E-002   491.25830610041720     
   2.8436959765566757E-002   485.71964872805262     
   2.8687750690615920E-002   480.23050354765206     
   2.8940753388252784E-002   474.79045475757778     
   2.9195987364518002E-002   469.39909042890940     
   2.9453472297479692E-002   464.05600247405323     
   2.9713228038750567E-002   458.76078661562457     
   2.9975274615018473E-002   453.51304235560116     
   3.0239632229590405E-002   448.31237294473755     
   3.0506321263950139E-002   443.15838535224441     
   3.0775362279329598E-002   438.05069023572469     
   3.1046776018294125E-002   432.98890191136297     
   3.1320583406341640E-002   427.97263832436784     
   3.1596805553516009E-002   423.00152101965858     
   3.1875463756034547E-002   418.07517511279843     
   3.2156579497929952E-002   413.19322926116445     
   3.2440174452706652E-002   408.35531563535716     
   3.2726270485011831E-002   403.56106989083747     
   3.3014889652321112E-002   398.81013113979844     
   3.3306054206639166E-002   394.10214192325714     
   3.3599786596215306E-002   389.43674818336967     
   3.3896109467274213E-002   384.81359923596318     
   3.4195045665761883E-002   380.23234774328211     
   3.4496618239107053E-002   375.69264968694284     
   3.4800850437998056E-002   371.19416434109587     
   3.5107765718175490E-002   366.73655424578720     
   3.5417387742240514E-002   362.31948518052258     
   3.5729740381479289E-002   357.94262613801862     
   3.6044847717703318E-002   353.60564929815206     
   3.6362734045106176E-002   349.30823000208915     
   3.6683423872136543E-002   345.05004672659942     
   3.7006941923387701E-002   340.83078105854742     
   3.7333313141503822E-002   336.65011766955791     
   3.7662562689102959E-002   332.50774429085118     
   3.7994715950717066E-002   328.40335168824350     
   3.8329798534749084E-002   324.33663363730960     
   3.8667836275447287E-002   320.30728689870142     
   3.9008855234897069E-002   316.31501119362133     
   3.9352881705030311E-002   312.35950917944189     
   3.9699942209652374E-002   308.44048642547159     
   4.0050063506487099E-002   304.55765138886039     
   4.0403272589239737E-002   300.71071539063985     
   4.0759596689678157E-002   296.89939259189515     
   4.1119063279732304E-002   293.12339997006421     
   4.1481700073612286E-002   289.38245729535851     
   4.1847535029945065E-002   285.67628710730116     
   4.2216596353930033E-002   282.00461469137923     
   4.2588912499513541E-002   278.36716805580409     
   4.2964512171582710E-002   274.76367790837639     
   4.3343424328178455E-002   271.19387763344912     
   4.3725678182728142E-002   267.65750326898666     
   4.4111303206297886E-002   264.15429348371367     
   4.4500329129864687E-002   260.68398955434924     
   4.4892785946608671E-002   257.24633534292121     
   4.5288703914225473E-002   253.84107727415702     
   4.5688113557259089E-002   250.46796431294561     
   4.6091045669455225E-002   247.12674794186512     
   4.6497531316135453E-002   243.81718213877289     
   4.6907601836592282E-002   240.53902335445207     
   4.7321288846505404E-002   237.29203049030846     
   4.7738624240379120E-002   234.07596487611772     
   4.8159640194001416E-002   230.89059024781139     
   4.8584369166924657E-002   227.73567272530218     
   4.9012843904968094E-002   224.61098079034164     
   4.9445097442742593E-002   221.51628526440473     
   4.9881163106197467E-002   218.45135928659781     
   5.0321074515189898E-002   215.41597829158513     
   5.0764865586076929E-002   212.40991998752699     
   5.1212570534330391E-002   209.43296433402776     
   5.1664223877174807E-002   206.48489352008747     
   5.2119860436248631E-002   203.56549194205149     
   5.2579515340288957E-002   200.67454618155475     
   5.3043224027839821E-002   197.81184498345644     
   5.3511022249984511E-002   194.97717923375805     
   5.3982946073101834E-002   192.17034193750393     
   5.4459031881646865E-002   189.39112819665525     
   5.4939316380956039E-002   186.63933518793800     
   5.5423836600077075E-002   183.91476214065619     
   5.5912629894623915E-002   181.21721031446893     
   5.6405733949656665E-002   178.54648297712612     
   5.6903186782587156E-002   175.90238538215826     
   5.7405026746109922E-002   173.28472474651755     
   5.7911292531159182E-002   170.69331022816482     
   5.8422023169891812E-002   168.12795290360066     
   5.8937258038696670E-002   165.58846574533501     
   5.9457036861230432E-002   163.07466359929302     
   5.9981399711480185E-002   160.58636316215367     
   6.0510387016853129E-002   158.12338295861781     
   6.1044039561293360E-002   155.68554331860278     
   6.1582398488426358E-002   153.27266635436021     
   6.2125505304730953E-002   150.88457593751650     
   6.2673401882739482E-002   148.52109767603045     
   6.3226130464266062E-002   146.18205889106892     
   6.3783733663663356E-002   143.86728859379636     
   6.4346254471108075E-002   141.57661746207836     
   6.4913736255915414E-002   139.30987781709672     
   6.5486222769882751E-002   137.06690359987510     
   6.6063758150662830E-002   134.84753034771529     
   6.6646386925166737E-002   132.65159517054207     
   6.7234154012996775E-002   130.47893672715878     
   6.7827104729909715E-002   128.32939520141142     
   6.8425284791310589E-002   126.20281227826351     
   6.9028740315777173E-002   124.09903111978240     
   6.9637517828615741E-002   122.01789634103751     
   7.0251664265448030E-002   119.95925398591341     
   7.0871226975829926E-002   117.92295150283907     
   7.1496253726901937E-002   115.90883772043749     
   7.2126792707072063E-002   113.91676282309578     
   7.2762892529730991E-002   111.94657832646280     
   7.3404602237000044E-002   109.99813705287654     
   7.4051971303512362E-002   108.07129310672572     
   7.4705049640227159E-002   106.16590184975227     
   7.5363887598277876E-002   104.28181987629883     
   7.6028535972854097E-002   102.41890498850861     
   7.6699046007117799E-002   100.57701617148416     
   7.7375469396154098E-002   98.756013568412982     
   7.8057858290956822E-002   96.955758455667308     
   7.8746265302449311E-002   95.176113217888229     
   7.9440743505540534E-002   93.416941323062034     
   8.0141346443217146E-002   91.678107297600747     
   8.0848128130671534E-002   89.959476701435904     
   8.1561143059466282E-002   88.260916103138669     
   8.2280446201735330E-002   86.582293055078154     
   8.3006093014422314E-002   84.923476068629910     
   8.3738139443556084E-002   83.284334589450907     
   8.4476641928564147E-002   81.664738972832438     
   8.5221657406623963E-002   80.064560459149192     
   8.5973243317052750E-002   78.483671149418626     
   8.6731457605735890E-002   76.921943980988701     
   8.7496358729594534E-002   75.379252703371023     
   8.8268005661092414E-002   73.855471854238274     
   8.9046457892782635E-002   72.350476735605113     
   8.9831775441894315E-002   70.864143390212590     
   9.0624018854959909E-002   69.396348578137307     
   9.1423249212483154E-002   67.946969753646286     
   9.2229528133648347E-002   66.515885042320548     
   9.3042917781070975E-002   65.102973218470680     
   9.3863480865590390E-002   63.708113682867534     
   9.4691280651104728E-002   62.331186440813738     
   9.5526380959448362E-002   60.972072080580723     
   9.6368846175312536E-002   59.630651752237270     
   9.7218741251209218E-002   58.306807146896709     
   9.8076131712478878E-002   57.000420476409317     
   9.8941083662342361E-002   55.711374453528421     
   9.9813663786997298E-002   54.439552272578389     
  0.10069393936075952        53.184837590652371     
  0.10158197825124975        51.947114509370962     
  0.10247784892462611        50.726267557229058     
  0.10338162045086273        49.522181672562631     
  0.10429336250907487        48.334742187163876     
  0.10521314539289107        47.163834810576496     
  0.10614104001587275        46.009345615099591     
  0.10707711791698134        44.871161021531655     
  0.10802145126609394        43.749167785684165     
  0.10897411286956746        42.643252985693813     
  0.10993517617585181        41.553304010163913     
  0.11090471528115270        40.479208547162813     
  0.11188280493514424        39.420854574107814     
  0.11286952054673208        38.378130348561832     
  0.11386493818986726        37.350924399969706     
  0.11486913460941139        36.339125522358522     
  0.11588218722705354        35.342622768027574     
  0.11690417414727922        34.361305442248820     
  0.11793517416339225        33.395063099000637     
  0.11897526676358942        32.443785537753008     
  0.12002453213708908        31.507362801322049     
  0.12108305118031332        30.585685174808884     
  0.12215090550312513        29.678643185635352     
  0.12322817743512032        28.786127604687294     
  0.12431495003197497        27.908029448571654     
  0.12541130708184886        27.044239982992899     
  0.12651733311184543        26.194650727248575     
  0.12763311339452857        25.359153459841632     
  0.12875873395449705        24.537640225203543     
  0.12989428157501690        23.730003341516664     
  0.13103984380471209        22.936135409622324     
  0.13219550896431451        22.155929322993529     
  0.13336136615347333        21.389278278749796     
  0.13453750525762426        20.636075789683559     
  0.13572401695491976        19.896215697263631     
  0.13692099272322000        19.169592185576072     
  0.13812852484714577        18.456099796155357     
  0.13934670642519328        17.755633443654226     
  0.14057563137691209        17.068088432293514     
  0.14181539445014593        16.393360473026572     
  0.14306609122833772        15.731345701346628     
  0.14432781813789888        15.081940695657574     
  0.14560067245564348        14.445042496123099     
  0.14688475231628831        13.820548623899363     
  0.14818015672001869        13.208357100651526     
  0.14948698554012138        12.608366468244734     
  0.15080533953068453        12.020475808493638     
  0.15213532033436555        11.444584762846404     
  0.15347703049022779        10.880593551871122     
  0.15483057344164589        10.328402994405339     
  0.15619605354428123        9.7879145262210319     
  0.15757357607412745        9.2590302180500856     
  0.15896324723562713        8.7416527928071943     
  0.16036517416985993        8.2356856418410231     
  0.16177946496280285        7.7410328400357331     
  0.16320622865366366        7.2575991595793452     
  0.16464557524328746        6.7852900822080890     
  0.16609761570263762        6.3240118097309947     
  0.16756246198135144        5.8736712726314977     
  0.16904022701637120        5.4341761365402332     
  0.17053102474065149        5.0054348063664813     
  0.17203497009194307        4.5873564278738064     
  0.17355217902165454        4.1798508864813204     
  0.17508276850379184        3.7828288030710242     
  0.17662685654397689        3.3962015265793957     
  0.17818456218854536        3.0198811231533220     
  0.17975600553372517        2.6537803616485385     
  0.18134130773489551        2.2978126952550211     
  0.18294059101592786        1.9518922390335904     
  0.18455397867860898        1.6159337431561629     
  0.18618159511214757        1.2898525616462009     
  0.18782356580276416       0.97356461642639380     
  0.18948001734336609       0.66698635648832849     
  0.19115107744330739       0.37003471201175875     
  0.19283687493823506        8.2627043274564826E-002
  0.19453753980002206      -0.19531891579117056     
  0.19625320314678785      -0.46388511952295608     
  0.19798399725300736      -0.72315327803926321     
  0.19973005555970916      -0.97320493042374889     
  0.20149151268476348       -1.2141215236451885     
  0.20326850443326097       -1.4459844972486002     
  0.20506116780798309       -1.6688753738269582     
  0.20686964101996466       -1.8828758552508384     
  0.20869406349914987       -2.0880679246027225     
  0.21053457590514188       -2.2845339537268581     
  0.21239132013804746       -2.4723568162694161     
  0.21426443934941727       -2.6516200060453414     
  0.21615407795328265       -2.8224077605268310     
  0.21806038163728947       -2.9848051892065293     
  0.21998349737393050       -3.1388984065435221     
  0.22192357343187680       -3.2847746691551598     
  0.22388075938740881       -3.4225225168692930     
  0.22585520613594851       -3.5522319172039754     
  0.22784706590369311       -3.6739944127913660     
  0.22985649225935142       -3.7879032712128695     
  0.23188364012598378       -3.8940536366610981     
  0.23392866579294624       -3.9925426827942712     
  0.23599172692794032       -4.0834697660971582     
  0.23807298258916862       -4.1669365790131039     
  0.24017259323759835       -4.2430473020629087     
  0.24229072074933214       -4.3119087541172689     
  0.24442752842808865       -4.3736305399461965     
  0.24658318101779297       -4.4283251941225164     
  0.24875784471527790       -4.4761083203184580     
  0.25095168718309763       -4.5170987249956500     
  0.25316487756245404       -4.5514185444561797     
  0.25539758648623728       -4.5791933641934683     
  0.25764998609218126       -4.6005523294576882     
  0.25992225003613506       -4.6156282459327187     
  0.26221455350545153       -4.6245576694088708     
  0.26452707323249403       -4.6274809833309307     
  0.26685998750826179       -4.6245424631022196     
  0.26921347619613639       -4.6158903260357018     
  0.27158772074574833       -4.6016767658602689     
  0.27398290420696675       -4.5820579707177389     
  0.27639921124401234       -4.5571941236209819     
  0.27883682814969435       -4.5272493843896591     
  0.28129594285977361       -4.4923918521347419     
  0.28377674496745187       -4.4527935074282325     
  0.28627942573798926       -4.4086301333703188     
  0.28880417812345022       -4.3600812148518493     
  0.29135119677758026       -4.3073298154065531     
  0.29392067807081279       -4.2505624311541093     
  0.29651282010540941       -4.1899688214519761     
  0.29912782273073274       -4.1257418160005885     
  0.30176588755865508       -4.0580770982828138     
  0.30442721797910161       -3.9871729653634302     
  0.30711201917573189       -3.9132300642279305     
  0.30982049814175910       -3.8364511050004215     
  0.31255286369590840       -3.7570405515480827     
  0.31530932649851701       -3.6752042901520752     
  0.31809009906777541       -3.5911492771021019     
  0.32089539579611209       -3.5050831662518345     
  0.32372543296672318       -3.4172139177541347     
  0.32658042877024684       -3.3277493893765078     
  0.32946060332158611       -3.2368969119775337     
  0.33236617867687862       -3.1448628509014287     
  0.33529737885061733       -3.0518521552194735     
  0.33825442983292126       -2.9580678969115373     
  0.34123755960695901       -2.8637108022361173     
  0.34424699816652593       -2.7689787776818608     
  0.34728297753377602       -2.6740664330249300     
  0.35034573177711054       -2.5791646041331755     
  0.35343549702922444       -2.4844598782579648     
  0.35655251150531120       -2.3901341246355710     
  0.35969701552142958       -2.2963640332809376     
  0.36286925151303062       -2.2033206648957320     
  0.36606946405364987       -2.1111690148278077     
  0.36929789987376282       -2.0200675940104547     
  0.37255480787980783       -1.9301680297747916     
  0.37584043917337623       -1.8416146893675829     
  0.37915504707057157       -1.7545443289183280     
  0.38249888712154029       -1.6690857704840325     
  0.38587221713017372       -1.5853596096572917     
  0.38927529717398446       -1.5034779560536728     
  0.39270838962415777       -1.4235442087987402     
  0.39617175916578035       -1.3456528689143488     
  0.39966567281824639       -1.2698893902595432     
  0.40319039995584471       -1.1963300704151816     
  0.40674621232852692       -1.1250419826156608     
  0.41033338408285891       -1.0560829495280513     
  0.41395219178315679      -0.98950155936132433     
  0.41760291443280978      -0.92533722445950262     
  0.42128583349579085      -0.86362028219550746     
  0.42500123291835684      -0.80437213764083226     
  0.42874939915094018      -0.74760544714386779     
  0.43253062117023416      -0.69332434161022627     
  0.43634519050147191      -0.64152468794611206     
  0.44019340124090284      -0.59219438680422676     
  0.44407555007846661      -0.54531370446518812     
  0.44799193632066786      -0.50085563639950537     
  0.45194286191365157      -0.45878629978972951     
  0.45592863146648310      -0.41906535205272988     
  0.45994955227463269      -0.38164643219160099     
  0.46400593434366733      -0.34647762162799955     
  0.46809809041315176      -0.31350192102160424     
  0.47222633598076025      -0.28265773947555284     
  0.47639098932660046      -0.25387939245700192     
  0.48059237153775275      -0.22709760473116458     
  0.48483080653302496      -0.20224001461603353     
  0.48910662108792607      -0.17923167591319950     
  0.49342014485986047      -0.15799555395728693     
  0.49777171041354301      -0.13845301235122959     
  0.50216165324663997      -0.12052428711513458     
  0.50659031181563496      -0.10412894517063949     
  0.51105802756192320       -8.9186324307509307E-002
  0.51556514493813621       -7.5615952031641037E-002
  0.52011201143469832       -6.3337940969881532E-002
  0.52469897760661777       -5.2273358803183789E-002
  0.52932639710051355       -4.2344571011340079E-002
  0.53399462668188125       -3.3475555035366644E-002
  0.53870402626259850       -2.5592184792997005E-002
  0.54345495892867401       -1.8622484814042314E-002
  0.54824779096824061       -1.2496853591018930E-002
  0.55308289189979565       -7.1482560619773733E-003
  0.55796063450068978       -2.5123854526355738E-003
  0.56288139483586752        1.4722050002260179E-003
  0.56784555228686140        4.8639996462473620E-003
  0.57285348958104132        7.7184462882365149E-003
  0.57790559282112230        1.0087909037736098E-002
  0.58300225151493212        1.2021646677282907E-002
  0.58814385860544172        1.3565814874461013E-002
  0.59333081050106051        1.4763490450138604E-002
  0.59856350710619877        1.5654715791281359E-002
  0.60384235185209889        1.6276561417517935E-002
  0.60916775172794013        1.6663204659771759E-002
  0.61454011731221603        1.6846022387808194E-002
  0.61995986280438964        1.6853695730092641E-002
  0.62542740605682734        1.6712324762089219E-002
  0.63094316860701438        1.6445551195888159E-002
  0.63650757571005512        1.6074687182360721E-002
  0.64212105637145889        1.5618848434209381E-002
  0.64778404338021567        1.5095089991436619E-002
  0.65349697334216350        1.4518543076943259E-002
  0.65926028671364989        1.3902551626184794E-002
  0.66507442783548998        1.3258807218103838E-002
  0.67093984496722470        1.2597481282043594E-002
  0.67685699032168067        1.1927353604303130E-002
  0.68282632009983479        1.1255936305883025E-002
  0.68884829452598662        1.0589592607479954E-002
  0.69492337788324110        9.9336498368773930E-003
  0.70105203854930354        9.2925062657799422E-003
  0.70723474903259065        8.6697314863890245E-003
  0.71347198600866024        8.0681601514559914E-003
  0.71976423035696213        7.4899790043170371E-003
  0.72611196719791293        6.9368072169475872E-003
  0.73251568593029770        6.4097701340865686E-003
  0.73897588026900218        5.9095665899422563E-003
  0.74549304828307694        5.4365300211060875E-003
  0.75206769243413774        4.9906836454722374E-003
  0.75870031961510420        4.5717900127707220E-003
  0.76539144118928060        4.1793952584861706E-003
  0.77214157302978070        3.8128684102816633E-003
  0.77895123555930101        3.4714361054798732E-003
  0.78582095379024397        3.1542130806206338E-003
  0.79275125736519603        2.8602287905828481E-003
  0.79974268059776121        2.5884505061898131E-003
  0.80679576251375673        2.3378032265413328E-003
  0.81391104689277005        2.1071867264187724E-003
  0.82108908231008404        1.8954900408112252E-003
  0.82833042217897046        1.7016036686619044E-003
  0.83563562479335718        1.5244297569997763E-003
  0.84300525337087207        1.3628905052848321E-003
  0.85043987609626570        1.2159350085492726E-003
  0.85794006616521723        1.0825447371696530E-003
  0.86550640182852723        9.6173783118117624E-004
  0.87313946643669882        8.5257236819216058E-004
  0.88083984848491426        7.5414874634978184E-004
  0.88860814165840540        6.6561130756038914E-004
  0.89644494487822712        5.8614931133531918E-004
  0.90435086234743145        5.1499735622693142E-004
  0.91232650359765211        4.5143533381057172E-004
  0.92037248353609746        3.9478798949809811E-004
  0.92848942249295841        3.4442415505554747E-004
  0.93667794626923517        2.9975570944448489E-004
  0.94493868618498600        2.6023631740640114E-004
  0.95327227912799894        2.2535998895086798E-004
  0.96167936760289707        1.9465949747953212E-004
  0.97016059978067237        1.6770468957180622E-004
  0.97871662954865968        1.4410071537239216E-004
  0.98734811656094978        1.2348620496246534E-004
  0.99605572628924799        1.0553141298132143E-004
   1.0048401300741796        8.9936351019885007E-005
   1.0137020051770509        7.6428924868160688E-005
   1.0226420348320626        6.4763091512117291E-005
   1.0316609082989880        5.4717048797650441E-005
   1.0407593209163120        4.6091468875123877E-005
   1.0499379741548411        3.8707784880031886E-005
   1.0591975756717860        3.2406538773085696E-005
   1.0685388393653192        2.7045796841520891E-005
   1.0779624854296175        2.2499638042529847E-005
   1.0874692404103852        1.8656719142905316E-005
   1.0970598372608706        1.5418919472545618E-005
   1.1067350153983764        1.2700067061692696E-005
   1.1164955207612650        1.0424746972176805E-005
   1.1263421058664707        8.5271917617278871E-006
   1.1362755298675171        6.9502532379702261E-006
   1.1462965586130465        5.6444539651964410E-006
   1.1564059647058644        4.5671163820973234E-006
   1.1666045275625074        3.6815668712726000E-006
   1.1768930334733327        2.9564116897205990E-006
   1.1872722756631426        2.3648813208858017E-006
   1.1977430543523375        1.8842395396585578E-006
   1.2083061768186130        1.4952532875766623E-006
   1.2189624574592002        1.1817193312679654E-006
   1.2297127178536520        9.3004361716976523E-007
   1.2405577868271880        7.2886923357071948E-007
   1.2514985005145935        5.6874894051247910E-007
   1.2625357024246844        4.4185832234105164E-007
   1.2736702435053413        3.4174574994836248E-007
   1.2849029822091134        2.6311550331630861E-007
   1.2962347845594071        2.0164059340457190E-007
   1.3076665242172516        1.5380202956626955E-007
   1.3191990825486586        1.1675149879759054E-007
   1.3308333486925730        8.8194650979309627E-008
   1.3425702196294240        6.6292415135011525E-008
   1.3544106002502816        4.9578001471519948E-008
   1.3663554034266205        3.6887469028306205E-008
   1.3784055500807015        2.7301956181813052E-008
   1.3905619692565738        2.0099878640893244E-008
   1.4028255981917006        1.4717595093856170E-008
   1.4151973823892203        1.0717223001545201E-008
   1.4276782756908422        7.7604553178611845E-009
   1.4402692403503854        5.5873827194486327E-009
   1.4529712471079677        3.9994651628586088E-009
   1.4657852752648481        2.8459214901235173E-009
   1.4787123127589279        2.0129168534961371E-009
   1.4917533562409191        1.4150256062216980E-009
   1.5049094111511865        9.8853283554046638E-010
   1.5181814917972618        6.8621182547419360E-010
   1.5315706214320473        4.7327842023840455E-010
   1.5450778323327063        3.2427752991438133E-010
   1.5587041658802496        2.2070288979872237E-010
   1.5724506726398233        1.4918963686384826E-010
   1.5863184124417073        1.0015123719551035E-010
   1.6003084544630242        6.6758662433650160E-011
   1.6144218773101724        4.4181276235978954E-011
   1.6286597691019835        2.9026383104664405E-011
   1.6430232275536152        1.8928463373557053E-011
   1.6575133600611829        1.2250344511758456E-011
   1.6721312837871376        7.8674406571587007E-012
   1.6868781257463965        5.0131600450653539E-012
   1.7017550228932359        3.1689998869971330E-012
   1.7167631222089450        1.9870280969100131E-012
   1.7319035807902599        1.2356469599325394E-012
   1.7471775659385693        7.6195581659800060E-013
   1.7625862552499161        4.6584925625126920E-013
   1.7781308367057831        2.8234191648295349E-013
   1.7938125087646879        1.6961043843374807E-013
   1.8096324804545798        1.0097382457215309E-013
   1.8255919714660540        5.9562728210708082E-014
   1.8416922122463881        3.4808011060884042E-014
   1.8579344440944068        2.0148871972258693E-014
   1.8743199192561835        1.1550903256487452E-014
   1.8908499010215873        6.5569265068159898E-015
   1.9075256638216784        3.6849195069673955E-015
   1.9243484933269661        2.0498488186223512E-015
   1.9413196865465314        1.1285043667593749E-015
   1.9584405519280228        6.1474116934043280E-016
   1.9757124094585365        3.3128947444061129E-016
   1.9931365907663847        1.7659014401840075E-016
