   -1381.350980 0 0.0 2000 0.37037037D-05 0.15396007D+03  27.0 28.00000000  0
   1
  1 0 0.0 1 -282.671573 -364.352727  2.00000000
  2 0 0.0 1  -34.452709  -89.289299  2.00000000
  2 1 1.0 1  -29.708685  -88.622401  2.00000000
  2 1 1.0 1  -29.708685  -88.622401  2.00000000
  2 1 1.0 1  -29.708685  -88.622401  2.00000000
  3 0 0.0 1   -4.120736  -34.422759  2.00000000
  3 1 1.0 1   -2.617929  -32.413594  2.00000000
  3 1 1.0 1   -2.617929  -32.413594  2.00000000
  3 1 1.0 1   -2.617929  -32.413594  2.00000000
  3 2 2.0 1   -0.249378  -25.943806  1.00000000
  3 2 2.0 1   -0.249378  -25.943806  1.00000000
  3 2 2.0 1   -0.249378  -25.943806  1.00000000
  3 2 2.0 1   -0.249378  -25.943806  1.00000000
  3 2 2.0 1   -0.249378  -25.943806  1.00000000
  3 2 2.0 2   -0.249378  -25.943806  1.00000000
  3 2 2.0 2   -0.249378  -25.943806  1.00000000
  3 2 2.0 2   -0.249378  -25.943806  1.00000000
  4 0 0.0 1   -0.019713   -7.160250  2.00000000
    0    0    0    0
