 ENTER Z, NR
 PLEASE ENTER RELATIVITY FACTOR.  (0=NR, 1=REL.)
 PLEASE ENTER IUFLAG. (0=U, 1=SU, 2=R).
 PLEASE ENTER NFC, NEL, RATIO, ETOL, XNUM
 PLEASE ENTER N L M J S OCC.
     546.750000  -1183.827175
      68.973445  -1320.772452
      32.446775  -1367.947919
      13.550307  -1379.235575
       4.833205  -1380.847991
       1.588215  -1381.147373
       0.693083  -1381.272208
       0.364683  -1381.323023
       0.179683  -1381.342144
       0.085307  -1381.348576
       0.033585  -1381.350411
       0.013603  -1381.350861
       0.009793  -1381.350964
       0.007679  -1381.350986
       0.005457  -1381.350989
       0.003662  -1381.350987
       0.002389  -1381.350985
       0.001527  -1381.350983
       0.000964  -1381.350982
       0.000618  -1381.350981
       0.000399  -1381.350981
       0.000254  -1381.350980
       0.000161  -1381.350980
       0.000101  -1381.350980
       0.000063  -1381.350980
    1   0 0   0/2   1    2.0000       -282.671573
    2   0 0   0/2   1    2.0000        -34.452709
    2   1 1   2/2   1    2.0000        -29.708685
    2   1 0   2/2   1    2.0000        -29.708685
    2   1-1   2/2   1    2.0000        -29.708685
    3   0 0   0/2   1    2.0000         -4.120736
    3   1 1   2/2   1    2.0000         -2.617929
    3   1 0   2/2   1    2.0000         -2.617929
    3   1-1   2/2   1    2.0000         -2.617929
    3   2 2   4/2   1    1.0000         -0.249378
    3   2 1   4/2   1    1.0000         -0.249378
    3   2 0   4/2   1    1.0000         -0.249378
    3   2-1   4/2   1    1.0000         -0.249378
    3   2-2   4/2   1    1.0000         -0.249378
    3   2 2   4/2   2    1.0000         -0.249378
    3   2 1   4/2   2    1.0000         -0.249378
    3   2 0   4/2   2    1.0000         -0.249378
    4   0 0   0/2   1    2.0000         -0.019713
 TOTAL ENERGY =    -1381.350980 -37588.770331
 PLEASE ENTER FULL FILENAME.
