                                                  
                                                                                                                                                                                                                                                                
        SCF,CCSD
   -195.97701691,   -196.89801790
   -195.97649323,   -196.94948255
   -195.70364042,   -196.56675352
   -195.73538580,   -196.66722356
   -195.09772861,   -195.92190048
   -193.84229012,   -194.57174537
   -191.81611299,   -192.46915574
   -188.93204319,   -189.52294044
   -185.18482316,   -185.71214284
   -180.09096761,   -180.59936882
   -173.97036972,   -174.45482659
   -166.68250729,   -167.15392761
   -158.16289062,   -158.63300049
   -148.43850636,   -148.90274283
    -47.42855822,    -47.54978027
   -195.97737579,   -196.99331575
                                                  
