                                                  
                                                                                                                                                                                                                                                                
         SCF,CCSD
   -1653.194798,   -1654.610391
   -1653.192624,   -1654.664696
   -1652.921101,   -1654.277629
   -1652.951377,   -1654.380464
   -1652.314929,   -1653.631499
   -1651.061558,   -1652.277148
   -1649.038731,   -1650.169100
   -1646.159237,   -1647.215668
   -1642.417644,   -1643.396724
   -1637.334348,   -1638.279284
   -1631.226592,   -1632.130926
   -1623.954528,   -1624.825573
   -1615.453716,   -1616.298864
   -1605.750366,   -1606.562968
   -1504.708156,   -1505.200715
   -1653.193672,   -1654.710172
                                                  
