                                                  
                                                                                                                                                                                                                                                                
         SCF,CCSD
   -1519.128158,   -1519.992671
   -1519.067921,   -1519.992581
   -1518.905960,   -1519.928678
   -1518.867727,   -1519.673819
   -1518.829637,   -1519.712362
   -1518.275389,   -1519.043849
   -1517.075566,   -1517.752204
   -1515.130075,   -1515.729532
   -1512.419538,   -1512.940752
   -1508.493763,   -1508.981296
   -1503.631877,   -1504.081084
   -1497.698183,   -1498.117130
   -1490.626677,   -1491.023514
   -1482.436570,   -1482.806542
   -1392.995536,   -1393.093872
   -1519.065355,   -1520.035391
                                                  
