                                                  
                                                                                                                                                                                                                                                                
         SCF,CCSD
   -1519.125338,   -1519.930167
   -1519.064992,   -1519.926393
   -1518.902993,   -1519.859439
   -1518.864873,   -1519.612452
   -1518.826630,   -1519.647201
   -1518.272446,   -1518.983141
   -1517.072477,   -1517.696756
   -1515.127106,   -1515.680776
   -1512.416813,   -1512.899449
   -1508.491190,   -1508.945287
   -1503.629419,   -1504.050361
   -1497.695914,   -1498.092034
   -1490.624732,   -1491.004419
   -1482.435069,   -1482.793372
   -1392.994069,   -1393.092146
   -1519.062319,   -1519.967910
                                                  
