                                                  
                                                                                                                                                                                                                                                                
       SCF,CCSD
   -86.11389798,   -86.69042849
   -86.15706826,   -86.72759015
   -85.89624042,   -86.56241410
   -85.90041065,   -86.42434180
   -85.93654416,   -86.47828138
   -85.37618289,   -85.87215409
   -84.27732625,   -84.73171943
   -82.50470158,   -82.92825750
   -79.97511522,   -80.37743132
   -76.67233885,   -77.05087843
   -26.80404970,   -26.90155610
   -86.13664413,   -86.74986078
                                                  
