                                                  
                                                                                                                                                                                                                                                                
        SCF,CCSD
   -759.7357153,   -760.5185616
   -759.6986669,   -760.4701159
   -759.5713955,   -760.3671840
   -759.5391397,   -760.2795278
   -759.5098403,   -760.2619407
   -759.0923643,   -759.8117931
   -758.2148716,   -758.8999199
   -730.8659478,   -731.2988986
   -759.6884532,   -760.5023140
                                                  
