                                                  
                                                                                                                                                                                                                                                                
        SCF,CCSD
   -759.7356869,   -760.5067282
   -759.6986330,   -760.4573927
   -759.5713637,   -760.3540988
   -759.5391122,   -760.2677784
   -759.5097999,   -760.2490187
   -759.0923345,   -759.8001079
   -758.2148418,   -758.8901141
   -730.8659233,   -731.2946245
   -759.6883966,   -760.4898362
                                                  
