                                                  
                                                                                                                                                                                                                                                                
        SCF,CCSD
   -759.7354604,   -760.4831303
   -759.6983467,   -760.4315352
   -759.5710383,   -760.3273561
   -759.5388708,   -760.2442809
   -759.5094814,   -760.2226490
   -759.0920804,   -759.7766960
   -758.2147388,   -758.8709991
   -730.8658028,   -731.2853238
   -759.6880666,   -760.4645655
                                                  
