   3.4787173769606630E-006   75.442810728375321     
   3.5094276307427419E-006   75.442810726287462     
   3.5404089958526930E-006   75.442810726025243     
   3.5716638656719776E-006   75.442810726656717     
   3.6031946547109249E-006   75.442810725387176     
   3.6350037987952546E-006   75.442810724078527     
   3.6670937552542512E-006   75.442810724592903     
   3.6994670031105998E-006   75.442810723204104     
   3.7321260432718950E-006   75.442810723636910     
   3.7650733987238409E-006   75.442810722165120     
   3.7983116147251607E-006   75.442810722513400     
   3.8318432590042197E-006   75.442810721886985     
   3.8656709219573920E-006   75.442810720285081     
   3.8997972168491696E-006   75.442810719569593     
   3.9342247800140506E-006   75.442810720670991     
   3.9689562710601951E-006   75.442810719863246     
   4.0039943730748878E-006   75.442810719008207     
   4.0393417928318147E-006   75.442810719036231     
   4.0750012610001662E-006   75.442810718083877     
   4.1109755323555885E-006   75.442810718012879     
   4.1472673859929943E-006   75.442810716959855     
   4.1838796255412566E-006   75.442810714923780     
   4.2208150793797914E-006   75.442810714697657     
   4.2580766008570624E-006   75.442810714418044     
   4.2956670685110063E-006   75.442810713152539     
   4.3335893862914036E-006   75.442810712762935     
   4.3718464837842174E-006   75.442810711385505     
   4.4104413164379140E-006   75.442810710881986     
   4.4493768657917712E-006   75.442810711251241     
   4.4886561397062156E-006   75.442810710629715     
   4.5282821725951826E-006   75.442810709016271     
   4.5682580256605329E-006   75.442810708272589     
   4.6085867871285388E-006   75.442810707466037     
   4.6492715724884546E-006   75.442810706595765     
   4.6903155247331957E-006   75.442810706591786     
   4.7317218146021435E-006   75.442810705124657     
   4.7734936408260917E-006   75.442810703124508     
   4.8156342303743538E-006   75.442810703849887     
   4.8581468387040572E-006   75.442810702642987     
   4.9010347500116317E-006   75.442810701830638     
   4.9443012774865210E-006   75.442810700946211     
   4.9879497635671380E-006   75.442810699522511     
   5.0319835801990710E-006   75.442810698955441     
   5.0764061290955791E-006   75.442810697380878     
   5.1212208420003771E-006   75.442810696660160     
   5.1664311809527505E-006   75.442810695860658     
   5.2120406385550027E-006   75.442810694049513     
   5.2580527382422666E-006   75.442810693553724     
   5.3044710345547011E-006   75.442810692043452     
   5.3512991134120828E-006   75.442810690448709     
   5.3985405923908328E-006   75.442810690630381     
   5.4461991210034747E-006   75.442810689327587     
   5.4942783809805761E-006   75.442810687469773     
   5.5427820865551633E-006   75.442810685521408     
   5.5917139847496615E-006   75.442810685343147     
   5.6410778556653528E-006   75.442810684605377     
   5.6908775127744072E-006   75.442810683306220     
   5.7411168032144722E-006   75.442810681444087     
   5.7917996080858794E-006   75.442810679948479     
   5.8429298427514682E-006   75.442810678817693     
   5.8945114571390544E-006   75.442810677584305     
   5.9465484360465704E-006   75.442810676246381     
   5.9990447994499025E-006   75.442810675267879     
   6.0520046028134424E-006   75.442810673715542     
   6.1054319374033801E-006   75.442810671587381     
   6.1593309306037666E-006   75.442810670278504     
   6.2137057462353572E-006   75.442810668855600     
   6.2685605848772862E-006   75.442810666850960     
   6.3238996841915597E-006   75.442810665193804     
   6.3797273192504361E-006   75.442810663882085     
   6.4360478028666751E-006   75.442810661982321     
   6.4928654859267211E-006   75.442810659958127     
   6.5501847577268128E-006   75.442810658738438     
   6.6080100463120684E-006   75.442810657389828     
   6.6663458188185642E-006   75.442810656375570     
   6.7251965818184276E-006   75.442810655227731     
   6.7845668816679827E-006   75.442810652081278     
   6.8444613048589656E-006   75.442810650193337     
   6.9048844783728431E-006   75.442810648630314     
   6.9658410700382566E-006   75.442810647389649     
   7.0273357888916185E-006   75.442810645071745     
   7.0893733855409040E-006   75.442810643071027     
   7.1519586525326412E-006   75.442810641384881     
   7.2150964247221434E-006   75.442810639545030     
   7.2787915796470262E-006   75.442810637082914     
   7.3430490379039880E-006   75.442810635392959     
   7.4078737635289539E-006   75.442810632609451     
   7.4732707643805561E-006   75.442810630126701     
   7.5392450925269937E-006   75.442810628407358     
   7.6058018446363246E-006   75.442810626051539     
   7.6729461623701968E-006   75.442810623987384     
   7.7406832327810410E-006   75.442810621280671     
   7.8090182887127998E-006   75.442810618859426     
   7.8779566092051618E-006   75.442810617186183     
   7.9475035199013874E-006   75.442810614395057     
   8.0176643934597291E-006   75.442810610948356     
   8.0884446499684678E-006   75.442810608705429     
   8.1598497573646453E-006   75.442810606265823     
   8.2318852318564674E-006   75.442810603626015     
   8.3045566383494330E-006   75.442810601248084     
   8.3778695908762589E-006   75.442810599128563     
   8.4518297530305524E-006   75.442810595866717     
   8.5264428384043532E-006   75.442810593787158     
   8.6017146110295165E-006   75.442810591023260     
   8.6776508858229937E-006   75.442810587571330     
   8.7542575290360563E-006   75.442810584358710     
   8.8315404587074683E-006   75.442810581846970     
   8.9095056451206760E-006   75.442810578169485     
   8.9881591112650207E-006   75.442810574719033     
   9.0675069333010292E-006   75.442810572189785     
   9.1475552410298190E-006   75.442810568249229     
   9.2283102183666253E-006   75.442810565221293     
   9.3097781038185312E-006   75.442810561937335     
   9.3919651909664106E-006   75.442810558392807     
   9.4748778289511131E-006   75.442810555048823     
   9.5585224229639509E-006   75.442810551900493     
   9.6429054347415211E-006   75.442810548011948     
   9.7280333830648848E-006   75.442810544309452     
   9.8139128442631602E-006   75.442810540322512     
   9.9005504527215526E-006   75.442810536977277     
   9.9879529013938839E-006   75.442810532638987     
   1.0076126942319637E-005   75.442810528932057     
   1.0165079387145561E-005   75.442810525152709     
   1.0254817107651893E-005   75.442810520829937     
   1.0345347036283216E-005   75.442810516656607     
   1.0436676166684006E-005   75.442810512394431     
   1.0528811554238907E-005   75.442810507804779     
   1.0621760316617776E-005   75.442810503580347     
   1.0715529634325541E-005   75.442810499482391     
   1.0810126751256905E-005   75.442810494806452     
   1.0905558975255968E-005   75.442810490244824     
   1.1001833678680755E-005   75.442810485791370     
   1.1098958298972759E-005   75.442810480741173     
   1.1196940339231507E-005   75.442810475786359     
   1.1295787368794173E-005   75.442810470920222     
   1.1395507023820346E-005   75.442810465903335     
   1.1496107007881925E-005   75.442810460728879     
   1.1597595092558252E-005   75.442810455157201     
   1.1699979118036468E-005   75.442810450345235     
   1.1803266993717202E-005   75.442810444656118     
   1.1907466698825579E-005   75.442810439712332     
   1.2012586283027637E-005   75.442810433876616     
   1.2118633867052186E-005   75.442810428072733     
   1.2225617643318147E-005   75.442810422060290     
   1.2333545876567436E-005   75.442810416762541     
   1.2442426904503432E-005   75.442810410308994     
   1.2552269138435099E-005   75.442810404321449     
   1.2663081063926756E-005   75.442810397627341     
   1.2774871241453622E-005   75.442810391615296     
   1.2887648307063126E-005   75.442810385112580     
   1.3001420973042068E-005   75.442810379042044     
   1.3116198028589653E-005   75.442810371997552     
   1.3231988340496484E-005   75.442810364901618     
   1.3348800853829541E-005   75.442810358676240     
   1.3466644592623206E-005   75.442810351449566     
   1.3585528660576390E-005   75.442810344376142     
   1.3705462241755821E-005   75.442810336747868     
   1.3826454601305521E-005   75.442810329253405     
   1.3948515086162576E-005   75.442810321882746     
   1.4071653125779200E-005   75.442810314159942     
   1.4195878232851167E-005   75.442810306307592     
   1.4321200004052725E-005   75.442810298780728     
   1.4447628120777927E-005   75.442810290171565     
   1.4575172349888550E-005   75.442810282331948     
   1.4703842544468624E-005   75.442810273853638     
   1.4833648644585584E-005   75.442810265191042     
   1.4964600678058169E-005   75.442810256798339     
   1.5096708761231097E-005   75.442810247266607     
   1.5229983099756580E-005   75.442810238446782     
   1.5364433989382724E-005   75.442810229628151     
   1.5500071816748912E-005   75.442810220099886     
   1.5636907060188174E-005   75.442810211013409     
   1.5774950290536689E-005   75.442810200726228     
   1.5914212171950386E-005   75.442810190855141     
   1.6054703462728782E-005   75.442810181153902     
   1.6196435016146090E-005   75.442810171376323     
   1.6339417781289653E-005   75.442810160810154     
   1.6483662803905779E-005   75.442810150139849     
   1.6629181227253076E-005   75.442810139351195     
   1.6775984292963261E-005   75.442810128429755     
   1.6924083341909626E-005   75.442810117360693     
   1.7073489815083137E-005   75.442810106129002     
   1.7224215254476275E-005   75.442810094719562     
   1.7376271303974686E-005   75.442810082883796     
   1.7529669710256701E-005   75.442810071071790     
   1.7684422323700783E-005   75.442810058801570     
   1.7840541099301005E-005   75.442810046522538     
   1.7998038097590593E-005   75.442810033985097     
   1.8156925485573642E-005   75.442810021172249     
   1.8317215537665035E-005   75.442810008066942     
   1.8478920636638672E-005   75.442809994767799     
   1.8642053274584063E-005   75.442809981489859     
   1.8806626053871382E-005   75.442809967632854     
   1.8972651688125021E-005   75.442809953760218     
   1.9140143003205743E-005   75.442809939620417     
   1.9309112938201520E-005   75.442809925077768     
   1.9479574546427102E-005   75.442809910461960     
   1.9651540996432408E-005   75.442809895287496     
   1.9825025573019838E-005   75.442809880232630     
   2.0000041678270554E-005   75.442809864811124     
   2.0176602832579812E-005   75.442809849002003     
   2.0354722675701445E-005   75.442809832783951     
   2.0534414967801580E-005   75.442809816484441     
   2.0715693590521619E-005   75.442809799732288     
   2.0898572548050649E-005   75.442809782737754     
   2.1083065968207294E-005   75.442809765477932     
   2.1269188103531103E-005   75.442809747929630     
   2.1456953332383609E-005   75.442809730185388     
   2.1646376160059091E-005   75.442809711988502     
   2.1837471219905128E-005   75.442809693430661     
   2.2030253274453077E-005   75.442809674719911     
   2.2224737216558493E-005   75.442809655481199     
   2.2420938070551652E-005   75.442809636271136     
   2.2618870993398203E-005   75.442809616364684     
   2.2818551275870087E-005   75.442809596084317     
   2.3019994343726780E-005   75.442809575519220     
   2.3223215758906971E-005   75.442809554525127     
   2.3428231220730754E-005   75.442809533423087     
   2.3635056567112434E-005   75.442809511718792     
   2.3843707775784055E-005   75.442809489499268     
   2.4054200965529700E-005   75.442809467200448     
   2.4266552397430713E-005   75.442809444209843     
   2.4480778476121910E-005   75.442809420962362     
   2.4696895751058860E-005   75.442809397426629     
   2.4914920917796379E-005   75.442809373337866     
   2.5134870819278304E-005   75.442809348896276     
   2.5356762447138627E-005   75.442809324068833     
   2.5580612943014170E-005   75.442809298356224     
   2.5806439599868788E-005   75.442809272771910     
   2.6034259863329306E-005   75.442809246349611     
   2.6264091333033223E-005   75.442809219868707     
   2.6495951763988341E-005   75.442809192478421     
   2.6729859067944352E-005   75.442809164840014     
   2.6965831314776593E-005   75.442809136567234     
   2.7203886733881963E-005   75.442809107854600     
   2.7444043715587204E-005   75.442809078663402     
   2.7686320812569570E-005   75.442809048954132     
   2.7930736741290091E-005   75.442809018686773     
   2.8177310383439455E-005   75.442808987936758     
   2.8426060787396626E-005   75.442808956429701     
   2.8677007169700462E-005   75.442808924821747     
   2.8930168916534124E-005   75.442808892138544     
   2.9185565585222807E-005   75.442808859151000     
   2.9443216905744501E-005   75.442808825581835     
   2.9703142782254255E-005   75.442808791152856     
   2.9965363294621754E-005   75.442808756516058     
   3.0229898699982574E-005   75.442808720809751     
   3.0496769434303083E-005   75.442808685033754     
   3.0765996113959154E-005   75.442808648324331     
   3.1037599537328841E-005   75.442808610864915     
   3.1311600686399092E-005   75.442808572837691     
   3.1588020728386682E-005   75.442808534191329     
   3.1866881017373384E-005   75.442808494757287     
   3.2148203095955666E-005   75.442808454715021     
   3.2432008696908852E-005   75.442808413894056     
   3.2718319744866083E-005   75.442808372472200     
   3.3007158358012031E-005   75.442808330043988     
   3.3298546849791563E-005   75.442808287134483     
   3.3592507730633503E-005   75.442808243336401     
   3.3889063709689651E-005   75.442808198939815     
   3.4188237696589068E-005   75.442808153651754     
   3.4490052803207936E-005   75.442808107294582     
   3.4794532345454976E-005   75.442808060271545     
   3.5101699845072683E-005   75.442808012635908     
   3.5411579031454407E-005   75.442807963973564     
   3.5724193843477523E-005   75.442807914451919     
   3.6039568431352747E-005   75.442807864120311     
   3.6357727158489825E-005   75.442807812969022     
   3.6678694603379626E-005   75.442807760754135     
   3.7002495561492892E-005   75.442807707638110     
   3.7329155047195787E-005   75.442807653607360     
   3.7658698295682255E-005   75.442807598530578     
   3.7991150764923545E-005   75.442807542566470     
   3.8326538137634855E-005   75.442807485581170     
   3.8664886323259416E-005   75.442807427555920     
   3.9006221459970051E-005   75.442807368645219     
   3.9350569916688381E-005   75.442807308536658     
   3.9697958295121922E-005   75.442807247439987     
   4.0048413431819087E-005   75.442807185214519     
   4.0401962400242420E-005   75.442807121892656     
   4.0758632512860046E-005   75.442807057447055     
   4.1118451323255625E-005   75.442806991907219     
   4.1481446628256946E-005   75.442806925242621     
   4.1847646470083284E-005   75.442806857188657     
   4.2217079138511729E-005   75.442806788002713     
   4.2589773173062631E-005   75.442806717766132     
   4.2965757365204351E-005   75.442806646092890     
   4.3345060760577463E-005   75.442806573177222     
   4.3727712661238612E-005   75.442806499095354     
   4.4113742627924130E-005   75.442806423572620     
   4.4503180482333699E-005   75.442806346856059     
   4.4896056309434144E-005   75.442806268609331     
   4.5292400459783565E-005   75.442806189017801     
   4.5692243551875962E-005   75.442806108090451     
   4.6095616474506607E-005   75.442806025659650     
   4.6502550389158304E-005   75.442805941788833     
   4.6913076732408604E-005   75.442805856480845     
   4.7327227218358443E-005   75.442805769562597     
   4.7745033841082061E-005   75.442805681149309     
   4.8166528877098650E-005   75.442805591063404     
   4.8591744887865788E-005   75.442805499649126     
   4.9020714722294865E-005   75.442805406433365     
   4.9453471519288772E-005   75.442805311581424     
   4.9890048710301944E-005   75.442805214906912     
   5.0330480021922962E-005   75.442805116803356     
   5.0774799478480121E-005   75.442805016788725     
   5.1223041404669780E-005   75.442804914960902     
   5.1675240428208080E-005   75.442804811356950     
   5.2131431482506008E-005   75.442804705895355     
   5.2591649809368069E-005   75.442804598666442     
   5.3055930961714801E-005   75.442804489525315     
   5.3524310806329334E-005   75.442804378382903     
   5.3996825526628159E-005   75.442804265263590     
   5.4473511625456402E-005   75.442804150189318     
   5.4954405927907718E-005   75.442804033062771     
   5.5439545584169160E-005   75.442803913842340     
   5.5928968072391087E-005   75.442803792483232     
   5.6422711201582458E-005   75.442803669112720     
   5.6920813114531595E-005   75.442803543273044     
   5.7423312290752918E-005   75.442803415376488     
   5.7930247549459490E-005   75.442803285250307     
   5.8441658052561896E-005   75.442803152718795     
   5.8957583307693628E-005   75.442803017952258     
   5.9478063171263131E-005   75.442802880652152     
   6.0003137851532755E-005   75.442802741040509     
   6.0532847911724993E-005   75.442802598928893     
   6.1067234273156067E-005   75.442802454241814     
   6.1606338218397170E-005   75.442802307074771     
   6.2150201394463666E-005   75.442802157287304     
   6.2698865816032424E-005   75.442802004793407     
   6.3252373868687498E-005   75.442801849503496     
   6.3810768312194560E-005   75.442801691499199     
   6.4374092283804192E-005   75.442801530858162     
   6.4942389301584299E-005   75.442801367246943     
   6.5515703267782007E-005   75.442801200735573     
   6.6094078472215211E-005   75.442801031273802     
   6.6677559595694041E-005   75.442800858749365     
   6.7266191713472601E-005   75.442800683220241     
   6.7860020298731111E-005   75.442800504624131     
   6.8459091226088766E-005   75.442800322836092     
   6.9063450775147772E-005   75.442800137843619     
   6.9673145634068439E-005   75.442799949513187     
   7.0288222903175994E-005   75.442799757823309     
   7.0908730098599205E-005   75.442799562864423     
   7.1534715155941082E-005   75.442799364256814     
   7.2166226433982011E-005   75.442799162256165     
   7.2803312718415644E-005   75.442798956706156     
   7.3446023225617584E-005   75.442798747387428     
   7.4094407606447563E-005   75.442798534395536     
   7.4748515950085088E-005   75.442798317675852     
   7.5408398787898856E-005   75.442798097081265     
   7.6074107097350509E-005   75.442797872575625     
   7.6745692305932713E-005   75.442797644088785     
   7.7423206295142068E-005   75.442797411574134     
   7.8106701404487063E-005   75.442797174863074     
   7.8796230435531411E-005   75.442796934014439     
   7.9491846655973142E-005   75.442796688877593     
   8.0193603803759564E-005   75.442796439383528     
   8.0901556091238775E-005   75.442796185486316     
   8.1615758209347517E-005   75.442795927075906     
   8.2336265331836356E-005   75.442795664036225     
   8.3063133119531851E-005   75.442795396419683     
   8.3796417724636533E-005   75.442795124010217     
   8.4536175795066809E-005   75.442794846789354     
   8.5282464478829070E-005   75.442794564557346     
   8.6035341428434623E-005   75.442794277398889     
   8.6794864805353356E-005   75.442793985129867     
   8.7561093284506907E-005   75.442793687646599     
   8.8334086058801454E-005   75.442793384984327     
   8.9113902843700462E-005   75.442793076879468     
   8.9900603881837849E-005   75.442792763294733     
   9.0694249947671904E-005   75.442792444184761     
   9.1494902352180175E-005   75.442792119380726     
   9.2302622947595985E-005   75.442791788880811     
   9.3117474132186552E-005   75.442791452471283     
   9.3939518855073485E-005   75.442791110076541     
   9.4768820621095705E-005   75.442790761670608     
   9.5605443495715362E-005   75.442790407016105     
   9.6449452109966988E-005   75.442790046099674     
   9.7300911665450441E-005   75.442789678783242     
   9.8159887939367914E-005   75.442789304891278     
   9.9026447289605253E-005   75.442788924442596     
   9.9900656659858395E-005   75.442788537243814     
   1.0078258358480481E-004   75.442788143092230     
   1.0167229619532078E-004   75.442787742066969     
   1.0256986322374461E-004   75.442787333859201     
   1.0347535400918646E-004   75.442786918441982     
   1.0438883850288481E-004   75.442786495632561     
   1.0531038727361044E-004   75.442786065354881     
   1.0624007151311804E-004   75.442785627406408     
   1.0717796304164591E-004   75.442785181690567     
   1.0812413431346418E-004   75.442784728042227     
   1.0907865842247220E-004   75.442784266401986     
   1.1004160910784505E-004   75.442783796495689     
   1.1101306075973028E-004   75.442783318329418     
   1.1199308842499444E-004   75.442782831694103     
   1.1298176781302085E-004   75.442782336369305     
   1.1397917530155828E-004   75.442781832239177     
   1.1498538794262114E-004   75.442781319234541     
   1.1600048346844217E-004   75.442780797099317     
   1.1702454029747729E-004   75.442780265652345     
   1.1805763754046359E-004   75.442779724845764     
   1.1909985500653091E-004   75.442779174473401     
   1.2015127320936721E-004   75.442778614257577     
   1.2121197337343843E-004   75.442778044140823     
   1.2228203744026327E-004   75.442777463877178     
   1.2336154807474352E-004   75.442776873382002     
   1.2445058867154973E-004   75.442776272352774     
   1.2554924336156414E-004   75.442775660705763     
   1.2665759701837952E-004   75.442775038197340     
   1.2777573526485619E-004   75.442774404627471     
   1.2890374447973636E-004   75.442773759781176     
   1.3004171180431724E-004   75.442773103573757     
   1.3118972514918279E-004   75.442772435701499     
   1.3234787320099507E-004   75.442771755932142     
   1.3351624542934552E-004   75.442771064163139     
   1.3469493209366661E-004   75.442770360042744     
   1.3588402425020459E-004   75.442769643464487     
   1.3708361375905394E-004   75.442768914247040     
   1.3829379329125357E-004   75.442768172016997     
   1.3951465633594602E-004   75.442767416645722     
   1.4074629720759965E-004   75.442766647841211     
   1.4198881105329460E-004   75.442765865409740     
   1.4324229386007323E-004   75.442765069081020     
   1.4450684246235530E-004   75.442764258682416     
   1.4578255454941860E-004   75.442763433876735     
   1.4706952867294567E-004   75.442762594409203     
   1.4836786425463728E-004   75.442761740092749     
   1.4967766159389276E-004   75.442760870588984     
   1.5099902187555857E-004   75.442759985641374     
   1.5233204717774498E-004   75.442759085044770     
   1.5367684047971176E-004   75.442758168413093     
   1.5503350566982367E-004   75.442757235557053     
   1.5640214755357606E-004   75.442756286148892     
   1.5778287186169130E-004   75.442755319882167     
   1.5917578525828671E-004   75.442754336500457     
   1.6058099534911464E-004   75.442753335593238     
   1.6199861068987530E-004   75.442752316974008     
   1.6342874079460285E-004   75.442751280330185     
   1.6487149614412562E-004   75.442750225223165     
   1.6632698819460108E-004   75.442749151422163     
   1.6779532938612603E-004   75.442748058583959     
   1.6927663315142289E-004   75.442746946339639     
   1.7077101392460256E-004   75.442745814366901     
   1.7227858715000482E-004   75.442744662287680     
   1.7379946929111658E-004   75.442743489813154     
   1.7533377783956900E-004   75.442742296481526     
   1.7688163132421406E-004   75.442741082006648     
   1.7844314932028094E-004   75.442739845957362     
   1.8001845245861378E-004   75.442738587989822     
   1.8160766243499057E-004   75.442737307716300     
   1.8321090201952426E-004   75.442736004703988     
   1.8482829506614740E-004   75.442734678591762     
   1.8645996652217971E-004   75.442733328914073     
   1.8810604243798090E-004   75.442731955305021     
   1.8976664997668815E-004   75.442730557322534     
   1.9144191742403988E-004   75.442729134550007     
   1.9313197419828601E-004   75.442727686508022     
   1.9483695086018583E-004   75.442726212770822     
   1.9655697912309415E-004   75.442724712906852     
   1.9829219186313655E-004   75.442723186419983     
   2.0004272312947415E-004   75.442721632851487     
   2.0180870815465941E-004   75.442720051691197     
   2.0359028336508302E-004   75.442718442464411     
   2.0538758639151333E-004   75.442716804717179     
   2.0720075607972836E-004   75.442715137898631     
   2.0902993250124222E-004   75.442713441476940     
   2.1087525696412588E-004   75.442711714967572     
   2.1273687202392341E-004   75.442709957860188     
   2.1461492149466493E-004   75.442708169515697     
   2.1650955045997641E-004   75.442706349456785     
   2.1842090528428781E-004   75.442704497061300     
   2.2034913362413999E-004   75.442702611838286     
   2.2229438443959168E-004   75.442700693165307     
   2.2425680800572661E-004   75.442698740418223     
   2.2623655592426316E-004   75.442696753043492     
   2.2823378113526543E-004   75.442694730382698     
   2.3024863792895853E-004   75.442692671802604     
   2.3228128195764767E-004   75.442690576737903     
   2.3433187024774279E-004   75.442688444443320     
   2.3640056121188914E-004   75.442686274355992     
   2.3848751466120494E-004   75.442684065716662     
   2.4059289181762740E-004   75.442681817903576     
   2.4271685532636721E-004   75.442679530183398     
   2.4485956926847345E-004   75.442677201885772     
   2.4702119917350906E-004   75.442674832227567     
   2.4920191203233860E-004   75.442672420544113     
   2.5140187631002850E-004   75.442669966041819     
   2.5362126195886128E-004   75.442667467999968     
   2.5586024043146505E-004   75.442664925610131     
   2.5811898469405849E-004   75.442662338076957     
   2.6039766923981276E-004   75.442659704631581     
   2.6269647010233155E-004   75.442657024472283     
   2.6501556486925040E-004   75.442654296719923     
   2.6735513269595502E-004   75.442651520576590     
   2.6971535431942240E-004   75.442648695121079     
   2.7209641207218225E-004   75.442645819540360     
   2.7449848989640331E-004   75.442642892939261     
   2.7692177335810299E-004   75.442639914368272     
   2.7936644966148260E-004   75.442636882953707     
   2.8183270766338967E-004   75.442633797691997     
   2.8432073788790737E-004   75.442630657682230     
   2.8683073254107296E-004   75.442627461963752     
   2.8936288552572619E-004   75.442624209501162     
   2.9191739245648858E-004   75.442620899320673     
   2.9449445067487536E-004   75.442617530378072     
   2.9709425926454042E-004   75.442614101622667     
   2.9971701906665582E-004   75.442610612025248     
   3.0236293269542749E-004   75.442607060474529     
   3.0503220455374759E-004   75.442603445891962     
   3.0772504084898496E-004   75.442599767143520     
   3.1044164960891517E-004   75.442596023088583     
   3.1318224069779130E-004   75.442592212578575     
   3.1594702583255622E-004   75.442588334411937     
   3.1873621859919828E-004   75.442584387426791     
   3.2155003446925144E-004   75.442580370361270     
   3.2438869081644062E-004   75.442576281990284     
   3.2725240693347486E-004   75.442572121043327     
   3.3014140404898746E-004   75.442567886232496     
   3.3305590534462719E-004   75.442563576235614     
   3.3599613597229888E-004   75.442559189738631     
   3.3896232307155741E-004   75.442554725360537     
   3.4195469578715451E-004   75.442550181732202     
   3.4497348528674069E-004   75.442545557435665     
   3.4801892477872383E-004   75.442540851060926     
   3.5109124953028461E-004   75.442536061123860     
   3.5419069688555165E-004   75.442531186129543     
   3.5731750628393687E-004   75.442526224628693     
   3.6047191927863277E-004   75.442521175019181     
   3.6365417955527292E-004   75.442516035754636     
   3.6686453295075731E-004   75.442510805248332     
   3.7010322747224351E-004   75.442505481885064     
   3.7337051331630638E-004   75.442500064012052     
   3.7666664288826568E-004   75.442494549943774     
   3.7999187082168547E-004   75.442488937967141     
   3.8334645399804468E-004   75.442483226375373     
   3.8673065156658238E-004   75.442477413349593     
   3.9014472496431691E-004   75.442471497123279     
   3.9358893793624327E-004   75.442465475849531     
   3.9706355655570735E-004   75.442459347656268     
   4.0056884924496121E-004   75.442453110665724     
   4.0410508679589895E-004   75.442446762933855     
   4.0767254239097630E-004   75.442440302469322     
   4.1127149162431428E-004   75.442433727318246     
   4.1490221252298980E-004   75.442427035379637     
   4.1856498556851364E-004   75.442420224635669     
   4.2226009371849844E-004   75.442413292951926     
   4.2598782242851782E-004   75.442406238184390     
   4.2974845967415825E-004   75.442399058139472     
   4.3354229597326622E-004   75.442391750586410     
   4.3736962440839088E-004   75.442384313275227     
   4.4123074064942610E-004   75.442376743890748     
   4.4512594297645082E-004   75.442369040092899     
   4.4905553230277235E-004   75.442361199477091     
   4.5301981219817258E-004   75.442353219636630     
   4.5701908891235932E-004   75.442345098057331     
   4.6105367139862480E-004   75.442336832282081     
   4.6512387133771320E-004   75.442328419681360     
   4.6923000316189832E-004   75.442319857704717     
   4.7337238407927474E-004   75.442311143644474     
   4.7755133409826229E-004   75.442302274828421     
   4.8176717605232796E-004   75.442293248514318     
   4.8602023562492499E-004   75.442284061879263     
   4.9031084137465331E-004   75.442274712081201     
   4.9463932476064075E-004   75.442265196225947     
   4.9900602016814957E-004   75.442255511355938     
   5.0341126493440823E-004   75.442245654468479     
   5.0785539937467144E-004   75.442235622525686     
   5.1233876680851045E-004   75.442225412392929     
   5.1686171358633496E-004   75.442215020877484     
   5.2142458911615000E-004   75.442204444812262     
   5.2602774589054831E-004   75.442193680891023     
   5.3067153951394050E-004   75.442182725751593     
   5.3535632873002732E-004   75.442171576014516     
   5.4008247544951320E-004   75.442160228250202     
   5.4485034477806411E-004   75.442148678886326     
   5.4966030504451340E-004   75.442136924355793     
   5.5451272782931576E-004   75.442124961034608     
   5.5940798799325279E-004   75.442112785184918     
   5.6434646370639183E-004   75.442100393030955     
   5.6932853647730032E-004   75.442087780739087     
   5.7435459118251853E-004   75.442074944390697     
   5.7942501609629167E-004   75.442061879995322     
   5.8454020292056570E-004   75.442048583492578     
   5.8970054681524637E-004   75.442035050775701     
   5.9490644642872664E-004   75.442021277624349     
   6.0015830392868349E-004   75.442007259786237     
   6.0545652503314542E-004   75.441992992887549     
   6.1080151904183632E-004   75.441978472500125     
   6.1619369886779351E-004   75.441963694131687     
   6.2163348106926712E-004   75.441948653183545     
   6.2712128588189998E-004   75.441933344981010     
   6.3265753725119146E-004   75.441917764784705     
   6.3824266286524882E-004   75.441901907755835     
   6.4387709418782611E-004   75.441885768960219     
   6.4956126649165719E-004   75.441869343390806     
   6.5529561889208013E-004   75.441852625946524     
   6.6108059438096066E-004   75.441835611436431     
   6.6691663986091407E-004   75.441818294579832     
   6.7280420617982966E-004   75.441800669995700     
   6.7874374816569931E-004   75.441782732199044     
   6.8473572466175477E-004   75.441764475641037     
   6.9078059856191357E-004   75.441745894632163     
   6.9687883684653874E-004   75.441726983404124     
   7.0303091061851483E-004   75.441707736098124     
   7.0923729513964074E-004   75.441688146706213     
   7.1549846986734551E-004   75.441668209165300     
   7.2181491849172700E-004   75.441647917275986     
   7.2818712897291843E-004   75.441627264727117     
   7.3461559357878409E-004   75.441606245109313     
   7.4110080892294855E-004   75.441584851877224     
   7.4764327600316085E-004   75.441563078398872     
   7.5424350023999790E-004   75.441540917903183     
   7.6090199151590912E-004   75.441518363500052     
   7.6761926421460667E-004   75.441495408178469     
   7.7439583726080213E-004   75.441472044804470     
   7.8123223416029454E-004   75.441448266125917     
   7.8812898304041331E-004   75.441424064737532     
   7.9508661669081622E-004   75.441399433125525     
   8.0210567260464917E-004   75.441374363631894     
   8.0918669302006889E-004   75.441348848459370     
   8.1633022496213159E-004   75.441322879671134     
   8.2353682028505259E-004   75.441296449202468     
   8.3080703571483748E-004   75.441269548831826     
   8.3814143289229106E-004   75.441242170184069     
   8.4554057841640547E-004   75.441214304763434     
   8.5300504388813076E-004   75.441185943887206     
   8.6053540595453263E-004   75.441157078746983     
   8.6813224635333994E-004   75.441127700357185     
   8.7579615195788505E-004   75.441097799582565     
   8.8352771482244098E-004   75.441067367126550     
   8.9132753222795943E-004   75.441036393518345     
   8.9919620672821170E-004   75.441004869122537     
   9.0713434619633720E-004   75.440972784126132     
   9.1514256387180382E-004   75.440940128557884     
   9.2322147840778149E-004   75.440906892246346     
   9.3137171391893434E-004   75.440873064853292     
   9.3959390002963520E-004   75.440838635856608     
   9.4788867192260634E-004   75.440803594539261     
   9.5625667038798726E-004   75.440767929994308     
   9.6469854187283843E-004   75.440731631119888     
   9.7321493853108035E-004   75.440694686623829     
   9.8180651827387412E-004   75.440657084993120     
   9.9047394482044602E-004   75.440618814526829     
   9.9921788774936203E-004   75.440579863326718     
   1.0080390225502541E-003   75.440540219245747     
   1.0169380306760030E-003   75.440499869940993     
   1.0259155995953825E-003   75.440458802867624     
   1.0349724228461675E-003   75.440417005218990     
   1.0441092000887122E-003   75.440374463985961     
   1.0533266371599993E-003   75.440331165917314     
   1.0626254461281682E-003   75.440287097524504     
   1.0720063453475244E-003   75.440242245085358     
   1.0814700595140325E-003   75.440196594625547     
   1.0910173197213027E-003   75.440150131925577     
   1.1006488635170674E-003   75.440102842506008     
   1.1103654349601600E-003   75.440054711643654     
   1.1201677846779941E-003   75.440005724327364     
   1.1300566699245515E-003   75.439955865299453     
   1.1400328546388829E-003   75.439905119020864     
   1.1500971095041220E-003   75.439853469670766     
   1.1602502120070237E-003   75.439800901160027     
   1.1704929464980266E-003   75.439747397100518     
   1.1808261042518461E-003   75.439692940805230     
   1.1912504835286015E-003   75.439637515308220     
   1.2017668896354839E-003   75.439581103323349     
   1.2123761349889684E-003   75.439523687260305     
   1.2230790391775737E-003   75.439465249218472     
   1.2338764290251794E-003   75.439405770971121     
   1.2447691386548978E-003   75.439345233970243     
   1.2557580095535134E-003   75.439283619336152     
   1.2668438906364890E-003   75.439220907849062     
   1.2780276383135461E-003   75.439157079941822     
   1.2893101165548258E-003   75.439092115702692     
   1.3006921969576303E-003   75.439025994869382     
   1.3121747588137585E-003   75.438958696812790     
   1.3237586891774306E-003   75.438890200516937     
   1.3354448829338171E-003   75.438820484620521     
   1.3472342428681695E-003   75.438749527359107     
   1.3591276797355637E-003   75.438677306585532     
   1.3711261123312561E-003   75.438603799757061     
   1.3832304675616650E-003   75.438528983923391     
   1.3954416805159742E-003   75.438452835732903     
   1.4077606945383716E-003   75.438375331398277     
   1.4201884613009249E-003   75.438296446727918     
   1.4327259408771003E-003   75.438216157083616     
   1.4453741018159304E-003   75.438134437388044     
   1.4581339212168364E-003   75.438051262118393     
   1.4710063848051118E-003   75.437966605285510     
   1.4839924870080716E-003   75.437880440455956     
   1.4970932310318741E-003   75.437792740696977     
   1.5103096289390218E-003   75.437703478604647     
   1.5236427017265438E-003   75.437612626298403     
   1.5370934794048719E-003   75.437520155371431     
   1.5506630010774099E-003   75.437426036927889     
   1.5643523150208076E-003   75.437330241548239     
   1.5781624787659420E-003   75.437232739279239     
   1.5920945591796148E-003   75.437133499645938     
   1.6061496325469691E-003   75.437032491616037     
   1.6203287846546361E-003   75.436929683599715     
   1.6346331108746139E-003   75.436825043452700     
   1.6490637162488878E-003   75.436718538438129     
   1.6636217155747968E-003   75.436610135246497     
   1.6783082334911549E-003   75.436499799964679     
   1.6931244045651319E-003   75.436387498071213     
   1.7080713733799008E-003   75.436273194425269     
   1.7231502946230604E-003   75.436156853262048     
   1.7383623331758366E-003   75.436038438171295     
   1.7537086642030726E-003   75.435917912085586     
   1.7691904732440131E-003   75.435795237276920     
   1.7848089563038902E-003   75.435670375341715     
   1.8005653199463165E-003   75.435543287182668     
   1.8164607813864961E-003   75.435413933004952     
   1.8324965685852569E-003   75.435282272301947     
   1.8486739203439127E-003   75.435148263836084     
   1.8649940863999649E-003   75.435011865626734     
   1.8814583275236457E-003   75.434873034944303     
   1.8980679156153171E-003   75.434731728295390     
   1.9148241338037277E-003   75.434587901396867     
   1.9317282765451359E-003   75.434441509177532     
   1.9487816497233130E-003   75.434292505753319     
   1.9659855707504213E-003   75.434140844412980     
   1.9833413686687913E-003   75.433986477625240     
   2.0008503842535896E-003   75.433829356974798     
   2.0185139701164008E-003   75.433669433206205     
   2.0363334908097162E-003   75.433506656155373     
   2.0543103229323503E-003   75.433340974769294     
   2.0724458552357867E-003   75.433172337077451     
   2.0907414887314617E-003   75.433000690170616     
   2.1091986367989951E-003   75.432825980193456     
   2.1278187252953781E-003   75.432648152321406     
   2.1466031926651225E-003   75.432467150734055     
   2.1655534900513855E-003   75.432282918631245     
   2.1846710814080739E-003   75.432095398167746     
   2.2039574436129358E-003   75.431904530464749     
   2.2234140665816546E-003   75.431710255593146     
   2.2430424533829486E-003   75.431512512534709     
   2.2628441203546850E-003   75.431311239181412     
   2.2828205972210210E-003   75.431106372302054     
   2.3029734272105805E-003   75.430897847535959     
   2.3233041671756687E-003   75.430685599353410     
   2.3438143877125444E-003   75.430469561050472     
   2.3645056732827532E-003   75.430249664727455     
   2.3853796223355277E-003   75.430025841252871     
   2.4064378474312740E-003   75.429798020257181     
   2.4276819753661456E-003   75.429566130101307     
   2.4491136472977156E-003   75.429330097858724     
   2.4707345188717611E-003   75.429089849285560     
   2.4925462603501637E-003   75.428845308802750     
   2.5145505567399449E-003   75.428596399469484     
   2.5367491079234332E-003   75.428343042960478     
   2.5591436287895849E-003   75.428085159533907     
   2.5817358493664642E-003   75.427822668013278     
   2.6045275149548905E-003   75.427555485764913     
   2.6275203862632674E-003   75.427283528656801     
   2.6507162395436024E-003   75.427006711045408     
   2.6741168667287242E-003   75.426724945739920     
   2.6977240755707158E-003   75.426438143977066     
   2.7215396897805671E-003   75.426146215398717     
   2.7455655491690593E-003   75.425849068007835     
   2.7698035097888955E-003   75.425546608157845     
   2.7942554440780871E-003   75.425238740498571     
   2.8189232410045983E-003   75.424925367976641     
   2.8438088062122807E-003   75.424606391768066     
   2.8689140621680816E-003   75.424281711281310     
   2.8942409483105635E-003   75.423951224101984     
   2.9197914211997284E-003   75.423614825963000     
   2.9455674546681682E-003   75.423272410723939     
   2.9715710399735445E-003   75.422923870318073     
   2.9978041859524207E-003   75.422569094729283     
   3.0242689191754494E-003   75.422207971957903     
   3.0509672841039265E-003   75.421840387978818     
   3.0779013432477346E-003   75.421466226701739     
   3.1050731773246730E-003   75.421085369942887     
   3.1324848854212013E-003   75.420697697378785     
   3.1601385851545956E-003   75.420303086519198     
   3.1880364128365410E-003   75.419901412648642     
   3.2161805236381653E-003   75.419492548798985     
   3.2445730917565335E-003   75.419076365708349     
   3.2732163105826063E-003   75.418652731776262     
   3.3021123928706872E-003   75.418221513021365     
   3.3312635709093603E-003   75.417782573031729     
   3.3606720966939422E-003   75.417335772936838     
   3.3903402421004516E-003   75.416880971343403     
   3.4202702990611200E-003   75.416418024305528     
   3.4504645797414448E-003   75.415946785264339     
   3.4809254167188120E-003   75.415467105013363     
   3.5116551631626928E-003   75.414978831635551     
   3.5426561930164305E-003   75.414481810474058     
   3.5739309011806335E-003   75.413975884058516     
   3.6054817036981881E-003   75.413460892064393     
   3.6373110379409003E-003   75.412936671275929     
   3.6694213627977922E-003   75.412403055502864     
   3.7018151588650533E-003   75.411859875549339     
   3.7344949286376751E-003   75.411306959150465     
   3.7674631967027712E-003   75.410744130914679     
   3.8007225099346126E-003   75.410171212275145     
   3.8342754376913739E-003   75.409588021417335     
   3.8681245720136258E-003   75.408994373234691     
   3.9022725278245744E-003   75.408390079258936     
   3.9367219431320722E-003   75.407774947594987     
   3.9714754792324067E-003   75.407148782872582     
   4.0065358209158955E-003   75.406511386173975     
   4.0419056766742888E-003   75.405862554961914     
   4.0775877789100108E-003   75.405202083022743     
   4.1135848841472398E-003   75.404529760400919     
   4.1498997732448582E-003   75.403845373319939     
   4.1865352516112803E-003   75.403148704120440     
   4.2234941494211772E-003   75.402439531188918     
   4.2607793218341116E-003   75.401717628881102     
   4.2983936492151072E-003   75.400982767447317     
   4.3363400373571661E-003   75.400234712964846     
   4.3746214177057411E-003   75.399473227249416     
   4.4132407475852026E-003   75.398698067787166     
   4.4522010104272982E-003   75.397908987649544     
   4.4915052160016261E-003   75.397105735419416     
   4.5311564006481507E-003   75.396288055094146     
   4.5711576275117632E-003   75.395455686013293     
   4.6115119867789203E-003   75.394608362773397     
   4.6522225959163633E-003   75.393745815133116     
   4.6932925999119569E-003   75.392867767927669     
   4.7347251715176373E-003   75.391973940980847     
   4.7765235114945225E-003   75.391064049007070     
   4.8186908488601762E-003   75.390137801524077     
   4.8612304411380551E-003   75.389194902752024     
   4.9041455746091592E-003   75.388235051516062     
   4.9474395645659084E-003   75.387257941150949     
   4.9911157555682555E-003   75.386263259393274     
   5.0351775217020566E-003   75.385250688287329     
   5.0796282668397344E-003   75.384219904069198     
   5.1244714249032274E-003   75.383170577069507     
   5.1697104601292759E-003   75.382102371598307     
   5.2153488673370345E-003   75.381014945833954     
   5.2613901721980617E-003   75.379907951715154     
   5.3078379315086811E-003   75.378781034820008     
   5.3546957334647538E-003   75.377633834249252     
   5.4019671979388794E-003   75.376465982512002     
   5.4496559767600299E-003   75.375277105394900     
   5.4977657539956679E-003   75.374066821846895     
   5.5463002462363513E-003   75.372834743845885     
   5.5952632028828430E-003   75.371580476275255     
   5.6446584064357656E-003   75.370303616785463     
   5.6944896727878025E-003   75.369003755668757     
   5.7447608515184909E-003   75.367680475716043     
   5.7954758261916052E-003   75.366333352080574     
   5.8466385146551756E-003   75.364961952140163     
   5.8982528693441467E-003   75.363565835345184     
   5.9503228775857168E-003   75.362144553078110     
   6.0028525619073621E-003   75.360697648500718     
   6.0558459803475920E-003   75.359224656403285     
   6.1093072267694387E-003   75.357725103048324     
   6.1632404311767197E-003   75.356198506013584     
   6.2176497600330847E-003   75.354644374030443     
   6.2725394165838921E-003   75.353062206818322     
   6.3279136411809149E-003   75.351451494918763     
   6.3837767116099150E-003   75.349811719524098     
   6.4401329434211211E-003   75.348142352305899     
   6.4969866902626038E-003   75.346442855235182     
   6.5543423442166121E-003   75.344712680405280     
   6.6122043361388702E-003   75.342951269842843     
   6.6705771360008707E-003   75.341158055328719     
   6.7294652532351885E-003   75.339332458199635     
   6.7888732370838490E-003   75.337473889158844     
   6.8488056769497631E-003   75.335581748075015     
   6.9092672027512743E-003   75.333655423785444     
   6.9702624852798220E-003   75.331694293883118     
   7.0317962365607795E-003   75.329697724515427     
   7.0938732102174672E-003   75.327665070164414     
   7.1564982018383749E-003   75.325595673433838     
   7.2196760493476383E-003   75.323488864825492     
   7.2834116333787783E-003   75.321343962514845     
   7.3477098776517378E-003   75.319160272119859     
   7.4125757493532568E-003   75.316937086467192     
   7.4780142595205898E-003   75.314673685356297     
   7.5440304634286307E-003   75.312369335311757     
   7.6106294609804368E-003   75.310023289339938     
   7.6778163971012083E-003   75.307634786670576     
   7.7455964621357494E-003   75.305203052509114     
   7.8139748922494319E-003   75.302727297765159     
   7.8829569698327037E-003   75.300206718790719     
   7.9525480239091579E-003   75.297640497107409     
   8.0227534305472199E-003   75.295027799126331     
   8.0935786132754605E-003   75.292367775871469     
   8.1650290435015746E-003   75.289659562686609     
   8.2371102409350520E-003   75.286902278944808     
   8.3098277740136055E-003   75.284095027748435     
   8.3831872603333281E-003   75.281236895624659     
   8.4571943670826728E-003   75.278326952217867     
   8.5318548114802547E-003   75.275364249968220     
   8.6071743612165224E-003   75.272347823795144     
   8.6831588348993214E-003   75.269276690766276     
   8.7598141025033924E-003   75.266149849764474     
   8.8371460858238521E-003   75.262966281144827     
   8.9151607589336487E-003   75.259724946390463     
   8.9938641486450848E-003   75.256424787755179     
   9.0732623349754002E-003   75.253064727907542     
   9.1533614516164652E-003   75.249643669561124     
   9.2341676864086224E-003   75.246160495098081     
   9.3156872818187103E-003   75.242614066191038     
   9.3979265354223150E-003   75.239003223413988     
   9.4808918003902662E-003   75.235326785846212     
   9.5645894859794304E-003   75.231583550667608     
   9.6490260580278479E-003   75.227772292748966     
   9.7342080394542414E-003   75.223891764231723     
   9.8201420107618988E-003   75.219940694103173     
   9.9068346105470641E-003   75.215917787759736     
   9.9942925360117646E-003   75.211821726564551     
   1.0082522543481187E-002   75.207651167395511     
   1.0171531448925632E-002   75.203404742185114     
   1.0261326128487045E-002   75.199081057453668     
   1.0351913519010226E-002   75.194678693826802     
   1.0443300618578715E-002   75.190196205554287     
   1.0535494487055408E-002   75.185632120010212     
   1.0628502246627944E-002   75.180984937187930     
   1.0722331082358920E-002   75.176253129187558     
   1.0816988242740948E-002   75.171435139687844     
   1.0912481040256616E-002   75.166529383414058     
   1.1008816851943392E-002   75.161534245591724     
   1.1106003119963530E-002   75.156448081392682     
   1.1204047352178975E-002   75.151269215366653     
   1.1302957122731380E-002   75.145995940869796     
   1.1402740072627215E-002   75.140626519471766     
   1.1503403910328055E-002   75.135159180362962     
   1.1604956412346079E-002   75.129592119738561     
   1.1707405423844817E-002   75.123923500182968     
   1.1810758859245221E-002   75.118151450034304     
   1.1915024702837049E-002   75.112274062737924     
   1.2020211009395692E-002   75.106289396192778     
   1.2126325904804412E-002   75.100195472078894     
   1.2233377586682088E-002   75.093990275177362     
   1.2341374325016504E-002   75.087671752671895     
   1.2450324462803213E-002   75.081237813444545     
   1.2560236416690070E-002   75.074686327351287     
   1.2671118677627425E-002   75.068015124489079     
   1.2782979811524068E-002   75.061221994443315     
   1.2895828459908974E-002   75.054304685528848     
   1.3009673340598870E-002   75.047260904009306     
   1.3124523248371718E-002   75.040088313306001     
   1.3240387055646121E-002   75.032784533191034     
   1.3357273713166744E-002   75.025347138962729     
   1.3475192250695779E-002   75.017773660612818     
   1.3594151777710509E-002   75.010061581966340     
   1.3714161484107049E-002   75.002208339818139     
   1.3835230640910268E-002   74.994211323042691     
   1.3957368600990016E-002   74.986067871693308     
   1.4080584799783641E-002   74.977775276081957     
   1.4204888756024901E-002   74.969330775844298     
   1.4330290072479318E-002   74.960731558983582     
   1.4456798436685998E-002   74.951974760898906     
   1.4584423621706024E-002   74.943057463394894     
   1.4713175486877450E-002   74.933976693673458     
   1.4843063978576950E-002   74.924729423306474     
   1.4974099130988209E-002   74.915312567186731     
   1.5106291066877072E-002   74.905722982465534     
   1.5239649998373560E-002   74.895957467461585     
   1.5374186227760786E-002   74.886012760559254     
   1.5509910148270816E-002   74.875885539078013     
   1.5646832244887582E-002   74.865572418128011     
   1.5784963095156868E-002   74.855069949436313     
   1.5924313370003440E-002   74.844374620160352     
   1.6064893834555415E-002   74.833482851672613     
   1.6206715348975879E-002   74.822390998326796     
   1.6349788869301871E-002   74.811095346195827     
   1.6494125448290747E-002   74.799592111796755     
   1.6639736236274051E-002   74.787877440779653     
   1.6786632482018882E-002   74.775947406601460     
   1.6934825533596903E-002   74.763798009172888     
   1.7084326839260994E-002   74.751425173477458     
   1.7235147948329671E-002   74.738824748170316     
   1.7387300512079280E-002   74.725992504148621     
   1.7540796284644094E-002   74.712924133094020     
   1.7695647123924348E-002   74.699615245992220     
   1.7851864992502284E-002   74.686061371623396     
   1.8009461958566297E-002   74.672257955026055     
   1.8168450196843208E-002   74.658200355930774     
   1.8328841989538824E-002   74.643883847169718     
   1.8490649727286739E-002   74.629303613052286     
   1.8653885910105542E-002   74.614454747716650     
   1.8818563148364487E-002   74.599332253446846     
   1.8984694163757660E-002   74.583931038960998     
   1.9152291790286761E-002   74.568245917672584     
   1.9321368975252561E-002   74.552271605912836     
   1.9491938780255121E-002   74.536002721129137     
   1.9664014382202805E-002   74.519433780046370     
   1.9837609074330253E-002   74.502559196797165     
   2.0012736267225304E-002   74.485373281017871     
   2.0189409489864984E-002   74.467870235913210     
   2.0367642390660672E-002   74.450044156283013     
   2.0547448738512452E-002   74.431889026517183     
   2.0728842423872799E-002   74.413398718553594     
   2.0911837459819647E-002   74.394566989801547     
   2.1096447983138943E-002   74.375387481026564     
   2.1282688255416734E-002   74.355853714201146     
   2.1470572664140892E-002   74.335959090315441     
   2.1660115723812618E-002   74.315696887151773     
   2.1851332077067694E-002   74.295060257019429     
   2.2044236495807661E-002   74.274042224450568     
   2.2238843882341000E-002   74.252635683857363     
   2.2435169270534339E-002   74.230833397147364     
   2.2633227826973887E-002   74.208627991300830     
   2.2833034852137068E-002   74.186011955901733     
   2.3034605781574520E-002   74.162977640633244     
   2.3237956187102532E-002   74.139517252726762     
   2.3443101778005997E-002   74.115622854367984     
   2.3650058402251994E-002   74.091286360060849     
   2.3858842047714077E-002   74.066499533948729     
   2.4069468843407375E-002   74.041253987086293     
   2.4281955060734606E-002   74.015541174672194     
   2.4496317114743062E-002   73.989352393231400     
   2.4712571565392718E-002   73.962678777753638     
   2.4930735118835527E-002   73.935511298784945     
   2.5150824628706013E-002   73.907840759470162     
   2.5372857097423249E-002   73.879657792551654     
   2.5596849677504325E-002   73.850952857314780     
   2.5822819672889429E-002   73.821716236487930     
   2.6050784540278610E-002   73.791938033092492     
   2.6280761890480366E-002   73.761608167241945     
   2.6512769489772086E-002   73.730716372893085     
   2.6746825261272568E-002   73.699252194542680     
   2.6982947286326598E-002   73.667204983878264     
   2.7221153805901788E-002   73.634563896371446     
   2.7461463221997738E-002   73.601317887823768     
   2.7703894099067605E-002   73.567455710857757     
   2.7948465165452289E-002   73.532965911355802     
   2.8195195314827209E-002   73.497836824845649     
   2.8444103607661891E-002   73.462056572831330     
   2.8695209272692437E-002   73.425613059072987     
   2.8948531708406996E-002   73.388493965809573     
   2.9204090484544327E-002   73.350686749926922     
   2.9461905343605609E-002   73.312178639073295     
   2.9721996202379607E-002   73.272956627718315     
   2.9984383153481259E-002   73.233007473156420     
   3.0249086466903930E-002   73.192317691455344     
   3.0516126591585247E-002   73.150873553349129     
   3.0785524156986901E-002   73.108661080074114     
   3.1057299974688250E-002   73.065666039151381     
   3.1331475039994117E-002   73.021873940110709     
   3.1608070533556673E-002   72.977270030160355     
   3.1887107823011747E-002   72.931839289800791     
   3.2168608464629482E-002   72.885566428381651     
   3.2452594204979632E-002   72.838435879603196     
   3.2739086982611514E-002   72.790431796964413     
   3.3028108929748813E-002   72.741538049152325     
   3.3319682373999390E-002   72.691738215379758     
   3.3613829840080059E-002   72.641015580664600     
   3.3910574051556751E-002   72.589353131059966     
   3.4209937932599924E-002   72.536733548824998     
   3.4511944609755520E-002   72.483139207547197     
   3.4816617413731515E-002   72.428552167208522     
   3.5123979881200321E-002   72.372954169201762     
   3.5434055756616997E-002   72.316326631294828     
   3.5746868994053604E-002   72.258650642544296     
   3.6062443759049677E-002   72.199906958161307     
   3.6380804430479086E-002   72.140075994325912     
   3.6701975602433365E-002   72.079137822957534     
   3.7025982086121664E-002   72.017072166436776     
   3.7352848911787438E-002   71.953858392283507     
   3.7682601330642128E-002   71.889475507791531     
   3.8015264816815872E-002   71.823902154620839     
   3.8350865069325425E-002   71.757116603350084     
   3.8689428014059446E-002   71.689096747990618     
   3.9030979805781407E-002   71.619820100463414     
   3.9375546830150022E-002   71.549263785042058     
   3.9723155705757664E-002   71.477404532763018     
   4.0073833286186647E-002   71.404218675805453     
   4.0427606662083816E-002   71.329682141844387     
   4.0784503163253272E-002   71.253770448377480     
   4.1144550360767716E-002   71.176458697031450     
   4.1507776069098376E-002   71.097721567846236     
   4.1874208348263692E-002   71.017533313545925     
   4.2243875505997092E-002   70.935867753795662     
   4.2616806099933749E-002   70.852698269448638     
   4.2993028939816783E-002   70.767997796787540     
   4.3372573089722859E-002   70.681738821765038     
   4.3755467870307450E-002   70.593893374245624     
   4.4141742861069921E-002   70.504433022254801     
   4.4531427902638636E-002   70.413328866238402     
   4.4924553099076184E-002   70.320551533339312     
   4.5321148820205007E-002   70.226071171694144     
   4.5721245703953549E-002   70.129857444756794     
   4.6124874658723065E-002   70.031879525653380     
   4.6532066865775414E-002   69.932106091575832     
   4.6942853781641841E-002   69.830505318218655     
   4.7357267140553098E-002   69.727044874265886     
   4.7775338956890977E-002   69.621691915936367     
   4.8197101527661483E-002   69.514413081590675     
   4.8622587434989858E-002   69.405174486412704     
   4.9051829548637634E-002   69.293941717167968     
   4.9484861028541889E-002   69.180679827049147     
   4.9921715327376937E-002   69.065353330619843     
   5.0362426193138583E-002   68.947926198859875     
   5.0807027671751312E-002   68.828361854325351     
   5.1255554109698336E-002   68.706623166432024     
   5.1708040156674982E-002   68.582672446872778     
   5.2164520768265457E-002   68.456471445176192     
   5.2625031208643223E-002   68.327981344421488     
   5.3089607053295268E-002   68.197162757119003     
   5.3558284191770368E-002   68.063975721267184     
   5.4031098830451652E-002   67.928379696599961     
   5.4508087495353616E-002   67.790333561035993     
   5.4989287034943872E-002   67.649795607343719     
   5.5474734622989699E-002   67.506723540035097     
   5.5964467761429930E-002   67.361074472503105     
   5.6458524283271916E-002   67.212804924417924     
   5.6956942355514337E-002   67.061870819395125     
   5.7459760482095605E-002   66.908227482954430     
   5.7967017506868439E-002   66.751829640784365     
   5.8478752616600599E-002   66.592631417328533     
   5.8995005344002170E-002   66.430586334713951     
   5.9515815570779576E-002   66.265647312037231     
   6.0041223530716503E-002   66.097766665028132     
   6.0571269812782054E-002   65.926896106111883     
   6.1105995364266349E-002   65.752986744887210     
   6.1645441493943812E-002   65.575989089044185     
   6.2189649875264319E-002   65.395853045740921     
   6.2738662549572638E-002   65.212527923463085     
   6.3292521929356152E-002   65.025962434389214     
   6.3851270801521379E-002   64.836104697283361     
   6.4414952330699285E-002   64.642902240942504     
   6.4983610062579938E-002   64.446302008222005     
   6.5557287927276470E-002   64.246250360665300     
   6.6136030242718732E-002   64.042693083765215     
   6.6719881718077051E-002   63.835575392883953     
   6.7308887457216054E-002   63.624841939858413     
   6.7903092962179057E-002   63.410436820324037     
   6.8502544136703203E-002   63.192303581782312     
   6.9107287289765618E-002   62.970385232444698     
   6.9717369139160906E-002   62.744624250884613     
   7.0332836815110239E-002   62.514962596529443     
   7.0953737863902161E-002   62.281341721025086     
   7.1580120251565765E-002   62.043702580506306     
   7.2212032367576159E-002   61.801985648809364     
   7.2849523028592572E-002   61.556130931660277     
   7.3492641482229670E-002   61.306077981875745     
   7.4141437410862002E-002   61.051765915614112     
   7.4795960935462036E-002   60.793133429712157     
   7.5456262619472178E-002   60.530118820148601     
   7.6122393472710909E-002   60.262660001671236     
   7.6794404955313339E-002   59.990694528629177     
   7.7472348981706740E-002   59.714159617049091     
   7.8156277924620945E-002   59.432992167998549     
   7.8846244619134323E-002   59.147128792276050     
   7.9542302366755371E-002   58.856505836472365     
   8.0244504939540440E-002   58.561059410444301     
   8.0952906584247669E-002   58.260725416245407     
   8.1667562026527737E-002   57.955439578557247     
   8.2388526475151491E-002   57.645137476665951     
   8.3115855626275006E-002   57.329754578028599     
   8.3849605667742189E-002   57.009226273473985     
   8.4589833283425481E-002   56.683487914084452     
   8.5336595657604708E-002   56.352474849803599     
   8.6089950479384864E-002   56.016122469814889     
   8.6849955947152530E-002   55.674366244738792     
   8.7616670773071989E-002   55.327141770691952     
   8.8390154187620820E-002   54.974384815255661     
   8.9170465944165556E-002   54.616031365398328     
   8.9957666323577851E-002   54.252017677397504     
   9.0751816138891189E-002   53.882280328804541     
   9.1552976739998973E-002   53.506756272498365     
   9.2361210018393841E-002   53.125382892869652     
   9.3176578411948971E-002   52.738098064179127     
   9.3999144909741553E-002   52.344840211131242     
   9.4828973056918800E-002   51.945548371703552     
   9.5666126959607009E-002   51.540162262272105     
   9.6510671289863834E-002   51.128622345068948     
   9.7362671290674482E-002   50.710869898009349     
   9.8222192780991729E-002   50.286847086923245     
   9.9089302160820680E-002   49.856497040222479     
   9.9964066416348266E-002   49.419763926034534     
  0.10084655312511814        48.976593031831925     
  0.10173683046125119        48.526930846579631     
  0.10263496720071207        48.070725145426820     
  0.10354103272662238        47.607925076958651     
  0.10445509703462065        47.138481253026868     
  0.10537723073826964        46.662345841169696     
  0.10630750507451145        46.179472659631415     
  0.10724599190917068        45.689817274983596     
  0.10819276374250626        45.193337102349943     
  0.10914789371481226        44.689991508229696     
  0.11011145561206814        44.179741915907329     
  0.11108352387163890        43.662551913436459     
  0.11206417358802552        43.138387364174150     
  0.11305348051866615        42.607216519839938     
  0.11405152108978864        42.069010136064378     
  0.11505837240231453        41.523741590388823     
  0.11607411223781539        40.971387002665494     
  0.11709881906452151        40.411925357805842     
  0.11813257204338383        39.845338630812421     
  0.11917545103418925        39.271611914020752     
  0.12022753660173002        38.690733546475201     
  0.12128891002202757        38.102695245344847     
  0.12235965328861123        37.507492239283266     
  0.12343984911885240        36.905123403621559     
  0.12452958096035473        36.295591397276240     
  0.12562893299740055        35.678902801239644     
  0.12673799015745441        35.055068258515320     
  0.12785683811772375        34.424102615340445     
  0.12898556331177791        33.786025063534566     
  0.13012425293622507        33.140859283793787     
  0.13127299495744849        32.488633589743017     
  0.13243187811840218        31.829381072540485     
  0.13360099194546646        31.163139745819194     
  0.13478042675536395        30.489952690733929     
  0.13597027366213693        29.809868200868692     
  0.13717062458418605        29.122939926746511     
  0.13838157225137110        28.429227019664921     
  0.13960321021217478        27.728794274570959     
  0.14083563284092956        27.021712271669571     
  0.14207893534510813        26.308057516445643     
  0.14333321377267846        25.587912577766076     
  0.14459856501952384        24.861366223709183     
  0.14587508683692821        24.128513554756466     
  0.14716287783912768        23.389456133963421     
  0.14846203751092865        22.644302113713337     
  0.14977266621539345        21.893166358638666     
  0.15109486520159335        21.136170564284015     
  0.15242873661243039        20.373443371065264     
  0.15377438349252828        19.605120473067643     
  0.15513190979619260        18.831344721210257     
  0.15650142039544168        18.052266220290079     
  0.15788302108810817        17.268042419406726     
  0.15927681860601212        16.478838195255321     
  0.16068292062320627        15.684825927763569     
  0.16210143576429417        14.886185567538888     
  0.16353247361282161        14.083104694579532     
  0.16497614471974223        13.275778567697699     
  0.16643256061195788        12.464410164091845     
  0.16790183380093424        11.649210208501955     
  0.16938407779139261        10.830397191374473     
  0.17087940709007851        10.008197375461762     
  0.17238793721460746        9.1828447902787786     
  0.17390978470238902        8.3545812138398645     
  0.17544506711962962        7.5236561411018101     
  0.17699390307041474        6.6903267385418133     
  0.17855641220587148        5.8548577843083791     
  0.18013271523341168        5.0175215933899153     
  0.18172293392605701        4.1785979272583660     
  0.18332719113184617        3.3383738874600084     
  0.18494561078332517        2.4971437926417224     
  0.18657831790712143        1.6552090385225142     
  0.18822543863360230       0.81287794034143701     
  0.18988710020661900       -2.9534442658984972E-002
  0.19156343099333650      -0.87170650112560111     
  0.19325456049415007       -1.7133102882419848     
  0.19496061935268971       -2.5540117514731122     
  0.19668173936591235       -3.3934709837078572     
  0.19841805349428374       -4.2313424940573867     
  0.20016969587204977       -5.0672754985195496     
  0.20193680181759888       -5.9009142306667002     
  0.20371950784391540       -6.7318982724605689     
  0.20551795166912576       -7.5598629052375799     
  0.20733227222713735       -8.3844394808451597     
  0.20916260967837155       -9.2052558128426085     
  0.21100910542059159       -10.021936587610398     
  0.21287190209982554       -10.834103795135874     
  0.21475114362138631       -11.641377179167179     
  0.21664697516098858       -12.443374706345224     
  0.21855954317596382       -13.239713053839466     
  0.22048899541657480       -14.030008114925209     
  0.22243548093742924       -14.813875521851188     
  0.22439915010899480       -15.590931185252046     
  0.22638015462921568       -16.360791849266832     
  0.22837864753523138       -17.123075661427066     
  0.23039478321519932       -17.877402756279437     
  0.23242871742022164       -18.623395851611079     
  0.23448060727637732       -19.360680856042450     
  0.23655061129686056       -20.088887486656063     
  0.23863888939422626       -20.807649895228636     
  0.24074560289274369       -21.516607301535501     
  0.24287091454085902       -22.215404632101411     
  0.24501498852376818       -22.903693162675978     
  0.24717799047610042       -23.581131162622150     
  0.24936008749471403       -24.247384539317991     
  0.25156144815160497       -24.902127480589527     
  0.25378224250692938       -25.545043093115353     
  0.25602264212214099       -26.175824034670939     
  0.25828282007324516       -26.794173138017499     
  0.26056295096416865       -27.399804024182274     
  0.26286321094024873       -27.992441702828046     
  0.26518377770184065       -28.571823157372968     
  0.26752483051804532       -29.137697912489266     
  0.26988655024055830       -29.689828581593801     
  0.27226911931764120       -30.227991391935888     
  0.27467272180821584       -30.751976684892682     
  0.27709754339608345       -31.261589389103392     
  0.27954377140426945       -31.756649464103248     
  0.28201159480949384       -32.236992312167118     
  0.28450120425677095       -32.702469156132878     
  0.28701279207413655       -33.152947381051234     
  0.28954655228750598       -33.588310837601007     
  0.29210268063566291       -34.008460105316402     
  0.29468137458538074       -34.413312713796309     
  0.29728283334667727       -34.802803320204561     
  0.29990725788820427       -35.176883841525814     
  0.30255485095277246       -35.535523540211017     
  0.30522581707301438       -35.878709062032868     
  0.30792036258718436       -36.206444425170019     
  0.31063869565509922       -36.518750959753675     
  0.31338102627421860       -36.815667197335330     
  0.31614756629586821       -37.097248709972980     
  0.31893852944160533       -37.363567898881804     
  0.32175413131972985       -37.614713732852906     
  0.32459458944193992       -37.850791436909574     
  0.32746012324013568       -38.071922131942451     
  0.33035095408337062       -38.278242426339929     
  0.33326730529495308       -38.469903960909917     
  0.33620940216969819       -38.647072908665947     
  0.33917747199133269       -38.809929431328520     
  0.34217174405005285       -38.958667094663738     
  0.34519244966023804       -39.093492245047791     
  0.34823982217831978       -39.214623349902226     
  0.35131409702080951       -39.322290304889904     
  0.35441551168248497       -39.416733710993640     
  0.35754430575473689       -39.498204124813562     
  0.36070072094407851       -39.566961285616486     
  0.36388500109081734       -39.623273322844980     
  0.36709739218789306       -39.667415947946395     
  0.37033814239988044       -39.699671634508604     
  0.37360750208216104       -39.720328790788209     
  0.37690572380026338       -39.729680928788497     
  0.38023306234937454       -39.728025834083368     
  0.38358977477402356       -39.715664740592729     
  0.38697612038793855       -39.692901514490309     
  0.39039236079407957       -39.660041851367893     
  0.39383875990484768       -39.617392490688886     
  0.39731558396247335       -39.565260451439933     
  0.40082310155958345       -39.503952292732414     
  0.40436158365995156       -39.433773402915563     
  0.40793130361942981       -39.355027320542959     
  0.41153253720706673       -39.268015090283797     
  0.41516556262641069       -39.173034656592662     
  0.41883066053700213       -39.070380297649052     
  0.42252811407605478       -38.960342101751550     
  0.42625820888032878       -38.843205488007243     
  0.43002123310819701       -38.719250772794510     
  0.43381747746190563       -38.588752783103530     
  0.43764723521003190       -38.451980517474610     
  0.44151080221013922       -38.309196854866236     
  0.44540847693163349       -38.160658311394677     
  0.44934056047882026       -38.006614844500106     
  0.45330735661416549       -37.847309703715261     
  0.45730917178176256       -37.682979326844013     
  0.46134631513100471       -37.513853280005605     
  0.46541909854046892       -37.340154239666347     
  0.46952783664200792       -37.162098014471660     
  0.47367284684505706       -36.979893604407607     
  0.47785444936115473       -36.793743294567754     
  0.48207296722867926       -36.603842780580472     
  0.48632872633780450       -36.410381322565563     
  0.49062205545567544       -36.213541924340220     
  0.49495328625180673       -36.013501534482927     
  0.49932275332370407       -35.810431265792573     
  0.50373079422271350       -35.604496629647159     
  0.50817774948009731       -35.395857781773884     
  0.51266396263334135       -35.184669775987963     
  0.51718978025269369       -34.971082822540090     
  0.52175555196793855       -34.755242547832040     
  0.52636163049540530       -34.537290252411481     
  0.53100837166521708       -34.317363164340350     
  0.53569613444877917       -34.095594685242240     
  0.54042528098651088       -33.872114626569100     
  0.54519617661582109       -33.647049433884114     
  0.55000918989933167       -33.420522397229973     
  0.55486469265335003       -33.192653845937585     
  0.55976305997659237       -32.963561326524513     
  0.56470467027916116       -32.733359762630748     
  0.56968990531177832       -32.502161596238366     
  0.57471915019527575       -32.270076909716835     
  0.57979279345034762       -32.037213528522699     
  0.58491122702756371       -31.803677104659009     
  0.59007484633764895       -31.569571181260926     
  0.59528405028203002       -31.334997238918127     
  0.60053924128365066       -31.100054724568324     
  0.60584082531806027       -30.864841063997105     
  0.61118921194477649       -30.629451659156466     
  0.61658481433892431       -30.393979871665646     
  0.62202804932315525       -30.158516993982410     
  0.62751933739984733       -29.923152209830643     
  0.63305910278359001       -29.687972545540735     
  0.63864777343395629       -29.453062814002820     
  0.64428578108856260       -29.218505552951072     
  0.64997356129642236       -28.984380959289844     
  0.65571155345159260       -28.750766821142243     
  0.66150020082711847       -28.517738449249126     
  0.66733995060927687       -28.285368609274766     
  0.67323125393212291       -28.053727456485205     
  0.67917456591234093       -27.822882474160394     
  0.68517034568440283       -27.592898416982706     
  0.69121905643603820       -27.363837260515389     
  0.69732116544401568       -27.135758157747503     
  0.70347714411024209       -26.908717403538592     
  0.70968746799817828       -26.682768407650155     
  0.71595261686957834       -26.457961676902883     
  0.72227307472155200       -26.234344806852224     
  0.72864932982395425       -26.011962483230626     
  0.73508187475710596       -25.790856493265643     
  0.74157120644984620       -25.571065746850390     
  0.74811782621792133       -25.352626307417445     
  0.75472223980271291       -25.135571432251421     
  0.76138495741030721       -24.919931621869292     
  0.76810649375091011       -24.705734678002436     
  0.77488736807860914       -24.493005769630596     
  0.78172810423148753       -24.281767506446350     
  0.78862923067209156       -24.072040019068925     
  0.79559128052825601       -23.863841045278985     
  0.80261479163428862       -23.657186021510629     
  0.80970030657251979       -23.452088178813295     
  0.81684837271521815       -23.248558642484380     
  0.82405954226687617       -23.046606534571932     
  0.83133437230686924       -22.846239078455792     
  0.83867342483249152       -22.647461704733853     
  0.84607726680237105       -22.450278157666901     
  0.85354647018026952       -22.254690601470067     
  0.86108161197926647       -22.060699725780037     
  0.86868327430633618       -21.868304849673798     
  0.87635204440731607       -21.677504023666391     
  0.88408851471227246       -21.488294129169869     
  0.89189328288126823       -21.300670974953430     
  0.89976695185053235       -21.114629390203948     
  0.90771012987903876       -20.930163313845842     
  0.91572343059549521       -20.747265879839102     
  0.92380747304574840       -20.565929498232752     
  0.93196288174060560       -20.386145931808024     
  0.94019028670408022       -20.207906368199655     
  0.94849032352206242       -20.031201487435297     
  0.95686363339141933       -19.856021524880585     
  0.96531086316952985       -19.682356329621378     
  0.97383266542425473       -19.510195418354161     
  0.98242969848434947       -19.339528024890814     
  0.99110262649032188       -19.170343145414453     
  0.99985211944573849       -19.002629579649071     
   1.0086788532689832       -18.836375968126948     
   1.0175835098454744       -18.671570825754952     
   1.0265667770803413       -18.508202571893342     
   1.0356293489515669       -18.346259557169535     
   1.0447719255635997       -18.185730087254129     
   1.0539952132014363       -18.026602443828146     
   1.0632999243851866       -17.868864902968760     
   1.0726867779251150       -17.712505751176923     
   1.0821564989771721       -17.557513299263430     
   1.0917098190990127       -17.403875894301951     
   1.1013474763065119       -17.251581929847191     
   1.1110702151307781       -17.100619854605522     
   1.1208787866756693       -16.950978179733216     
   1.1307739486758182       -16.802645484924692     
   1.1407564655551681       -16.655610423440621     
   1.1508271084860273       -16.509861726212460     
   1.1609866554486439       -16.365388205147443     
   1.1712358912913052       -16.222178755745666     
   1.1815756077909714       -16.080222359128879     
   1.1920066037144394       -15.939508083569494     
   1.2025296848800520       -15.800025085597708     
   1.2131456642199476       -15.661762610754867     
   1.2238553618428609       -15.524709994052264     
   1.2346596050974796       -15.388856660186308     
   1.2455592286363577       -15.254192123553871     
   1.2565550744803948       -15.120705988104833     
   1.2676479920838841       -14.988387947063247     
   1.2788388384001352       -14.857227782543353     
   1.2901284779476745       -14.727215365082344     
   1.3015177828770321       -14.598340653107886     
   1.3130076330381175       -14.470593692355262     
   1.3245989160481897       -14.343964615246138     
   1.3362925273604276       -14.218443640238741     
   1.3480893703331067       -14.094021071157181     
   1.3599903562993834       -13.970687296506252     
   1.3719964046377007       -13.848432788776407     
   1.3841084428428096       -13.727248103742967     
   1.3963274065974212       -13.607123879762373     
   1.4086542398444912       -13.488050837067799     
   1.4210898948601400       -13.370019777065949     
   1.4336353323272193       -13.253021581636213     
   1.4462915214095271       -13.137047212433250     
   1.4590594398266770       -13.022087710193714     
   1.4719400739296300       -12.908134194047571     
   1.4849344187768923       -12.795177860834444     
   1.4980434782113856       -12.683209984425222     
   1.5112682649379963       -12.572221915049058     
   1.5246098006018096       -12.462205078625955     
   1.5380691158670334       -12.353150976104892     
   1.5516472504966199       -12.245051182807611     
   1.5653452534325896       -12.137897347778022     
   1.5791641828770642       -12.031681193137208     
   1.5931051063740156       -11.926394513444048     
   1.6071691008917355       -11.822029175061394     
   1.6213572529060341       -11.718577115527752     
   1.6356706584841734       -11.616030342934476     
   1.6501104233695392       -11.514380935308388     
   1.6646776630670643       -11.413621039999791     
   1.6793735029294024       -11.313742873075856     
   1.6941990782438652       -11.214738718719273     
   1.7091555343201248       -11.116600928632215     
   1.7242440265786925       -11.019321921445471     
   1.7394657206401769       -10.922894182132783     
   1.7548217924153315       -10.827310261430283     
   1.7703134281958968       -10.732562775261018     
   1.7859418247462417       -10.638644404164532     
   1.8017081893958200       -10.545547892731403     
   1.8176137401324357       -10.453266049042750     
   1.8336597056963386       -10.361791744114639     
   1.8498473256751440       -10.271117911347368     
   1.8661778505995967       -10.181237545979535     
   1.8826525420401761       -10.092143704546910     
   1.8992726727045541       -10.003829504346051     
   1.9160395265359176       -9.9162881229025786     
   1.9329543988121534       -9.8295127974441368     
   1.9500185962459131       -9.7434968243779494     
   1.9672334370855582       -9.6582335587729542     
   1.9846002512169987       -9.5737164138464657     
