   3.4787173769606630E-006   5461537.1808331376     
   3.5094276307427419E-006   5413742.2795837410     
   3.5404089958526930E-006   5366365.6213361397     
   3.5716638656719776E-006   5319403.5461348994     
   3.6031946547109249E-006   5272852.4260520721     
   3.6350037987952546E-006   5226708.6649069414     
   3.6670937552542512E-006   5180968.6979882028     
   3.6994670031105998E-006   5135628.9917785749     
   3.7321260432718950E-006   5090686.0436818395     
   3.7650733987238409E-006   5046136.3817522479     
   3.7983116147251607E-006   5001976.5644263122     
   3.8318432590042197E-006   4958203.1802569311     
   3.8656709219573920E-006   4914812.8476498509     
   3.8997972168491696E-006   4871802.2146024331     
   3.9342247800140506E-006   4829167.9584446950     
   3.9689562710601951E-006   4786906.7855826318     
   4.0039943730748878E-006   4745015.4312437801     
   4.0393417928318147E-006   4703490.6592250085     
   4.0750012610001662E-006   4662329.2616425017     
   4.1109755323555885E-006   4621528.0586839598     
   4.1472673859929943E-006   4581083.8983629383     
   4.1838796255412566E-006   4540993.6562753562     
   4.2208150793797914E-006   4501254.2353581320     
   4.2580766008570624E-006   4461862.5656499183     
   4.2956670685110063E-006   4422815.6040539425     
   4.3335893862914036E-006   4384110.3341029324     
   4.3718464837842174E-006   4345743.7657260727     
   4.4104413164379140E-006   4307712.9350180225     
   4.4493768657917712E-006   4270014.9040099457     
   4.4886561397062156E-006   4232646.7604425447     
   4.5282821725951826E-006   4195605.6175410822     
   4.5682580256605329E-006   4158888.6137923752     
   4.6085867871285388E-006   4122492.9127237294     
   4.6492715724884546E-006   4086415.7026838209     
   4.6903155247331957E-006   4050654.1966254888     
   4.7317218146021435E-006   4015205.6318904245     
   4.7734936408260917E-006   3980067.2699957569     
   4.8156342303743538E-006   3945236.3964224979     
   4.8581468387040572E-006   3910710.3204058283     
   4.9010347500116317E-006   3876486.3747272468     
   4.9443012774865210E-006   3842561.9155085110     
   4.9879497635671380E-006   3808934.3220073916     
   5.0319835801990710E-006   3775600.9964152211     
   5.0764061290955791E-006   3742559.3636561963     
   5.1212208420003771E-006   3709806.8711884599     
   5.1664311809527505E-006   3677340.9888069006     
   5.2120406385550027E-006   3645159.2084476934     
   5.2580527382422666E-006   3613259.0439945497     
   5.3044710345547011E-006   3581638.0310866497     
   5.3512991134120828E-006   3550293.7269282746     
   5.3985405923908328E-006   3519223.7101000892     
   5.4461991210034747E-006   3488425.5803720807     
   5.4942783809805761E-006   3457896.9585181405     
   5.5427820865551633E-006   3427635.4861322618     
   5.5917139847496615E-006   3397638.8254463458     
   5.6410778556653528E-006   3367904.6591496035     
   5.6908775127744072E-006   3338430.6902095377     
   5.7411168032144722E-006   3309214.6416944969     
   5.7917996080858794E-006   3280254.2565977722     
   5.8429298427514682E-006   3251547.2976632393     
   5.8945114571390544E-006   3223091.5472125248     
   5.9465484360465704E-006   3194884.8069736883     
   5.9990447994499025E-006   3166924.8979113987     
   6.0520046028134424E-006   3139209.6600585971     
   6.1054319374033801E-006   3111736.9523496386     
   6.1593309306037666E-006   3084504.6524548866     
   6.2137057462353572E-006   3057510.6566167604     
   6.2685605848772862E-006   3030752.8794872109     
   6.3238996841915597E-006   3004229.2539666295     
   6.3797273192504361E-006   2977937.7310441537     
   6.4360478028666751E-006   2951876.2796393791     
   6.4928654859267211E-006   2926042.8864454529     
   6.5501847577268128E-006   2900435.5557735432     
   6.6080100463120684E-006   2875052.3093986646     
   6.6663458188185642E-006   2849891.1864068578     
   6.7251965818184276E-006   2824950.2430437040     
   6.7845668816679827E-006   2800227.5525641632     
   6.8444613048589656E-006   2775721.2050837367     
   6.9048844783728431E-006   2751429.3074309127     
   6.9658410700382566E-006   2727349.9830009216     
   7.0273357888916185E-006   2703481.3716107630     
   7.0893733855409040E-006   2679821.6293555018     
   7.1519586525326412E-006   2656368.9284658222     
   7.2150964247221434E-006   2633121.4571668287     
   7.2787915796470262E-006   2610077.4195380798     
   7.3430490379039880E-006   2587235.0353748552     
   7.4078737635289539E-006   2564592.5400506239     
   7.4732707643805561E-006   2542148.1843807269     
   7.5392450925269937E-006   2519900.2344872481     
   7.6058018446363246E-006   2497846.9716650676     
   7.6729461623701968E-006   2475986.6922490858     
   7.7406832327810410E-006   2454317.7074826173     
   7.8090182887127998E-006   2432838.3433869239     
   7.8779566092051618E-006   2411546.9406319009     
   7.9475035199013874E-006   2390441.8544078851     
   8.0176643934597291E-006   2369521.4542985940     
   8.0884446499684678E-006   2348784.1241551735     
   8.1598497573646453E-006   2328228.2619713396     
   8.2318852318564674E-006   2307852.2797596250     
   8.3045566383494330E-006   2287654.6034287056     
   8.3778695908762589E-006   2267633.6726617906     
   8.4518297530305524E-006   2247787.9407960922     
   8.5264428384043532E-006   2228115.8747033402     
   8.6017146110295165E-006   2208615.9546713391     
   8.6776508858229937E-006   2189286.6742865751     
   8.7542575290360563E-006   2170126.5403178367     
   8.8315404587074683E-006   2151134.0726008620     
   8.9095056451206760E-006   2132307.8039239882     
   8.9881591112650207E-006   2113646.2799148131     
   9.0675069333010292E-006   2095148.0589278364     
   9.1475552410298190E-006   2076811.7119330871     
   9.2283102183666253E-006   2058635.8224057369     
   9.3097781038185312E-006   2040618.9862166611     
   9.3919651909664106E-006   2022759.8115239698     
   9.4748778289511131E-006   2005056.9186654862     
   9.5585224229639509E-006   1987508.9400521638     
   9.6429054347415211E-006   1970114.5200624345     
   9.7280333830648848E-006   1952872.3149374882     
   9.8139128442631602E-006   1935780.9926774600     
   9.9005504527215526E-006   1918839.2329385341     
   9.9879529013938839E-006   1902045.7269309401     
   1.0076126942319637E-005   1885399.1773178501     
   1.0165079387145561E-005   1868898.2981151531     
   1.0254817107651893E-005   1852541.8145921116     
   1.0345347036283216E-005   1836328.4631728856     
   1.0436676166684006E-005   1820256.9913389180     
   1.0528811554238907E-005   1804326.1575321741     
   1.0621760316617776E-005   1788534.7310592311     
   1.0715529634325541E-005   1772881.4919962003     
   1.0810126751256905E-005   1757365.2310944877     
   1.0905558975255968E-005   1741984.7496873762     
   1.1001833678680755E-005   1726738.8595974259     
   1.1098958298972759E-005   1711626.3830446852     
   1.1196940339231507E-005   1696646.1525557030     
   1.1295787368794173E-005   1681797.0108733408     
   1.1395507023820346E-005   1667077.8108673699     
   1.1496107007881925E-005   1652487.4154458542     
   1.1597595092558252E-005   1638024.6974673069     
   1.1699979118036468E-005   1623688.5396536179     
   1.1803266993717202E-005   1609477.8345037368     
   1.1907466698825579E-005   1595391.4842081219     
   1.2012586283027637E-005   1581428.4005639267     
   1.2118633867052186E-005   1567587.5048909378     
   1.2225617643318147E-005   1553867.7279482414     
   1.2333545876567436E-005   1540268.0098516252     
   1.2442426904503432E-005   1526787.2999916947     
   1.2552269138435099E-005   1513424.5569527175     
   1.2663081063926756E-005   1500178.7484321662     
   1.2774871241453622E-005   1487048.8511609754     
   1.2887648307063126E-005   1474033.8508244869     
   1.3001420973042068E-005   1461132.7419840959     
   1.3116198028589653E-005   1448344.5279995746     
   1.3231988340496484E-005   1435668.2209520836     
   1.3348800853829541E-005   1423102.8415678514     
   1.3466644592623206E-005   1410647.4191425191     
   1.3585528660576390E-005   1398300.9914661592     
   1.3705462241755821E-005   1386062.6047489350     
   1.3826454601305521E-005   1373931.3135474243     
   1.3948515086162576E-005   1361906.1806915770     
   1.4071653125779200E-005   1349986.2772123187     
   1.4195878232851167E-005   1338170.6822697867     
   1.4321200004052725E-005   1326458.4830821909     
   1.4447628120777927E-005   1314848.7748552994     
   1.4575172349888550E-005   1303340.6607125446     
   1.4703842544468624E-005   1291933.2516257318     
   1.4833648644585584E-005   1280625.6663463640     
   1.4964600678058169E-005   1269417.0313375629     
   1.5096708761231097E-005   1258306.4807065832     
   1.5229983099756580E-005   1247293.1561379260     
   1.5364433989382724E-005   1236376.2068270252     
   1.5500071816748912E-005   1225554.7894145250     
   1.5636907060188174E-005   1214828.0679211295     
   1.5774950290536689E-005   1204195.2136830168     
   1.5914212171950386E-005   1193655.4052878288     
   1.6054703462728782E-005   1183207.8285112102     
   1.6196435016146090E-005   1172851.6762539090     
   1.6339417781289653E-005   1162586.1484794274     
   1.6483662803905779E-005   1152410.4521522180     
   1.6629181227253076E-005   1142323.8011764165     
   1.6775984292963261E-005   1132325.4163351175     
   1.6924083341909626E-005   1122414.5252301760     
   1.7073489815083137E-005   1112590.3622225395     
   1.7224215254476275E-005   1102852.1683730988     
   1.7376271303974686E-005   1093199.1913840598     
   1.7529669710256701E-005   1083630.6855408261     
   1.7684422323700783E-005   1074145.9116543906     
   1.7840541099301005E-005   1064744.1370042327     
   1.7998038097590593E-005   1055424.6352817120     
   1.8156925485573642E-005   1046186.6865339607     
   1.8317215537665035E-005   1037029.5771082652     
   1.8478920636638672E-005   1027952.5995969347     
   1.8642053274584063E-005   1018955.0527826531     
   1.8806626053871382E-005   1010036.2415843066     
   1.8972651688125021E-005   1001195.4770032889     
   1.9140143003205743E-005   992432.07607027399     
   1.9309112938201520E-005   983745.36179245415     
   1.9479574546427102E-005   975134.66310124216     
   1.9651540996432408E-005   966599.31480042881     
   1.9825025573019838E-005   958138.65751479601     
   2.0000041678270554E-005   949752.03763917636     
   2.0176602832579812E-005   941438.80728796287     
   2.0354722675701445E-005   933198.32424505788     
   2.0534414967801580E-005   925029.95191425958     
   2.0715693590521619E-005   916933.05927008402     
   2.0898572548050649E-005   908907.02080901677     
   2.1083065968207294E-005   900951.21650119149     
   2.1269188103531103E-005   893065.03174249129     
   2.1456953332383609E-005   885247.85730706900     
   2.1646376160059091E-005   877499.08930028265     
   2.1837471219905128E-005   869818.12911204447     
   2.2030253274453077E-005   862204.38337057526     
   2.2224737216558493E-005   854657.26389656647     
   2.2420938070551652E-005   847176.18765774136     
   2.2618870993398203E-005   839760.57672381378     
   2.2818551275870087E-005   832409.85822184326     
   2.3019994343726780E-005   825123.46429197839     
   2.3223215758906971E-005   817900.83204358758     
   2.3428231220730754E-005   810741.40351177647     
   2.3635056567112434E-005   803644.62561428151     
   2.3843707775784055E-005   796609.95010874479     
   2.4054200965529700E-005   789636.83355036087     
   2.4266552397430713E-005   782724.73724989314     
   2.4480778476121910E-005   775873.12723206077     
   2.4696895751058860E-005   769081.47419428616     
   2.4914920917796379E-005   762349.25346580613     
   2.5134870819278304E-005   755675.94496713963     
   2.5356762447138627E-005   749061.03316991031     
   2.5580612943014170E-005   742504.00705702044     
   2.5806439599868788E-005   736004.36008317559     
   2.6034259863329306E-005   729561.59013574908     
   2.6264091333033223E-005   723175.19949599705     
   2.6495951763988341E-005   716844.69480060437     
   2.6729859067944352E-005   710569.58700357494     
   2.6965831314776593E-005   704349.39133844909     
   2.7203886733881963E-005   698183.62728085543     
   2.7444043715587204E-005   692071.81851138885     
   2.7686320812569570E-005   686013.49287881411     
   2.7930736741290091E-005   680008.18236359081     
   2.8177310383439455E-005   674055.42304171773     
   2.8426060787396626E-005   668154.75504889421     
   2.8677007169700462E-005   662305.72254499374     
   2.8930168916534124E-005   656507.87367884943     
   2.9185565585222807E-005   650760.76055334846     
   2.9443216905744501E-005   645063.93919082999     
   2.9703142782254255E-005   639416.96949878638     
   2.9965363294621754E-005   633819.41523586726     
   3.0229898699982574E-005   628270.84397817589     
   3.0496769434303083E-005   622770.82708586624     
   3.0765996113959154E-005   617318.93967002723     
   3.1037599537328841E-005   611914.76055986073     
   3.1311600686399092E-005   606557.87227014476     
   3.1588020728386682E-005   601247.86096898094     
   3.1866881017373384E-005   595984.31644582609     
   3.2148203095955666E-005   590766.83207980217     
   3.2432008696908852E-005   585595.00480828376     
   3.2718319744866083E-005   580468.43509576097     
   3.3007158358012031E-005   575386.72690297314     
   3.3298546849791563E-005   570349.48765631591     
   3.3592507730633503E-005   565356.32821751235     
   3.3889063709689651E-005   560406.86285355187     
   3.4188237696589068E-005   555500.70920689113     
   3.4490052803207936E-005   550637.48826591601     
   3.4794532345454976E-005   545816.82433566323     
   3.5101699845072683E-005   541038.34500879562     
   3.5411579031454407E-005   536301.68113683269     
   3.5724193843477523E-005   531606.46680163464     
   3.6039568431352747E-005   526952.33928713284     
   3.6357727158489825E-005   522338.93905130983     
   3.6678694603379626E-005   517765.90969842358     
   3.7002495561492892E-005   513232.89795147593     
   3.7329155047195787E-005   508739.55362491979     
   3.7658698295682255E-005   504285.52959760756     
   3.7991150764923545E-005   499870.48178597476     
   3.8326538137634855E-005   495494.06911745918     
   3.8664886323259416E-005   491155.95350415155     
   3.9006221459970051E-005   486855.79981667822     
   3.9350569916688381E-005   482593.27585831104     
   3.9697958295121922E-005   478368.05233930494     
   4.0048413431819087E-005   474179.80285145913     
   4.0401962400242420E-005   470028.20384290145     
   4.0758632512860046E-005   465912.93459309341     
   4.1118451323255625E-005   461833.67718805355     
   4.1481446628256946E-005   457790.11649579793     
   4.1847646470083284E-005   453781.94014199538     
   4.2217079138511729E-005   449808.83848583634     
   4.2589773173062631E-005   445870.50459611189     
   4.2965757365204351E-005   441966.63422750245     
   4.3345060760577463E-005   438096.92579707480     
   4.3727712661238612E-005   434261.08036098361     
   4.4113742627924130E-005   430458.80159137736     
   4.4503180482333699E-005   426689.79575350677     
   4.4896056309434144E-005   422953.77168303228     
   4.5292400459783565E-005   419250.44076353189     
   4.5692243551875962E-005   415579.51690420450     
   4.6095616474506607E-005   411940.71651776845     
   4.6502550389158304E-005   408333.75849855377     
   4.6913076732408604E-005   404758.36420078698     
   4.7327227218358443E-005   401214.25741706375     
   4.7745033841082061E-005   397701.16435701237     
   4.8166528877098650E-005   394218.81362614210     
   4.8591744887865788E-005   390766.93620487803     
   4.9020714722294865E-005   387345.26542777766     
   4.9453471519288772E-005   383953.53696293134     
   4.9890048710301944E-005   380591.48879154137     
   5.0330480021922962E-005   377258.86118768156     
   5.0774799478480121E-005   373955.39669823082     
   5.1223041404669780E-005   370680.84012298629     
   5.1675240428208080E-005   367434.93849494756     
   5.2131431482506008E-005   364217.44106077449     
   5.2591649809368069E-005   361028.09926141612     
   5.3055930961714801E-005   357866.66671290877     
   5.3524310806329334E-005   354732.89918734221     
   5.3996825526628159E-005   351626.55459399283     
   5.4473511625456402E-005   348547.39296062134     
   5.4954405927907718E-005   345495.17641493445     
   5.5439545584169160E-005   342469.66916620854     
   5.5928968072391087E-005   339470.63748707442     
   5.6422711201582458E-005   336497.84969546145     
   5.6920813114531595E-005   333551.07613669924     
   5.7423312290752918E-005   330630.08916577685     
   5.7930247549459490E-005   327734.66312975599     
   5.8441658052561896E-005   324864.57435033942     
   5.8957583307693628E-005   322019.60110659100     
   5.9478063171263131E-005   319199.52361780702     
   6.0003137851532755E-005   316404.12402653845     
   6.0532847911724993E-005   313633.18638175988     
   6.1067234273156067E-005   310886.49662218755     
   6.1606338218397170E-005   308163.84255974251     
   6.2150201394463666E-005   305465.01386315835     
   6.2698865816032424E-005   302789.80204173265     
   6.3252373868687498E-005   300138.00042922102     
   6.3810768312194560E-005   297509.40416787128     
   6.4374092283804192E-005   294903.81019259797     
   6.4942389301584299E-005   292321.01721529436     
   6.5515703267782007E-005   289760.82570928370     
   6.6094078472215211E-005   287223.03789390443     
   6.6677559595694041E-005   284707.45771923155     
   6.7266191713472601E-005   282213.89085093106     
   6.7860020298731111E-005   279742.14465524745     
   6.8459091226088766E-005   277292.02818412223     
   6.9063450775147772E-005   274863.35216044250     
   6.9673145634068439E-005   272455.92896341917     
   7.0288222903175994E-005   270069.57261409285     
   7.0908730098599205E-005   267704.09876096639     
   7.1534715155941082E-005   265359.32466576301     
   7.2166226433982011E-005   263035.06918931019     
   7.2803312718415644E-005   260731.15277754539     
   7.3446023225617584E-005   258447.39744764537     
   7.4094407606447563E-005   256183.62677427707     
   7.4748515950085088E-005   253939.66587596756     
   7.5408398787898856E-005   251715.34140159466     
   7.6074107097350509E-005   249510.48151699486     
   7.6745692305932713E-005   247324.91589168884     
   7.7423206295142068E-005   245158.47568572304     
   7.8106701404487063E-005   243010.99353662628     
   7.8796230435531411E-005   240882.30354648104     
   7.9491846655973142E-005   238772.24126910677     
   8.0193603803759564E-005   236680.64369735669     
   8.0901556091238775E-005   234607.34925052468     
   8.1615758209347517E-005   232552.19776186315     
   8.2336265331836356E-005   230515.03046620940     
   8.3063133119531851E-005   228495.68998772110     
   8.3796417724636533E-005   226494.02032771823     
   8.4536175795066809E-005   224509.86685263208     
   8.5282464478829070E-005   222543.07628205928     
   8.6035341428434623E-005   220593.49667692080     
   8.6794864805353356E-005   218660.97742772399     
   8.7561093284506907E-005   216745.36924292790     
   8.8334086058801454E-005   214846.52413741010     
   8.9113902843700462E-005   212964.29542103421     
   8.9900603881837849E-005   211098.53768731831     
   9.0694249947671904E-005   209249.10680220145     
   9.1494902352180175E-005   207415.85989290921     
   9.2302622947595985E-005   205598.65533691650     
   9.3117474132186552E-005   203797.35275100661     
   9.3939518855073485E-005   202011.81298042659     
   9.4768820621095705E-005   200241.89808813712     
   9.5605443495715362E-005   198487.47134415639     
   9.6449452109966988E-005   196748.39721499776     
   9.7300911665450441E-005   195024.54135319922     
   9.8159887939367914E-005   193315.77058694462     
   9.9026447289605253E-005   191621.95290977630     
   9.9900656659858395E-005   189942.95747039682     
   1.0078258358480481E-004   188278.65456256052     
   1.0167229619532078E-004   186628.91561505382     
   1.0256986322374461E-004   184993.61318176208     
   1.0347535400918646E-004   183372.62093182464     
   1.0438883850288481E-004   181765.81363987533     
   1.0531038727361044E-004   180173.06717636849     
   1.0624007151311804E-004   178594.25849798962     
   1.0717796304164591E-004   177029.26563815013     
   1.0812413431346418E-004   175477.96769756507     
   1.0907865842247220E-004   173940.24483491349     
   1.1004160910784505E-004   172415.97825758014     
   1.1101306075973028E-004   170905.05021247879     
   1.1199308842499444E-004   169407.34397695545     
   1.1298176781302085E-004   167922.74384977104     
   1.1397917530155828E-004   166451.13514216349     
   1.1498538794262114E-004   164992.40416898785     
   1.1600048346844217E-004   163546.43823993337     
   1.1702454029747729E-004   162113.12565081840     
   1.1805763754046359E-004   160692.35567496088     
   1.1909985500653091E-004   159284.01855462420     
   1.2015127320936721E-004   157888.00549253833     
   1.2121197337343843E-004   156504.20864349522     
   1.2228203744026327E-004   155132.52110601711     
   1.2336154807474352E-004   153772.83691409830     
   1.2445058867154973E-004   152425.05102901923     
   1.2554924336156414E-004   151089.05933123158     
   1.2665759701837952E-004   149764.75861231526     
   1.2777573526485619E-004   148452.04656700490     
   1.2890374447973636E-004   147150.82178528688     
   1.3004171180431724E-004   145860.98374456505     
   1.3118972514918279E-004   144582.43280189499     
   1.3234787320099507E-004   143315.07018628650     
   1.3351624542934552E-004   142058.79799107340     
   1.3469493209366661E-004   140813.51916634975     
   1.3588402425020459E-004   139579.13751147292     
   1.3708361375905394E-004   138355.55766763148     
   1.3829379329125357E-004   137142.68511047860     
   1.3951465633594602E-004   135940.42614283008     
   1.4074629720759965E-004   134748.68788742565     
   1.4198881105329460E-004   133567.37827975437     
   1.4324229386007323E-004   132396.40606094216     
   1.4450684246235530E-004   131235.68077070196     
   1.4578255454941860E-004   130085.11274034534     
   1.4706952867294567E-004   128944.61308585561     
   1.4836786425463728E-004   127814.09370102118     
   1.4967766159389276E-004   126693.46725062914     
   1.5099902187555857E-004   125582.64716371844     
   1.5233204717774498E-004   124481.54762689218     
   1.5367684047971176E-004   123390.08357768811     
   1.5503350566982367E-004   122308.17069800767     
   1.5640214755357606E-004   121235.72540760189     
   1.5778287186169130E-004   120172.66485761484     
   1.5917578525828671E-004   119118.90692418336     
   1.6058099534911464E-004   118074.37020209264     
   1.6199861068987530E-004   117038.97399848774     
   1.6342874079460285E-004   116012.63832663966     
   1.6487149614412562E-004   114995.28389976617     
   1.6632698819460108E-004   113986.83212490700     
   1.6779532938612603E-004   112987.20509685203     
   1.6927663315142289E-004   111996.32559212310     
   1.7077101392460256E-004   111014.11706300832     
   1.7227858715000482E-004   110040.50363164849     
   1.7379946929111658E-004   109075.41008417556     
   1.7533377783956900E-004   108118.76186490188     
   1.7688163132421406E-004   107170.48507056090     
   1.7844314932028094E-004   106230.50644459781     
   1.8001845245861378E-004   105298.75337151033     
   1.8160766243499057E-004   104375.15387123906     
   1.8321090201952426E-004   103459.63659360673     
   1.8482829506614740E-004   102552.13081280635     
   1.8645996652217971E-004   101652.56642193744     
   1.8810604243798090E-004   100760.87392759015     
   1.8976664997668815E-004   99876.984444476606     
   1.9144191742403988E-004   99000.829690109560     
   1.9313197419828601E-004   98132.341979527177     
   1.9483695086018583E-004   97271.454220064465     
   1.9655697912309415E-004   96418.099906170086     
   1.9829219186313655E-004   95572.213114268568     
   2.0004272312947415E-004   94733.728497667747     
   2.0180870815465941E-004   93902.581281510400     
   2.0359028336508302E-004   93078.707257770395     
   2.0538758639151333E-004   92262.042780292395     
   2.0720075607972836E-004   91452.524759875057     
   2.0902993250124222E-004   90650.090659397189     
   2.1087525696412588E-004   89854.678488986741     
   2.1273687202392341E-004   89066.226801231925     
   2.1461492149466493E-004   88284.674686434038     
   2.1650955045997641E-004   87509.961767902394     
   2.1842090528428781E-004   86742.028197289823     
   2.2034913362413999E-004   85980.814649969456     
   2.2229438443959168E-004   85226.262320451511     
   2.2425680800572661E-004   84478.312917840667     
   2.2623655592426316E-004   83736.908661332840     
   2.2823378113526543E-004   83001.992275751501     
   2.3024863792895853E-004   82273.506987123023     
   2.3228128195764767E-004   81551.396518290901     
   2.3433187024774279E-004   80835.605084567927     
   2.3640056121188914E-004   80126.077389427039     
   2.3848751466120494E-004   79422.758620229215     
   2.4059289181762740E-004   78725.594443989350     
   2.4271685532636721E-004   78034.531003178679     
   2.4485956926847345E-004   77349.514911564329     
   2.4702119917350906E-004   76670.493250084997     
   2.4920191203233860E-004   75997.413562762944     
   2.5140187631002850E-004   75330.223852651485     
   2.5362126195886128E-004   74668.872577818358     
   2.5586024043146505E-004   74013.308647363679     
   2.5811898469405849E-004   73363.481417473289     
   2.6039766923981276E-004   72719.340687506352     
   2.6269647010233155E-004   72080.836696117243     
   2.6501556486925040E-004   71447.920117411195     
   2.6735513269595502E-004   70820.542057134138     
   2.6971535431942240E-004   70198.654048895056     
   2.7209641207218225E-004   69582.208050422269     
   2.7449848989640331E-004   68971.156439851780     
   2.7692177335810299E-004   68365.452012048379     
   2.7936644966148260E-004   67765.047974959176     
   2.8183270766338967E-004   67169.897945998528     
   2.8432073788790737E-004   66579.955948465082     
   2.8683073254107296E-004   65995.176407989871     
   2.8936288552572619E-004   65415.514149015566     
   2.9191739245648858E-004   64840.924391306697     
   2.9449445067487536E-004   64271.362746490086     
   2.9709425926454042E-004   63706.785214625896     
   2.9971701906665582E-004   63147.148180808515     
   3.0236293269542749E-004   62592.408411797136     
   3.0503220455374759E-004   62042.523052675926     
   3.0772504084898496E-004   61497.449623543405     
   3.1044164960891517E-004   60957.146016230770     
   3.1318224069779130E-004   60421.570491048929     
   3.1594702583255622E-004   59890.681673564002     
   3.1873621859919828E-004   59364.438551401130     
   3.2155003446925144E-004   58842.800471076043     
   3.2438869081644062E-004   58325.727134854642     
   3.2725240693347486E-004   57813.178597639737     
   3.3014140404898746E-004   57305.115263885389     
   3.3305590534462719E-004   56801.497884537865     
   3.3599613597229888E-004   56302.287554003742     
   3.3896232307155741E-004   55807.445707144216     
   3.4195469578715451E-004   55316.934116295954     
   3.4497348528674069E-004   54830.714888317896     
   3.4801892477872383E-004   54348.750461663876     
   3.5109124953028461E-004   53871.003603480960     
   3.5419069688555165E-004   53397.437406733108     
   3.5731750628393687E-004   52928.015287350085     
   3.6047191927863277E-004   52462.700981401082     
   3.6365417955527292E-004   52001.458542293440     
   3.6686453295075731E-004   51544.252337995596     
   3.7010322747224351E-004   51091.047048284476     
   3.7337051331630638E-004   50641.807662016843     
   3.7666664288826568E-004   50196.499474424709     
   3.7999187082168547E-004   49755.088084434232     
   3.8334645399804468E-004   49317.539392008272     
   3.8673065156658238E-004   48883.819595511879     
   3.9014472496431691E-004   48453.895189101284     
   3.9358893793624327E-004   48027.732960135305     
   3.9706355655570735E-004   47605.299986609716     
   4.0056884924496121E-004   47186.563634613893     
   4.0410508679589895E-004   46771.491555809778     
   4.0767254239097630E-004   46360.051684932878     
   4.1127149162431428E-004   45952.212237315238     
   4.1490221252298980E-004   45547.941706429847     
   4.1856498556851364E-004   45147.208861456893     
   4.2226009371849844E-004   44749.982744870918     
   4.2598782242851782E-004   44356.232670049387     
   4.2974845967415825E-004   43965.928218902060     
   4.3354229597326622E-004   43579.039239521102     
   4.3736962440839088E-004   43195.535843851845     
   4.4123074064942610E-004   42815.388405383761     
   4.4512594297645082E-004   42438.567556861854     
   4.4905553230277235E-004   42065.044188017906     
   4.5301981219817258E-004   41694.789443321701     
   4.5701908891235932E-004   41327.774719751760     
   4.6105367139862480E-004   40963.971664585908     
   4.6512387133771320E-004   40603.352173210667     
   4.6923000316189832E-004   40245.888386950413     
   4.7337238407927474E-004   39891.552690914970     
   4.7755133409826229E-004   39540.317711866519     
   4.8176717605232796E-004   39192.156316104803     
   4.8602023562492499E-004   38847.041607371051     
   4.9031084137465331E-004   38504.946924770164     
   4.9463932476064075E-004   38165.845840711125     
   4.9900602016814957E-004   37829.712158865383     
   5.0341126493440823E-004   37496.519912143143     
   5.0785539937467144E-004   37166.243360687367     
   5.1233876680851045E-004   36838.856989885258     
   5.1686171358633496E-004   36514.335508397242     
   5.2142458911615000E-004   36192.653846203204     
   5.2602774589054831E-004   35873.787152665645     
   5.3067153951394050E-004   35557.710794610037     
   5.3535632873002732E-004   35244.400354421821     
   5.4008247544951320E-004   34933.831628160064     
   5.4485034477806411E-004   34625.980623687647     
   5.4966030504451340E-004   34320.823558817880     
   5.5451272782931576E-004   34018.336859477255     
   5.5940798799325279E-004   33718.497157884223     
   5.6434646370639183E-004   33421.281290744097     
   5.6932853647730032E-004   33126.666297459560     
   5.7435459118251853E-004   32834.629418356941     
   5.7942501609629167E-004   32545.148092927961     
   5.8454020292056570E-004   32258.199958086887     
   5.8970054681524637E-004   31973.762846442980     
   5.9490644642872664E-004   31691.814784587950     
   6.0015830392868349E-004   31412.333991398507     
   6.0545652503314542E-004   31135.298876353711     
   6.1080151904183632E-004   30860.688037867021     
   6.1619369886779351E-004   30588.480261633078     
   6.2163348106926712E-004   30318.654518988744     
   6.2712128588189998E-004   30051.189965288635     
   6.3265753725119146E-004   29786.065938294869     
   6.3824266286524882E-004   29523.261956580787     
   6.4387709418782611E-004   29262.757717948782     
   6.4956126649165719E-004   29004.533097861873     
   6.5529561889208013E-004   28748.568147889073     
   6.6108059438096066E-004   28494.843094164309     
   6.6691663986091407E-004   28243.338335858862     
   6.7280420617982966E-004   27994.034443667148     
   6.7874374816569931E-004   27746.912158305771     
   6.8473572466175477E-004   27501.952389025722     
   6.9078059856191357E-004   27259.136212137535     
   6.9687883684653874E-004   27018.444869549447     
   7.0303091061851483E-004   26779.859767318263     
   7.0923729513964074E-004   26543.362474212918     
   7.1549846986734551E-004   26308.934720290687     
   7.2181491849172700E-004   26076.558395485739     
   7.2818712897291843E-004   25846.215548210115     
   7.3461559357878409E-004   25617.888383966951     
   7.4110080892294855E-004   25391.559263975771     
   7.4764327600316085E-004   25167.210703809924     
   7.5424350023999790E-004   24944.825372045812     
   7.6090199151590912E-004   24724.386088924039     
   7.6761926421460667E-004   24505.875825022220     
   7.7439583726080213E-004   24289.277699939441     
   7.8123223416029454E-004   24074.574980992227     
   7.8812898304041331E-004   23861.751081921859     
   7.9508661669081622E-004   23650.789561613114     
   8.0210567260464917E-004   23441.674122824112     
   8.0918669302006889E-004   23234.388610927344     
   8.1633022496213159E-004   23028.917012661688     
   8.2353682028505259E-004   22825.243454895364     
   8.3080703571483748E-004   22623.352203399692     
   8.3814143289229106E-004   22423.227661633598     
   8.4554057841640547E-004   22224.854369538763     
   8.5300504388813076E-004   22028.217002345271     
   8.6053540595453263E-004   21833.300369387794     
   8.6813224635333994E-004   21640.089412932033     
   8.7579615195788505E-004   21448.569207011515     
   8.8352771482244098E-004   21258.724956274524     
   8.9132753222795943E-004   21070.541994841122     
   8.9919620672821170E-004   20884.005785170200     
   9.0713434619633720E-004   20699.101916936430     
   9.1514256387180382E-004   20515.816105917020     
   9.2322147840778149E-004   20334.134192888239     
   9.3137171391893434E-004   20154.042142531624     
   9.3959390002963520E-004   19975.526042349687     
   9.4788867192260634E-004   19798.572101591159     
   9.5625667038798726E-004   19623.166650185653     
   9.6469854187283843E-004   19449.296137687601     
   9.7321493853108035E-004   19276.947132229481     
   9.8180651827387412E-004   19106.106319484152     
   9.9047394482044602E-004   18936.760501636345     
   9.9921788774936203E-004   18768.896596363098     
   1.0080390225502541E-003   18602.501635823079     
   1.0169380306760030E-003   18437.562765654849     
   1.0259155995953825E-003   18274.067243983856     
   1.0349724228461675E-003   18112.002440438046     
   1.0441092000887122E-003   17951.355835172188     
   1.0533266371599993E-003   17792.115017900698     
   1.0626254461281682E-003   17634.267686938914     
   1.0720063453475244E-003   17477.801648252771     
   1.0814700595140325E-003   17322.704814516812     
   1.0910173197213027E-003   17168.965204180404     
   1.1006488635170674E-003   17016.570940542151     
   1.1103654349601600E-003   16865.510250832423     
   1.1201677846779941E-003   16715.771465303864     
   1.1300566699245515E-003   16567.343016329909     
   1.1400328546388829E-003   16420.213437511156     
   1.1500971095041220E-003   16274.371362789583     
   1.1602502120070237E-003   16129.805525570519     
   1.1704929464980266E-003   15986.504757852252     
   1.1808261042518461E-003   15844.457989363296     
   1.1912504835286015E-003   15703.654246707238     
   1.2017668896354839E-003   15564.082652514981     
   1.2123761349889684E-003   15425.732424604477     
   1.2230790391775737E-003   15288.592875147804     
   1.2338764290251794E-003   15152.653409845492     
   1.2447691386548978E-003   15017.903527108130     
   1.2557580095535134E-003   14884.332817245098     
   1.2668438906364890E-003   14751.930961660400     
   1.2780276383135461E-003   14620.687732055554     
   1.2893101165548258E-003   14490.592989639439     
   1.3006921969576303E-003   14361.636684345092     
   1.3121747588137585E-003   14233.808854053288     
   1.3237586891774306E-003   14107.099623822984     
   1.3354448829338171E-003   13981.499205128486     
   1.3472342428681695E-003   13856.997895103255     
   1.3591276797355637E-003   13733.586075790361     
   1.3711261123312561E-003   13611.254213399505     
   1.3832304675616650E-003   13489.992857570505     
   1.3954416805159742E-003   13369.792640643274     
   1.4077606945383716E-003   13250.644276934145     
   1.4201884613009249E-003   13132.538562018570     
   1.4327259408771003E-003   13015.466372020053     
   1.4453741018159304E-003   12899.418662905342     
   1.4581339212168364E-003   12784.386469785772     
   1.4710063848051118E-003   12670.360906224720     
   1.4839924870080716E-003   12557.333163551153     
   1.4970932310318741E-003   12445.294510179117     
   1.5103096289390218E-003   12334.236290933244     
   1.5236427017265438E-003   12224.149926380162     
   1.5370934794048719E-003   12115.026912165680     
   1.5506630010774099E-003   12006.858818357889     
   1.5643523150208076E-003   11899.637288795911     
   1.5781624787659420E-003   11793.354040444405     
   1.5920945591796148E-003   11688.000862753701     
   1.6061496325469691E-003   11583.569617025551     
   1.6203287846546361E-003   11480.052235784389     
   1.6346331108746139E-003   11377.440722154168     
   1.6490637162488878E-003   11275.727149240560     
   1.6636217155747968E-003   11174.903659518650     
   1.6783082334911549E-003   11074.962464225928     
   1.6931244045651319E-003   10975.895842760614     
   1.7080713733799008E-003   10877.696142085255     
   1.7231502946230604E-003   10780.355776135542     
   1.7383623331758366E-003   10683.867225234289     
   1.7537086642030726E-003   10588.223035510540     
   1.7691904732440131E-003   10493.415818323785     
   1.7848089563038902E-003   10399.438249693188     
   1.8005653199463165E-003   10306.283069731824     
   1.8164607813864961E-003   10213.943082085865     
   1.8324965685852569E-003   10122.411153378680     
   1.8486739203439127E-003   10031.680212659787     
   1.8649940863999649E-003   9941.7432508586353     
   1.8814583275236457E-003   9852.5933202431825     
   1.8980679156153171E-003   9764.2235338831888     
   1.9148241338037277E-003   9676.6270651182167     
   1.9317282765451359E-003   9589.7971470303000     
   1.9487816497233130E-003   9503.7270719211974     
   1.9659855707504213E-003   9418.4101907942622     
   1.9833413686687913E-003   9333.8399128408255     
   2.0008503842535896E-003   9250.0097049310516     
   2.0185139701164008E-003   9166.9130911093107     
   2.0363334908097162E-003   9084.5436520938983     
   2.0543103229323503E-003   9002.8950247811972     
   2.0724458552357867E-003   8921.9609017541316     
   2.0907414887314617E-003   8841.7350307949509     
   2.1091986367989951E-003   8762.2112144022740     
   2.1278187252953781E-003   8683.3833093123503     
   2.1466031926651225E-003   8605.2452260245191     
   2.1655534900513855E-003   8527.7909283308436     
   2.1846710814080739E-003   8451.0144328498045     
   2.2039574436129358E-003   8374.9098085641381     
   2.2234140665816546E-003   8299.4711763627038     
   2.2430424533829486E-003   8224.6927085863208     
   2.2628441203546850E-003   8150.5686285776474     
   2.2828205972210210E-003   8077.0932102349461     
   2.3029734272105805E-003   8004.2607775697816     
   2.3233041671756687E-003   7932.0657042685853     
   2.3438143877125444E-003   7860.5024132580565     
   2.3645056732827532E-003   7789.5653762743732     
   2.3853796223355277E-003   7719.2491134361662     
   2.4064378474312740E-003   7649.5481928212430     
   2.4276819753661456E-003   7580.4572300470018     
   2.4491136472977156E-003   7511.9708878545371     
   2.4707345188717611E-003   7444.0838756963722     
   2.4925462603501637E-003   7376.7909493278130     
   2.5145505567399449E-003   7310.0869104018630     
   2.5367491079234332E-003   7243.9666060677064     
   2.5591436287895849E-003   7178.4249285726883     
   2.5817358493664642E-003   7113.4568148677881     
   2.6045275149548905E-003   7049.0572462165592     
   2.6275203862632674E-003   6985.2212478074589     
   2.6507162395436024E-003   6921.9438883696102     
   2.6741168667287242E-003   6859.2202797919090     
   2.6977240755707158E-003   6797.0455767454641     
   2.7215396897805671E-003   6735.4149763093601     
   2.7455655491690593E-003   6674.3237175996737     
   2.7698035097888955E-003   6613.7670814017683     
   2.7942554440780871E-003   6553.7403898057628     
   2.8189232410045983E-003   6494.2390058452656     
   2.8438088062122807E-003   6435.2583331391770     
   2.8689140621680816E-003   6376.7938155367283     
   2.8942409483105635E-003   6318.8409367655531     
   2.9197914211997284E-003   6261.3952200828708     
   2.9455674546681682E-003   6204.4522279297371     
   2.9715710399735445E-003   6148.0075615882961     
   2.9978041859524207E-003   6092.0568608420526     
   3.0242689191754494E-003   6036.5958036391185     
   3.0509672841039265E-003   5981.6201057584012     
   3.0779013432477346E-003   5927.1255204787158     
   3.1050731773246730E-003   5873.1078382508094     
   3.1324848854212013E-003   5819.5628863722386     
   3.1601385851545956E-003   5766.4865286651211     
   3.1880364128365410E-003   5713.8746651566762     
   3.2161805236381653E-003   5661.7232317625912     
   3.2445730917565335E-003   5610.0281999731551     
   3.2732163105826063E-003   5558.7855765421364     
   3.3021123928706872E-003   5507.9914031783910     
   3.3312635709093603E-003   5457.6417562401675     
   3.3606720966939422E-003   5407.7327464321033     
   3.3903402421004516E-003   5358.2605185048587     
   3.4202702990611200E-003   5309.2212509573947     
   3.4504645797414448E-003   5260.6111557418553     
   3.4809254167188120E-003   5212.4264779710402     
   3.5116551631626928E-003   5164.6634956284279     
   3.5426561930164305E-003   5117.3185192807687     
   3.5739309011806335E-003   5070.3878917931552     
   3.6054817036981881E-003   5023.8679880466188     
   3.6373110379409003E-003   4977.7552146582175     
   3.6694213627977922E-003   4932.0460097035175     
   3.7018151588650533E-003   4886.7368424415718     
   3.7344949286376751E-003   4841.8242130422705     
   3.7674631967027712E-003   4797.3046523160992     
   3.8007225099346126E-003   4753.1747214462557     
   3.8342754376913739E-003   4709.4310117231189     
   3.8681245720136258E-003   4666.0701442810532     
   3.9022725278245744E-003   4623.0887698375100     
   3.9367219431320722E-003   4580.4835684344125     
   3.9714754792324067E-003   4538.2512491818361     
   4.0065358209158955E-003   4496.3885500039023     
   4.0419056766742888E-003   4454.8922373869163     
   4.0775877789100108E-003   4413.7591061297153     
   4.1135848841472398E-003   4372.9859790962118     
   4.1498997732448582E-003   4332.5697069700855     
   4.1865352516112803E-003   4292.5071680116507     
   4.2234941494211772E-003   4252.7952678168476     
   4.2607793218341116E-003   4213.4309390783410     
   4.2983936492151072E-003   4174.4111413487253     
   4.3363400373571661E-003   4135.7328608058042     
   4.3746214177057411E-003   4097.3931100199252     
   4.4132407475852026E-003   4059.3889277233643     
   4.4522010104272982E-003   4021.7173785817245     
   4.4915052160016261E-003   3984.3755529673558     
   4.5311564006481507E-003   3947.3605667347379     
   4.5711576275117632E-003   3910.6695609978642     
   4.6115119867789203E-003   3874.2997019095646     
   4.6522225959163633E-003   3838.2481804427662     
   4.6932925999119569E-003   3802.5122121736686     
   4.7347251715176373E-003   3767.0890370668471     
   4.7765235114945225E-003   3731.9759192622096     
   4.8186908488601762E-003   3697.1701468638526     
   4.8612304411380551E-003   3662.6690317307557     
   4.9041455746091592E-003   3628.4699092693213     
   4.9474395645659084E-003   3594.5701382277348     
   4.9911157555682555E-003   3560.9671004921283     
   5.0351775217020566E-003   3527.6582008845480     
   5.0796282668397344E-003   3494.6408669626744     
   5.1244714249032274E-003   3461.9125488213303     
   5.1697104601292759E-003   3429.4707188957073     
   5.2153488673370345E-003   3397.3128717663408     
   5.2613901721980617E-003   3365.4365239657909     
   5.3078379315086811E-003   3333.8392137870260     
   5.3546957334647538E-003   3302.5185010934870     
   5.4019671979388794E-003   3271.4719671308289     
   5.4496559767600299E-003   3240.6972143403123     
   5.4977657539956679E-003   3210.1918661738432     
   5.5463002462363513E-003   3179.9535669106276     
   5.5952632028828430E-003   3149.9799814754579     
   5.6446584064357656E-003   3120.2687952585766     
   5.6944896727878025E-003   3090.8177139371501     
   5.7447608515184909E-003   3061.6244632982912     
   5.7954758261916052E-003   3032.6867890636536     
   5.8466385146551756E-003   3004.0024567155706     
   5.8982528693441467E-003   2975.5692513247145     
   5.9503228775857168E-003   2947.3849773792872     
   6.0028525619073621E-003   2919.4474586157089     
   6.0558459803475920E-003   2891.7545378507975     
   6.1093072267694387E-003   2864.3040768154319     
   6.1632404311767197E-003   2837.0939559896769     
   6.2176497600330847E-003   2810.1220744393690     
   6.2725394165838921E-003   2783.3863496541308     
   6.3279136411809149E-003   2756.8847173868253     
   6.3837767116099150E-003   2730.6151314944236     
   6.4401329434211211E-003   2704.5755637802740     
   6.4969866902626038E-003   2678.7640038377658     
   6.5543423442166121E-003   2653.1784588953747     
   6.6122043361388702E-003   2627.8169536630658     
   6.6705771360008707E-003   2602.6775301800735     
   6.7294652532351885E-003   2577.7582476640036     
   6.7888732370838490E-003   2553.0571823612840     
   6.8488056769497631E-003   2528.5724273989290     
   6.9092672027512743E-003   2504.3020926376207     
   6.9702624852798220E-003   2480.2443045260820     
   7.0317962365607795E-003   2456.3972059567436     
   7.0938732102174672E-003   2432.7589561226832     
   7.1564982018383749E-003   2409.3277303758359     
   7.2196760493476383E-003   2386.1017200864540     
   7.2834116333787783E-003   2363.0791325038167     
   7.3477098776517378E-003   2340.2581906181681     
   7.4125757493532568E-003   2317.6371330238812     
   7.4780142595205898E-003   2295.2142137838382     
   7.5440304634286307E-003   2272.9877022950031     
   7.6106294609804368E-003   2250.9558831551976     
   7.6778163971012083E-003   2229.1170560310484     
   7.7455964621357494E-003   2207.4695355271197     
   7.8139748922494319E-003   2186.0116510561897     
   7.8829569698327037E-003   2164.7417467106948     
   7.9525480239091579E-003   2143.6581811353090     
   8.0227534305472199E-003   2122.7593274006522     
   8.0935786132754605E-003   2102.0435728781308     
   8.1650290435015746E-003   2081.5093191158803     
   8.2371102409350520E-003   2061.1549817158229     
   8.3098277740136055E-003   2040.9789902118075     
   8.3831872603333281E-003   2020.9797879488444     
   8.4571943670826728E-003   2001.1558319634128     
   8.5318548114802547E-003   1981.5055928648301     
   8.6071743612165224E-003   1962.0275547176880     
   8.6831588348993214E-003   1942.7202149253289     
   8.7598141025033924E-003   1923.5820841143693     
   8.8371460858238521E-003   1904.6116860202449     
   8.9151607589336487E-003   1885.8075573737897     
   8.9938641486450848E-003   1867.1682477888176     
   9.0732623349754002E-003   1848.6923196507191     
   9.1533614516164652E-003   1830.3783480060476     
   9.2341676864086224E-003   1812.2249204530947     
   9.3156872818187103E-003   1794.2306370334493     
   9.3979265354223150E-003   1776.3941101245264     
   9.4808918003902662E-003   1758.7139643330590     
   9.5645894859794304E-003   1741.1888363895464     
   9.6490260580278479E-003   1723.8173750436483     
   9.7342080394542414E-003   1706.5982409605181     
   9.8201420107618988E-003   1689.5301066180762     
   9.9068346105470641E-003   1672.6116562051927     
   9.9942925360117646E-003   1655.8415855207991     
   1.0082522543481187E-002   1639.2186018739019     
   1.0171531448925632E-002   1622.7414239844979     
   1.0261326128487045E-002   1606.4087818853886     
   1.0351913519010226E-002   1590.2194168248693     
   1.0443300618578715E-002   1574.1720811703099     
   1.0535494487055408E-002   1558.2655383125973     
   1.0628502246627944E-002   1542.4985625714471     
   1.0722331082358920E-002   1526.8699391015714     
   1.0816988242740948E-002   1511.3784637996939     
   1.0912481040256616E-002   1496.0229432124131     
   1.1008816851943392E-002   1480.8021944448960     
   1.1106003119963530E-002   1465.7150450704050     
   1.1204047352178975E-002   1450.7603330406444     
   1.1302957122731380E-002   1435.9369065969245     
   1.1402740072627215E-002   1421.2436241821317     
   1.1503403910328055E-002   1406.6793543535061     
   1.1604956412346079E-002   1392.2429756962058     
   1.1707405423844817E-002   1377.9333767376706     
   1.1810758859245221E-002   1363.7494558627602     
   1.1915024702837049E-002   1349.6901212296734     
   1.2020211009395692E-002   1335.7542906866347     
   1.2126325904804412E-002   1321.9408916893462     
   1.2233377586682088E-002   1308.2488612191958     
   1.2341374325016504E-002   1294.6771457022155     
   1.2450324462803213E-002   1281.2247009287896     
   1.2560236416690070E-002   1267.8904919740960     
   1.2671118677627425E-002   1254.6734931192857     
   1.2782979811524068E-002   1241.5726877733850     
   1.2895828459908974E-002   1228.5870683959238     
   1.3009673340598870E-002   1215.7156364202760     
   1.3124523248371718E-002   1202.9574021777103     
   1.3240387055646121E-002   1190.3113848221465     
   1.3357273713166744E-002   1177.7766122556075     
   1.3475192250695779E-002   1165.3521210543697     
   1.3594151777710509E-002   1153.0369563957920     
   1.3714161484107049E-002   1140.8301719858357     
   1.3835230640910268E-002   1128.7308299872539     
   1.3957368600990016E-002   1116.7380009484550     
   1.4080584799783641E-002   1104.8507637330313     
   1.4204888756024901E-002   1093.0682054499491     
   1.4330290072479318E-002   1081.3894213843905     
   1.4456798436685998E-002   1069.8135149292484     
   1.4584423621706024E-002   1058.3395975172634     
   1.4713175486877450E-002   1046.9667885538038     
   1.4843063978576950E-002   1035.6942153502766     
   1.4974099130988209E-002   1024.5210130581688     
   1.5106291066877072E-002   1013.4463246037166     
   1.5239649998373560E-002   1002.4693006231877     
   1.5374186227760786E-002   991.58909939878436     
   1.5509910148270816E-002   980.80488679515327     
   1.5646832244887582E-002   970.11583619650196     
   1.5784963095156868E-002   959.52112844431190     
   1.5924313370003440E-002   949.01995177565368     
   1.6064893834555415E-002   938.61150176208685     
   1.6206715348975879E-002   928.29498124914937     
   1.6349788869301871E-002   918.06960029642585     
   1.6494125448290747E-002   907.93457611819906     
   1.6639736236274051E-002   897.88913302466437     
   1.6786632482018882E-002   887.93250236372182     
   1.6934825533596903E-002   878.06392246332575     
   1.7084326839260994E-002   868.28263857439526     
   1.7235147948329671E-002   858.58790281427935     
   1.7387300512079280E-002   848.97897411077474     
   1.7540796284644094E-002   839.45511814668521     
   1.7695647123924348E-002   830.01560730492611     
   1.7851864992502284E-002   820.65972061416630     
   1.8009461958566297E-002   811.38674369500279     
   1.8168450196843208E-002   802.19596870666248     
   1.8328841989538824E-002   793.08669429423344     
   1.8490649727286739E-002   784.05822553641201     
   1.8653885910105542E-002   775.10987389377124     
   1.8818563148364487E-002   766.24095715753731     
   1.8984694163757660E-002   757.45079939887728     
   1.9152291790286761E-002   748.73873091869257     
   1.9321368975252561E-002   740.10408819790780     
   1.9491938780255121E-002   731.54621384826146     
   1.9664014382202805E-002   723.06445656358676     
   1.9837609074330253E-002   714.65817107158034     
   2.0012736267225304E-002   706.32671808605562     
   2.0189409489864984E-002   698.06946425967953     
   2.0367642390660672E-002   689.88578213718074     
   2.0547448738512452E-002   681.77505010903599     
   2.0728842423872799E-002   673.73665236562158     
   2.0911837459819647E-002   665.76997885183221     
   2.1096447983138943E-002   657.87442522215872     
   2.1282688255416734E-002   650.04939279622545     
   2.1470572664140892E-002   642.29428851478008     
   2.1660115723812618E-002   634.60852489613228     
   2.1851332077067694E-002   626.99151999303945     
   2.2044236495807661E-002   619.44269735003320     
   2.2238843882341000E-002   611.96148596118508     
   2.2435169270534339E-002   604.54732022830603     
   2.2633227826973887E-002   597.19963991957752     
   2.2833034852137068E-002   589.91789012860465     
   2.3034605781574520E-002   582.70152123389971     
   2.3237956187102532E-002   575.54998885877876     
   2.3443101778005997E-002   568.46275383167472     
   2.3650058402251994E-002   561.43928214686298     
   2.3858842047714077E-002   554.47904492559383     
   2.4069468843407375E-002   547.58151837762750     
   2.4281955060734606E-002   540.74618376317028     
   2.4496317114743062E-002   533.97252735520544     
   2.4712571565392718E-002   527.26004040221665     
   2.4930735118835527E-002   520.60821909129891     
   2.5150824628706013E-002   514.01656451165195     
   2.5372857097423249E-002   507.48458261845775     
   2.5596849677504325E-002   501.01178419712943     
   2.5822819672889429E-002   494.59768482793447     
   2.6050784540278610E-002   488.24180485098566     
   2.6280761890480366E-002   481.94366933159341     
   2.6512769489772086E-002   475.70280802598319     
   2.6746825261272568E-002   469.51875534736035     
   2.6982947286326598E-002   463.39105033233477     
   2.7221153805901788E-002   457.31923660768484     
   2.7461463221997738E-002   451.30286235746945     
   2.7703894099067605E-002   445.34148029047594     
   2.7948465165452289E-002   439.43464760800174     
   2.8195195314827209E-002   433.58192597196637     
   2.8444103607661891E-002   427.78288147334774     
   2.8695209272692437E-002   422.03708460093969     
   2.8948531708406996E-002   416.34411021042439     
   2.9204090484544327E-002   410.70353749375477     
   2.9461905343605609E-002   405.11494994884634     
   2.9721996202379607E-002   399.57793534956755     
   2.9984383153481259E-002   394.09208571602807     
   3.0249086466903930E-002   388.65699728515773     
   3.0516126591585247E-002   383.27227048157363     
   3.0785524156986901E-002   377.93750988872546     
   3.1057299974688250E-002   372.65232422032108     
   3.1331475039994117E-002   367.41632629201939     
   3.1608070533556673E-002   362.22913299339001     
   3.1887107823011747E-002   357.09036526013313     
   3.2168608464629482E-002   351.99964804655241     
   3.2452594204979632E-002   346.95661029827670     
   3.2739086982611514E-002   341.96088492522591     
   3.3028108929748813E-002   337.01210877481105     
   3.3319682373999390E-002   332.10992260536671     
   3.3613829840080059E-002   327.25397105980659     
   3.3910574051556751E-002   322.44390263949902     
   3.4209937932599924E-002   317.67936967835146     
   3.4511944609755520E-002   312.96002831710263     
   3.4816617413731515E-002   308.28553847781092     
   3.5123979881200321E-002   303.65556383853504     
   3.5434055756616997E-002   299.06977180819950     
   3.5746868994053604E-002   294.52783350163571     
   3.6062443759049677E-002   290.02942371479554     
   3.6380804430479086E-002   285.57422090012409     
   3.6701975602433365E-002   281.16190714208966     
   3.7025982086121664E-002   276.79216813285916     
   3.7352848911787438E-002   272.46469314811293     
   3.7682601330642128E-002   268.17917502299031     
   3.8015264816815872E-002   263.93531012815623     
   3.8350865069325425E-002   259.73279834598293     
   3.8689428014059446E-002   255.57134304683615     
   3.9030979805781407E-002   251.45065106545559     
   3.9375546830150022E-002   247.37043267742473     
   3.9723155705757664E-002   243.33040157571546     
   4.0073833286186647E-002   239.33027484730201     
   4.0427606662083816E-002   235.36977294983075     
   4.0784503163253272E-002   231.44861968833990     
   4.1144550360767716E-002   227.56654219201531     
   4.1507776069098376E-002   223.72327089097183     
   4.1874208348263692E-002   219.91853949305334     
   4.2243875505997092E-002   216.15208496063570     
   4.2616806099933749E-002   212.42364748742403     
   4.2993028939816783E-002   208.73297047523113     
   4.3372573089722859E-002   205.07980051072732     
   4.3755467870307450E-002   201.46388734214747     
   4.4141742861069921E-002   197.88498385594434     
   4.4531427902638636E-002   194.34284605337368     
   4.4924553099076184E-002   190.83723302700059     
   4.5321148820205007E-002   187.36790693711256     
   4.5721245703953549E-002   183.93463298802476     
   4.6124874658723065E-002   180.53717940426560     
   4.6532066865775414E-002   177.17531740662750     
   4.6942853781641841E-002   173.84882118806806     
   4.7357267140553098E-002   170.55746788944745     
   4.7775338956890977E-002   167.30103757508698     
   4.8197101527661483E-002   164.07931320813233     
   4.8622587434989858E-002   160.89208062570839     
   4.9051829548637634E-002   157.73912851384614     
   4.9484861028541889E-002   154.62024838216709     
   4.9921715327376937E-002   151.53523453831028     
   5.0362426193138583E-002   148.48388406208096     
   5.0807027671751312E-002   145.46599677930618     
   5.1255554109698336E-002   142.48137523537955     
   5.1708040156674982E-002   139.52982466847681     
   5.2164520768265457E-002   136.61115298242248     
   5.2625031208643223E-002   133.72517071919114     
   5.3089607053295268E-002   130.87169103102335     
   5.3558284191770368E-002   128.05052965213628     
   5.4031098830451652E-002   125.26150487001007     
   5.4508087495353616E-002   122.50443749623038     
   5.4989287034943872E-002   119.77915083686514     
   5.5474734622989699E-002   117.08547066235738     
   5.5964467761429930E-002   114.42322517690972     
   5.6458524283271916E-002   111.79224498734418     
   5.6956942355514337E-002   109.19236307140986     
   5.7459760482095605E-002   106.62341474552210     
   5.7967017506868439E-002   104.08523763190765     
   5.8478752616600599E-002   101.57767162513417     
   5.8995005344002170E-002   99.100558858003012     
   5.9515815570779576E-002   96.653743666779576     
   6.0041223530716503E-002   94.237072555740596     
   6.0571269812782054E-002   91.850394161014549     
   6.1105995364266349E-002   89.493559213690048     
   6.1645441493943812E-002   87.166420502170936     
   6.2189649875264319E-002   84.868832833752194     
   6.2738662549572638E-002   82.600652995393602     
   6.3292521929356152E-002   80.361739713667944     
   6.3851270801521379E-002   78.151953613856733     
   6.4414952330699285E-002   75.971157178172206     
   6.4983610062579938E-002   73.819214703079794     
   6.5557287927276470E-002   71.695992255696382     
   6.6136030242718732E-002   69.601357629241562     
   6.6719881718077051E-002   67.535180297515723     
   6.7308887457216054E-002   65.497331368381637     
   6.7903092962179057E-002   63.487683536226776     
   6.8502544136703203E-002   61.506111033380435     
   6.9107287289765618E-002   59.552489580462641     
   6.9717369139160906E-002   57.626696335642002     
   7.0332836815110239E-002   55.728609842779434     
   7.0953737863902161E-002   53.858109978434612     
   7.1580120251565765E-002   52.015077897712040     
   7.2212032367576159E-002   50.199395978926809     
   7.2849523028592572E-002   48.410947767067405     
   7.3492641482229670E-002   46.649617916034821     
   7.4141437410862002E-002   44.915292129638729     
   7.4795960935462036E-002   43.207857101330234     
   7.5456262619472178E-002   41.527200452654093     
   7.6122393472710909E-002   39.873210670401235     
   7.6794404955313339E-002   38.245777042446171     
   7.7472348981706740E-002   36.644789592252700     
   7.8156277924620945E-002   35.070139012033934     
   7.8846244619134323E-002   33.521716594553197     
   7.9542302366755371E-002   31.999414163553435     
   8.0244504939540440E-002   30.503124002805329     
   8.0952906584247669E-002   29.032738783763790     
   8.1667562026527737E-002   27.588151491826860     
   8.2388526475151491E-002   26.169255351189864     
   8.3115855626275006E-002   24.775943748291855     
   8.3849605667742189E-002   23.408110153851748     
   8.4589833283425481E-002   22.065648043494509     
   8.5336595657604708E-002   20.748450816970315     
   8.6089950479384864E-002   19.456411715969651     
   8.6849955947152530E-002   18.189423740543511     
   8.7616670773071989E-002   16.947379564136543     
   8.8390154187620820E-002   15.730171447246891     
   8.9170465944165556E-002   14.537691149727111     
   8.9957666323577851E-002   13.369829841745647     
   9.0751816138891189E-002   12.226478013428530     
   9.1552976739998973E-002   11.107525383208142     
   9.2361210018393841E-002   10.012860804906035     
   9.3176578411948971E-002   8.9423721735824291     
   9.3999144909741553E-002   7.8959463301878978     
   9.4828973056918800E-002   6.8734689650570324     
   9.5666126959607009E-002   5.8748245202886622     
   9.6510671289863834E-002   4.8998960910594516     
   9.7362671290674482E-002   3.9485653259250340     
   9.8222192780991729E-002   3.0207123261658300     
   9.9089302160820680E-002   2.1162155442387585     
   9.9964066416348266E-002   1.2349516814035526     
  0.10084655312511814       0.37679558459512585     
  0.10173683046125119      -0.45837985737999065     
  0.10263496720071207       -1.2707038182392940     
  0.10354103272662238       -2.0603076391240007     
  0.10445509703462065       -2.8273249339067172     
  0.10537723073826964       -3.5718916948070367     
  0.10630750507451145       -4.2941463982072392     
  0.10724599190917068       -4.9942301105554199     
  0.10819276374250626       -5.6722865942349827     
  0.10914789371481226       -6.3284624132743961     
  0.11011145561206814       -6.9629070387641985     
  0.11108352387163890       -7.5757729538393370     
  0.11206417358802552       -8.1672157580814186     
  0.11305348051866615       -8.7373942711844617     
  0.11405152108978864       -9.2864706357233793     
  0.11505837240231453       -9.8146104188553913     
  0.11607411223781539       -10.321982712778530     
  0.11709881906452151       -10.808760233761966     
  0.11813257204338383       -11.275119419557143     
  0.11917545103418925       -11.721240524991588     
  0.12022753660173002       -12.147307715536440     
  0.12128891002202757       -12.553509158635686     
  0.12235965328861123       -12.940037112574602     
  0.12343984911885240       -13.307088012657434     
  0.12452958096035473       -13.654862554459640     
  0.12562893299740055       -13.983565773910190     
  0.12673799015745441       -14.293407123952948     
  0.12785683811772375       -14.584600547530442     
  0.12898556331177791       -14.857364546625503     
  0.13012425293622507       -15.111922247090785     
  0.13127299495744849       -15.348501458988387     
  0.13243187811840218       -15.567334732159079     
  0.13360099194546646       -15.768659406731553     
  0.13478042675536395       -15.952717658280488     
  0.13597027366213693       -16.119756537335501     
  0.13717062458418605       -16.270028002939306     
  0.13838157225137110       -16.403788949952279     
  0.13960321021217478       -16.521301229793284     
  0.14083563284092956       -16.622831664309366     
  0.14207893534510813       -16.708652052462195     
  0.14333321377267846       -16.779039169519024     
  0.14459856501952384       -16.834274758437306     
  0.14587508683692821       -16.874645513131632     
  0.14716287783912768       -16.900443053314511     
  0.14846203751092865       -16.911963890604802     
  0.14977266621539345       -16.909509385602320     
  0.15109486520159335       -16.893385695631725     
  0.15242873661243039       -16.863903712865110     
  0.15377438349252828       -16.821378992540691     
  0.15513190979619260       -16.766131671003496     
  0.15650142039544168       -16.698486373304096     
  0.15788302108810817       -16.618772110103190     
  0.15927681860601212       -16.527322163643177     
  0.16068292062320627       -16.424473962562129     
  0.16210143576429417       -16.310568945341586     
  0.16353247361282161       -16.185952412198560     
  0.16497614471974223       -16.050973365249924     
  0.16643256061195788       -15.905984336800445     
  0.16790183380093424       -15.751341205626979     
  0.16938407779139261       -15.587403001157842     
  0.17087940709007851       -15.414531695471299     
  0.17238793721460746       -15.233091983066920     
  0.17390978470238902       -15.043451048393083     
  0.17544506711962962       -14.845978321146019     
  0.17699390307041474       -14.641045219390627     
  0.17855641220587148       -14.429024880587335     
  0.18013271523341168       -14.210291880649365     
  0.18172293392605701       -13.985221941191773     
  0.18332719113184617       -13.754191625176489     
  0.18494561078332517       -13.517578021199723     
  0.18657831790712143       -13.275758416712033     
  0.18822543863360230       -13.029109960508679     
  0.18988710020661900       -12.778009314874240     
  0.19156343099333650       -12.522832297814078     
  0.19325456049415007       -12.263953515856073     
  0.19496061935268971       -12.001745987956131     
  0.19668173936591235       -11.736580761093428     
  0.19841805349428374       -11.468826518193410     
  0.20016969587204977       -11.198849179070089     
  0.20193680181759888       -10.927011495132477     
  0.20371950784391540       -10.653672638653280     
  0.20551795166912576       -10.379187787451636     
  0.20733227222713735       -10.103907705894594     
  0.20916260967837155       -9.8281783231732032     
  0.21100910542059159       -9.5523403098626876     
  0.21287190209982554       -9.2767286538231613     
  0.21475114362138631       -9.0016722365476429     
  0.21664697516098858       -8.7274934111098332     
  0.21855954317596382       -8.4545075829075671     
  0.22048899541657480       -8.1830227944399958     
  0.22243548093742924       -7.9133393153936318     
  0.22439915010899480       -7.6457492393481239     
  0.22638015462921568       -7.3805360884425264     
  0.22837864753523138       -7.1179744273700214     
  0.23039478321519932       -6.8583294880901899     
  0.23242871742022164       -6.6018568066658680     
  0.23448060727637732       -6.3488018736413281     
  0.23655061129686056       -6.0993997993855968     
  0.23863888939422626       -5.8538749958229417     
  0.24074560289274369       -5.6124408759652979     
  0.24287091454085902       -5.3752995726477160     
  0.24501498852376818       -5.1426416778451713     
  0.24717799047610042       -4.9146460039212796     
  0.24936008749471403       -4.6914793681210796     
  0.25156144815160497       -4.4732964015758085     
  0.25378224250692938       -4.2602393840340245     
  0.25602264212214099       -4.0524381054711212     
  0.25828282007324516       -3.8500097556596611     
  0.26056295096416865       -3.6530588427034578     
  0.26286321094024873       -3.4616771414505489     
  0.26518377770184065       -3.2759436726052176     
  0.26752483051804532       -3.0959247132534990     
  0.26988655024055830       -2.9216738394046367     
  0.27226911931764120       -2.7532320010305193     
  0.27467272180821584       -2.5906276299566051     
  0.27709754339608345       -2.4338767808230823     
  0.27954377140426945       -2.2829833051926998     
  0.28201159480949384       -2.1379390587344513     
  0.28450120425677095       -1.9987241412584114     
  0.28701279207413655       -1.8653071692199181     
  0.28954655228750598       -1.7376455801491739     
  0.29210268063566291       -1.6156859682982230     
  0.29468137458538074       -1.4993644506310677     
  0.29728283334667727       -1.3886070621152606     
  0.29990725788820427       -1.2833301791071765     
  0.30255485095277246       -1.1834409694573436     
  0.30522581707301438       -1.0888378678003128     
  0.30792036258718436      -0.99941107433477239     
  0.31063869565509922      -0.91504307524689033     
  0.31338102627421860      -0.83560918278343488     
  0.31614756629586821      -0.76097809284300522     
  0.31893852944160533      -0.69101245782509524     
  0.32175413131972985      -0.62556947235851512     
  0.32459458944193992      -0.56450146942498902     
  0.32746012324013568      -0.50765652430126029     
  0.33035095408337062      -0.45487906366483644     
  0.33326730529495308      -0.40601047714687177     
  0.33620940216969819      -0.36088972856967766     
  0.33917747199133269      -0.31935396407924610     
  0.34217174405005285      -0.28123911437367288     
  0.34519244966023804      -0.24638048823862996     
  0.34823982217831978      -0.21461335463091893     
  0.35131409702080951      -0.18577351060097455     
  0.35441551168248497      -0.15969783241555202     
  0.35754430575473689      -0.13622480733218711     
  0.36070072094407851      -0.11519504358771229     
  0.36388500109081734       -9.6451756293031904E-002
  0.36709739218789306       -7.9841227075677340E-002
  0.37033814239988044       -6.5213235478762288E-002
  0.37360750208216104       -5.2421460309130363E-002
  0.37690572380026338       -4.1323849327669054E-002
  0.38023306234937454       -3.1782955888688263E-002
  0.38358977477402356       -2.3666241362262086E-002
  0.38697612038793855       -1.6846342410650944E-002
  0.39039236079407957       -1.1201302436043420E-002
  0.39383875990484768       -6.6147667691599243E-003
  0.39731558396247335       -2.9761414248305473E-003
  0.40082310155958345       -1.8071550864062758E-004
  0.40436158365995156        1.8702523839534413E-003
  0.40793130361942981        3.2694831809157859E-003
  0.41153253720706673        4.1036609164667726E-003
  0.41516556262641069        4.4534498013660551E-003
  0.41883066053700213        4.3935434704780452E-003
  0.42252811407605478        3.9927448828032258E-003
  0.42625820888032878        3.3140751502591381E-003
  0.43002123310819701        2.4149093905451308E-003
  0.43381747746190563        1.3471375382105438E-003
  0.43764723521003190        1.5734790843732749E-004
  0.44151080221013922       -1.1129688086367051E-003
  0.44540847693163349       -2.4271975377467558E-003
  0.44934056047882026       -3.7533612746292327E-003
  0.45330735661416549       -5.0638705325157657E-003
  0.45730917178176256       -6.3352623191465923E-003
  0.46134631513100471       -7.5479311748350708E-003
  0.46541909854046892       -8.6858547673044420E-003
  0.46952783664200792       -9.7363164797016483E-003
  0.47367284684505706       -1.0689627345618097E-002
  0.47785444936115473       -1.1538849580434267E-002
  0.48207296722867926       -1.2279523833658691E-002
  0.48632872633780450       -1.2909402144097096E-002
  0.49062205545567544       -1.3428188420902779E-002
  0.49495328625180673       -1.3837288101239381E-002
  0.49932275332370407       -1.4139568451990811E-002
  0.50373079422271350       -1.4339130791402539E-002
  0.50817774948009731       -1.4441095709432257E-002
  0.51266396263334135       -1.4451402165756792E-002
  0.51718978025269369       -1.4376621144527653E-002
  0.52175555196793855       -1.4223784347783475E-002
  0.52636163049540530       -1.4000228217475600E-002
  0.53100837166521708       -1.3713453391704510E-002
  0.53569613444877917       -1.3370999526235730E-002
  0.54042528098651088       -1.2980335249586018E-002
  0.54519617661582109       -1.2548762870666461E-002
  0.55000918989933167       -1.2083337323531403E-002
  0.55486469265335003       -1.1590798715328535E-002
  0.55976305997659237       -1.1077517741859708E-002
  0.56470467027916116       -1.0549453150722015E-002
  0.56968990531177832       -1.0012120364966117E-002
  0.57471915019527575       -9.4705703304332166E-003
  0.57979279345034762       -8.9293776169861814E-003
  0.58491122702756371       -8.3926367870321254E-003
  0.59007484633764895       -7.8639660431015310E-003
  0.59528405028203002       -7.3465171786590913E-003
  0.60053924128365066       -6.8429908814483919E-003
  0.60584082531806027       -6.3556564750568336E-003
  0.61118921194477649       -5.8863752304731069E-003
  0.61658481433892431       -5.4366264335742390E-003
  0.62202804932315525       -5.0075354550842563E-003
  0.62751933739984733       -4.5999031349615140E-003
  0.63305910278359001       -4.2142358618172462E-003
  0.63864777343395629       -3.8507757983400072E-003
  0.64428578108856260       -3.5095307744008857E-003
  0.64997356129642236       -3.1903034392695368E-003
  0.65571155345159260       -2.8927193320529981E-003
  0.66150020082711847       -2.6162535941040661E-003
  0.66733995060927687       -2.3602561079253698E-003
  0.67323125393212291       -2.1239749033753084E-003
  0.67917456591234093       -1.9065777232849304E-003
  0.68517034568440283       -1.7071716866001291E-003
  0.69121905643603820       -1.5248210277007707E-003
  0.69732116544401568       -1.3585629255833827E-003
  0.70347714411024209       -1.2074214662138067E-003
  0.70968746799817828       -1.0704198057544007E-003
  0.71595261686957834       -9.4659062182617755E-004
  0.72227307472155200       -8.3498495483055131E-004
  0.72864932982395425       -7.3467955202891164E-004
  0.73508187475710596       -6.4478283399795901E-004
  0.74157120644984620       -5.6443960669966937E-004
  0.74811782621792133       -4.9283464318642149E-004
  0.75472223980271291       -4.2919525735624536E-004
  0.76138495741030721       -3.7279298861338516E-004
  0.76810649375091011       -3.2294451118167292E-004
  0.77488736807860914       -2.7901187553564270E-004
  0.78172810423148753       -2.4040218229201527E-004
  0.78862923067209156       -2.0656678123728085E-004
  0.79559128052825601       -1.7700008020938551E-004
  0.80261479163428862       -1.5123804051642202E-004
  0.80970030657251979       -1.2885642763717226E-004
  0.81684837271521815       -1.0946887824567154E-004
  0.82405954226687617       -9.2724837240036416E-005
  0.83133437230686924       -7.8307411510911414E-005
  0.83867342483249152       -6.5931180708059982E-005
  0.84607726680237105       -5.5339999284668542E-005
  0.85354647018026952       -4.6304818630260818E-005
  0.86108161197926647       -3.8621553143310461E-005
  0.86868327430633618       -3.2109009631692688E-005
  0.87635204440731607       -2.6606895443332410E-005
  0.88408851471227246       -2.1973917195707660E-005
  0.89189328288126823       -1.8085978862938765E-005
  0.89976695185053235       -1.4834485262951523E-005
  0.90771012987903876       -1.2124754634055112E-005
  0.91572343059549521       -9.8745419700601686E-006
  0.92380747304574840       -8.0126730665395675E-006
  0.93196288174060560       -6.4777877901940875E-006
  0.94019028670408022       -5.2171898922261527E-006
  0.94849032352206242       -4.1857997205195747E-006
  0.95686363339141933       -3.3452054212133073E-006
  0.96531086316952985       -2.6628076364334652E-006
  0.97383266542425473       -2.1110522814023576E-006
  0.98242969848434947       -1.6667457020782297E-006
  0.99110262649032188       -1.3104463562952643E-006
  0.99985211944573849       -1.0259271105801215E-006
   1.0086788532689832       -7.9970228598089409E-007
   1.0175835098454744       -6.2061370492456324E-007
   1.0265667770803413       -4.7947017387583486E-007
   1.0356293489515669       -3.6873507094283451E-007
   1.0447719255635997       -2.8225698209482857E-007
   1.0539952132014363       -2.1503863385847371E-007
   1.0632999243851866       -1.6303969479532387E-007
   1.0726867779251150       -1.2300935431398979E-007
   1.0821564989771721       -9.2344928042429787E-008
   1.0917098190990127       -6.8973077704317749E-008
   1.1013474763065119       -5.1250564827210318E-008
   1.1110702151307781       -3.7881777237580420E-008
   1.1208787866756693       -2.7850571656402026E-008
   1.1307739486758182       -2.0364262136531061E-008
   1.1407564655551681       -1.4807850696263046E-008
   1.1508271084860273       -1.0706842120108142E-008
   1.1609866554486439       -7.6972089539868821E-009
   1.1712358912913052       -5.5012751856664580E-009
   1.1815756077909714       -3.9084683861978609E-009
   1.1920066037144394       -2.7600509699369769E-009
   1.2025296848800520       -1.9370827665853983E-009
   1.2131456642199476       -1.3509905528999474E-009
   1.2238553618428609       -9.3622696829314086E-010
   1.2346596050974796       -6.4459282156289779E-010
   1.2455592286363577       -4.4087469831588834E-010
   1.2565550744803948       -2.9951549917607732E-010
   1.2676479920838841       -2.0209052809300428E-010
   1.2788388384001352       -1.3540738358813689E-010
   1.2901284779476745       -9.0085465146109366E-011
   1.3015177828770321       -5.9501567019634587E-011
   1.3130076330381175       -3.9012853678733586E-011
   1.3245989160481897       -2.5388440388973434E-011
   1.3362925273604276       -1.6396670231307374E-011
   1.3480893703331067       -1.0507707156157354E-011
   1.3599903562993834       -6.6808727827518823E-012
   1.3719964046377007       -4.2137679012021541E-012
   1.3841084428428096       -2.6360784640732641E-012
   1.3963274065974212       -1.6354354956341886E-012
   1.4086542398444912       -1.0060783494283790E-012
   1.4210898948601400       -6.1360414049744808E-013
   1.4336353323272193       -3.7096803996298557E-013
   1.4462915214095271       -2.2228436126809281E-013
   1.4590594398266770       -1.3198871149288861E-013
   1.4719400739296300       -7.7651559662937316E-014
   1.4849344187768923       -4.5256180515425359E-014
   1.4980434782113856       -2.6124469393998495E-014
   1.5112682649379963       -1.4934310750389821E-014
   1.5246098006018096       -8.4530992108153463E-015
   1.5380691158670334       -4.7365643989490548E-015
   1.5516472504966199       -2.6269384123450491E-015
   1.5653452534325896       -1.4417706750958413E-015
   1.5791641828770642       -7.8292799464308575E-016
   1.5931051063740156       -4.2057635295053457E-016
   1.6071691008917355       -2.2345078131070750E-016
   1.6213572529060341       -1.1739457494171561E-016
   1.6356706584841734       -6.0975717721206682E-017
   1.6501104233695392       -3.1305500045859196E-017
   1.6646776630670643       -1.5883628813631994E-017
   1.6793735029294024       -7.9625672962639393E-018
   1.6941990782438652       -3.9431030921020717E-018
   1.7091555343201248       -1.9284592279947093E-018
   1.7242440265786925       -9.3126678980651972E-019
   1.7394657206401769       -4.4394728470650218E-019
   1.7548217924153315       -2.0887328787868634E-019
   1.7703134281958968       -9.6967774002726525E-020
   1.7859418247462417       -4.4408079531328349E-020
   1.8017081893958200       -2.0057730604288548E-020
   1.8176137401324357       -8.9326468745338859E-021
   1.8336597056963386       -3.9214668672760149E-021
   1.8498473256751440       -1.6965882850546888E-021
   1.8661778505995967       -7.2318842345330554E-022
   1.8826525420401761       -3.0364009511935747E-022
   1.8992726727045541       -1.2554024109818835E-022
   1.9160395265359176       -5.1098064874369284E-023
   1.9329543988121534       -2.0469299047314127E-023
   1.9500185962459131       -8.0678114294628645E-024
   1.9672334370855582       -3.1277915907652482E-024
   1.9846002512169987       -1.1924001232811236E-024
