   3.4787173769606630E-006   191.00667623374312     
   3.5094276307427419E-006   191.00667623122598     
   3.5404089958526930E-006   191.00667623052686     
   3.5716638656719776E-006   191.00667623071359     
   3.6031946547109249E-006   191.00667622899152     
   3.6350037987952546E-006   191.00667622722233     
   3.6670937552542512E-006   191.00667622726786     
   3.6994670031105998E-006   191.00667622540203     
   3.7321260432718950E-006   191.00667622534934     
   3.7650733987238409E-006   191.00667622338347     
   3.7983116147251607E-006   191.00667622322874     
   3.8318432590042197E-006   191.00667622209056     
   3.8656709219573920E-006   191.00667621996774     
   3.8997972168491696E-006   191.00667621872213     
   3.9342247800140506E-006   191.00667621928403     
   3.9689562710601951E-006   191.00667621792718     
   4.0039943730748878E-006   191.00667621651320     
   4.0393417928318147E-006   191.00667621597250     
   4.0750012610001662E-006   191.00667621444137     
   4.1109755323555885E-006   191.00667621378125     
   4.1472673859929943E-006   191.00667621212870     
   4.1838796255412566E-006   191.00667620948235     
   4.2208150793797914E-006   191.00667620863521     
   4.2580766008570624E-006   191.00667620772356     
   4.2956670685110063E-006   191.00667620581493     
   4.3335893862914036E-006   191.00667620477066     
   4.3718464837842174E-006   191.00667620272702     
   4.4104413164379140E-006   191.00667620154542     
   4.4493768657917712E-006   191.00667620122465     
   4.4886561397062156E-006   191.00667619990082     
   4.5282821725951826E-006   191.00667619757263     
   4.5682580256605329E-006   191.00667619610135     
   4.6085867871285388E-006   191.00667619455453     
   4.6492715724884546E-006   191.00667619293074     
   4.6903155247331957E-006   191.00667619215994     
   4.7317218146021435E-006   191.00667618991230     
   4.7734936408260917E-006   191.00667618711799     
   4.8156342303743538E-006   191.00667618703494     
   4.8581468387040572E-006   191.00667618500535     
   4.9010347500116317E-006   191.00667618335569     
   4.9443012774865210E-006   191.00667618161913     
   4.9879497635671380E-006   191.00667617932817     
   5.0319835801990710E-006   191.00667617787849     
   5.0764061290955791E-006   191.00667617540557     
   5.1212208420003771E-006   191.00667617377070     
   5.1664311809527505E-006   191.00667617204078     
   5.2120406385550027E-006   191.00667616928263     
   5.2580527382422666E-006   191.00667616782323     
   5.3044710345547011E-006   191.00667616533207     
   5.3512991134120828E-006   191.00667616273904     
   5.3985405923908328E-006   191.00667616190492     
   5.4461991210034747E-006   191.00667615956814     
   5.4942783809805761E-006   191.00667615665816     
   5.5427820865551633E-006   191.00667615363886     
   5.5917139847496615E-006   191.00667615237080     
   5.6410778556653528E-006   191.00667615052367     
   5.6908775127744072E-006   191.00667614809561     
   5.7411168032144722E-006   191.00667614508450     
   5.7917996080858794E-006   191.00667614241962     
   5.8429298427514682E-006   191.00667614009882     
   5.8945114571390544E-006   191.00667613765415     
   5.9465484360465704E-006   191.00667613508369     
   5.9990447994499025E-006   191.00667613285066     
   6.0520046028134424E-006   191.00667613002162     
   6.1054319374033801E-006   191.00667612659402     
   6.1593309306037666E-006   191.00667612396279     
   6.2137057462353572E-006   191.00667612119400     
   6.2685605848772862E-006   191.00667611781961     
   6.3238996841915597E-006   191.00667611476842     
   6.3797273192504361E-006   191.00667611203801     
   6.4360478028666751E-006   191.00667610869436     
   6.4928654859267211E-006   191.00667610520060     
   6.5501847577268128E-006   191.00667610248541     
   6.6080100463120684E-006   191.00667609961465     
   6.6663458188185642E-006   191.00667609705118     
   6.7251965818184276E-006   191.00667609432691     
   6.7845668816679827E-006   191.00667608957582     
   6.8444613048589656E-006   191.00667608605499     
   6.9048844783728431E-006   191.00667608283004     
   6.9658410700382566E-006   191.00667607989794     
   7.0273357888916185E-006   191.00667607585859     
   7.0893733855409040E-006   191.00667607210596     
   7.1519586525326412E-006   191.00667606863686     
   7.2150964247221434E-006   191.00667606498234     
   7.2787915796470262E-006   191.00667606067339     
   7.3430490379039880E-006   191.00667605710390     
   7.4078737635289539E-006   191.00667605240756     
   7.4732707643805561E-006   191.00667604797798     
   7.5392450925269937E-006   191.00667604427730     
   7.6058018446363246E-006   191.00667603990496     
   7.6729461623701968E-006   191.00667603578864     
   7.7406832327810410E-006   191.00667603099328     
   7.8090182887127998E-006   191.00667602644637     
   7.8779566092051618E-006   191.00667602260972     
   7.9475035199013874E-006   191.00667601761688     
   8.0176643934597291E-006   191.00667601192936     
   8.0884446499684678E-006   191.00667600740593     
   8.1598497573646453E-006   191.00667600264546     
   8.2318852318564674E-006   191.00667599764347     
   8.3045566383494330E-006   191.00667599286163     
   8.3778695908762589E-006   191.00667598829546     
   8.4518297530305524E-006   191.00667598254358     
   8.5264428384043532E-006   191.00667597792977     
   8.6017146110295165E-006   191.00667597258678     
   8.6776508858229937E-006   191.00667596650993     
   8.7542575290360563E-006   191.00667596062596     
   8.8315404587074683E-006   191.00667595539545     
   8.9095056451206760E-006   191.00667594895094     
   8.9881591112650207E-006   191.00667594268441     
   9.0675069333010292E-006   191.00667593728917     
   9.1475552410298190E-006   191.00667593043170     
   9.2283102183666253E-006   191.00667592443534     
   9.3097781038185312E-006   191.00667591813010     
   9.3919651909664106E-006   191.00667591151080     
   9.4748778289511131E-006   191.00667590503747     
   9.5585224229639509E-006   191.00667589870437     
   9.6429054347415211E-006   191.00667589157445     
   9.7280333830648848E-006   191.00667588457327     
   9.8139128442631602E-006   191.00667587722910     
   9.9005504527215526E-006   191.00667587046701     
   9.9879529013938839E-006   191.00667586265132     
   1.0076126942319637E-005   191.00667585540532     
   1.0165079387145561E-005   191.00667584802409     
   1.0254817107651893E-005   191.00667584003565     
   1.0345347036283216E-005   191.00667583213163     
   1.0436676166684006E-005   191.00667582407254     
   1.0528811554238907E-005   191.00667581561868     
   1.0621760316617776E-005   191.00667580746153     
   1.0715529634325541E-005   191.00667579936112     
   1.0810126751256905E-005   191.00667579061167     
   1.0905558975255968E-005   191.00667578190439     
   1.1001833678680755E-005   191.00667577323168     
   1.1098958298972759E-005   191.00667576388742     
   1.1196940339231507E-005   191.00667575456248     
   1.1295787368794173E-005   191.00667574524851     
   1.1395507023820346E-005   191.00667573570513     
   1.1496107007881925E-005   191.00667572592391     
   1.1597595092558252E-005   191.00667571566362     
   1.1699979118036468E-005   191.00667570607999     
   1.1803266993717202E-005   191.00667569553457     
   1.1907466698825579E-005   191.00667568564830     
   1.2012586283027637E-005   191.00667567478251     
   1.2118633867052186E-005   191.00667566385937     
   1.2225617643318147E-005   191.00667565263683     
   1.2333545876567436E-005   191.00667564203661     
   1.2442426904503432E-005   191.00667563018658     
   1.2552269138435099E-005   191.00667561870677     
   1.2663081063926756E-005   191.00667560642307     
   1.2774871241453622E-005   191.00667559472237     
   1.2887648307063126E-005   191.00667558243009     
   1.3001420973042068E-005   191.00667557046717     
   1.3116198028589653E-005   191.00667555742598     
   1.3231988340496484E-005   191.00667554422682     
   1.3348800853829541E-005   191.00667553179005     
   1.3466644592623206E-005   191.00667551824199     
   1.3585528660576390E-005   191.00667550473491     
   1.3705462241755821E-005   191.00667549055896     
   1.3826454601305521E-005   191.00667547640069     
   1.3948515086162576E-005   191.00667546224798     
   1.4071653125779200E-005   191.00667544762297     
   1.4195878232851167E-005   191.00667543274585     
   1.4321200004052725E-005   191.00667541806979     
   1.4447628120777927E-005   191.00667540218456     
   1.4575172349888550E-005   191.00667538693989     
   1.4703842544468624E-005   191.00667537092517     
   1.4833648644585584E-005   191.00667535459257     
   1.4964600678058169E-005   191.00667533839373     
   1.5096708761231097E-005   191.00667532091751     
   1.5229983099756580E-005   191.00667530401233     
   1.5364433989382724E-005   191.00667528696493     
   1.5500071816748912E-005   191.00667526906193     
   1.5636907060188174E-005   191.00667525145218     
   1.5774950290536689E-005   191.00667523249064     
   1.5914212171950386E-005   191.00667521379131     
   1.6054703462728782E-005   191.00667519510534     
   1.6196435016146090E-005   191.00667517618371     
   1.6339417781289653E-005   191.00667515631125     
   1.6483662803905779E-005   191.00667513616969     
   1.6629181227253076E-005   191.00667511574176     
   1.6775984292963261E-005   191.00667509501011     
   1.6924083341909626E-005   191.00667507395684     
   1.7073489815083137E-005   191.00667505256399     
   1.7224215254476275E-005   191.00667503081308     
   1.7376271303974686E-005   191.00667500845253     
   1.7529669710256701E-005   191.00667498592895     
   1.7684422323700783E-005   191.00667496275730     
   1.7840541099301005E-005   191.00667493938346     
   1.7998038097590593E-005   191.00667491555447     
   1.8156925485573642E-005   191.00667489124993     
   1.8317215537665035E-005   191.00667486644903     
   1.8478920636638672E-005   191.00667484124699     
   1.8642053274584063E-005   191.00667481585498     
   1.8806626053871382E-005   191.00667478966909     
   1.8972651688125021E-005   191.00667476324901     
   1.9140143003205743E-005   191.00667473633911     
   1.9309112938201520E-005   191.00667470879989     
   1.9479574546427102E-005   191.00667468095713     
   1.9651540996432408E-005   191.00667465232107     
   1.9825025573019838E-005   191.00667462356597     
   2.0000041678270554E-005   191.00667459420129     
   2.0176602832579812E-005   191.00667456420160     
   2.0354722675701445E-005   191.00667453354140     
   2.0534414967801580E-005   191.00667450254366     
   2.0715693590521619E-005   191.00667447083254     
   2.0898572548050649E-005   191.00667443861374     
   2.1083065968207294E-005   191.00667440585971     
   2.1269188103531103E-005   191.00667437254242     
   2.1456953332383609E-005   191.00667433874963     
   2.1646376160059091E-005   191.00667430421942     
   2.1837471219905128E-005   191.00667426903874     
   2.2030253274453077E-005   191.00667423341014     
   2.2224737216558493E-005   191.00667419695378     
   2.2420938070551652E-005   191.00667416022065     
   2.2618870993398203E-005   191.00667412248043     
   2.2818551275870087E-005   191.00667408405002     
   2.3019994343726780E-005   191.00667404501297     
   2.3223215758906971E-005   191.00667400521934     
   2.3428231220730754E-005   191.00667396498449     
   2.3635056567112434E-005   191.00667392380791     
   2.3843707775784055E-005   191.00667388177084     
   2.4054200965529700E-005   191.00667383930301     
   2.4266552397430713E-005   191.00667379578590     
   2.4480778476121910E-005   191.00667375164767     
   2.4696895751058860E-005   191.00667370685085     
   2.4914920917796379E-005   191.00667366112378     
   2.5134870819278304E-005   191.00667361466026     
   2.5356762447138627E-005   191.00667356742036     
   2.5580612943014170E-005   191.00667351889786     
   2.5806439599868788E-005   191.00667347009903     
   2.6034259863329306E-005   191.00667342005056     
   2.6264091333033223E-005   191.00667336952472     
   2.6495951763988341E-005   191.00667331766283     
   2.6729859067944352E-005   191.00667326511899     
   2.6965831314776593E-005   191.00667321149899     
   2.7203886733881963E-005   191.00667315698968     
   2.7444043715587204E-005   191.00667310154432     
   2.7686320812569570E-005   191.00667304511535     
   2.7930736741290091E-005   191.00667298765438     
   2.8177310383439455E-005   191.00667292922844     
   2.8426060787396626E-005   191.00667286955479     
   2.8677007169700462E-005   191.00667280928059     
   2.8930168916534124E-005   191.00667274742284     
   2.9185565585222807E-005   191.00667268474342     
   2.9443216905744501E-005   191.00667262095584     
   2.9703142782254255E-005   191.00667255577241     
   2.9965363294621754E-005   191.00667248983586     
   3.0229898699982574E-005   191.00667242227479     
   3.0496769434303083E-005   191.00667235407894     
   3.0765996113959154E-005   191.00667228437487     
   3.1037599537328841E-005   191.00667221333561     
   3.1311600686399092E-005   191.00667214113304     
   3.1588020728386682E-005   191.00667206770544     
   3.1866881017373384E-005   191.00667199287312     
   3.2148203095955666E-005   191.00667191680498     
   3.2432008696908852E-005   191.00667183931915     
   3.2718319744866083E-005   191.00667176058221     
   3.3007158358012031E-005   191.00667168017725     
   3.3298546849791563E-005   191.00667159861746     
   3.3592507730633503E-005   191.00667151548367     
   3.3889063709689651E-005   191.00667143105380     
   3.4188237696589068E-005   191.00667134502248     
   3.4490052803207936E-005   191.00667125719957     
   3.4794532345454976E-005   191.00667116797547     
   3.5101699845072683E-005   191.00667107739019     
   3.5411579031454407E-005   191.00667098501674     
   3.5724193843477523E-005   191.00667089100864     
   3.6039568431352747E-005   191.00667079540182     
   3.6357727158489825E-005   191.00667069817234     
   3.6678694603379626E-005   191.00667059906209     
   3.7002495561492892E-005   191.00667049821914     
   3.7329155047195787E-005   191.00667039561489     
   3.7658698295682255E-005   191.00667029110343     
   3.7991150764923545E-005   191.00667018482784     
   3.8326538137634855E-005   191.00667007663890     
   3.8664886323259416E-005   191.00666996650193     
   3.9006221459970051E-005   191.00666985455535     
   3.9350569916688381E-005   191.00666974047022     
   3.9697958295121922E-005   191.00666962444006     
   4.0048413431819087E-005   191.00666950630659     
   4.0401962400242420E-005   191.00666938608555     
   4.0758632512860046E-005   191.00666926373162     
   4.1118451323255625E-005   191.00666913925647     
   4.1481446628256946E-005   191.00666901261144     
   4.1847646470083284E-005   191.00666888351327     
   4.2217079138511729E-005   191.00666875220065     
   4.2589773173062631E-005   191.00666861873566     
   4.2965757365204351E-005   191.00666848271260     
   4.3345060760577463E-005   191.00666834430598     
   4.3727712661238612E-005   191.00666820357179     
   4.4113742627924130E-005   191.00666806021457     
   4.4503180482333699E-005   191.00666791446076     
   4.4896056309434144E-005   191.00666776595233     
   4.5292400459783565E-005   191.00666761485320     
   4.5692243551875962E-005   191.00666746115002     
   4.6095616474506607E-005   191.00666730465281     
   4.6502550389158304E-005   191.00666714540205     
   4.6913076732408604E-005   191.00666698337744     
   4.7327227218358443E-005   191.00666681838203     
   4.7745033841082061E-005   191.00666665050693     
   4.8166528877098650E-005   191.00666647955006     
   4.8591744887865788E-005   191.00666630583061     
   4.9020714722294865E-005   191.00666612885004     
   4.9453471519288772E-005   191.00666594874804     
   4.9890048710301944E-005   191.00666576531131     
   5.0330480021922962E-005   191.00666557890713     
   5.0774799478480121E-005   191.00666538902584     
   5.1223041404669780E-005   191.00666519573764     
   5.1675240428208080E-005   191.00666499905162     
   5.2131431482506008E-005   191.00666479885683     
   5.2591649809368069E-005   191.00666459521494     
   5.3055930961714801E-005   191.00666438795122     
   5.3524310806329334E-005   191.00666417694583     
   5.3996825526628159E-005   191.00666396219259     
   5.4473511625456402E-005   191.00666374368200     
   5.4954405927907718E-005   191.00666352128496     
   5.5439545584169160E-005   191.00666329492691     
   5.5928968072391087E-005   191.00666306453053     
   5.6422711201582458E-005   191.00666283018887     
   5.6920813114531595E-005   191.00666259141013     
   5.7423312290752918E-005   191.00666234857169     
   5.7930247549459490E-005   191.00666210146528     
   5.8441658052561896E-005   191.00666184987881     
   5.8957583307693628E-005   191.00666159394615     
   5.9478063171263131E-005   191.00666133333107     
   6.0003137851532755E-005   191.00666106821774     
   6.0532847911724993E-005   191.00666079837868     
   6.1067234273156067E-005   191.00666052369900     
   6.1606338218397170E-005   191.00666024423413     
   6.2150201394463666E-005   191.00665995980256     
   6.2698865816032424E-005   191.00665967027692     
   6.3252373868687498E-005   191.00665937552515     
   6.3810768312194560E-005   191.00665907558573     
   6.4374092283804192E-005   191.00665877049249     
   6.4942389301584299E-005   191.00665845986725     
   6.5515703267782007E-005   191.00665814373480     
   6.6094078472215211E-005   191.00665782199860     
   6.6677559595694041E-005   191.00665749449922     
   6.7266191713472601E-005   191.00665716124684     
   6.7860020298731111E-005   191.00665682213048     
   6.8459091226088766E-005   191.00665647697554     
   6.9063450775147772E-005   191.00665612571891     
   6.9673145634068439E-005   191.00665576817585     
   7.0288222903175994E-005   191.00665540427241     
   7.0908730098599205E-005   191.00665503404616     
   7.1534715155941082E-005   191.00665465706277     
   7.2166226433982011E-005   191.00665427352317     
   7.2803312718415644E-005   191.00665388321477     
   7.3446023225617584E-005   191.00665348586108     
   7.4094407606447563E-005   191.00665308149956     
   7.4748515950085088E-005   191.00665267001665     
   7.5408398787898856E-005   191.00665225120468     
   7.6074107097350509E-005   191.00665182496670     
   7.6745692305932713E-005   191.00665139116990     
   7.7423206295142068E-005   191.00665094970435     
   7.8106701404487063E-005   191.00665050033683     
   7.8796230435531411E-005   191.00665004306052     
   7.9491846655973142E-005   191.00664957765781     
   8.0193603803759564E-005   191.00664910399166     
   8.0901556091238775E-005   191.00664862194691     
   8.1615758209347517E-005   191.00664813134313     
   8.2336265331836356E-005   191.00664763199222     
   8.3063133119531851E-005   191.00664712387368     
   8.3796417724636533E-005   191.00664660669725     
   8.4536175795066809E-005   191.00664608036868     
   8.5282464478829070E-005   191.00664554461127     
   8.6035341428434623E-005   191.00664499943133     
   8.6794864805353356E-005   191.00664444456515     
   8.7561093284506907E-005   191.00664387982783     
   8.8334086058801454E-005   191.00664330517202     
   8.9113902843700462E-005   191.00664272025011     
   8.9900603881837849E-005   191.00664212493916     
   9.0694249947671904E-005   191.00664151910689     
   9.1494902352180175E-005   191.00664090249597     
   9.2302622947595985E-005   191.00664027501398     
   9.3117474132186552E-005   191.00663963635589     
   9.3939518855073485E-005   191.00663898635236     
   9.4768820621095705E-005   191.00663832488266     
   9.5605443495715362E-005   191.00663765161232     
   9.6449452109966988E-005   191.00663696642988     
   9.7300911665450441E-005   191.00663626909693     
   9.8159887939367914E-005   191.00663555933573     
   9.9026447289605253E-005   191.00663483706165     
   9.9900656659858395E-005   191.00663410197558     
   1.0078258358480481E-004   191.00663335376709     
   1.0167229619532078E-004   191.00663259240622     
   1.0256986322374461E-004   191.00663181747262     
   1.0347535400918646E-004   191.00663102882606     
   1.0438883850288481E-004   191.00663022616834     
   1.0531038727361044E-004   191.00662940930624     
   1.0624007151311804E-004   191.00662857791764     
   1.0717796304164591E-004   191.00662773178436     
   1.0812413431346418E-004   191.00662687061771     
   1.0907865842247220E-004   191.00662599423208     
   1.1004160910784505E-004   191.00662510222543     
   1.1101306075973028E-004   191.00662419447320     
   1.1199308842499444E-004   191.00662327063355     
   1.1298176781302085E-004   191.00662233035104     
   1.1397917530155828E-004   191.00662137337247     
   1.1498538794262114E-004   191.00662039948844     
   1.1600048346844217E-004   191.00661940830054     
   1.1702454029747729E-004   191.00661839948282     
   1.1805763754046359E-004   191.00661737283974     
   1.1909985500653091E-004   191.00661632801501     
   1.2015127320936721E-004   191.00661526457833     
   1.2121197337343843E-004   191.00661418231653     
   1.2228203744026327E-004   191.00661308082545     
   1.2336154807474352E-004   191.00661195985930     
   1.2445058867154973E-004   191.00661081895174     
   1.2554924336156414E-004   191.00660965785227     
   1.2665759701837952E-004   191.00660847614745     
   1.2777573526485619E-004   191.00660727346428     
   1.2890374447973636E-004   191.00660604941203     
   1.3004171180431724E-004   191.00660480372699     
   1.3118972514918279E-004   191.00660353592343     
   1.3234787320099507E-004   191.00660224558351     
   1.3351624542934552E-004   191.00660093241618     
   1.3469493209366661E-004   191.00659959587733     
   1.3588402425020459E-004   191.00659823566548     
   1.3708361375905394E-004   191.00659685140005     
   1.3829379329125357E-004   191.00659544250567     
   1.3951465633594602E-004   191.00659400864726     
   1.4074629720759965E-004   191.00659254932339     
   1.4198881105329460E-004   191.00659106412684     
   1.4324229386007323E-004   191.00658955257018     
   1.4450684246235530E-004   191.00658801425982     
   1.4578255454941860E-004   191.00658644863358     
   1.4706952867294567E-004   191.00658485520768     
   1.4836786425463728E-004   191.00658323356225     
   1.4967766159389276E-004   191.00658158312172     
   1.5099902187555857E-004   191.00657990338811     
   1.5233204717774498E-004   191.00657819391085     
   1.5367684047971176E-004   191.00657645405386     
   1.5503350566982367E-004   191.00657468337323     
   1.5640214755357606E-004   191.00657288128275     
   1.5778287186169130E-004   191.00657104721199     
   1.5917578525828671E-004   191.00656918063657     
   1.6058099534911464E-004   191.00656728087336     
   1.6199861068987530E-004   191.00656534745758     
   1.6342874079460285E-004   191.00656337979433     
   1.6487149614412562E-004   191.00656137715703     
   1.6632698819460108E-004   191.00655933902237     
   1.6779532938612603E-004   191.00655726474895     
   1.6927663315142289E-004   191.00655515366475     
   1.7077101392460256E-004   191.00655300513858     
   1.7227858715000482E-004   191.00655081847827     
   1.7379946929111658E-004   191.00654859307559     
   1.7533377783956900E-004   191.00654632814303     
   1.7688163132421406E-004   191.00654402306350     
   1.7844314932028094E-004   191.00654167706881     
   1.8001845245861378E-004   191.00653928947196     
   1.8160766243499057E-004   191.00653685953637     
   1.8321090201952426E-004   191.00653438647385     
   1.8482829506614740E-004   191.00653186956163     
   1.8645996652217971E-004   191.00652930796639     
   1.8810604243798090E-004   191.00652670094769     
   1.8976664997668815E-004   191.00652404768221     
   1.9144191742403988E-004   191.00652134736549     
   1.9313197419828601E-004   191.00651859912341     
   1.9483695086018583E-004   191.00651580212826     
   1.9655697912309415E-004   191.00651295553956     
   1.9829219186313655E-004   191.00651005844537     
   2.0004272312947415E-004   191.00650710996308     
   2.0180870815465941E-004   191.00650410915154     
   2.0359028336508302E-004   191.00650105509749     
   2.0538758639151333E-004   191.00649794690037     
   2.0720075607972836E-004   191.00649478355501     
   2.0902993250124222E-004   191.00649156406695     
   2.1087525696412588E-004   191.00648828748132     
   2.1273687202392341E-004   191.00648495280859     
   2.1461492149466493E-004   191.00648155892213     
   2.1650955045997641E-004   191.00647810484850     
   2.1842090528428781E-004   191.00647458946082     
   2.2034913362413999E-004   191.00647101175412     
   2.2229438443959168E-004   191.00646737058287     
   2.2425680800572661E-004   191.00646366479066     
   2.2623655592426316E-004   191.00645989328228     
   2.2823378113526543E-004   191.00645605484812     
   2.3024863792895853E-004   191.00645214829359     
   2.3228128195764767E-004   191.00644817248269     
   2.3433187024774279E-004   191.00644412608847     
   2.3640056121188914E-004   191.00644000795705     
   2.3848751466120494E-004   191.00643581672699     
   2.4059289181762740E-004   191.00643155116370     
   2.4271685532636721E-004   191.00642720991073     
   2.4485956926847345E-004   191.00642279166300     
   2.4702119917350906E-004   191.00641829499131     
   2.4920191203233860E-004   191.00641371857404     
   2.5140187631002850E-004   191.00640906094844     
   2.5362126195886128E-004   191.00640432071322     
   2.5586024043146505E-004   191.00639949636678     
   2.5811898469405849E-004   191.00639458640887     
   2.6039766923981276E-004   191.00638958935292     
   2.6269647010233155E-004   191.00638450366682     
   2.6501556486925040E-004   191.00637932772787     
   2.6735513269595502E-004   191.00637405998191     
   2.6971535431942240E-004   191.00636869873767     
   2.7209641207218225E-004   191.00636324239844     
   2.7449848989640331E-004   191.00635768927179     
   2.7692177335810299E-004   191.00635203759640     
   2.7936644966148260E-004   191.00634628567252     
   2.8183270766338967E-004   191.00634043165616     
   2.8432073788790737E-004   191.00633447379050     
   2.8683073254107296E-004   191.00632841024435     
   2.8936288552572619E-004   191.00632223909594     
   2.9191739245648858E-004   191.00631595846977     
   2.9449445067487536E-004   191.00630956640344     
   2.9709425926454042E-004   191.00630306091244     
   2.9971701906665582E-004   191.00629644001651     
   3.0236293269542749E-004   191.00628970163677     
   3.0503220455374759E-004   191.00628284371004     
   3.0772504084898496E-004   191.00627586409996     
   3.1044164960891517E-004   191.00626876064587     
   3.1318224069779130E-004   191.00626153116116     
   3.1594702583255622E-004   191.00625417338762     
   3.1873621859919828E-004   191.00624668508834     
   3.2155003446925144E-004   191.00623906390717     
   3.2438869081644062E-004   191.00623130750489     
   3.2725240693347486E-004   191.00622341347804     
   3.3014140404898746E-004   191.00621537938468     
   3.3305590534462719E-004   191.00620720272889     
   3.3599613597229888E-004   191.00619888100169     
   3.3896232307155741E-004   191.00619041160598     
   3.4195469578715451E-004   191.00618179193515     
   3.4497348528674069E-004   191.00617301931157     
   3.4801892477872383E-004   191.00616409104339     
   3.5109124953028461E-004   191.00615500434185     
   3.5419069688555165E-004   191.00614575638423     
   3.5731750628393687E-004   191.00613634436991     
   3.6047191927863277E-004   191.00612676532160     
   3.6365417955527292E-004   191.00611701629327     
   3.6686453295075731E-004   191.00610709427366     
   3.7010322747224351E-004   191.00609699619781     
   3.7337051331630638E-004   191.00608671893752     
   3.7666664288826568E-004   191.00607625930564     
   3.7999187082168547E-004   191.00606561406073     
   3.8334645399804468E-004   191.00605477994088     
   3.8673065156658238E-004   191.00604375354402     
   3.9014472496431691E-004   191.00603253149291     
   3.9358893793624327E-004   191.00602111030082     
   3.9706355655570735E-004   191.00600948642710     
   4.0056884924496121E-004   191.00599765629585     
   4.0410508679589895E-004   191.00598561623463     
   4.0767254239097630E-004   191.00597336249291     
   4.1127149162431428E-004   191.00596089132682     
   4.1490221252298980E-004   191.00594819881337     
   4.1856498556851364E-004   191.00593528108027     
   4.2226009371849844E-004   191.00592213410636     
   4.2598782242851782E-004   191.00590875382665     
   4.2974845967415825E-004   191.00589513609316     
   4.3354229597326622E-004   191.00588127668550     
   4.3736962440839088E-004   191.00586717132933     
   4.4123074064942610E-004   191.00585281564884     
   4.4512594297645082E-004   191.00583820520700     
   4.4905553230277235E-004   191.00582333546470     
   4.5301981219817258E-004   191.00580820184348     
   4.5701908891235932E-004   191.00579279961846     
   4.6105367139862480E-004   191.00577712408261     
   4.6512387133771320E-004   191.00576117031670     
   4.6923000316189832E-004   191.00574493344004     
   4.7337238407927474E-004   191.00572840837322     
   4.7755133409826229E-004   191.00571159003027     
   4.8176717605232796E-004   191.00569447321271     
   4.8602023562492499E-004   191.00567705259743     
   4.9031084137465331E-004   191.00565932279790     
   4.9463932476064075E-004   191.00564127833030     
   4.9900602016814957E-004   191.00562291360194     
   5.0341126493440823E-004   191.00560422292762     
   5.0785539937467144E-004   191.00558520053994     
   5.1233876680851045E-004   191.00556584052578     
   5.1686171358633496E-004   191.00554613686529     
   5.2142458911615000E-004   191.00552608351364     
   5.2602774589054831E-004   191.00550567423619     
   5.3067153951394050E-004   191.00548490269000     
   5.3535632873002732E-004   191.00546376246251     
   5.4008247544951320E-004   191.00544224703651     
   5.4485034477806411E-004   191.00542034969794     
   5.4966030504451340E-004   191.00539806368221     
   5.5451272782931576E-004   191.00537538211074     
   5.5940798799325279E-004   191.00535229793377     
   5.6434646370639183E-004   191.00532880400465     
   5.6932853647730032E-004   191.00530489305891     
   5.7435459118251853E-004   191.00528055768694     
   5.7942501609629167E-004   191.00525579034473     
   5.8454020292056570E-004   191.00523058335557     
   5.8970054681524637E-004   191.00520492893207     
   5.9490644642872664E-004   191.00517881910844     
   6.0015830392868349E-004   191.00515224581977     
   6.0545652503314542E-004   191.00512520081281     
   6.1080151904183632E-004   191.00509767571077     
   6.1619369886779351E-004   191.00506966200260     
   6.2163348106926712E-004   191.00504115099994     
   6.2712128588189998E-004   191.00501213386536     
   6.3265753725119146E-004   191.00498260162362     
   6.3824266286524882E-004   191.00495254512447     
   6.4387709418782611E-004   191.00492195504580     
   6.4956126649165719E-004   191.00489082191501     
   6.5529561889208013E-004   191.00485913608622     
   6.6108059438096066E-004   191.00482688774315     
   6.6691663986091407E-004   191.00479406689755     
   6.7280420617982966E-004   191.00476066337751     
   6.7874374816569931E-004   191.00472666682231     
   6.8473572466175477E-004   191.00469206672051     
   6.9078059856191357E-004   191.00465685233257     
   6.9687883684653874E-004   191.00462101275014     
   7.0303091061851483E-004   191.00458453688327     
   7.0923729513964074E-004   191.00454741340042     
   7.1549846986734551E-004   191.00450963081994     
   7.2181491849172700E-004   191.00447117742840     
   7.2818712897291843E-004   191.00443204130244     
   7.3461559357878409E-004   191.00439221032116     
   7.4110080892294855E-004   191.00435167212606     
   7.4764327600316085E-004   191.00431041416942     
   7.5424350023999790E-004   191.00426842365897     
   7.6090199151590912E-004   191.00422568757722     
   7.6761926421460667E-004   191.00418219267669     
   7.7439583726080213E-004   191.00413792547636     
   7.8123223416029454E-004   191.00409287226478     
   7.8812898304041331E-004   191.00404701906245     
   7.9508661669081622E-004   191.00400035166507     
   8.0210567260464917E-004   191.00395285560546     
   8.0918669302006889E-004   191.00390451615601     
   8.1633022496213159E-004   191.00385531832711     
   8.2353682028505259E-004   191.00380524687614     
   8.3080703571483748E-004   191.00375428627615     
   8.3814143289229106E-004   191.00370242071722     
   8.4554057841640547E-004   191.00364963413688     
   8.5300504388813076E-004   191.00359591015143     
   8.6053540595453263E-004   191.00354123211531     
   8.6813224635333994E-004   191.00348558306621     
   8.7579615195788505E-004   191.00342894575118     
   8.8352771482244098E-004   191.00337130261181     
   8.9132753222795943E-004   191.00331263576891     
   8.9919620672821170E-004   191.00325292702968     
   9.0713434619633720E-004   191.00319215787169     
   9.1514256387180382E-004   191.00313030946035     
   9.2322147840778149E-004   191.00306736260319     
   9.3137171391893434E-004   191.00300329778128     
   9.3959390002963520E-004   191.00293809512880     
   9.4788867192260634E-004   191.00287173441961     
   9.5625667038798726E-004   191.00280419506834     
   9.6469854187283843E-004   191.00273545612413     
   9.7321493853108035E-004   191.00266549627020     
   9.8180651827387412E-004   191.00259429379184     
   9.9047394482044602E-004   191.00252182660483     
   9.9921788774936203E-004   191.00244807224419     
   1.0080390225502541E-003   191.00237300780850     
   1.0169380306760030E-003   191.00229661000941     
   1.0259155995953825E-003   191.00221885516305     
   1.0349724228461675E-003   191.00213971912592     
   1.0441092000887122E-003   191.00205917735110     
   1.0533266371599993E-003   191.00197720484493     
   1.0626254461281682E-003   191.00189377616846     
   1.0720063453475244E-003   191.00180886543660     
   1.0814700595140325E-003   191.00172244629687     
   1.0910173197213027E-003   191.00163449193224     
   1.1006488635170674E-003   191.00154497504167     
   1.1103654349601600E-003   191.00145386785391     
   1.1201677846779941E-003   191.00136114207760     
   1.1300566699245515E-003   191.00126676893973     
   1.1400328546388829E-003   191.00117071914627     
   1.1500971095041220E-003   191.00107296287729     
   1.1602502120070237E-003   191.00097346979635     
   1.1704929464980266E-003   191.00087220901537     
   1.1808261042518461E-003   191.00076914909062     
   1.1912504835286015E-003   191.00066425803709     
   1.2017668896354839E-003   191.00055750328374     
   1.2123761349889684E-003   191.00044885168421     
   1.2230790391775737E-003   191.00033826950585     
   1.2338764290251794E-003   191.00022572240914     
   1.2447691386548978E-003   191.00011117544790     
   1.2557580095535134E-003   190.99999459305292     
   1.2668438906364890E-003   190.99987593901949     
   1.2780276383135461E-003   190.99975517649392     
   1.2893101165548258E-003   190.99963226797144     
   1.3006921969576303E-003   190.99950717528515     
   1.3121747588137585E-003   190.99937985958331     
   1.3237586891774306E-003   190.99925028130468     
   1.3354448829338171E-003   190.99911840021315     
   1.3472342428681695E-003   190.99898417533552     
   1.3591276797355637E-003   190.99884756497471     
   1.3711261123312561E-003   190.99870852669164     
   1.3832304675616650E-003   190.99856701728669     
   1.3954416805159742E-003   190.99842299280010     
   1.4077606945383716E-003   190.99827640847059     
   1.4201884613009249E-003   190.99812721876106     
   1.4327259408771003E-003   190.99797537730910     
   1.4453741018159304E-003   190.99782083692787     
   1.4581339212168364E-003   190.99766354959303     
   1.4710063848051118E-003   190.99750346641497     
   1.4839924870080716E-003   190.99734053765383     
   1.4970932310318741E-003   190.99717471265677     
   1.5103096289390218E-003   190.99700593987950     
   1.5236427017265438E-003   190.99683416687276     
   1.5370934794048719E-003   190.99665934022562     
   1.5506630010774099E-003   190.99648140559475     
   1.5643523150208076E-003   190.99630030766144     
   1.5781624787659420E-003   190.99611599011450     
   1.5920945591796148E-003   190.99592839565344     
   1.6061496325469691E-003   190.99573746594467     
   1.6203287846546361E-003   190.99554314161321     
   1.6346331108746139E-003   190.99534536223666     
   1.6490637162488878E-003   190.99514406629874     
   1.6636217155747968E-003   190.99493919120016     
   1.6783082334911549E-003   190.99473067321878     
   1.6931244045651319E-003   190.99451844749512     
   1.7080713733799008E-003   190.99430244801277     
   1.7231502946230604E-003   190.99408260758383     
   1.7383623331758366E-003   190.99385885781743     
   1.7537086642030726E-003   190.99363112909896     
   1.7691904732440131E-003   190.99339935057549     
   1.7848089563038902E-003   190.99316345013165     
   1.8005653199463165E-003   190.99292335436036     
   1.8164607813864961E-003   190.99267898854868     
   1.8324965685852569E-003   190.99243027665239     
   1.8486739203439127E-003   190.99217714126678     
   1.8649940863999649E-003   190.99191950360228     
   1.8814583275236457E-003   190.99165728346776     
   1.8980679156153171E-003   190.99139039924432     
   1.9148241338037277E-003   190.99111876784673     
   1.9317282765451359E-003   190.99084230471431     
   1.9487816497233130E-003   190.99056092377276     
   1.9659855707504213E-003   190.99027453740825     
   1.9833413686687913E-003   190.98998305646148     
   2.0008503842535896E-003   190.98968639015118     
   2.0185139701164008E-003   190.98938444610462     
   2.0363334908097162E-003   190.98907713027580     
   2.0543103229323503E-003   190.98876434695194     
   2.0724458552357867E-003   190.98844599871052     
   2.0907414887314617E-003   190.98812198638484     
   2.1091986367989951E-003   190.98779220904152     
   2.1278187252953781E-003   190.98745656394323     
   2.1466031926651225E-003   190.98711494650757     
   2.1655534900513855E-003   190.98676725030725     
   2.1846710814080739E-003   190.98641336699040     
   2.2039574436129358E-003   190.98605318627591     
   2.2234140665816546E-003   190.98568659592081     
   2.2430424533829486E-003   190.98531348166563     
   2.2628441203546850E-003   190.98493372721697     
   2.2828205972210210E-003   190.98454721419745     
   2.3029734272105805E-003   190.98415382212272     
   2.3233041671756687E-003   190.98375342834396     
   2.3438143877125444E-003   190.98334590802540     
   2.3645056732827532E-003   190.98293113410489     
   2.3853796223355277E-003   190.98250897723938     
   2.4064378474312740E-003   190.98207930578042     
   2.4276819753661456E-003   190.98164198572346     
   2.4491136472977156E-003   190.98119688067038     
   2.4707345188717611E-003   190.98074385178074     
   2.4925462603501637E-003   190.98028275773356     
   2.5145505567399449E-003   190.97981345468025     
   2.5367491079234332E-003   190.97933579620167     
   2.5591436287895849E-003   190.97884963325475     
   2.5817358493664642E-003   190.97835481413296     
   2.6045275149548905E-003   190.97785118442243     
   2.6275203862632674E-003   190.97733858693772     
   2.6507162395436024E-003   190.97681686168721     
   2.6741168667287242E-003   190.97628584581344     
   2.6977240755707158E-003   190.97574537354535     
   2.7215396897805671E-003   190.97519527615111     
   2.7455655491690593E-003   190.97463538187117     
   2.7698035097888955E-003   190.97406551588153     
   2.7942554440780871E-003   190.97348550021616     
   2.8189232410045983E-003   190.97289515374052     
   2.8438088062122807E-003   190.97229429205890     
   2.8689140621680816E-003   190.97168272749110     
   2.8942409483105635E-003   190.97106026899007     
   2.9197914211997284E-003   190.97042672208448     
   2.9455674546681682E-003   190.96978188883043     
   2.9715710399735445E-003   190.96912556773054     
   2.9978041859524207E-003   190.96845755368139     
   3.0242689191754494E-003   190.96777763791016     
   3.0509672841039265E-003   190.96708560790296     
   3.0779013432477346E-003   190.96638124733499     
   3.1050731773246730E-003   190.96566433601072     
   3.1324848854212013E-003   190.96493464978630     
   3.1601385851545956E-003   190.96419196051090     
   3.1880364128365410E-003   190.96343603593505     
   3.2161805236381653E-003   190.96266663965071     
   3.2445730917565335E-003   190.96188353101530     
   3.2732163105826063E-003   190.96108646507355     
   3.3021123928706872E-003   190.96027519247997     
   3.3312635709093603E-003   190.95944945941301     
   3.3606720966939422E-003   190.95860900751143     
   3.3903402421004516E-003   190.95775357377295     
   3.4202702990611200E-003   190.95688289048667     
   3.4504645797414448E-003   190.95599668513512     
   3.4809254167188120E-003   190.95509468032031     
   3.5116551631626928E-003   190.95417659366103     
   3.5426561930164305E-003   190.95324213772386     
   3.5739309011806335E-003   190.95229101990810     
   3.6054817036981881E-003   190.95132294236339     
   3.6373110379409003E-003   190.95033760191063     
   3.6694213627977922E-003   190.94933468991508     
   3.7018151588650533E-003   190.94831389221156     
   3.7344949286376751E-003   190.94727488899605     
   3.7674631967027712E-003   190.94621735472253     
   3.8007225099346126E-003   190.94514095800855     
   3.8342754376913739E-003   190.94404536151490     
   3.8681245720136258E-003   190.94293022185411     
   3.9022725278245744E-003   190.94179518947067     
   3.9367219431320722E-003   190.94063990852794     
   3.9714754792324067E-003   190.93946401680785     
   4.0065358209158955E-003   190.93826714558764     
   4.0419056766742888E-003   190.93704891951529     
   4.0775877789100108E-003   190.93580895649956     
   4.1135848841472398E-003   190.93454686758992     
   4.1498997732448582E-003   190.93326225684245     
   4.1865352516112803E-003   190.93195472120203     
   4.2234941494211772E-003   190.93062385037314     
   4.2607793218341116E-003   190.92926922668568     
   4.2983936492151072E-003   190.92789042496082     
   4.3363400373571661E-003   190.92648701238323     
   4.3746214177057411E-003   190.92505854835088     
   4.4132407475852026E-003   190.92360458434513     
   4.4522010104272982E-003   190.92212466378191     
   4.4915052160016261E-003   190.92061832187244     
   4.5311564006481507E-003   190.91908508546192     
   4.5711576275117632E-003   190.91752447288894     
   4.6115119867789203E-003   190.91593599383265     
   4.6522225959163633E-003   190.91431914914898     
   4.6932925999119569E-003   190.91267343071365     
   4.7347251715176373E-003   190.91099832126304     
   4.7765235114945225E-003   190.90929329422261     
   4.8186908488601762E-003   190.90755781354574     
   4.8612304411380551E-003   190.90579133353674     
   4.9041455746091592E-003   190.90399329867671     
   4.9474395645659084E-003   190.90216314344894     
   4.9911157555682555E-003   190.90030029215268     
   5.0351775217020566E-003   190.89840415872675     
   5.0796282668397344E-003   190.89647414655110     
   5.1244714249032274E-003   190.89450964826608     
   5.1697104601292759E-003   190.89251004557127     
   5.2153488673370345E-003   190.89047470902722     
   5.2613901721980617E-003   190.88840299785886     
   5.3078379315086811E-003   190.88629425974477     
   5.3546957334647538E-003   190.88414783060819     
   5.4019671979388794E-003   190.88196303440941     
   5.4496559767600299E-003   190.87973918292016     
   5.4977657539956679E-003   190.87747557551108     
   5.5463002462363513E-003   190.87517149892057     
   5.5952632028828430E-003   190.87282622703071     
   5.6446584064357656E-003   190.87043902062703     
   5.6944896727878025E-003   190.86800912716910     
   5.7447608515184909E-003   190.86553578054270     
   5.7954758261916052E-003   190.86301820081508     
   5.8466385146551756E-003   190.86045559398849     
   5.8982528693441467E-003   190.85784715173645     
   5.9503228775857168E-003   190.85519205115020     
   6.0028525619073621E-003   190.85248945447097     
   6.0558459803475920E-003   190.84973850882142     
   6.1093072267694387E-003   190.84693834593008     
   6.1632404311767197E-003   190.84408808185344     
   6.2176497600330847E-003   190.84118681669003     
   6.2725394165838921E-003   190.83823363428951     
   6.3279136411809149E-003   190.83522760195842     
   6.3837767116099150E-003   190.83216777015912     
   6.4401329434211211E-003   190.82905317220531     
   6.4969866902626038E-003   190.82588282394698     
   6.5543423442166121E-003   190.82265572345688     
   6.6122043361388702E-003   190.81937085070120     
   6.6705771360008707E-003   190.81602716721869     
   6.7294652532351885E-003   190.81262361577717     
   6.7888732370838490E-003   190.80915912003780     
   6.8488056769497631E-003   190.80563258420284     
   6.9092672027512743E-003   190.80204289266800     
   6.9702624852798220E-003   190.79838890965351     
   7.0317962365607795E-003   190.79466947884481     
   7.0938732102174672E-003   190.79088342301270     
   7.1564982018383749E-003   190.78702954363638     
   7.2196760493476383E-003   190.78310662051422     
   7.2834116333787783E-003   190.77911341136939     
   7.3477098776517378E-003   190.77504865144647     
   7.4125757493532568E-003   190.77091105310296     
   7.4780142595205898E-003   190.76669930539458     
   7.5440304634286307E-003   190.76241207364581     
   7.6106294609804368E-003   190.75804799902261     
   7.6778163971012083E-003   190.75360569808538     
   7.7455964621357494E-003   190.74908376235021     
   7.8139748922494319E-003   190.74448075782300     
   7.8829569698327037E-003   190.73979522453959     
   7.9525480239091579E-003   190.73502567609074     
   8.0227534305472199E-003   190.73017059913809     
   8.0935786132754605E-003   190.72522845292809     
   8.1650290435015746E-003   190.72019766878657     
   8.2371102409350520E-003   190.71507664961251     
   8.3098277740136055E-003   190.70986376935832     
   8.3831872603333281E-003   190.70455737250086     
   8.4571943670826728E-003   190.69915577350719     
   8.5318548114802547E-003   190.69365725628035     
   8.6071743612165224E-003   190.68806007360831     
   8.6831588348993214E-003   190.68236244659226     
   8.7598141025033924E-003   190.67656256406968     
   8.8371460858238521E-003   190.67065858202341     
   8.9151607589336487E-003   190.66464862298392     
   8.9938641486450848E-003   190.65853077541584     
   9.0732623349754002E-003   190.65230309309965     
   9.1533614516164652E-003   190.64596359449581     
   9.2341676864086224E-003   190.63951026209793     
   9.3156872818187103E-003   190.63294104177834     
   9.3979265354223150E-003   190.62625384211879     
   9.4808918003902662E-003   190.61944653372888     
   9.5645894859794304E-003   190.61251694855156     
   9.6490260580278479E-003   190.60546287915713     
   9.7342080394542414E-003   190.59828207802258     
   9.8201420107618988E-003   190.59097225680136     
   9.9068346105470641E-003   190.58353108557486     
   9.9942925360117646E-003   190.57595619209337     
   1.0082522543481187E-002   190.56824516100210     
   1.0171531448925632E-002   190.56039553305322     
   1.0261326128487045E-002   190.55240480430496     
   1.0351913519010226E-002   190.54427042530006     
   1.0443300618578715E-002   190.53598980023946     
   1.0535494487055408E-002   190.52756028613044     
   1.0628502246627944E-002   190.51897919192459     
   1.0722331082358920E-002   190.51024377764134     
   1.0816988242740948E-002   190.50135125346969     
   1.0912481040256616E-002   190.49229877885949     
   1.1008816851943392E-002   190.48308346159212     
   1.1106003119963530E-002   190.47370235683690     
   1.1204047352178975E-002   190.46415246618545     
   1.1302957122731380E-002   190.45443073667781     
   1.1402740072627215E-002   190.44453405979743     
   1.1503403910328055E-002   190.43445927046207     
   1.1604956412346079E-002   190.42420314598252     
   1.1707405423844817E-002   190.41376240501421     
   1.1810758859245221E-002   190.40313370648232     
   1.1915024702837049E-002   190.39231364848757     
   1.2020211009395692E-002   190.38129876719722     
   1.2126325904804412E-002   190.37008553570996     
   1.2233377586682088E-002   190.35867036290347     
   1.2341374325016504E-002   190.34704959225769     
   1.2450324462803213E-002   190.33521950066216     
   1.2560236416690070E-002   190.32317629719569     
   1.2671118677627425E-002   190.31091612188828     
   1.2782979811524068E-002   190.29843504445540     
   1.2895828459908974E-002   190.28572906301622     
   1.3009673340598870E-002   190.27279410278203     
   1.3124523248371718E-002   190.25962601472355     
   1.3240387055646121E-002   190.24622057421482     
   1.3357273713166744E-002   190.23257347964829     
   1.3475192250695779E-002   190.21868035103387     
   1.3594151777710509E-002   190.20453672855865     
   1.3714161484107049E-002   190.19013807113498     
   1.3835230640910268E-002   190.17547975491084     
   1.3957368600990016E-002   190.16055707175997     
   1.4080584799783641E-002   190.14536522774074     
   1.4204888756024901E-002   190.12989934153143     
   1.4330290072479318E-002   190.11415444283170     
   1.4456798436685998E-002   190.09812547073903     
   1.4584423621706024E-002   190.08180727209401     
   1.4713175486877450E-002   190.06519459979648     
   1.4843063978576950E-002   190.04828211109248     
   1.4974099130988209E-002   190.03106436582556     
   1.5106291066877072E-002   190.01353582466396     
   1.5239649998373560E-002   189.99569084728728     
   1.5374186227760786E-002   189.97752369054854     
   1.5509910148270816E-002   189.95902850659650     
   1.5646832244887582E-002   189.94019934097065     
   1.5784963095156868E-002   189.92103013065378     
   1.5924313370003440E-002   189.90151470209810     
   1.6064893834555415E-002   189.88164676921082     
   1.6206715348975879E-002   189.86141993130519     
   1.6349788869301871E-002   189.84082767101199     
   1.6494125448290747E-002   189.81986335216129     
   1.6639736236274051E-002   189.79852021761610     
   1.6786632482018882E-002   189.77679138707532     
   1.6934825533596903E-002   189.75466985483490     
   1.7084326839260994E-002   189.73214848750615     
   1.7235147948329671E-002   189.70922002169925     
   1.7387300512079280E-002   189.68587706166215     
   1.7540796284644094E-002   189.66211207687508     
   1.7695647123924348E-002   189.63791739960834     
   1.7851864992502284E-002   189.61328522243235     
   1.8009461958566297E-002   189.58820759568584     
   1.8168450196843208E-002   189.56267642489672     
   1.8328841989538824E-002   189.53668346816170     
   1.8490649727286739E-002   189.51022033347533     
   1.8653885910105542E-002   189.48327847601604     
   1.8818563148364487E-002   189.45584919538106     
   1.8984694163757660E-002   189.42792363277385     
   1.9152291790286761E-002   189.39949276814582     
   1.9321368975252561E-002   189.37054741728099     
   1.9491938780255121E-002   189.34107822883715     
   1.9664014382202805E-002   189.31107568133149     
   1.9837609074330253E-002   189.28053008007379     
   2.0012736267225304E-002   189.24943155404787     
   2.0189409489864984E-002   189.21777005273918     
   2.0367642390660672E-002   189.18553534290521     
   2.0547448738512452E-002   189.15271700529308     
   2.0728842423872799E-002   189.11930443129904     
   2.0911837459819647E-002   189.08528681957080     
   2.1096447983138943E-002   189.05065317255230     
   2.1282688255416734E-002   189.01539229296839     
   2.1470572664140892E-002   188.97949278025033     
   2.1660115723812618E-002   188.94294302690059     
   2.1851332077067694E-002   188.90573121479531     
   2.2044236495807661E-002   188.86784531142411     
   2.2238843882341000E-002   188.82927306606797     
   2.2435169270534339E-002   188.79000200590997     
   2.2633227826973887E-002   188.75001943208542     
   2.2833034852137068E-002   188.70931241565802     
   2.3034605781574520E-002   188.66786779353851     
   2.3237956187102532E-002   188.62567216432836     
   2.3443101778005997E-002   188.58271188409662     
   2.3650058402251994E-002   188.53897306208728     
   2.3858842047714077E-002   188.49444155635695     
   2.4069468843407375E-002   188.44910296933773     
   2.4281955060734606E-002   188.40294264333119     
   2.4496317114743062E-002   188.35594565592646     
   2.4712571565392718E-002   188.30809681534424     
   2.4930735118835527E-002   188.25938065570710     
   2.5150824628706013E-002   188.20978143223022     
   2.5372857097423249E-002   188.15928311634019     
   2.5596849677504325E-002   188.10786939071011     
   2.5822819672889429E-002   188.05552364421959     
   2.6050784540278610E-002   188.00222896683385     
   2.6280761890480366E-002   187.94796814440133     
   2.6512769489772086E-002   187.89272365337138     
   2.6746825261272568E-002   187.83647765542719     
   2.6982947286326598E-002   187.77921199203877     
   2.7221153805901788E-002   187.72090817892774     
   2.7461463221997738E-002   187.66154740045096     
   2.7703894099067605E-002   187.60111050389571     
   2.7948465165452289E-002   187.53957799368965     
   2.8195195314827209E-002   187.47693002552319     
   2.8444103607661891E-002   187.41314640038280     
   2.8695209272692437E-002   187.34820655849751     
   2.8948531708406996E-002   187.28208957319492     
   2.9204090484544327E-002   187.21477414466449     
   2.9461905343605609E-002   187.14623859363422     
   2.9721996202379607E-002   187.07646085495344     
   2.9984383153481259E-002   187.00541847108303     
   3.0249086466903930E-002   186.93308858549398     
   3.0516126591585247E-002   186.85944793597275     
   3.0785524156986901E-002   186.78447284783169     
   3.1057299974688250E-002   186.70813922702661     
   3.1331475039994117E-002   186.63042255317936     
   3.1608070533556673E-002   186.55129787250422     
   3.1887107823011747E-002   186.47073979064180     
   3.2168608464629482E-002   186.38872246539387     
   3.2452594204979632E-002   186.30521959936488     
   3.2739086982611514E-002   186.22020443250705     
   3.3028108929748813E-002   186.13364973456885     
   3.3319682373999390E-002   186.04552779744819     
   3.3613829840080059E-002   185.95581042744800     
   3.3910574051556751E-002   185.86446893743914     
   3.4209937932599924E-002   185.77147413892374     
   3.4511944609755520E-002   185.67679633400638     
   3.4816617413731515E-002   185.58040530726743     
   3.5123979881200321E-002   185.48227031754425     
   3.5434055756616997E-002   185.38236008961638     
   3.5746868994053604E-002   185.28064280579821     
   3.6062443759049677E-002   185.17708609743977     
   3.6380804430479086E-002   185.07165703633251     
   3.6701975602433365E-002   184.96432212602843     
   3.7025982086121664E-002   184.85504729306672     
   3.7352848911787438E-002   184.74379787811154     
   3.7682601330642128E-002   184.63053862700485     
   3.8015264816815872E-002   184.51523368173076     
   3.8350865069325425E-002   184.39784657129769     
   3.8689428014059446E-002   184.27834020253755     
   3.9030979805781407E-002   184.15667685082417     
   3.9375546830150022E-002   184.03281815071352     
   3.9723155705757664E-002   183.90672508650906     
   4.0073833286186647E-002   183.77835798275129     
   4.0427606662083816E-002   183.64767649463846     
   4.0784503163253272E-002   183.51463959837784     
   4.1144550360767716E-002   183.37920558147326     
   4.1507776069098376E-002   183.24133203294912     
   4.1874208348263692E-002   183.10097583351762     
   4.2243875505997092E-002   182.95809314569135     
   4.2616806099933749E-002   182.81263940384457     
   4.2993028939816783E-002   182.66456930422834     
   4.3372573089722859E-002   182.51383679494458     
   4.3755467870307450E-002   182.36039506588168     
   4.4141742861069921E-002   182.20419653862038     
   4.4531427902638636E-002   182.04519285630991     
   4.4924553099076184E-002   181.88333487352571     
   4.5321148820205007E-002   181.71857264611114     
   4.5721245703953549E-002   181.55085542101057     
   4.6124874658723065E-002   181.38013162610002     
   4.6532066865775414E-002   181.20634886002412     
   4.6942853781641841E-002   181.02945388204412     
   4.7357267140553098E-002   180.84939260190700     
   4.7775338956890977E-002   180.66611006974307     
   4.8197101527661483E-002   180.47955046599932     
   4.8622587434989858E-002   180.28965709142182     
   4.9051829548637634E-002   180.09637235709044     
   4.9484861028541889E-002   179.89963777452127     
   4.9921715327376937E-002   179.69939394584517     
   5.0362426193138583E-002   179.49558055407260     
   5.0807027671751312E-002   179.28813635345745     
   5.1255554109698336E-002   179.07699915997139     
   5.1708040156674982E-002   178.86210584190241     
   5.2164520768265457E-002   178.64339231058790     
   5.2625031208643223E-002   178.42079351129993     
   5.3089607053295268E-002   178.19424341429331     
   5.3558284191770368E-002   177.96367500603480     
   5.4031098830451652E-002   177.72902028062617     
   5.4508087495353616E-002   177.49021023144019     
   5.4989287034943872E-002   177.24717484298378     
   5.5474734622989699E-002   176.99984308300915     
   5.5964467761429930E-002   176.74814289488819     
   5.6458524283271916E-002   176.49200119027267     
   5.6956942355514337E-002   176.23134384205761     
   5.7459760482095605E-002   175.96609567766995     
   5.7967017506868439E-002   175.69618047270473     
   5.8478752616600599E-002   175.42152094492937     
   5.8995005344002170E-002   175.14203874868286     
   5.9515815570779576E-002   174.85765446968998     
   6.0041223530716503E-002   174.56828762031932     
   6.0571269812782054E-002   174.27385663531027     
   6.1105995364266349E-002   173.97427886799494     
   6.1645441493943812E-002   173.66947058704608     
   6.2189649875264319E-002   173.35934697377678     
   6.2738662549572638E-002   173.04382212002474     
   6.3292521929356152E-002   172.72280902665347     
   6.3851270801521379E-002   172.39621960269818     
   6.4414952330699285E-002   172.06396466519604     
   6.4983610062579938E-002   171.72595393973160     
   6.5557287927276470E-002   171.38209606173459     
   6.6136030242718732E-002   171.03229857856795     
   6.6719881718077051E-002   170.67646795244340     
   6.7308887457216054E-002   170.31450956420406     
   6.7903092962179057E-002   169.94632771801821     
   6.8502544136703203E-002   169.57182564702168     
   6.9107287289765618E-002   169.19090551995572     
   6.9717369139160906E-002   168.80346844884485     
   7.0332836815110239E-002   168.40941449776003     
   7.0953737863902161E-002   168.00864269271639     
   7.1580120251565765E-002   167.60105103275231     
   7.2212032367576159E-002   167.18653650224223     
   7.2849523028592572E-002   166.76499508449524     
   7.3492641482229670E-002   166.33632177669094     
   7.4141437410862002E-002   165.90041060620956     
   7.4795960935462036E-002   165.45715464841066     
   7.5456262619472178E-002   165.00644604591977     
   7.6122393472710909E-002   164.54817602948106     
   7.6794404955313339E-002   164.08223494043690     
   7.7472348981706740E-002   163.60851225489691     
   7.8156277924620945E-002   163.12689660965950     
   7.8846244619134323E-002   162.63727582995105     
   7.9542302366755371E-002   162.13953695904945     
   8.0244504939540440E-002   161.63356628985932     
   8.0952906584247669E-002   161.11924939850888     
   8.1667562026527737E-002   160.59647118003849     
   8.2388526475151491E-002   160.06511588625321     
   8.3115855626275006E-002   159.52506716581280     
   8.3849605667742189E-002   158.97620810663301     
   8.4589833283425481E-002   158.41842128067455     
   8.5336595657604708E-002   157.85158879119732     
   8.6089950479384864E-002   157.27559232255680     
   8.6849955947152530E-002   156.69031319262166     
   8.7616670773071989E-002   156.09563240789439     
   8.8390154187620820E-002   155.49143072141439     
   8.9170465944165556E-002   154.87758869352552     
   8.9957666323577851E-002   154.25398675559180     
   9.0751816138891189E-002   153.62050527674259     
   9.1552976739998973E-002   152.97702463373344     
   9.2361210018393841E-002   152.32342528400324     
   9.3176578411948971E-002   151.65958784201547     
   9.3999144909741553E-002   150.98539315896588     
   9.4828973056918800E-002   150.30072240594063     
   9.5666126959607009E-002   149.60545716061122     
   9.6510671289863834E-002   148.89947949754665     
   9.7362671290674482E-002   148.18267208222852     
   9.8222192780991729E-002   147.45491826885055     
   9.9089302160820680E-002   146.71610220198269     
   9.9964066416348266E-002   145.96610892218155     
  0.10084655312511814        145.20482447562438     
  0.10173683046125119        144.43213602784272     
  0.10263496720071207        143.64793198163264     
  0.10354103272662238        142.85210209921090     
  0.10445509703462065        142.04453762868857     
  0.10537723073826964        141.22513143492759     
  0.10630750507451145        140.39377813484484     
  0.10724599190917068        139.55037423722010     
  0.10819276374250626        138.69481828706756     
  0.10914789371481226        137.82701101461799     
  0.11011145561206814        136.94685548895825     
  0.11108352387163890        136.05425727637115     
  0.11206417358802552        135.14912460340554     
  0.11305348051866615        134.23136852470961     
  0.11405152108978864        133.30090309564466     
  0.11505837240231453        132.35764554969725     
  0.11607411223781539        131.40151648069136     
  0.11709881906452151        130.43244002980191     
  0.11813257204338383        129.45034407735673     
  0.11917545103418925        128.45516043940336     
  0.12022753660173002        127.44682506901324     
  0.12128891002202757        126.42527826227700     
  0.12235965328861123        125.39046486893844     
  0.12343984911885240        124.34233450759965     
  0.12452958096035473        123.28084178541806     
  0.12562893299740055        122.20594652220092     
  0.12673799015745441        121.11761397879047     
  0.12785683811772375        120.01581508961536     
  0.12898556331177791        118.90052669926891     
  0.13012425293622507        117.77173180295793     
  0.13127299495744849        116.62941979065022     
  0.13243187811840218        115.47358669472410     
  0.13360099194546646        114.30423544091298     
  0.13478042675536395        113.12137610231079     
  0.13597027366213693        111.92502615618619     
  0.13717062458418605        110.71521074333293     
  0.13838157225137110        109.49196292965814     
  0.13960321021217478        108.25532396968995     
  0.14083563284092956        107.00534357166114     
  0.14207893534510813        105.74208016379899     
  0.14333321377267846        104.46560116143075     
  0.14459856501952384        103.17598323447987     
  0.14587508683692821        101.87331257491221     
  0.14716287783912768        100.55768516365234     
  0.14846203751092865        99.229207036472701     
  0.14977266621539345        97.887994548320620     
  0.15109486520159335        96.534174635527421     
  0.15242873661243039        95.167885075306430     
  0.15377438349252828        93.789274741924203     
  0.15513190979619260        92.398503858893548     
  0.15650142039544168        90.995744246510441     
  0.15788302108810817        89.581179564024069     
  0.15927681860601212        88.155005545701130     
  0.16068292062320627        86.717430230013179     
  0.16210143576429417        85.268674181148242     
  0.16353247361282161        83.808970702015642     
  0.16497614471974223        82.338566037886977     
  0.16643256061195788        80.857719569785530     
  0.16790183380093424        79.366703996710442     
  0.16938407779139261        77.865805505754068     
  0.17087940709007851        76.355323929147730     
  0.17238793721460746        74.835572887244865     
  0.17390978470238902        73.306879916430532     
  0.17544506711962962        71.769586580923828     
  0.17699390307041474        70.224048567422614     
  0.17855641220587148        68.670635761523158     
  0.18013271523341168        67.109732304834324     
  0.18172293392605701        65.541736631693325     
  0.18332719113184617        63.967061484383990     
  0.18494561078332517        62.386133905752331     
  0.18657831790712143        60.799395208114532     
  0.18822543863360230        59.207300917353436     
  0.18988710020661900        57.610320691106367     
  0.19156343099333650        56.008938209960903     
  0.19325456049415007        54.403651040586823     
  0.19496061935268971        52.794970469756166     
  0.19668173936591235        51.183421308228333     
  0.19841805349428374        49.569541663507835     
  0.20016969587204977        47.953882680520493     
  0.20193680181759888        46.337008249295977     
  0.20371950784391540        44.719494678795812     
  0.20551795166912576        43.101930336079363     
  0.20733227222713735        41.484915250065271     
  0.20916260967837155        39.869060679215337     
  0.21100910542059159        38.254988642542898     
  0.21287190209982554        36.643331413434836     
  0.21475114362138631        35.034730975865330     
  0.21664697516098858        33.429838442680989     
  0.21855954317596382        31.829313435741597     
  0.22048899541657480        30.233823427818308     
  0.22243548093742924        28.644043046270014     
  0.22439915010899480        27.060653338651122     
  0.22638015462921568        25.484341000539729     
  0.22837864753523138        23.915797566020615     
  0.23039478321519932        22.355718561409390     
  0.23242871742022164        20.804802622961560     
  0.23448060727637732        19.263750579477062     
  0.23655061129686056        17.733264500881148     
  0.23863888939422626        16.214046714038474     
  0.24074560289274369        14.706798787241510     
  0.24287091454085902        13.212220484997744     
  0.24501498852376818        11.731008694931944     
  0.24717799047610042        10.263856328812466     
  0.24936008749471403        8.8114511999042122     
  0.25156144815160497        7.3744748790488615     
  0.25378224250692938        5.9536015320666138     
  0.25602264212214099        4.5494967412705876     
  0.25828282007324516        3.1628163140765650     
  0.26056295096416865        1.7942050818801363     
  0.26286321094024873       0.44429569255805745     
  0.26518377770184065      -0.88629259987270359     
  0.26752483051804532       -2.1969551447331526     
  0.26988655024055830       -3.4871030994325309     
  0.27226911931764120       -4.7561646254754208     
  0.27467272180821584       -6.0035860715721157     
  0.27709754339608345       -7.2288331395770271     
  0.27954377140426945       -8.4313920288700359     
  0.28201159480949384       -9.6107705547064839     
  0.28450120425677095       -10.766499235991169     
  0.28701279207413655       -11.898132347879056     
  0.28954655228750598       -13.005248934579171     
  0.29210268063566291       -14.087453777732520     
  0.29468137458538074       -15.144378315756214     
  0.29728283334667727       -16.175681509592721     
  0.29990725788820427       -17.181050650378566     
  0.30255485095277246       -18.160202104650772     
  0.30522581707301438       -19.112881992843384     
  0.30792036258718436       -20.038866796989140     
  0.31063869565509922       -20.937963893739202     
  0.31338102627421860       -21.810012009038246     
  0.31614756629586821       -22.654881591051961     
  0.31893852944160533       -23.472475098232827     
  0.32175413131972985       -24.262727199730897     
  0.32459458944193992       -25.025604885706365     
  0.32746012324013568       -25.761107485481325     
  0.33035095408337062       -26.469266591873897     
  0.33326730529495308       -27.150145890493093     
  0.33620940216969819       -27.803840893228603     
  0.33917747199133269       -28.430478575649843     
  0.34217174405005285       -29.030216918525731     
  0.34519244966023804       -29.603244354191229     
  0.34823982217831978       -30.149779119012788     
  0.35131409702080951       -30.670068513740340     
  0.35441551168248497       -31.164388074074438     
  0.35754430575473689       -31.633040654317902     
  0.36070072094407851       -32.076355427520156     
  0.36388500109081734       -32.494686806051277     
  0.36709739218789306       -32.888413287060743     
  0.37033814239988044       -33.257936227774550     
  0.37360750208216104       -33.603678556060942     
  0.37690572380026338       -33.926083422145133     
  0.38023306234937454       -34.225612797768797     
  0.38358977477402356       -34.502746029470636     
  0.38697612038793855       -34.757978353001874     
  0.39039236079407957       -34.991819376182136     
  0.39383875990484768       -35.204791537742643     
  0.39731558396247335       -35.397428549891671     
  0.40082310155958345       -35.570273832467059     
  0.40436158365995156       -35.723878946611997     
  0.40793130361942981       -35.858802035918046     
  0.41153253720706673       -35.975606282924666     
  0.41516556262641069       -36.074858388744289     
  0.41883066053700213       -36.157127083397413     
  0.42252811407605478       -36.222981674192283     
  0.42625820888032878       -36.272990639171823     
  0.43002123310819701       -36.307720272275930     
  0.43381747746190563       -36.327733386435149     
  0.43764723521003190       -36.333588080324191     
  0.44151080221013922       -36.325836573965617     
  0.44540847693163349       -36.305024117790332     
  0.44934056047882026       -36.271687979137162     
  0.45330735661416549       -36.226356509516705     
  0.45730917178176256       -36.169548295279469     
  0.46134631513100471       -36.101771393624439     
  0.46541909854046892       -36.023522655167568     
  0.46952783664200792       -35.935287133569638     
  0.47367284684505706       -35.837537582006675     
  0.47785444936115473       -35.730734035561802     
  0.48207296722867926       -35.615323477933877     
  0.48632872633780450       -35.491739590202720     
  0.49062205545567544       -35.360402578770881     
  0.49495328625180673       -35.221719079024737     
  0.49932275332370407       -35.076082130730917     
  0.50373079422271350       -34.923871220711185     
  0.50817774948009731       -34.765452387928057     
  0.51266396263334135       -34.601178385766580     
  0.51718978025269369       -34.431388896018603     
  0.52175555196793855       -34.256410788869005     
  0.52636163049540530       -34.076558423046080     
  0.53100837166521708       -33.892133980235180     
  0.53569613444877917       -33.703427827861468     
  0.54042528098651088       -33.510718904424806     
  0.54519617661582109       -33.314275121713152     
  0.55000918989933167       -33.114353778426924     
  0.55486469265335003       -32.911201980010944     
  0.55976305997659237       -32.705057059807523     
  0.56470467027916116       -32.496146997006662     
  0.56968990531177832       -32.284690827271916     
  0.57471915019527575       -32.070899042354782     
  0.57979279345034762       -31.854973975469285     
  0.58491122702756371       -31.637110169673978     
  0.59007484633764895       -31.417494726993223     
  0.59528405028203002       -31.196307636495206     
  0.60053924128365066       -30.973722080023908     
  0.60584082531806027       -30.749904714748101     
  0.61118921194477649       -30.525015932137112     
  0.61658481433892431       -30.299210093393608     
  0.62202804932315525       -30.072635741763030     
  0.62751933739984733       -29.845435792493291     
  0.63305910278359001       -29.617747701533055     
  0.63864777343395629       -29.389703614329502     
  0.64428578108856260       -29.161430496315329     
  0.64997356129642236       -28.933050246858301     
  0.65571155345159260       -28.704679798585516     
  0.66150020082711847       -28.476431204088293     
  0.66733995060927687       -28.248411712064904     
  0.67323125393212291       -28.020723834968106     
  0.67917456591234093       -27.793465410196099     
  0.68517034568440283       -27.566729656802355     
  0.69121905643603820       -27.340605229604670     
  0.69732116544401568       -27.115176272451986     
  0.70347714411024209       -26.890522472261924     
  0.70968746799817828       -26.666719115278219     
  0.71595261686957834       -26.443837146818478     
  0.72227307472155200       -26.221943235594431     
  0.72864932982395425       -26.001099843492490     
  0.73508187475710596       -25.781365301506138     
  0.74157120644984620       -25.562793892317654     
  0.74811782621792133       -25.345435939837575     
  0.75472223980271291       -25.129337905829676     
  0.76138495741030721       -24.914542493579685     
  0.76810649375091011       -24.701088758409352     
  0.77488736807860914       -24.489012224696062     
  0.78172810423148753       -24.278345008932995     
  0.78862923067209156       -24.069115948256876     
  0.79559128052825601       -23.861350733780544     
  0.80261479163428862       -23.655072047995429     
  0.80970030657251979       -23.450299705454942     
  0.81684837271521815       -23.247050795913292     
  0.82405954226687617       -23.045339829073956     
  0.83133437230686924       -22.845178880098022     
  0.83867342483249152       -22.646577735032515     
  0.84607726680237105       -22.449544035342392     
  0.85354647018026952       -22.254083420764772     
  0.86108161197926647       -22.060199669749409     
  0.86868327430633618       -21.867894836802865     
  0.87635204440731607       -21.677169386115008     
  0.88408851471227246       -21.488022320912194     
  0.89189328288126823       -21.300451308051684     
  0.89976695185053235       -21.114452797444088     
  0.90771012987903876       -20.930022135963686     
  0.91572343059549521       -20.747153675579568     
  0.92380747304574840       -20.565840875511629     
  0.93196288174060560       -20.386076398284402     
  0.94019028670408022       -20.207852199616820     
  0.94849032352206242       -20.031159612147057     
  0.95686363339141933       -19.855989423047774     
  0.96531086316952985       -19.682331945637820     
  0.97383266542425473       -19.510177085141628     
  0.98242969848434947       -19.339514398786541     
  0.99110262649032188       -19.170333150461865     
  0.99985211944573849       -19.002622360190394     
   1.0086788532689832       -18.836370848684933     
   1.0175835098454744       -18.671567277278101     
   1.0265667770803413       -18.508200183524476     
   1.0356293489515669       -18.346258012779916     
   1.0447719255635997       -18.185729146064343     
   1.0539952132014363       -18.026601924511588     
   1.0632999243851866       -17.868864670703726     
   1.0726867779251150       -17.712505707178547     
   1.0821564989771721       -17.557513372386740     
   1.0917098190990127       -17.403876034362312     
   1.1013474763065119       -17.251582102354135     
   1.1110702151307781       -17.100620036650596     
   1.1208787866756693       -16.950978356812417     
   1.1307739486758182       -16.802645648511071     
   1.1407564655551681       -16.655610569153538     
   1.1508271084860273       -16.509861852456645     
   1.1609866554486439       -16.365388312118025     
   1.1712358912913052       -16.222178844714943     
   1.1815756077909714       -16.080222431947231     
   1.1920066037144394       -15.939508142326646     
   1.2025296848800520       -15.800025132402114     
   1.2131456642199476       -15.661762647598437     
   1.2238553618428609       -15.524710022735277     
   1.2346596050974796       -15.388856682283580     
   1.2455592286363577       -15.254192140408072     
   1.2565550744803948       -15.120706000836748     
   1.2676479920838841       -14.988387956591669     
   1.2788388384001352       -14.857227789609579     
   1.2901284779476745       -14.727215370275948     
   1.3015177828770321       -14.598340656891629     
   1.3130076330381175       -14.470593695087937     
   1.3245989160481897       -14.343964617202714     
   1.3362925273604276       -14.218443641627623     
   1.3480893703331067       -14.094021072134653     
   1.3599903562993834       -13.970687297188295     
   1.3719964046377007       -13.848432789248236     
   1.3841084428428096       -13.727248104066568     
   1.3963274065974212       -13.607123879982396     
   1.4086542398444912       -13.488050837216099     
   1.4210898948601400       -13.370019777165032     
   1.4336353323272193       -13.253021581701828     
   1.4462915214095271       -13.137047212476316     
   1.4590594398266770       -13.022087710221726     
   1.4719400739296300       -12.908134194065626     
   1.4849344187768923       -12.795177860845975     
   1.4980434782113856       -12.683209984432517     
   1.5112682649379963       -12.572221915053630     
   1.5246098006018096       -12.462205078628793     
   1.5380691158670334       -12.353150976106637     
   1.5516472504966199       -12.245051182808673     
   1.5653452534325896       -12.137897347778663     
   1.5791641828770642       -12.031681193137590     
   1.5931051063740156       -11.926394513444274     
   1.6071691008917355       -11.822029175061527     
   1.6213572529060341       -11.718577115527829     
   1.6356706584841734       -11.616030342934518     
   1.6501104233695392       -11.514380935308413     
   1.6646776630670643       -11.413621039999805     
   1.6793735029294024       -11.313742873075865     
   1.6941990782438652       -11.214738718719278     
   1.7091555343201248       -11.116600928632218     
   1.7242440265786925       -11.019321921445473     
   1.7394657206401769       -10.922894182132783     
   1.7548217924153315       -10.827310261430283     
   1.7703134281958968       -10.732562775261018     
   1.7859418247462417       -10.638644404164532     
   1.8017081893958200       -10.545547892731403     
   1.8176137401324357       -10.453266049042750     
   1.8336597056963386       -10.361791744114639     
   1.8498473256751440       -10.271117911347368     
   1.8661778505995967       -10.181237545979535     
   1.8826525420401761       -10.092143704546910     
   1.8992726727045541       -10.003829504346051     
   1.9160395265359176       -9.9162881229025786     
   1.9329543988121534       -9.8295127974441368     
   1.9500185962459131       -9.7434968243779494     
   1.9672334370855582       -9.6582335587729542     
   1.9846002512169987       -9.5737164138464657     
