                                                  
                                                                                                                                                                                                                                                                
        SCF,CCSD
   -122.64217407,   -123.36194410
   -122.56890036,   -123.32861163
   -122.35596678,   -123.20783200
   -122.41000669,   -123.07293779
   -122.33836782,   -123.06083870
   -102.35829851,   -102.77390758
    -34.31531993,    -34.42151788
   -122.55781780,   -123.36298236
   -121.84674642,   -122.47639401
   -120.80989355,   -121.35480647
   -118.82783751,   -119.33882486
   -116.09208648,   -116.56731690
   -112.47140052,   -112.92092418
   -107.89288808,   -108.32701218
                                                  
