                                                  
                                                                                                                                                                                                                                                                
        SCF,CCSD
   -122.64210485,   -123.35053627
   -122.56882978,   -123.31619421
   -122.35589469,   -123.19470715
   -122.40993462,   -123.06173562
   -122.33829472,   -123.04846841
   -102.35825244,   -102.77051415
    -34.31529013,    -34.42140414
   -122.55764662,   -123.35031701
   -121.84668004,   -122.46527264
   -120.80982091,   -121.34532938
   -118.82775607,   -119.33038663
   -116.09200479,   -116.56000582
   -112.47132262,   -112.91483360
   -107.89282173,   -108.32223925
                                                  
