                                                  
                                                                                                                                                                                                                                                                
        SCF,CCSD
   -103.24429883,   -103.87285203
   -103.11695579,   -103.79246350
   -102.89883533,   -103.65769724
   -103.02642794,   -103.60090386
   -102.89004414,   -103.53101884
   -102.47919022,   -103.02385263
   -101.27968974,   -101.78526174
    -99.42816880,    -99.89523091
    -96.79453255,    -97.23318335
    -93.30193659,    -93.72220799
    -88.94361329,    -89.34281579
    -30.46244460,    -30.56280995
   -103.10122524,   -103.82358842
                                                  
