                                                  
                                                                                                                                                                                                                                                                
        SCF,CCSD
   -103.24349372,   -103.83477063
   -103.11611111,   -103.75073287
   -102.89795855,   -103.61304863
   -103.02559139,   -103.56353760
   -102.88917894,   -103.48891970
   -102.47827207,   -102.98650363
   -101.27881095,   -101.75179114
    -99.42743102,    -99.86629968
    -96.79388721,    -97.20940156
    -93.30137485,    -93.70415022
    -88.94320352,    -89.33059175
    -30.46191214,    -30.56206950
   -103.10027457,   -103.78111564
                                                  
