   -1247.681435 0 0.0 2000 0.38461538D-05 0.15689291D+03  26.0 19.00000000  0
   1
  1 0 0.0 1 -266.827957 -337.851822  2.00000000
  2 0 0.0 1  -37.532781  -82.722204  2.00000000
  2 1 1.0 1  -32.998446  -82.063208  2.00000000
  2 1 1.0 1  -32.998446  -82.063208  2.00000000
  2 1 1.0 1  -32.998446  -82.063208  2.00000000
  3 0 0.0 1   -9.103287  -33.046514  2.00000000
  3 1 1.0 1   -7.575763  -31.707962  2.00000000
  3 1 1.0 1   -7.575763  -31.707962  2.00000000
  3 1 1.0 1   -7.575763  -31.707962  2.00000000
  3 2 2.0 1   -5.573772  -29.548269  1.00000000
    0    0    0    0
