   3.8800019187216023E-006   226.67820181893362     
   3.9141478712136633E-006   226.67820181758373     
   3.9485943251219628E-006   226.67820181621002     
   3.9833439250088757E-006   226.67820181481201     
   4.0183993387102450E-006   226.67820181338928     
   4.0537632575401962E-006   226.67820181194142     
   4.0894383964977641E-006   226.67820181046798     
   4.1254274944753307E-006   226.67820180896845     
   4.1617333144688961E-006   226.67820180744241     
   4.1983586437902025E-006   226.67820180588944     
   4.2353062942807263E-006   226.67820180430897     
   4.2725791025275543E-006   226.67820180270058     
   4.3101799300811505E-006   226.67820180106372     
   4.3481116636750535E-006   226.67820179939795     
   4.3863772154474978E-006   226.67820179770271     
   4.4249795231649829E-006   226.67820179597757     
   4.4639215504478231E-006   226.67820179422191     
   4.5032062869976689E-006   226.67820179243517     
   4.5428367488270360E-006   226.67820179061681     
   4.5828159784908553E-006   226.67820178876642     
   4.6231470453200600E-006   226.67820178688319     
   4.6638330456572252E-006   226.67820178496677     
   4.7048771030942842E-006   226.67820178301642     
   4.7462823687123413E-006   226.67820178103159     
   4.7880520213235838E-006   226.67820177901174     
   4.8301892677153321E-006   226.67820177695606     
   4.8726973428962344E-006   226.67820177486411     
   4.9155795103446319E-006   226.67820177273521     
   4.9588390622591001E-006   226.67820177056862     
   5.0024793198112043E-006   226.67820176836375     
   5.0465036334004787E-006   226.67820176611991     
   5.0909153829116429E-006   226.67820176383640     
   5.1357179779740897E-006   226.67820176151247     
   5.1809148582236490E-006   226.67820175914750     
   5.2265094935666645E-006   226.67820175674072     
   5.2725053844463863E-006   226.67820175429139     
   5.3189060621117094E-006   226.67820175179872     
   5.3657150888882824E-006   226.67820174926209     
   5.4129360584519984E-006   226.67820174668054     
   5.4605725961048872E-006   226.67820174405333     
   5.5086283590534462E-006   226.67820174137975     
   5.5571070366894173E-006   226.67820173865883     
   5.6060123508730270E-006   226.67820173588987     
   5.6553480562187307E-006   226.67820173307192     
   5.7051179403834621E-006   226.67820173020414     
   5.7553258243574262E-006   226.67820172728571     
   5.8059755627574491E-006   226.67820172431567     
   5.8570710441229060E-006   226.67820172129308     
   5.9086161912142600E-006   226.67820171821711     
   5.9606149613142227E-006   226.67820171508671     
   6.0130713465315675E-006   226.67820171190101     
   6.0659893741076170E-006   226.67820170865903     
   6.1193731067254260E-006   226.67820170535967     
   6.1732266428216867E-006   226.67820170200201     
   6.2275541169013806E-006   226.67820169858499     
   6.2823596998551931E-006   226.67820169510756     
   6.3376475992797289E-006   226.67820169156863     
   6.3934220598005445E-006   226.67820168796717     
   6.4496873633980143E-006   226.67820168430200     
   6.5064478297360799E-006   226.67820168057210     
   6.5637078164938794E-006   226.67820167677618     
   6.6214717197003011E-006   226.67820167291319     
   6.6797439740714788E-006   226.67820166898193     
   6.7385290533512648E-006   226.67820166498120     
   6.7978314706546849E-006   226.67820166090968     
   6.8576557788144305E-006   226.67820165676616     
   6.9180065707303918E-006   226.67820165254946     
   6.9788884797222697E-006   226.67820164825821     
   7.0403061798852890E-006   226.67820164389110     
   7.1022643864490443E-006   226.67820163944674     
   7.1647678561395036E-006   226.67820163492385     
   7.2278213875441952E-006   226.67820163032101     
   7.2914298214806140E-006   226.67820162563675     
   7.3555980413678600E-006   226.67820162086969     
   7.4203309736015623E-006   226.67820161601836     
   7.4856335879320835E-006   226.67820161108125     
   7.5515108978460729E-006   226.67820160605692     
   7.6179679609513624E-006   226.67820160094374     
   7.6850098793652551E-006   226.67820159574018     
   7.7526418001062325E-006   226.67820159044459     
   7.8208689154891056E-006   226.67820158505538     
   7.8896964635236464E-006   226.67820157957092     
   7.9591297283167251E-006   226.67820157398950     
   8.0291740404779900E-006   226.67820156830942     
   8.0998347775291146E-006   226.67820156252890     
   8.1711173643166416E-006   226.67820155664626     
   8.2430272734284723E-006   226.67820155065954     
   8.3155700256140138E-006   226.67820154456700     
   8.3887511902080171E-006   226.67820153836678     
   8.4625763855581611E-006   226.67820153205696     
   8.5370512794563872E-006   226.67820152563556     
   8.6121815895740269E-006   226.67820151910064     
   8.6879730839007835E-006   226.67820151245019     
   8.7644315811875352E-006   226.67820150568218     
   8.8415629513930810E-006   226.67820149879455     
   8.9193731161347773E-006   226.67820149178513     
   8.9978680491431726E-006   226.67820148465182     
   9.0770537767206217E-006   226.67820147739235     
   9.1569363782039469E-006   226.67820147000458     
   9.2375219864311686E-006   226.67820146248619     
   9.3188167882123401E-006   226.67820145483489     
   9.4008270248045318E-006   226.67820144704837     
   9.4835589923909824E-006   226.67820143912411     
   9.5670190425644969E-006   226.67820143105985     
   9.6512135828150519E-006   226.67820142285294     
   9.7361490770217432E-006   226.67820141450102     
   9.8218320459490206E-006   226.67820140600142     
   9.9082690677473145E-006   226.67820139735156     
   9.9954667784580659E-006   226.67820138854881     
   1.0083431872523188E-005   226.67820137959038     
   1.0172171103299017E-005   226.67820137047363     
   1.0261691283574805E-005   226.67820136119568     
   1.0351999286095736E-005   226.67820135175376     
   1.0443102044090591E-005   226.67820134214489     
   1.0535006551804016E-005   226.67820133236614     
   1.0627719865033502E-005   226.67820132241451     
   1.0721249101671075E-005   226.67820131228700     
   1.0815601442249769E-005   226.67820130198044     
   1.0910784130494880E-005   226.67820129149160     
   1.1006804473880113E-005   226.67820128081743     
   1.1103669844188572E-005   226.67820126995449     
   1.1201387678078743E-005   226.67820125889952     
   1.1299965477655411E-005   226.67820124764913     
   1.1399410811045625E-005   226.67820123619987     
   1.1499731312979730E-005   226.67820122454819     
   1.1600934685377504E-005   226.67820121269054     
   1.1703028697939464E-005   226.67820120062322     
   1.1806021188743365E-005   226.67820118834263     
   1.1909920064845960E-005   226.67820117584486     
   1.2014733302890041E-005   226.67820116312620     
   1.2120468949716842E-005   226.67820115018270     
   1.2227135122983808E-005   226.67820113701035     
   1.2334740011787824E-005   226.67820112360513     
   1.2443291877293908E-005   226.67820110996297     
   1.2552799053369457E-005   226.67820109607962     
   1.2663269947224056E-005   226.67820108195079     
   1.2774713040054926E-005   226.67820106757222     
   1.2887136887698056E-005   226.67820105293947     
   1.3000550121285064E-005   226.67820103804803     
   1.3114961447905829E-005   226.67820102289335     
   1.3230379651276961E-005   226.67820100747073     
   1.3346813592416161E-005   226.67820099177550     
   1.3464272210322512E-005   226.67820097580275     
   1.3582764522662737E-005   226.67820095954761     
   1.3702299626463536E-005   226.67820094300518     
   1.3822886698809972E-005   226.67820092617023     
   1.3944534997550043E-005   226.67820090903777     
   1.4067253862005423E-005   226.67820089160236     
   1.4191052713688478E-005   226.67820087385874     
   1.4315941057025584E-005   226.67820085580144     
   1.4441928480086804E-005   226.67820083742487     
   1.4569024655322010E-005   226.67820081872347     
   1.4697239340303449E-005   226.67820079969144     
   1.4826582378474882E-005   226.67820078032298     
   1.4957063699907277E-005   226.67820076061207     
   1.5088693322061181E-005   226.67820074055277     
   1.5221481350555796E-005   226.67820072013879     
   1.5355437979944810E-005   226.67820069936391     
   1.5490573494499071E-005   226.67820067822183     
   1.5626898268996145E-005   226.67820065670600     
   1.5764422769516806E-005   226.67820063480974     
   1.5903157554248572E-005   226.67820061252644     
   1.6043113274296266E-005   226.67820058984915     
   1.6184300674499756E-005   226.67820056677101     
   1.6326730594258857E-005   226.67820054328485     
   1.6470413968365517E-005   226.67820051938349     
   1.6615361827843294E-005   226.67820049505963     
   1.6761585300794272E-005   226.67820047030571     
   1.6909095613253372E-005   226.67820044511421     
   1.7057904090050230E-005   226.67820041947735     
   1.7208022155678634E-005   226.67820039338727     
   1.7359461335173606E-005   226.67820036683602     
   1.7512233254996235E-005   226.67820033981536     
   1.7666349643926269E-005   226.67820031231693     
   1.7821822333962563E-005   226.67820028433246     
   1.7978663261231466E-005   226.67820025585326     
   1.8136884466903194E-005   226.67820022687056     
   1.8296498098116269E-005   226.67820019737547     
   1.8457516408910096E-005   226.67820016735897     
   1.8619951761165725E-005   226.67820013681185     
   1.8783816625554941E-005   226.67820010572470     
   1.8949123582497657E-005   226.67820007408795     
   1.9115885323127758E-005   226.67820004189196     
   1.9284114650267433E-005   226.67820000912675     
   1.9453824479410100E-005   226.67819997578229     
   1.9625027839711963E-005   226.67819994184842     
   1.9797737874992295E-005   226.67819990731459     
   1.9971967844742537E-005   226.67819987217030     
   2.0147731125144271E-005   226.67819983640470     
   2.0325041210096150E-005   226.67819980000684     
   2.0503911712249862E-005   226.67819976296545     
   2.0684356364055233E-005   226.67819972526931     
   2.0866389018814476E-005   226.67819968690671     
   2.1050023651745804E-005   226.67819964786591     
   2.1235274361056300E-005   226.67819960813492     
   2.1422155369024303E-005   226.67819956770160     
   2.1610681023091308E-005   226.67819952655347     
   2.1800865796963452E-005   226.67819948467789     
   2.1992724291722690E-005   226.67819944206201     
   2.2186271236947806E-005   226.67819939869278     
   2.2381521491845202E-005   226.67819935455680     
   2.2578490046389725E-005   226.67819930964060     
   2.2777192022475471E-005   226.67819926393031     
   2.2977642675076751E-005   226.67819921741199     
   2.3179857393419266E-005   226.67819917007128     
   2.3383851702161569E-005   226.67819912189367     
   2.3589641262586957E-005   226.67819907286432     
   2.3797241873805841E-005   226.67819902296822     
   2.4006669473968667E-005   226.67819897219005     
   2.4217940141489580E-005   226.67819892051421     
   2.4431070096280763E-005   226.67819886792478     
   2.4646075700997748E-005   226.67819881440568     
   2.4862973462295572E-005   226.67819875994041     
   2.5081780032096091E-005   226.67819870451231     
   2.5302512208866365E-005   226.67819864810434     
   2.5525186938908347E-005   226.67819859069911     
   2.5749821317659916E-005   226.67819853227914     
   2.5976432591007313E-005   226.67819847282627     
   2.6205038156609193E-005   226.67819841232250     
   2.6435655565232287E-005   226.67819835074900     
   2.6668302522098819E-005   226.67819828808703     
   2.6902996888245808E-005   226.67819822431733     
   2.7139756681896309E-005   226.67819815942025     
   2.7378600079842734E-005   226.67819809337587     
   2.7619545418842317E-005   226.67819802616393     
   2.7862611197024925E-005   226.67819795776381     
   2.8107816075313188E-005   226.67819788815444     
   2.8355178878855164E-005   226.67819781731453     
   2.8604718598469594E-005   226.67819774522223     
   2.8856454392103919E-005   226.67819767185551     
   2.9110405586305061E-005   226.67819759719180     
   2.9366591677703204E-005   226.67819752120806     
   2.9625032334508594E-005   226.67819744388112     
   2.9885747398021544E-005   226.67819736518712     
   3.0148756884155709E-005   226.67819728510193     
   3.0414080984974776E-005   226.67819720360097     
   3.0681740070242644E-005   226.67819712065921     
   3.0951754688987324E-005   226.67819703625113     
   3.1224145571078505E-005   226.67819695035092     
   3.1498933628819087E-005   226.67819686293211     
   3.1776139958550638E-005   226.67819677396781     
   3.2055785842273094E-005   226.67819668343080     
   3.2337892749278581E-005   226.67819659129322     
   3.2622482337799720E-005   226.67819649752681     
   3.2909576456672374E-005   226.67819640210274     
   3.3199197147013062E-005   226.67819630499179     
   3.3491366643911129E-005   226.67819620616396     
   3.3786107378135807E-005   226.67819610558905     
   3.4083441977858269E-005   226.67819600323614     
   3.4383393270388889E-005   226.67819589907376     
   3.4685984283929770E-005   226.67819579307002     
   3.4991238249342656E-005   226.67819568519224     
   3.5299178601932501E-005   226.67819557540736     
   3.5609828983246608E-005   226.67819546368167     
   3.5923213242889697E-005   226.67819534998083     
   3.6239355440354900E-005   226.67819523426996     
   3.6558279846870901E-005   226.67819511651345     
   3.6880010947265304E-005   226.67819499667524     
   3.7204573441844402E-005   226.67819487471843     
   3.7531992248289518E-005   226.67819475060566     
   3.7862292503569988E-005   226.67819462429875     
   3.8195499565873026E-005   226.67819449575893     
   3.8531639016550545E-005   226.67819436494673     
   3.8870736662083119E-005   226.67819423182192     
   3.9212818536061200E-005   226.67819409634373     
   3.9557910901183869E-005   226.67819395847050     
   3.9906040251275024E-005   226.67819381815988     
   4.0257233313317428E-005   226.67819367536876     
   4.0611517049504660E-005   226.67819353005331     
   4.0968918659311021E-005   226.67819338216893     
   4.1329465581579769E-005   226.67819323167021     
   4.1693185496629662E-005   226.67819307851087     
   4.2060106328380088E-005   226.67819292264392     
   4.2430256246494833E-005   226.67819276402150     
   4.2803663668544799E-005   226.67819260259486     
   4.3180357262189670E-005   226.67819243831445     
   4.3560365947378855E-005   226.67819227112983     
   4.3943718898571738E-005   226.67819210098963     
   4.4330445546977477E-005   226.67819192784165     
   4.4720575582814597E-005   226.67819175163262     
   4.5114138957590330E-005   226.67819157230855     
   4.5511165886400101E-005   226.67819138981429     
   4.5911686850247286E-005   226.67819120409382     
   4.6315732598383256E-005   226.67819101509008     
   4.6723334150668167E-005   226.67819082274508     
   4.7134522799952390E-005   226.67819062699965     
   4.7549330114479028E-005   226.67819042779379     
   4.7967787940307432E-005   226.67819022506629     
   4.8389928403758189E-005   226.67819001875489     
   4.8815783913879508E-005   226.67818980879619     
   4.9245387164935433E-005   226.67818959512579     
   4.9678771138915792E-005   226.67818937767800     
   5.0115969108068408E-005   226.67818915638608     
   5.0557014637453478E-005   226.67818893118209     
   5.1001941587520466E-005   226.67818870199679     
   5.1450784116707691E-005   226.67818846875986     
   5.1903576684064774E-005   226.67818823139970     
   5.2360354051898144E-005   226.67818798984337     
   5.2821151288439873E-005   226.67818774401664     
   5.3286003770540003E-005   226.67818749384421     
   5.3754947186382456E-005   226.67818723924898     
   5.4228017538225012E-005   226.67818698015296     
   5.4705251145163258E-005   226.67818671647652     
   5.5186684645918954E-005   226.67818644813869     
   5.5672355001652883E-005   226.67818617505705     
   5.6162299498802483E-005   226.67818589714778     
   5.6656555751944452E-005   226.67818561432549     
   5.7155161706682500E-005   226.67818532650335     
   5.7658155642560603E-005   226.67818503359300     
   5.8165576176001824E-005   226.67818473550437     
   5.8677462263273003E-005   226.67818443214603     
   5.9193853203475556E-005   226.67818412342481     
   5.9714788641562616E-005   226.67818380924581     
   6.0240308571382658E-005   226.67818348951269     
   6.0770453338749992E-005   226.67818316412718     
   6.1305263644542216E-005   226.67818283298931     
   6.1844780547824942E-005   226.67818249599748     
   6.2389045469004093E-005   226.67818215304817     
   6.2938100193005747E-005   226.67818180403603     
   6.3491986872484237E-005   226.67818144885385     
   6.4050748031058250E-005   226.67818108739269     
   6.4614426566575589E-005   226.67818071954139     
   6.5183065754406439E-005   226.67818034518709     
   6.5756709250765877E-005   226.67817996421479     
   6.6335401096065440E-005   226.67817957650746     
   6.6919185718294260E-005   226.67817918194609     
   6.7508107936429954E-005   226.67817878040944     
   6.8102212963879448E-005   226.67817837177432     
   6.8701546411950264E-005   226.67817795591515     
   6.9306154293352146E-005   226.67817753270418     
   6.9916083025729656E-005   226.67817710201155     
   7.0531379435225785E-005   226.67817666370490     
   7.1152090760076930E-005   226.67817621764976     
   7.1778264654239553E-005   226.67817576370896     
   7.2409949191048681E-005   226.67817530174327     
   7.3047192866908676E-005   226.67817483161073     
   7.3690044605016493E-005   226.67817435316692     
   7.4338553759117559E-005   226.67817386626501     
   7.4992770117294943E-005   226.67817337075542     
   7.5652743905791636E-005   226.67817286648602     
   7.6318525792866640E-005   226.67817235330190     
   7.6990166892684954E-005   226.67817183104546     
   7.7667718769241636E-005   226.67817129955637     
   7.8351233440320713E-005   226.67817075867140     
   7.9040763381488626E-005   226.67817020822437     
   7.9736361530122988E-005   226.67816964804635     
   8.0438081289476701E-005   226.67816907796521     
   8.1145976532778004E-005   226.67816849780593     
   8.1860101607366366E-005   226.67816790739033     
   8.2580511338864980E-005   226.67816730653720     
   8.3307261035389871E-005   226.67816669506183     
   8.4040406491796063E-005   226.67816607277649     
   8.4780003993961166E-005   226.67816543949019     
   8.5526110323106561E-005   226.67816479500831     
   8.6278782760156717E-005   226.67816413913306     
   8.7038079090136827E-005   226.67816347166291     
   8.7804057606609100E-005   226.67816279239295     
   8.8576777116148220E-005   226.67816210111454     
   8.9356296942856022E-005   226.67816139761541     
   9.0142676932916031E-005   226.67816068167949     
   9.0935977459188103E-005   226.67815995308700     
   9.1736259425843306E-005   226.67815921161412     
   9.2543584273039833E-005   226.67815845703305     
   9.3358013981639912E-005   226.67815768911225     
   9.4179611077968277E-005   226.67815690761577     
   9.5008438638612515E-005   226.67815611230367     
   9.5844560295265654E-005   226.67815530293171     
   9.6688040239611346E-005   226.67815447925130     
   9.7538943228252137E-005   226.67815364100949     
   9.8397334587680898E-005   226.67815278794887     
   9.9263280219296282E-005   226.67815191980748     
   1.0013684660446212E-004   226.67815103631867     
   1.0101810080961139E-004   226.67815013721122     
   1.0190711049139517E-004   226.67814922220893     
   1.0280394390187678E-004   226.67814829103079     
   1.0370866989377178E-004   226.67814734339083     
   1.0462135792573395E-004   226.67814637899812     
   1.0554207806768789E-004   226.67814539755648     
   1.0647090100620849E-004   226.67814439876449     
   1.0740789804994776E-004   226.67814338231537     
   1.0835314113510942E-004   226.67814234789702     
   1.0930670283097164E-004   226.67814129519181     
   1.1026865634545854E-004   226.67814022387631     
   1.1123907553076035E-004   226.67813913362176     
   1.1221803488900354E-004   226.67813802409313     
   1.1320560957797039E-004   226.67813689494974     
   1.1420187541686916E-004   226.67813574584488     
   1.1520690889215504E-004   226.67813457642563     
   1.1622078716340206E-004   226.67813338633292     
   1.1724358806922711E-004   226.67813217520114     
   1.1827539013326565E-004   226.67813094265847     
   1.1931627257020037E-004   226.67812968832641     
   1.2036631529184266E-004   226.67812841181973     
   1.2142559891326773E-004   226.67812711274632     
   1.2249420475900363E-004   226.67812579070738     
   1.2357221486927484E-004   226.67812444529682     
   1.2465971200630076E-004   226.67812307610154     
   1.2575677966064966E-004   226.67812168270100     
   1.2686350205764831E-004   226.67812026466731     
   1.2797996416384855E-004   226.67811882156499     
   1.2910625169355010E-004   226.67811735295089     
   1.3024245111538144E-004   226.67811585837399     
   1.3138864965893797E-004   226.67811433737529     
   1.3254493532147913E-004   226.67811278948767     
   1.3371139687468414E-004   226.67811121423588     
   1.3488812387146726E-004   226.67810961113605     
   1.3607520665285305E-004   226.67810797969594     
   1.3727273635491218E-004   226.67810631941447     
   1.3848080491575822E-004   226.67810462978193     
   1.3969950508260599E-004   226.67810291027919     
   1.4092893041889209E-004   226.67810116037845     
   1.4216917531145799E-004   226.67809937954215     
   1.4342033497779648E-004   226.67809756722338     
   1.4468250547336174E-004   226.67809572286566     
   1.4595578369894403E-004   226.67809384590265     
   1.4724026740810871E-004   226.67809193575781     
   1.4853605521470136E-004   226.67808999184464     
   1.4984324660041856E-004   226.67808801356608     
   1.5116194192244556E-004   226.67808600031469     
   1.5249224242116076E-004   226.67808395147210     
   1.5383425022790853E-004   226.67808186640926     
   1.5518806837283992E-004   226.67807974448570     
   1.5655380079282271E-004   226.67807758504986     
   1.5793155233942102E-004   226.67807538743858     
   1.5932142878694505E-004   226.67807315097699     
   1.6072353684057166E-004   226.67807087497820     
   1.6213798414453645E-004   226.67806855874340     
   1.6356487929039808E-004   226.67806620156114     
   1.6500433182537507E-004   226.67806380270761     
   1.6645645226075616E-004   226.67806136144605     
   1.6792135208038443E-004   226.67805887702684     
   1.6939914374921653E-004   226.67805634868702     
   1.7088994072195674E-004   226.67805377565006     
   1.7239385745176740E-004   226.67805115712582     
   1.7391100939905576E-004   226.67804849231027     
   1.7544151304033822E-004   226.67804578038485     
   1.7698548587718267E-004   226.67804302051690     
   1.7854304644522942E-004   226.67804021185879     
   1.8011431432329148E-004   226.67803735354801     
   1.8169941014253518E-004   226.67803444470675     
   1.8329845559574118E-004   226.67803148444176     
   1.8491157344664738E-004   226.67802847184393     
   1.8653888753937379E-004   226.67802540598805     
   1.8818052280793055E-004   226.67802228593268     
   1.8983660528580927E-004   226.67801911071967     
   1.9150726211565922E-004   226.67801587937379     
   1.9319262155904847E-004   226.67801259090285     
   1.9489281300631077E-004   226.67800924429685     
   1.9660796698647942E-004   226.67800583852812     
   1.9833821517730837E-004   226.67800237255076     
   2.0008369041538140E-004   226.67799884530044     
   2.0184452670631053E-004   226.67799525569376     
   2.0362085923502401E-004   226.67799160262851     
   2.0541282437614499E-004   226.67798788498283     
   2.0722055970446120E-004   226.67798410161495     
   2.0904420400548723E-004   226.67798025136315     
   2.1088389728611933E-004   226.67797633304488     
   2.1273978078538441E-004   226.67797234545696     
   2.1461199698528320E-004   226.67796828737471     
   2.1650068962172916E-004   226.67796415755200     
   2.1840600369558340E-004   226.67795995472048     
   2.2032808548378709E-004   226.67795567758952     
   2.2226708255059131E-004   226.67795132484565     
   2.2422314375888626E-004   226.67794689515208     
   2.2619641928162980E-004   226.67794238714853     
   2.2818706061337671E-004   226.67793779945058     
   2.3019522058190952E-004   226.67793313064931     
   2.3222105335997137E-004   226.67792837931106     
   2.3426471447710260E-004   226.67792354397659     
   2.3632636083158087E-004   226.67791862316105     
   2.3840615070246717E-004   226.67791361535322     
   2.4050424376175709E-004   226.67790851901526     
   2.4262080108663944E-004   226.67790333258216     
   2.4475598517186264E-004   226.67789805446102     
   2.4690995994221005E-004   226.67789268303105     
   2.4908289076508477E-004   226.67788721664272     
   2.5127494446320557E-004   226.67788165361728     
   2.5348628932741449E-004   226.67787599224627     
   2.5571709512959672E-004   226.67787023079123     
   2.5796753313571494E-004   226.67786436748273     
   2.6023777611895770E-004   226.67785840052028     
   2.6252799837300371E-004   226.67785232807128     
   2.6483837572540298E-004   226.67784614827107     
   2.6716908555107582E-004   226.67783985922171     
   2.6952030678593025E-004   226.67783345899201     
   2.7189221994059951E-004   226.67782694561632     
   2.7428500711430061E-004   226.67782031709444     
   2.7669885200881422E-004   226.67781357139086     
   2.7913393994258859E-004   226.67780670643393     
   2.8159045786496672E-004   226.67779972011544     
   2.8406859437053907E-004   226.67779261028994     
   2.8656853971362244E-004   226.67778537477400     
   2.8909048582286673E-004   226.67777801134559     
   2.9163462631598967E-004   226.67777051774357     
   2.9420115651464137E-004   226.67776289166650     
   2.9679027345939994E-004   226.67775513077254     
   2.9940217592489904E-004   226.67774723267829     
   3.0203706443508813E-004   226.67773919495832     
   3.0469514127862737E-004   226.67773101514422     
   3.0737661052441823E-004   226.67772269072412     
   3.1008167803727018E-004   226.67771421914151     
   3.1281055149370591E-004   226.67770559779476     
   3.1556344039790482E-004   226.67769682403642     
   3.1834055609778779E-004   226.67768789517200     
   3.2114211180124286E-004   226.67767880845949     
   3.2396832259249373E-004   226.67766956110847     
   3.2681940544861267E-004   226.67766015027902     
   3.2969557925617831E-004   226.67765057308111     
   3.3259706482808058E-004   226.67764082657376     
   3.3552408492047275E-004   226.67763090776370     
   3.3847686424987343E-004   226.67762081360496     
   3.4145562951041889E-004   226.67761054099768     
   3.4446060939126666E-004   226.67760008678715     
   3.4749203459415314E-004   226.67758944776293     
   3.5055013785110475E-004   226.67757862065787     
   3.5363515394230626E-004   226.67756760214698     
   3.5674731971412500E-004   226.67755638884648     
   3.5988687409729445E-004   226.67754497731286     
   3.6305405812525778E-004   226.67753336404166     
   3.6624911495267273E-004   226.67752154546653     
   3.6947228987407941E-004   226.67750951795804     
   3.7272383034273195E-004   226.67749727782257     
   3.7600398598959696E-004   226.67748482130125     
   3.7931300864251774E-004   226.67747214456870     
   3.8265115234554852E-004   226.67745924373202     
   3.8601867337845772E-004   226.67744611482934     
   3.8941583027640378E-004   226.67743275382890     
   3.9284288384978320E-004   226.67741915662756     
   3.9630009720425456E-004   226.67740531904980     
   3.9978773576093696E-004   226.67739123684598     
   4.0330606727678812E-004   226.67737690569169     
   4.0685536186516042E-004   226.67736232118577     
   4.1043589201653855E-004   226.67734747884955     
   4.1404793261945938E-004   226.67733237412489     
   4.1769176098161592E-004   226.67731700237323     
   4.2136765685114750E-004   226.67730135887405     
   4.2507590243811633E-004   226.67728543882328     
   4.2881678243617412E-004   226.67726923733196     
   4.3259058404441868E-004   226.67725274942472     
   4.3639759698944322E-004   226.67723597003817     
   4.4023811354757946E-004   226.67721889401949     
   4.4411242856733665E-004   226.67720151612474     
   4.4802083949203799E-004   226.67718383101720     
   4.5196364638265638E-004   226.67716583326606     
   4.5594115194085082E-004   226.67714751734411     
   4.5995366153220611E-004   226.67712887762667     
   4.6400148320967645E-004   226.67710990838967     
   4.6808492773723568E-004   226.67709060380781     
   4.7220430861373569E-004   226.67707095795268     
   4.7635994209697458E-004   226.67705096479122     
   4.8055214722797696E-004   226.67703061818366     
   4.8478124585548749E-004   226.67700991188167     
   4.8904756266068058E-004   226.67698883952644     
   4.9335142518208653E-004   226.67696739464685     
   4.9769316384073862E-004   226.67694557065735     
   5.0207311196553950E-004   226.67692336085585     
   5.0649160581885306E-004   226.67690075842199     
   5.1094898462231923E-004   226.67687775641463     
   5.1544559058289781E-004   226.67685434777002     
   5.1998176891914080E-004   226.67683052529958     
   5.2455786788769491E-004   226.67680628168762     
   5.2917423881003998E-004   226.67678160948907     
   5.3383123609945966E-004   226.67675650112730     
   5.3852921728825135E-004   226.67673094889176     
   5.4326854305517512E-004   226.67670494493547     
   5.4804957725314405E-004   226.67667848127286     
   5.5287268693715813E-004   226.67665154977718     
   5.5773824239248478E-004   226.67662414217799     
   5.6264661716308635E-004   226.67659625005865     
   5.6759818808029840E-004   226.67656786485364     
   5.7259333529176043E-004   226.67653897784621     
   5.7763244229060032E-004   226.67650958016540     
   5.8271589594487746E-004   226.67647966278338     
   5.8784408652728264E-004   226.67644921651276     
   5.9301740774510107E-004   226.67641823200393     
   5.9823625677043893E-004   226.67638669974161     
   6.0350103427071441E-004   226.67635461004272     
   6.0881214443941933E-004   226.67632195305271     
   6.1416999502714967E-004   226.67628871874297     
   6.1957499737291030E-004   226.67625489690755     
   6.2502756643569425E-004   226.67622047716014     
   6.3052812082634079E-004   226.67618544893077     
   6.3607708283967346E-004   226.67614980146257     
   6.4167487848692097E-004   226.67611352380857     
   6.4732193752842313E-004   226.67607660482838     
   6.5301869350662550E-004   226.67603903318448     
   6.5876558377936313E-004   226.67600079733907     
   6.6456304955343824E-004   226.67596188555035     
   6.7041153591849317E-004   226.67592228586886     
   6.7631149188118094E-004   226.67588198613410     
   6.8226337039963740E-004   226.67584097397039     
   6.8826762841825580E-004   226.67579923678346     
   6.9432472690276797E-004   226.67575676175616     
   7.0043513087563402E-004   226.67571353584506     
   7.0659930945174399E-004   226.67566954577603     
   7.1281773587443282E-004   226.67562477804012     
   7.1909088755181278E-004   226.67557921888985     
   7.2541924609342606E-004   226.67553285433451     
   7.3180329734721862E-004   226.67548567013617     
   7.3824353143684101E-004   226.67543765180517     
   7.4474044279927612E-004   226.67538878459578     
   7.5129453022279959E-004   226.67533905350149     
   7.5790629688527204E-004   226.67528844325057     
   7.6457625039277031E-004   226.67523693830128     
   7.7130490281855852E-004   226.67518452283727     
   7.7809277074240043E-004   226.67513118076246     
   7.8494037529021972E-004   226.67507689569624     
   7.9184824217410786E-004   226.67502165096860     
   7.9881690173268531E-004   226.67496542961456     
   8.0584688897181688E-004   226.67490821436957     
   8.1293874360568595E-004   226.67484998766355     
   8.2009301009822947E-004   226.67479073161613     
   8.2731023770493933E-004   226.67473042803067     
   8.3459098051502927E-004   226.67466905838896     
   8.4193579749397487E-004   226.67460660384538     
   8.4934525252642658E-004   226.67454304522124     
   8.5681991445950105E-004   226.67447836299866     
   8.6436035714645325E-004   226.67441253731502     
   8.7196715949073341E-004   226.67434554795631     
   8.7964090549043047E-004   226.67427737435133     
   8.8738218428310834E-004   226.67420799556527     
   8.9519159019103508E-004   226.67413739029305     
   9.0306972276681130E-004   226.67406553685328     
   9.1101718683939961E-004   226.67399241318108     
   9.1903459256055899E-004   226.67391799682164     
   9.2712255545168883E-004   226.67384226492302     
   9.3528169645108327E-004   226.67376519422973     
   9.4351264196160364E-004   226.67368676107472     
   9.5181602389876878E-004   226.67360694137295     
   9.6019247973926926E-004   226.67352571061338     
   9.6864265256990873E-004   226.67344304385179     
   9.7716719113697553E-004   226.67335891570315     
   9.8576674989604859E-004   226.67327330033342     
   9.9444198906224290E-004   226.67318617145213     
   1.0031935746608958E-003   226.67309750230402     
   1.0120221785786994E-003   226.67300726566083     
   1.0209284786152841E-003   226.67291543381302     
   1.0299131585352556E-003   226.67282197856127     
   1.0389769081206887E-003   226.67272687120774     
   1.0481204232240847E-003   226.67263008254739     
   1.0573444058217941E-003   226.67253158285874     
   1.0666495640679098E-003   226.67243134189522     
   1.0760366123486332E-003   226.67232932887541     
   1.0855062713371216E-003   226.67222551247374     
   1.0950592680488147E-003   226.67211986081114     
   1.1046963358972513E-003   226.67201234144477     
   1.1144182147503753E-003   226.67190292135854     
   1.1242256509873374E-003   226.67179156695258     
   1.1341193975557971E-003   226.67167824403322     
   1.1441002140297289E-003   226.67156291780231     
   1.1541688666677377E-003   226.67144555284656     
   1.1643261284718857E-003   226.67132611312684     
   1.1745727792470389E-003   226.67120456196685     
   1.1849096056607360E-003   226.67108086204209     
   1.1953374013035814E-003   226.67095497536820     
   1.2058569667501736E-003   226.67082686328953     
   1.2164691096205661E-003   226.67069648646702     
   1.2271746446422724E-003   226.67056380486642     
   1.2379743937128147E-003   226.67042877774571     
   1.2488691859628227E-003   226.67029136364272     
   1.2598598578196900E-003   226.67015152036251     
   1.2709472530717878E-003   226.67000920496406     
   1.2821322229332466E-003   226.66986437374766     
   1.2934156261093057E-003   226.66971698224100     
   1.3047983288622382E-003   226.66956698518570     
   1.3162812050778586E-003   226.66941433652346     
   1.3278651363326113E-003   226.66925898938175     
   1.3395510119612543E-003   226.66910089605966     
   1.3513397291251340E-003   226.66894000801321     
   1.3632321928810651E-003   226.66877627584017     
   1.3752293162508137E-003   226.66860964926528     
   1.3873320202911924E-003   226.66844007712461     
   1.3995412341647731E-003   226.66826750734990     
   1.4118578952112234E-003   226.66809188695248     
   1.4242829490192653E-003   226.66791316200727     
   1.4368173494992750E-003   226.66773127763597     
   1.4494620589565153E-003   226.66754617799018     
   1.4622180481650158E-003   226.66735780623461     
   1.4750862964421005E-003   226.66716610452926     
   1.4880677917235761E-003   226.66697101401186     
   1.5011635306395764E-003   226.66677247477980     
   1.5143745185910774E-003   226.66657042587167     
   1.5277017698270858E-003   226.66636480524858     
   1.5411463075225048E-003   226.66615554977517     
   1.5547091638566885E-003   226.66594259520008     
   1.5683913800926825E-003   226.66572587613655     
   1.5821940066571677E-003   226.66550532604194     
   1.5961181032211043E-003   226.66528087719772     
   1.6101647387810841E-003   226.66505246068826     
   1.6243349917414033E-003   226.66482000638004     
   1.6386299499968537E-003   226.66458344290004     
   1.6530507110162438E-003   226.66434269761373     
   1.6675983819266552E-003   226.66409769660277     
   1.6822740795984403E-003   226.66384836464255     
   1.6970789307309672E-003   226.66359462517880     
   1.7120140719391211E-003   226.66333640030456     
   1.7270806498405652E-003   226.66307361073547     
   1.7422798211437700E-003   226.66280617578639     
   1.7576127527368171E-003   226.66253401334609     
   1.7730806217769860E-003   226.66225703985194     
   1.7886846157811277E-003   226.66197517026475     
   1.8044259327168329E-003   226.66168831804231     
   1.8203057810944052E-003   226.66139639511303     
   1.8363253800596428E-003   226.66109931184869     
   1.8524859594874334E-003   226.66079697703722     
   1.8687887600761786E-003   226.66048929785447     
   1.8852350334430438E-003   226.66017617983601     
   1.9018260422200505E-003   226.65985752684770     
   1.9185630601510119E-003   226.65953324105681     
   1.9354473721893222E-003   226.65920322290143     
   1.9524802745966060E-003   226.65886737106027     
   1.9696630750422372E-003   226.65852558242148     
   1.9869970927037330E-003   226.65817775205105     
   2.0044836583680298E-003   226.65782377316043     
   2.0221241145336540E-003   226.65746353707414     
   2.0399198155137879E-003   226.65709693319607     
   2.0578721275402458E-003   226.65672384897579     
   2.0759824288683637E-003   226.65634416987390     
   2.0942521098828116E-003   226.65595777932691     
   2.1126825732043393E-003   226.65556455871169     
   2.1312752337974577E-003   226.65516438730867     
   2.1500315190790716E-003   226.65475714226523     
   2.1689528690280670E-003   226.65434269855783     
   2.1880407362958624E-003   226.65392092895362     
   2.2072965863179335E-003   226.65349170397150     
   2.2267218974263187E-003   226.65305489184246     
   2.2463181609631163E-003   226.65261035846899     
   2.2660868813949792E-003   226.65215796738423     
   2.2860295764286164E-003   226.65169757970986     
   2.3061477771273149E-003   226.65122905411346     
   2.3264430280284807E-003   226.65075224676565     
   2.3469168872622200E-003   226.65026701129545     
   2.3675709266709616E-003   226.64977319874563     
   2.3884067319301316E-003   226.64927065752713     
   2.4094259026698909E-003   226.64875923337223     
   2.4306300525979434E-003   226.64823876928779     
   2.4520208096234265E-003   226.64770910550652     
   2.4735998159818905E-003   226.64717007943858     
   2.4953687283613760E-003   226.64662152562113     
   2.5173292180296061E-003   226.64606327566815     
   2.5394829709622941E-003   226.64549515821858     
   2.5618316879725796E-003   226.64491699888367     
   2.5843770848416069E-003   226.64432862019376     
   2.6071208924502501E-003   226.64372984154366     
   2.6300648569119985E-003   226.64312047913756     
   2.6532107397070110E-003   226.64250034593246     
   2.6765603178173507E-003   226.64186925158083     
   2.7001153838634101E-003   226.64122700237255     
   2.7238777462415343E-003   226.64057340117509     
   2.7478492292628593E-003   226.63990824737368     
   2.7720316732933684E-003   226.63923133680922     
   2.7964269348951846E-003   226.63854246171616     
   2.8210368869691022E-003   226.63784141065858     
   2.8458634188983788E-003   226.63712796846562     
   2.8709084366937859E-003   226.63640191616540     
   2.8961738631399403E-003   226.63566303091784     
   2.9216616379429249E-003   226.63491108594653     
   2.9473737178792006E-003   226.63414585046945     
   2.9733120769458395E-003   226.63336708962771     
   2.9994787065120722E-003   226.63257456441414     
   3.0258756154721727E-003   226.63176803159988     
   3.0525048303996841E-003   226.63094724365970     
   3.0793683957030110E-003   226.63011194869654     
   3.1064683737823703E-003   226.62926189036395     
   3.1338068451881290E-003   226.62839680778799     
   3.1613859087805366E-003   226.62751643548705     
   3.1892076818908592E-003   226.62662050329058     
   3.2172743004839342E-003   226.62570873625640     
   3.2455879193221552E-003   226.62478085458662     
   3.2741507121309002E-003   226.62383657354178     
   3.3029648717654144E-003   226.62287560335372     
   3.3320326103791638E-003   226.62189764913691     
   3.3613561595936671E-003   226.62090241079818     
   3.3909377706698280E-003   226.61988958294472     
   3.4207797146807665E-003   226.61885885479086     
   3.4508842826861804E-003   226.61780991006265     
   3.4812537859082366E-003   226.61674242690106     
   3.5118905559090082E-003   226.61565607776373     
   3.5427969447694792E-003   226.61455052932456     
   3.5739753252701191E-003   226.61342544237175     
   3.6054280910730488E-003   226.61228047170377     
   3.6371576569058104E-003   226.61111526602426     
   3.6691664587467534E-003   226.60992946783384     
   3.7014569540120513E-003   226.60872271332130     
   3.7340316217443666E-003   226.60749463225213     
   3.7668929628031727E-003   226.60624484785515     
   3.8000435000567555E-003   226.60497297670733     
   3.8334857785758988E-003   226.60367862861662     
   3.8672223658292805E-003   226.60236140650238     
   3.9012558518805832E-003   226.60102090627407     
   3.9355888495873409E-003   226.59965671670795     
   3.9702239948015390E-003   226.59826841932068     
   4.0051639465719753E-003   226.59685558824202     
   4.0404113873484006E-003   226.59541779008433     
   4.0759690231874663E-003   226.59395458380993     
   4.1118395839604685E-003   226.59246552059676     
   4.1480258235629336E-003   226.59095014370064     
   4.1845305201260443E-003   226.58940798831605     
   4.2213564762299208E-003   226.58783858143400     
   4.2585065191187892E-003   226.58624144169730     
   4.2959835009180325E-003   226.58461607925375     
   4.3337902988531615E-003   226.58296199560633     
   4.3719298154707067E-003   226.58127868346094     
   4.4104049788610562E-003   226.57956562657137     
   4.4492187428832536E-003   226.57782229958175     
   4.4883740873917768E-003   226.57604816786602     
   4.5278740184653086E-003   226.57424268736472     
   4.5677215686375228E-003   226.57240530441862     
   4.6079197971299057E-003   226.57053545560001     
   4.6484717900866163E-003   226.56863256754056     
   4.6893806608114220E-003   226.56669605675626     
   4.7306495500067164E-003   226.56472532946927     
   4.7722816260146418E-003   226.56271978142689     
   4.8142800850603318E-003   226.56067879771697     
   4.8566481514972946E-003   226.55860175258044     
   4.8993890780549589E-003   226.55648800922035     
   4.9425061460883959E-003   226.55433691960741     
   4.9860026658302345E-003   226.55214782428266     
   5.0298819766448075E-003   226.54992005215615     
   5.0741474472845161E-003   226.54765292030248     
   5.1188024761484631E-003   226.54534573375219     
   5.1638504915433618E-003   226.54299778528028     
   5.2092949519467312E-003   226.54060835519039     
   5.2551393462724194E-003   226.53817671109570     
   5.3013871941384573E-003   226.53570210769530     
   5.3480420461372710E-003   226.53318378654765     
   5.3951074841082688E-003   226.53062097583899     
   5.4425871214128334E-003   226.52801289014857     
   5.4904846032117318E-003   226.52535873020940     
   5.5388036067449643E-003   226.52265768266454     
   5.5875478416140744E-003   226.51990891981990     
   5.6367210500669531E-003   226.51711159939191     
   5.6863270072851383E-003   226.51426486425132     
   5.7363695216736494E-003   226.51136784216212     
   5.7868524351533694E-003   226.50841964551651     
   5.8377796234560016E-003   226.50541937106448     
   5.8891549964216212E-003   226.50236609963915     
   5.9409824982988493E-003   226.49925889587729     
   5.9932661080476591E-003   226.49609680793480     
   6.0460098396448577E-003   226.49287886719736     
   6.0992177423922524E-003   226.48960408798598     
   6.1528939012275219E-003   226.48627146725741     
   6.2070424370378402E-003   226.48287998429925     
   6.2616675069762416E-003   226.47942860041999     
   6.3167733047807774E-003   226.47591625863353     
   6.3723640610964926E-003   226.47234188333795     
   6.4284440438002136E-003   226.46870437998908     
   6.4850175583282144E-003   226.46500263476824     
   6.5420889480067562E-003   226.46123551424401     
   6.5996625943855374E-003   226.45740186502837     
   6.6577429175740796E-003   226.45350051342709     
   6.7163343765810736E-003   226.44953026508315     
   6.7754414696567103E-003   226.44548990461493     
   6.8350687346380272E-003   226.44137819524755     
   6.8952207492972914E-003   226.43719387843814     
   6.9559021316934495E-003   226.43293567349434     
   7.0171175405266701E-003   226.42860227718620     
   7.0788716754960077E-003   226.42419236335158     
   7.1411692776602144E-003   226.41970458249457     
   7.2040151298017226E-003   226.41513756137664     
   7.2674140567938359E-003   226.41048990260134     
   7.3313709259711516E-003   226.40576018419122     
   7.3958906475032381E-003   226.40094695915781     
   7.4609781747716078E-003   226.39604875506384     
   7.5266385047499983E-003   226.39106407357821     
   7.5928766783880117E-003   226.38599139002287     
   7.6596977809981178E-003   226.38082915291224     
   7.7271069426460776E-003   226.37557578348461     
   7.7951093385447883E-003   226.37022967522506     
   7.8637101894515997E-003   226.36478919338060     
   7.9329147620691345E-003   226.35925267446666     
   8.0027283694496243E-003   226.35361842576529     
   8.0731563714028093E-003   226.34788472481443     
   8.1442041749074309E-003   226.34204981888863     
   8.2158772345263444E-003   226.33611192447057     
   8.2881810528252706E-003   226.33006922671365     
   8.3611211807952598E-003   226.32391987889537     
   8.4347032182788551E-003   226.31766200186109     
   8.5089328144000026E-003   226.31129368345839     
   8.5838156679977559E-003   226.30481297796163     
   8.6593575280638005E-003   226.29821790548661     
   8.7355641941838126E-003   226.29150645139532     
   8.8124415169827212E-003   226.28467656569023     
   8.8899953985738661E-003   226.27772616239835     
   8.9682317930121335E-003   226.27065311894472     
   9.0471567067510594E-003   226.26345527551501     
   9.1267761991039743E-003   226.25613043440751     
   9.2070963827091783E-003   226.24867635937360     
   9.2881234239992495E-003   226.24109077494731     
   9.3698635436744396E-003   226.23337136576325     
   9.4523230171802679E-003   226.22551577586282     
   9.5355081751893091E-003   226.21752160798866     
   9.6194254040872125E-003   226.20938642286723     
   9.7040811464630065E-003   226.20110773847856     
   9.7894819016037145E-003   226.19268302931440     
   9.8756342259933329E-003   226.18410972562299     
   9.9625447338161817E-003   226.17538521264137     
   1.0050220097464712E-002   226.16650682981444     
   1.0138667048051751E-002   226.15747187000096     
   1.0227892375927271E-002   226.14827757866581     
   1.0317902931199724E-002   226.13892115305862     
   1.0408705624261928E-002   226.12939974137873     
   1.0500307426321600E-002   226.11971044192546     
   1.0592715369936570E-002   226.10985030223446     
   1.0685936549554683E-002   226.09981631819926     
   1.0779978122058463E-002   226.08960543317789     
   1.0874847307314570E-002   226.07921453708460     
   1.0970551388728097E-002   226.06864046546613     
   1.1067097713801729E-002   226.05787999856221     
   1.1164493694699846E-002   226.04692986035084     
   1.1262746808817564E-002   226.03578671757654     
   1.1361864599354817E-002   226.02444717876313     
   1.1461854675895453E-002   226.01290779320965     
   1.1562724714991458E-002   226.00116504996890     
   1.1664482460752305E-002   225.98921537680991     
   1.1767135725439489E-002   225.97705513916176     
   1.1870692390066311E-002   225.96468063904086     
   1.1975160405002915E-002   225.95208811395946     
   1.2080547790586673E-002   225.93927373581658     
   1.2186862637737919E-002   225.92623360976958     
   1.2294113108581133E-002   225.91296377308799     
   1.2402307437071552E-002   225.89946019398747     
   1.2511453929627334E-002   225.88571877044436     
   1.2621560965767258E-002   225.87173532899129     
   1.2732636998754047E-002   225.85750562349182     
   1.2844690556243358E-002   225.84302533389550     
   1.2957730240938464E-002   225.82829006497195     
   1.3071764731250725E-002   225.81329534502422     
   1.3186802781965851E-002   225.79803662458056     
   1.3302853224916023E-002   225.78250927506522     
   1.3419924969657968E-002   225.76670858744666     
   1.3538027004156945E-002   225.75062977086404     
   1.3657168395476793E-002   225.73426795123098     
   1.3777358290476036E-002   225.71761816981615     
   1.3898605916510119E-002   225.70067538180143     
   1.4020920582139818E-002   225.68343445481506     
   1.4144311677845883E-002   225.66589016744277     
   1.4268788676749982E-002   225.64803720771269     
   1.4394361135341982E-002   225.62987017155683     
   1.4521038694213626E-002   225.61138356124744     
   1.4648831078798672E-002   225.59257178380724     
   1.4777748100119547E-002   225.57342914939491     
   1.4907799655540574E-002   225.55394986966377     
   1.5038995729527816E-002   225.53412805609398     
   1.5171346394415615E-002   225.51395771829866     
   1.5304861811179892E-002   225.49343276230155     
   1.5439552230218210E-002   225.47254698878800     
   1.5575427992136754E-002   225.45129409132733     
   1.5712499528544199E-002   225.42966765456740     
   1.5850777362852581E-002   225.40766115239944     
   1.5990272111085207E-002   225.38526794609464     
   1.6130994482691695E-002   225.36248128241039     
   1.6272955281370155E-002   225.33929429166682     
   1.6416165405896632E-002   225.31569998579292     
   1.6560635850961836E-002   225.29169125634152     
   1.6706377708015235E-002   225.26726087247329     
   1.6853402166116600E-002   225.24240147890902     
   1.7001720512794999E-002   225.21710559384951     
   1.7151344134915383E-002   225.19136560686329     
   1.7302284519552812E-002   225.16517377674109     
   1.7454553254874317E-002   225.13852222931706     
   1.7608162031028596E-002   225.11140295525615     
   1.7763122641043474E-002   225.08380780780715     
   1.7919446981731313E-002   225.05572850052107     
   1.8077147054602356E-002   225.02715660493448     
   1.8236234966786124E-002   224.99808354821710     
   1.8396722931960919E-002   224.96850061078348     
   1.8558623271291496E-002   224.93839892386848     
   1.8721948414375023E-002   224.90776946706495     
   1.8886710900195312E-002   224.87660306582535     
   1.9052923378085482E-002   224.84489038892454     
   1.9220598608699110E-002   224.81262194588487     
   1.9389749464989885E-002   224.77978808436245     
   1.9560388933199897E-002   224.74637898749410     
   1.9732530113856665E-002   224.71238467120511     
   1.9906186222778875E-002   224.67779498147672     
   2.0081370592091006E-002   224.64259959157323     
   2.0258096671246895E-002   224.60678799922800     
   2.0436378028062273E-002   224.57034952378862     
   2.0616228349756419E-002   224.53327330331987     
   2.0797661444002979E-002   224.49554829166419     
   2.0980691239990003E-002   224.45716325546053     
   2.1165331789489348E-002   224.41810677111897     
   2.1351597267935483E-002   224.37836722175243     
   2.1539501975513756E-002   224.33793279406456     
   2.1729060338258291E-002   224.29679147519269     
   2.1920286909159509E-002   224.25493104950689     
   2.2113196369281399E-002   224.21233909536278     
   2.2307803528888646E-002   224.16900298180971     
   2.2504123328583647E-002   224.12490986525256     
   2.2702170840453555E-002   224.08004668606708     
   2.2901961269227406E-002   224.03440016516865     
   2.3103509953443443E-002   223.98795680053385     
   2.3306832366626694E-002   223.94070286367457     
   2.3511944118476923E-002   223.89262439606441     
   2.3718860956067046E-002   223.84370720551641     
   2.3927598765052072E-002   223.79393686251294     
   2.4138173570888700E-002   223.74329869648608     
   2.4350601540065641E-002   223.69177779204932     
   2.4564898981344771E-002   223.63935898517963     
   2.4781082347013216E-002   223.58602685934960     
   2.4999168234146420E-002   223.53176574160975     
   2.5219173385882390E-002   223.47655969862075     
   2.5441114692707073E-002   223.42039253263468     
   2.5665009193751146E-002   223.36324777742581     
   2.5890874078098130E-002   223.30510869417046     
   2.6118726686104037E-002   223.24595826727591     
   2.6348584510728686E-002   223.18577920015744     
   2.6580465198878658E-002   223.12455391096466     
   2.6814386552762113E-002   223.06226452825581     
   2.7050366531255528E-002   222.99889288662072     
   2.7288423251282463E-002   222.93442052225183     
   2.7528574989204420E-002   222.86882866846392     
   2.7770840182224012E-002   222.80209825116125     
   2.8015237429800437E-002   222.73420988425408     
   2.8261785495077411E-002   222.66514386502254     
   2.8510503306323667E-002   222.59488016942962     
   2.8761409958386146E-002   222.52339844738202     
   2.9014524714155984E-002   222.45067801794045     
   2.9269867006047352E-002   222.37669786447788     
   2.9527456437489365E-002   222.30143662978776     
   2.9787312784431089E-002   222.22487261114102     
   3.0049455996859820E-002   222.14698375529309     
   3.0313906200332679E-002   222.06774765344048     
   3.0580683697521746E-002   221.98714153612838     
   3.0849808969772734E-002   221.90514226810896     
   3.1121302678677409E-002   221.82172634315060     
   3.1395185667659864E-002   221.73686987879975     
   3.1671478963576721E-002   221.65054861109508     
   3.1950203778331424E-002   221.56273788923474     
   3.2231381510502755E-002   221.47341267019766     
   3.2515033746987651E-002   221.38254751331979     
   3.2801182264658536E-002   221.29011657482582     
   3.3089849032035150E-002   221.19609360231723     
   3.3381056210971184E-002   221.10045192921856     
   3.3674826158355681E-002   221.00316446918157     
   3.3971181427829483E-002   220.90420371044942     
   3.4270144771516693E-002   220.80354171018240     
   3.4571739141771494E-002   220.70115008874484     
   3.4875987692940189E-002   220.59700002395709     
   3.5182913783138925E-002   220.49106224531155     
   3.5492540976046892E-002   220.38330702815622     
   3.5804893042715440E-002   220.27370418784659     
   3.6119993963392993E-002   220.16222307386730     
   3.6437867929366152E-002   220.04883256392677     
   3.6758539344816904E-002   219.93350105802537     
   3.7082032828696210E-002   219.81619647249971     
   3.7408373216614069E-002   219.69688623404619     
   3.7737585562746270E-002   219.57553727372414     
   3.8069695141757807E-002   219.45211602094344     
   3.8404727450743359E-002   219.32658839743718     
   3.8742708211184758E-002   219.19891981122308     
   3.9083663370925684E-002   219.06907515055656     
   3.9427619106163832E-002   218.93701877787791     
   3.9774601823460445E-002   218.80271452375757     
   4.0124638161767714E-002   218.66612568084167     
   4.0477754994473883E-002   218.52721499780262     
   4.0833979431466418E-002   218.38594467329719     
   4.1193338821213323E-002   218.24227634993667     
   4.1555860752862758E-002   218.09617110827278     
   4.1921573058361167E-002   217.94758946080358     
   4.2290503814589979E-002   217.79649134600348     
   4.2662681345521224E-002   217.64283612238219     
   4.3038134224391969E-002   217.48658256257738     
   4.3416891275898067E-002   217.32768884748572     
   4.3798981578407045E-002   217.16611256043743     
   4.4184434466190581E-002   217.00181068141995     
   4.4573279531676578E-002   216.83473958135653     
   4.4965546627721058E-002   216.66485501644468     
   4.5361265869900080E-002   216.49211212256174     
   4.5760467638821800E-002   216.31646540974282     
   4.6163182582458856E-002   216.13786875673830     
   4.6569441618501371E-002   215.95627540565775     
   4.6979275936730534E-002   215.77163795670680     
   4.7392717001413183E-002   215.58390836302485     
   4.7809796553717400E-002   215.39303792563149     
   4.8230546614149369E-002   215.19897728848849     
   4.8654999485011723E-002   215.00167643368704     
   4.9083187752883464E-002   214.80108467676763     
   4.9515144291121728E-002   214.59715066218223     
   4.9950902262385626E-002   214.38982235890759     
   5.0390495121182183E-002   214.17904705621913     
   5.0833956616434792E-002   213.96477135963559     
   5.1281320794074201E-002   213.74694118704451     
   5.1732621999652340E-002   213.52550176501927     
   5.2187894880979122E-002   213.30039762533829     
   5.2647174390782474E-002   213.07157260171823     
   5.3110495789391775E-002   212.83896982677260     
   5.3577894647444883E-002   212.60253172920815     
   5.4049406848619010E-002   212.36220003127116     
   5.4525068592385637E-002   212.11791574645704     
   5.5004916396789644E-002   211.86961917749679     
   5.5488987101252940E-002   211.61724991463294     
   5.5977317869402715E-002   211.36074683420119     
   5.6469946191924615E-002   211.10004809753048     
   5.6966909889441024E-002   210.83509115017813     
   5.7468247115414664E-002   210.56581272151502     
   5.7973996359077788E-002   210.29214882467690     
   5.8484196448387073E-002   210.01403475689898     
   5.8998886553004566E-002   209.73140510025047     
   5.9518106187304937E-002   209.44419372278668     
   6.0041895213408997E-002   209.15233378013744     
   6.0570293844244165E-002   208.85575771754952     
   6.1103342646631649E-002   208.55439727240355     
   6.1641082544400927E-002   208.24818347722393     
   6.2183554821531595E-002   207.93704666320298     
   6.2730801125322866E-002   207.62091646425958     
   6.3282863469590958E-002   207.29972182165446     
   6.3839784237894631E-002   206.97339098918337     
   6.4401606186789112E-002   206.64185153897114     
   6.4968372449108650E-002   206.30503036788966     
   6.5540126537277935E-002   205.96285370462408     
   6.6116912346652706E-002   205.61524711741055     
   6.6698774158889723E-002   205.26213552247145     
   6.7285756645346459E-002   204.90344319317325     
   6.7877904870510569E-002   204.53909376993289     
   6.8475264295459679E-002   204.16901027090037     
   6.9077880781351630E-002   203.79311510344365     
   6.9685800592945282E-002   203.41133007646505     
   7.0299070402152455E-002   203.02357641357708     
   7.0917737291621097E-002   202.62977476716705     
   7.1541848758349957E-002   202.22984523338005     
   7.2171452717335022E-002   201.82370736805152     
   7.2806597505248163E-002   201.41128020361936     
   7.3447331884148120E-002   200.99248226704759     
   7.4093705045224056E-002   200.56723159879428     
   7.4745766612572068E-002   200.13544577285535     
   7.5403566647005149E-002   199.69704191791863     
   7.6067155649896370E-002   199.25193673966135     
   7.6736584567056121E-002   198.80004654422541     
   7.7411904792643260E-002   198.34128726290618     
   7.8093168173110974E-002   197.87557447808854     
   7.8780427011187038E-002   197.40282345046779     
   7.9473734069889349E-002   196.92294914759083     
   8.0173142576576678E-002   196.43586627375367     
   8.0878706227035108E-002   195.94148930129424     
   8.1590479189600440E-002   195.43973250331578     
   8.2308516109316818E-002   194.93050998788041     
   8.3032872112132061E-002   194.41373573370987     
   8.3763602809129853E-002   193.88932362743216     
   8.4500764300799086E-002   193.35718750241267     
   8.5244413181341031E-002   192.81724117920857     
   8.5994606543014052E-002   192.26939850768471     
   8.6751401980516993E-002   191.71357341083123     
   8.7514857595410694E-002   191.14967993031999     
   8.8285032000578745E-002   190.57763227384015     
   8.9061984324727339E-002   189.99734486425112     
   8.9845774216924801E-002   189.40873239059093     
   9.0636461851180988E-002   188.81170986097919     
   9.1434107931067099E-002   188.20619265745160     
   9.2238773694375997E-002   187.59209659276428     
   9.3050520917823704E-002   186.96933796920408     
   9.3869411921792156E-002   186.33783363944229     
   9.4695509575113732E-002   185.69750106946614     
   9.5528877299897896E-002   185.04825840362386     
   9.6369579076400341E-002   184.39002453181661     
   9.7217679447934899E-002   183.72271915887055     
   9.8073243525828774E-002   183.04626287612018     
   9.8936336994421337E-002   182.36057723523416     
   9.9807026116106867E-002   181.66558482431134     
  0.10068537773642187        180.96120934627584     
  0.10157145928917680        180.24737569959535     
  0.10246533880163339        179.52401006134750     
  0.10336708489972711        178.79103997265580     
  0.10427676681333600        178.04839442651419     
  0.10519445438159550        177.29600395801793     
  0.10612021805826027        176.53380073701516     
  0.10705412891711324        175.76171866319083     
  0.10799625865742199        174.97969346359241     
  0.10894667960944346        174.18766279260225     
  0.10990546473997698        173.38556633435951     
  0.11087268765796603        172.57334590763071     
  0.11184842262014957        171.75094557312255     
  0.11283274453676291        170.91831174322954     
  0.11382572897728878        170.07539329420149     
  0.11482745217625905        169.22214168071426     
  0.11583799103910754        168.35851105281930     
  0.11685742314807418        167.48445837524616     
  0.11788582676816142        166.59994354902290     
  0.11892328085314267        165.70492953537661     
  0.11996986505162402        164.79938248186912     
  0.12102565971315897        163.88327185071685     
  0.12209074589441718        162.95657054923745     
  0.12316520536540748        162.01925506235898     
  0.12424912061575552        161.07130558712046     
  0.12534257486103684        160.11270616908513     
  0.12644565204916558        159.14344484057935     
  0.12755843686683929        158.16351376066422     
  0.12868101474604088        157.17290935673500     
  0.12981347187059719        156.17163246763917     
  0.13095589518279577        155.15968848819065     
  0.13210837239005968        154.13708751495184     
  0.13327099197168110        153.10384449314361     
  0.13444384318561400        152.05997936453406     
  0.13562701607532707        151.00551721614602     
  0.13682060147671621        149.94048842961456     
  0.13802469102507867        148.86492883101187     
  0.13923937716214801        147.77887984094903     
  0.14046475314319115        146.68238862475033     
  0.14170091304416788        145.57550824248548     
  0.14294795176895334        144.45829779863246     
  0.14420596505662414        143.33082259113232     
  0.14547504948880852        142.19315425958365     
  0.14675530249710125        141.04537093231355     
  0.14804682237054376        139.88755737204764     
  0.14934970826316996        138.71980511988966     
  0.15066406020161888        137.54221263730767     
  0.15198997909281375        136.35488544581176     
  0.15332756673170914        135.15793626399329     
  0.15467692580910597        133.95148514158410     
  0.15603815991953543        132.73565959018049     
  0.15741137356921231        131.51059471026252     
  0.15879667218405813        130.27643331412901     
  0.16019416211779525        129.03332604435133     
  0.16160395066011171        127.78143148734171     
  0.16302614604489840        126.52091628161423     
  0.16446085745855843        125.25195522030906     
  0.16590819504838977        123.97473134753483     
  0.16736826993104145        122.68943604807656     
  0.16884119420104454        121.39626913000203     
  0.17032708093941790        120.09543889969278     
  0.17182604422234968        118.78716222881391     
  0.17333819912995554        117.47166461272904     
  0.17486366175511342        116.14918021985955     
  0.17640254921237661        114.81995193147841     
  0.17795497964696483        113.48423137142495     
  0.17952107224383468        112.14227892522031     
  0.18110094723682990        110.79436374806043     
  0.18269472591791192        109.44076376116143     
  0.18430253064647203        108.08176563592946     
  0.18592448485872520        106.71766476543003     
  0.18756071307718664        105.34876522263161     
  0.18921134092023179        103.97537970490367     
  0.19087649511174051        102.59782946425393     
  0.19255630349082606        101.21644422279795     
  0.19425089502164952        99.831562072963038     
  0.19596039980332108        98.443529361940875     
  0.19768494907988793        97.052700559916701     
  0.19942467525041033        95.659438111619664     
  0.20117971187912639        94.264112270757636     
  0.20295019370570611        92.867100916921544     
  0.20473625665559575        91.468789354567704     
  0.20653803785045341        90.069570093714475     
  0.20835567561867610        88.669842612018471     
  0.21018930950601974        87.270013097928995     
  0.21203908028631263        85.870494174654283     
  0.21390512997226280        84.471704604713423     
  0.21578760182636111        83.074068974887368     
  0.21768664037187971        81.678017361430534     
  0.21960239140396773        80.283984975450238     
  0.22153500200084425        78.892411788414904     
  0.22348462053509013        77.503742137805176     
  0.22545139668503894        76.118424312981375     
  0.22743548144626824        74.736910121401507     
  0.22943702714319197        73.359654435388549     
  0.23145618744075500        71.987114719713176     
  0.23349311735623021        70.619750540329022     
  0.23554797327112001        69.258023054670602     
  0.23762091294316193        67.902394484000510     
  0.23971209551844025        66.553327568371088     
  0.24182168154360431        65.211285004846886     
  0.24394983297819398        63.876728869718065     
  0.24609671320707385        62.550120025519576     
  0.24826248705297690        61.231917513758319     
  0.25044732078915832        59.922577934338889     
  0.25265138215216093        58.622554812767447     
  0.25487484035469282        57.332297956303997     
  0.25711786609861825        56.052252800322847     
  0.25938063158806318        54.782859746231892     
  0.26166331054263564        53.524553492390680     
  0.26396607821076296        52.277762359554991     
  0.26628911138314598        51.042907612463942     
  0.26863258840633197        49.820402779268491     
  0.27099668919640690        48.610652970583487     
  0.27338159525280770        47.414054200023386     
  0.27578748967225730        46.230992708155853     
  0.27821455716282084        45.061844291878707     
  0.28066298405808671        43.906973641288829     
  0.28313295833147184        42.766733686171449     
  0.28562466961065291        41.641464954290086     
  0.28813830919212485        40.531494943701759     
  0.29067407005588713        39.437137511359538     
  0.29323214688025950        38.358692280292146     
  0.29581273605682806        37.296444067669142     
  0.29841603570552278        36.250662336068935     
  0.30104224568982790        35.221600670264912     
  0.30369156763212601        34.209496281831619     
  0.30636420492917726        33.214569543847830     
  0.30906036276773480        32.237023557936027     
  0.31178024814029742        31.277043755827055     
  0.31452406986100134        30.334797537575511     
  0.31729203858165134        29.410433948473880     
  0.32008436680789293        28.504083396622278     
  0.32290126891552762        27.615857413005109     
  0.32574296116697071        26.745848455807256     
  0.32860966172785472        25.894129760567154     
  0.33150159068377860        25.060755237617769     
  0.33441897005720433        24.245759418103503     
  0.33736202382450231        23.449157449685963     
  0.34033097793314671        22.670945142863086     
  0.34332606031906221        21.911099068624448     
  0.34634750092412347        21.169576707952764     
  0.34939553171380805        20.446316653457643     
  0.35247038669500574        19.741238863192407     
  0.35557230193398359        19.054244966463305     
  0.35870151557450947        18.385218621187903     
  0.36185826785613534        17.734025922103193     
  0.36504280113264098        17.100515858861971     
  0.36825535989064040        16.484520822790362     
  0.37149619076835178        15.885857160813355     
  0.37476554257453260        15.304325774788822     
  0.37806366630758148        14.739712764226860     
  0.38139081517480838        14.191790110111899     
  0.38474724461187371        13.660316397292634     
  0.38813321230239911        13.145037572660275     
  0.39154897819775086        12.645687736102754     
  0.39499480453699659        12.161989961002316     
  0.39847095586703890        11.693657140838885     
  0.40197769906292496        11.240392858274141     
  0.40551530334833535        10.801892272923137     
  0.40908404031625362        10.377843023873485     
  0.41268418394981687        9.9679261428891373     
  0.41631601064335055        9.5718169741371959     
  0.41997979922358808        9.1891860962049314     
  0.42367583097107714        8.8197002421306330     
  0.42740438964177468        8.4630232131576495     
  0.43116576148883146        8.1188167819372410     
  0.43496023528456906        7.7867415809524720     
  0.43878810234264920        7.4664579720141306     
  0.44264965654043936        7.1576268927887865     
  0.44654519434157441        6.8599106764606237     
  0.45047501481871710        6.5729738408000680     
  0.45443941967651880        6.2964838431138395     
  0.45843871327478247        6.0301117977814354     
  0.46247320265182884        5.7735331533404661     
  0.46654319754806928        5.5264283263659015     
  0.47064901042978535        5.2884832896945841     
  0.47479095651311759        5.0593901128726682     
  0.47896935378826594        4.8388474530484542     
  0.48318452304390269        4.6265609948926043     
  0.48743678789180039        4.4222438384989200     
  0.49172647479167692        4.2256168345983269     
  0.49605391307625823        4.0364088668029900     
  0.50041943497656272        3.8543570809822802     
  0.50482337564740731        3.6792070622548030     
  0.50926607319313866        3.5107129604559768     
  0.51374786869359046        3.3486375653058893     
  0.51826910623026901        3.1927523328528737     
  0.52283013291276914        3.0428373651014442     
  0.52743129890542384        2.8986813450449835     
  0.53207295745418670        2.7600814296112746     
  0.53675546491375170        2.6268431032889459     
  0.54147918077491231        2.4987799954333485     
  0.54624446769215984        2.3757136644485253     
  0.55105169151152666        2.2574733522060235     
  0.55590122129867203        2.1438957121901829     
  0.56079342936721777        2.0348245149517048     
  0.56572869130733083        1.9301103345069552     
  0.57070738601455928        1.8296102193386614     
  0.57572989571892086        1.7331873516357668     
  0.58079660601424832        1.6407106983562669     
  0.58590790588779229        1.5520546576088499     
  0.59106418775008551        1.4670987037284058     
  0.59626584746506894        1.3857270342694132     
  0.60151328438048379        1.3078282219622277     
  0.60680690135853055        1.2332948744732990     
  0.61214710480679835        1.1620233045844723     
  0.61753430470946546        1.0939132131620424     
  0.62296891465877557        1.0288673870267560     
  0.62845135188679058       0.96679141356505804     
  0.63398203729742231       0.90759341364323598     
  0.63956139549874758       0.85118379410336997     
  0.64518985483560576       0.79747502083688293     
  0.65086784742248427       0.74638141315122386     
  0.65659580917669391       0.69781895987143816     
  0.66237417985183533       0.65170515735394685     
  0.66820340307155990       0.60795886933764809     
  0.67408392636362879       0.56650020832009362     
  0.68001620119427053       0.52725043792611248     
  0.68600068300284167       0.49013189553473213     
  0.69203783123679252       0.45506793424913627     
  0.69812810938693981       0.42198288313481025     
  0.70427198502305099       0.39080202451372353     
  0.71046992982974055       0.36145158698787927     
  0.71672241964268280       0.33385875277379012     
  0.72302993448514363       0.30795167786028332     
  0.72939295860483311       0.28365952345486406     
  0.73581198051108265       0.26091249715790166     
  0.74228749301234931       0.23964190229807369     
  0.74881999325405046       0.21978019387552947     
  0.75540998275673144       0.20126103958972766     
  0.76205796745456844       0.18401938447521904     
  0.76876445773421065       0.16799151772918100     
  0.77552996847396438       0.15311514038749124     
  0.78235501908332239       0.13932943258979721     
  0.78924013354283951       0.12657511926662071     
  0.79618584044436080       0.11479453318127442     
  0.80319267303160391       0.10393167436457405     
  0.81026116924109648        9.3932265089360270E-002
  0.81739187174347661        8.4743799643126880E-002
  0.82458532798515416        7.6315588269179072E-002
  0.83184209023034084        6.8598794758311391E-002
  0.83916271560344879        6.1546467282813259E-002
  0.84654776613186311        5.5113562171535971E-002
  0.85399780878909004        4.9256960427804523E-002
  0.86151341553828553        4.3935476890257848E-002
  0.86909516337616677        3.9109862029485423E-002
  0.87674363437730984        3.4742796459971491E-002
  0.88445941573883746        3.0798878326811489E-002
  0.89224309982550010        2.7244603799527544E-002
  0.90009528421515317        2.4048340970743310E-002
  0.90801657174463579        2.1180297515270379E-002
  0.91600757055605175        1.8612482515175621E-002
  0.92406889414345850        1.6318662898591362E-002
  0.93220116139996789        1.4274314974442899E-002
  0.94040499666525912        1.2456571572008475E-002
  0.94868102977351287        1.0844165313481100E-002
  0.95702989610176414        9.4173685597259710E-003
  0.96545223661868307        8.1579305745291038E-003
  0.97394869793378369        7.0490124511905341E-003
  0.98251993234706680        6.0751203377440660E-003
  0.99116659789909789        5.2220374838601435E-003
  0.99988935842152848        4.4767556141101705E-003
   1.0086888835880592        3.8274061092873055E-003
   1.0175658489658532        3.2631914504513493E-003
   1.0265209360674028        2.7743173498863088E-003
   1.0355548324028487        2.3519259598232855E-003
   1.0446682315327649        1.9880305141922218E-003
   1.0538618331214042        1.6754517214237904E-003
   1.0631363429904135        1.4077561880120456E-003
   1.0724924731730230        1.1791971137397616E-003
   1.0819309419687095        9.8465746070245676E-004
   1.0914524739983447        8.1959576005190705E-004
   1.1010578002598246        6.7999468318643923E-004
   1.1107476581841915        5.6231246836589937E-004
   1.1205227916922493        4.6343725980125899E-004
   1.1303839512516758        3.8064438448373150E-004
   1.1403318939346383        3.1155656264430912E-004
   1.1503673834759174        2.5410702098289332E-004
   1.1604911903315402        2.0650545383104360E-004
   1.1707040917379319        1.6720675631274449E-004
   1.1810068717715860        1.3488243538828867E-004
   1.1914003214092592        1.0839458940128180E-004
   1.2018852385886998        8.6772334344581970E-005
   1.2124624282699048        6.9190545421739328E-005
   1.2231327024969219        5.4950775472338742E-005
   1.2338968804601911        4.3464207287123673E-005
   1.2447557885594365        3.4236494569792477E-005
   1.2557102604671133        2.6854346094948694E-005
   1.2667611371924088        2.0973709239506325E-005
   1.2779092671458114        1.6309412293167020E-005
   1.2891555062042450        1.2626129544834821E-005
   1.3005007177767773        9.7305388605318928E-006
   1.3119457728709065        7.4645480859008883E-006
   1.3234915501594315        5.6994739047975480E-006
   1.3351389360479096        4.3310645609667510E-006
   1.3468888247427102        3.2752659152860904E-006
   1.3587421183196642        2.4646384982180565E-006
   1.3706997267933194        1.8453413776434079E-006
   1.3827625681868065        1.3746066686023520E-006
   1.3949315686023174        1.0186362568984621E-006
   1.4072076622922047        7.5085970666530873E-007
   1.4195917917307088        5.5049930598949349E-007
   1.4320849076863129        4.0139472588646795E-007
   1.4446879692947372        2.9104579436974607E-007
   1.4574019441325750        2.0983740197583325E-007
   1.4702278082915761        1.5041555384305876E-007
   1.4831665464535848        1.0718807327070561E-007
   1.4962191519661365        7.5927458669425738E-008
   1.5093866269187208        5.3456923214245078E-008
   1.5226699822197147        3.7403733001308460E-008
   1.5360702376739934        2.6006637543750626E-008
   1.5495884220612230        1.7966490796635236E-008
   1.5632255732148446        1.2331127403031527E-008
   1.5769827381017514        8.4072233093886311E-009
   1.5908609729026670        5.6932672185689392E-009
   1.6048613430932324        3.8289328617200922E-009
   1.6189849235258063        2.5571030136232423E-009
   1.6332327985119834        1.6955833493793448E-009
   1.6476060619058426        1.1161837955937015E-009
   1.6621058171879235        7.2936038401254344E-010
   1.6767331775499448        4.7302246273604193E-010
   1.6914892659802685        3.0443651618264243E-010
   1.7063752153501137        1.9441435649505267E-010
   1.7213921685005316        1.2317333998157418E-010
   1.7365412783301448        7.7410706356718345E-011
   1.7518237078836587        4.8252444812595793E-011
   1.7672406304411532        2.9826929889131335E-011
   1.7827932296081566        1.8281194369399114E-011
   1.7984826994065179        1.1108158571722341E-011
   1.8143102443660732        6.6904391109413835E-012
   1.8302770796171222        3.9936923128396294E-012
   1.8463844309837174        2.3622899127403186E-012
   1.8626335350777747        1.3843961114911014E-012
   1.8790256393940115        8.0368314267046322E-013
   1.8955620024057211        4.6209804503838136E-013
   1.9122438936613899        2.6310819537302428E-013
   1.9290725938821640        1.4832367478833130E-013
   1.9460493950601745        8.2772484254954724E-014
   1.9631756005577277        4.5717568009536384E-014
   1.9804525252073686        2.4987493553893314E-014
   1.9978814954128248        1.3512140295311644E-014
