                                                  
                                                                                                                                                                                                                                                                
       SCF,CCSD
   -57.52052293,   -57.99455096
   -57.49883175,   -57.96449358
   -57.36101944,   -57.86038257
   -57.31719623,   -57.74476976
   -57.29753263,   -57.73899967
   -56.84184432,   -57.24537977
   -55.86170753,   -56.23834072
   -54.30465870,   -54.65377168
   -20.17803259,   -20.26536591
   -57.48468814,   -57.99306216
                                                  
