                                                  
                                                                                                                                                                                                                                                                
       SCF,CCSD
   -57.52038596,   -57.98793848
   -57.49871287,   -57.95733346
   -57.36090508,   -57.85290139
   -57.31706074,   -57.73826234
   -57.29742094,   -57.73173557
   -56.84171822,   -57.23894854
   -55.86155603,   -56.23307876
   -54.30445420,   -54.64982835
   -20.17773137,   -20.26499337
   -57.48451971,   -57.98591050
                                                  
