                                                  
                                                                                                                                                                                                                                                                
       SCF,CCSD
   -57.52006821,   -57.97202320
   -57.49833990,   -57.93974615
   -57.36050409,   -57.83444908
   -57.31671017,   -57.72249781
   -57.29700300,   -57.71375760
   -56.84131986,   -57.22314190
   -55.86131418,   -56.22084597
   -54.30436186,   -54.64164981
   -20.17787858,   -20.26502473
   -57.48410245,   -57.96842490
                                                  
