                                                  
                                                                                                                                                                                                                                                                
        SCF,CCSD
   -168.48890620,   -169.37193329
   -168.43044594,   -169.37224927
   -168.26964334,   -169.30846740
   -168.22864290,   -169.05332880
   -168.19190147,   -169.09185180
   -167.63570995,   -168.42268062
   -166.43320914,   -167.13067933
   -164.48391561,   -165.10789674
   -161.76809937,   -162.31829906
   -157.83216771,   -158.35572528
   -152.95618661,   -153.44876875
   -147.00291291,   -147.47471136
   -139.90507385,   -140.36699390
   -131.68120823,   -132.12925053
    -42.77054056,    -42.88209686
   -168.42782035,   -169.41484055
                                                  
