                                                  
                                                                                                                                                                                                                                                                
        SCF,CCSD
   -168.48880794,   -169.35264594
   -168.43034671,   -169.35195212
   -168.26954061,   -169.28730568
   -168.22854120,   -169.03431449
   -168.19180071,   -169.07176037
   -167.63561004,   -168.40380013
   -166.43310764,   -167.11356250
   -164.48379979,   -165.09313015
   -161.76798510,   -162.30618073
   -157.83205860,   -158.34521603
   -152.95608036,   -153.43988833
   -147.00281540,   -147.46748523
   -139.90499617,   -140.36143908
   -131.68115676,   -132.12534046
    -42.77048890,    -42.88195452
   -168.42760804,   -169.39414684
                                                  
