                                                  
                                                                                                                                                                                                                                                                
        SCF,CCSD
   -168.48703790,   -169.30856534
   -168.42849372,   -169.30526130
   -168.26766597,   -169.23848075
   -168.22674271,   -168.99110771
   -168.18987412,   -169.02591182
   -167.63372185,   -168.36113441
   -166.43106624,   -167.07435888
   -164.48190049,   -165.05829610
   -161.76633778,   -162.27623680
   -157.83054892,   -158.31903272
   -152.95465809,   -153.41745554
   -147.00153212,   -147.44920819
   -139.90396057,   -140.34780053
   -131.68047054,   -132.11633892
    -42.76986431,    -42.88117866
   -168.42575774,   -169.34654864
                                                  
