         SCF,CCSD
-1157.40411594, -1158.43381038
-1157.27410315,  -1158.35280280
-1157.05488119,  -1158.21835690
-1157.18558834,  -1158.16148178
-1157.047476,   -1158.092187
-1156.639433,   -1157.586519
-1155.444206,   -1156.347661
-1153.598935,   -1154.457692
-1150.974072,   -1151.796051
-1147.494285,   -1148.286605
-1143.154446,   -1143.912107
-1084.419961,   -1084.887595
-1157.258681,   -1158.384242
                                                                                                                                                                                                                                                                

                                                  
