                                                  
                                                                                                                                                                                                                                                                
         SCF,CCSD
-1157.40251753,  -1158.36824564
-1157.27244155,  -1158.28339482
-1157.05317441,  -1158.14593292
-1157.18396016,  -1158.09656943
-1157.04578770,  -1158.02257571
-1156.63770947,  -1157.52147467
   -1155.442535,   -1156.286942
-1153.59743502,  -1154.40225183
-1150.97271051,  -1151.74680105
-1147.49307989,  -1148.24444974
-1143.15349409,  -1143.87762917
-1084.41902074,  -1084.86805141
-1157.256916,    -1158.314178
                                                                                                                                                                                                                                                                
  
                                                  
