                                                  
                                                                                                                                                                                                                                                                
         SCF,CCSD
   -1794.316619,   -1795.356732
   -1794.030344,   -1795.011140
   -1793.776786,   -1794.722266
   -1793.411395,   -1794.350461
   -1792.046359,   -1792.887484
   -1789.947814,   -1790.696347
   -1786.968373,   -1787.637063
   -1783.028479,   -1783.627179
   -1778.133713,   -1778.658546
   -1771.774281,   -1772.268977
   -1764.303771,   -1764.762333
   -1755.577768,   -1756.008424
   -1745.533074,   -1745.944332
   -1734.202610,   -1734.589260
   -1620.875934,   -1620.980131
                                                  
