                                                  
                                                                                                                                                                                                                                                                
         SCF,CCSD
   -1794.316049,   -1795.331954
   -1794.029772,   -1794.986796
   -1793.776142,   -1794.698998
   -1793.410828,   -1794.326460
   -1792.045788,   -1792.865068
   -1789.947240,   -1790.675786
   -1786.967794,   -1787.618796
   -1783.027890,   -1783.611626
   -1778.133121,   -1778.645859
   -1771.773717,   -1772.257994
   -1764.303198,   -1764.753047
   -1755.577200,   -1756.000800
   -1745.532507,   -1745.938318
   -1734.202043,   -1734.584795
   -1620.875317,   -1620.979412
                                                  
