                                                  
                                                                                                                                                                                                                                                                
       SCF,CCSD
   -57.60705742,   -58.07504496
   -57.58491533,   -58.04434166
   -57.44631284,   -57.93974162
   -57.40383498,   -57.82555557
   -57.38402825,   -57.81922614
   -56.92902874,   -57.32691914
   -55.94772754,   -56.31997899
   -54.38646331,   -54.73292393
   -20.20019119,   -20.28905224
   -57.57080940,   -58.07289775
                                                  
