                                                  
                                                                                                                                                                                                                                                                
       SCF,CCSD
   -57.60663090,   -58.05885628
   -57.58444309,   -58.02649678
   -57.44580817,   -57.92104965
   -57.40338540,   -57.80952769
   -57.38352883,   -57.80101502
   -56.92854834,   -57.31087417
   -55.94739127,   -56.30749593
   -54.38626898,   -54.72450125
   -20.19988266,   -20.28863603
   -57.57029143,   -58.05515140
                                                  
