                                                  
                                                                                                                                                                                                                                                                
       SCF,CCSD
   -46.12019141,   -46.54846089
   -46.08142451,   -46.49536245
   -45.95253657,   -46.38973034
   -45.92306790,   -46.30852072
   -45.89163197,   -46.28509076
   -45.47474266,   -45.83862493
   -44.59559209,   -44.93062838
   -17.21833252,   -17.30364002
   -46.07113566,   -46.52894680
                                                  
