                                                  
                                                                                                                                                                                                                                                                
       SCF,CCSD
   -46.12016519,   -46.54225590
   -46.08139478,   -46.48846109
   -45.95250921,   -46.38253122
   -45.92304286,   -46.30241884
   -45.89160470,   -46.27805720
   -45.47471548,   -45.83261664
   -44.59556566,   -44.92607588
   -17.21830970,   -17.30352756
   -46.07108334,   -46.52223319
                                                  
