                                                  
                                                                                                                                                                                                                                                                
       SCF,CCSD
   -46.11988700,   -46.52912194
   -46.08105590,   -46.47329573
   -45.95213563,   -46.36656558
   -45.92274936,   -46.28941203
   -45.89122011,   -46.26244056
   -45.47441655,   -45.81973772
   -44.59542744,   -44.91706972
   -17.21806899,   -17.30314487
   -46.07070273,   -46.50763830
                                                  
