   3.36278868E-06  0.124964610    
   3.39250414E-06  0.124964610    
   3.42248245E-06  0.124964610    
   3.45272542E-06  0.124964610    
   3.48323579E-06  0.124964610    
   3.51401559E-06  0.124964610    
   3.54506756E-06  0.124964610    
   3.57639396E-06  0.124964610    
   3.60799709E-06  0.124964610    
   3.63987942E-06  0.124964610    
   3.67204348E-06  0.124964610    
   3.70449197E-06  0.124964610    
   3.73722696E-06  0.124964610    
   3.77025140E-06  0.124964610    
   3.80356755E-06  0.124964610    
   3.83717816E-06  0.124964610    
   3.87108548E-06  0.124964610    
   3.90529294E-06  0.124964610    
   3.93980235E-06  0.124964610    
   3.97461690E-06  0.124964610    
   4.00973886E-06  0.124964610    
   4.04517095E-06  0.124964610    
   4.08091682E-06  0.124964610    
   4.11697783E-06  0.124964610    
   4.15335808E-06  0.124964610    
   4.19005983E-06  0.124964610    
   4.22708536E-06  0.124964610    
   4.26443830E-06  0.124964610    
   4.30212140E-06  0.124964610    
   4.34013782E-06  0.124964610    
   4.37848985E-06  0.124964610    
   4.41718066E-06  0.124964610    
   4.45621345E-06  0.124964610    
   4.49559093E-06  0.124964610    
   4.53531675E-06  0.124964610    
   4.57539363E-06  0.124964610    
   4.61582431E-06  0.124964610    
   4.65661242E-06  0.124964610    
   4.69776114E-06  0.124964610    
   4.73927321E-06  0.124964610    
   4.78115226E-06  0.124964610    
   4.82340147E-06  0.124964610    
   4.86602403E-06  0.124964610    
   4.90902312E-06  0.124964610    
   4.95240192E-06  0.124964610    
   4.99616408E-06  0.124964610    
   5.04031323E-06  0.124964610    
   5.08485255E-06  0.124964610    
   5.12978522E-06  0.124964610    
   5.17511489E-06  0.124964610    
   5.22084565E-06  0.124964610    
   5.26697977E-06  0.124964610    
   5.31352225E-06  0.124964610    
   5.36047537E-06  0.124964610    
   5.40784367E-06  0.124964610    
   5.45563080E-06  0.124964610    
   5.50383993E-06  0.124964610    
   5.55247516E-06  0.124964610    
   5.60154012E-06  0.124964610    
   5.65103846E-06  0.124964610    
   5.70097427E-06  0.124964610    
   5.75135164E-06  0.124964610    
   5.80217375E-06  0.124964610    
   5.85344515E-06  0.124964610    
   5.90516993E-06  0.124964610    
   5.95735128E-06  0.124964610    
   6.00999419E-06  0.124964610    
   6.06310186E-06  0.124964610    
   6.11667883E-06  0.124964610    
   6.17072965E-06  0.124964610    
   6.22525795E-06  0.124964610    
   6.28026783E-06  0.124964610    
   6.33576383E-06  0.124964610    
   6.39175050E-06  0.124964610    
   6.44823194E-06  0.124964610    
   6.50521224E-06  0.124964610    
   6.56269594E-06  0.124964610    
   6.62068805E-06  0.124964610    
   6.67919221E-06  0.124964610    
   6.73821341E-06  0.124964610    
   6.79775621E-06  0.124964610    
   6.85782516E-06  0.124964610    
   6.91842524E-06  0.124964610    
   6.97956057E-06  0.124964610    
   7.04123613E-06  0.124964610    
   7.10345648E-06  0.124964610    
   7.16622662E-06  0.124964610    
   7.22955156E-06  0.124964610    
   7.29343628E-06  0.124964610    
   7.35788535E-06  0.124964610    
   7.42290422E-06  0.124964610    
   7.48849743E-06  0.124964610    
   7.55466999E-06  0.124964610    
   7.62142736E-06  0.124964610    
   7.68877453E-06  0.124964610    
   7.75671742E-06  0.124964610    
   7.82526058E-06  0.124964610    
   7.89440946E-06  0.124964610    
   7.96416862E-06  0.124964610    
   8.03454441E-06  0.124964610    
   8.10554320E-06  0.124964610    
   8.17716773E-06  0.124964610    
   8.24942617E-06  0.124964610    
   8.32232308E-06  0.124964610    
   8.39586392E-06  0.124964610    
   8.47005504E-06  0.124964610    
   8.54490099E-06  0.124964610    
   8.62040906E-06  0.124964610    
   8.69658379E-06  0.124964610    
   8.77343246E-06  0.124964610    
   8.85095960E-06  0.124964610    
   8.92917160E-06  0.124964610    
   9.00807481E-06  0.124964610    
   9.08767561E-06  0.124964610    
   9.16798035E-06  0.124964610    
   9.24899359E-06  0.124964610    
   9.33072351E-06  0.124964610    
   9.41317467E-06  0.124964610    
   9.49635523E-06  0.124964610    
   9.58027067E-06  0.124964610    
   9.66492735E-06  0.124964610    
   9.75033254E-06  0.124964610    
   9.83649261E-06  0.124964610    
   9.92341302E-06  0.124964610    
   1.00111029E-05  0.124964610    
   1.00995667E-05  0.124964610    
   1.01888127E-05  0.124964610    
   1.02788463E-05  0.124964610    
   1.03696766E-05  0.124964610    
   1.04613091E-05  0.124964610    
   1.05537511E-05  0.124964610    
   1.06470106E-05  0.124964610    
   1.07410942E-05  0.124964610    
   1.08360082E-05  0.124964610    
   1.09317616E-05  0.124964610    
   1.10283618E-05  0.124964610    
   1.11258141E-05  0.124964610    
   1.12241287E-05  0.124964610    
   1.13233118E-05  0.124964610    
   1.14233708E-05  0.124964610    
   1.15243147E-05  0.124964610    
   1.16261508E-05  0.124964610    
   1.17288864E-05  0.124964610    
   1.18325297E-05  0.124964610    
   1.19370889E-05  0.124964610    
   1.20425721E-05  0.124964610    
   1.21489866E-05  0.124964610    
   1.22563424E-05  0.124964610    
   1.23646469E-05  0.124964610    
   1.24739081E-05  0.124964610    
   1.25841352E-05  0.124964610    
   1.26953355E-05  0.124964610    
   1.28075189E-05  0.124964610    
   1.29206937E-05  0.124964610    
   1.30348690E-05  0.124964610    
   1.31500528E-05  0.124964610    
   1.32662544E-05  0.124964610    
   1.33834828E-05  0.124964610    
   1.35017472E-05  0.124964610    
   1.36210565E-05  0.124964610    
   1.37414199E-05  0.124964617    
   1.38628475E-05  0.124964617    
   1.39853473E-05  0.124964617    
   1.41089304E-05  0.124964617    
   1.42336057E-05  0.124964617    
   1.43593816E-05  0.124964617    
   1.44862697E-05  0.124964617    
   1.46142793E-05  0.124964617    
   1.47434193E-05  0.124964617    
   1.48737008E-05  0.124964617    
   1.50051337E-05  0.124964617    
   1.51377280E-05  0.124964617    
   1.52714947E-05  0.124964617    
   1.54064419E-05  0.124964617    
   1.55425823E-05  0.124964617    
   1.56799251E-05  0.124964617    
   1.58184830E-05  0.124964617    
   1.59582651E-05  0.124964617    
   1.60992804E-05  0.124964617    
   1.62415436E-05  0.124964617    
   1.63850636E-05  0.124964617    
   1.65298516E-05  0.124964617    
   1.66759182E-05  0.124964617    
   1.68232764E-05  0.124964617    
   1.69719369E-05  0.124964617    
   1.71219108E-05  0.124964617    
   1.72732107E-05  0.124964617    
   1.74258475E-05  0.124964617    
   1.75798323E-05  0.124964617    
   1.77351776E-05  0.124964617    
   1.78918963E-05  0.124964617    
   1.80499992E-05  0.124964617    
   1.82095009E-05  0.124964617    
   1.83704105E-05  0.124964617    
   1.85327426E-05  0.124964617    
   1.86965081E-05  0.124964617    
   1.88617214E-05  0.124964617    
   1.90283954E-05  0.124964617    
   1.91965410E-05  0.124964617    
   1.93661726E-05  0.124964617    
   1.95373032E-05  0.124964617    
   1.97099471E-05  0.124964617    
   1.98841153E-05  0.124964617    
   2.00598242E-05  0.124964617    
   2.02370848E-05  0.124964617    
   2.04159114E-05  0.124964617    
   2.05963170E-05  0.124964617    
   2.07783196E-05  0.124964617    
   2.09619284E-05  0.124964617    
   2.11471597E-05  0.124964617    
   2.13340300E-05  0.124964617    
   2.15225500E-05  0.124964617    
   2.17127345E-05  0.124964617    
   2.19046015E-05  0.124964617    
   2.20981638E-05  0.124964617    
   2.22934359E-05  0.124964617    
   2.24904343E-05  0.124964617    
   2.26891734E-05  0.124964617    
   2.28896679E-05  0.124964617    
   2.30919341E-05  0.124964617    
   2.32959883E-05  0.124964617    
   2.35018451E-05  0.124964617    
   2.37095210E-05  0.124964617    
   2.39190322E-05  0.124964617    
   2.41303951E-05  0.124964617    
   2.43436261E-05  0.124964617    
   2.45587398E-05  0.124964617    
   2.47757562E-05  0.124964617    
   2.49946897E-05  0.124964617    
   2.52155569E-05  0.124964617    
   2.54383758E-05  0.124964617    
   2.56631647E-05  0.124964617    
   2.58899399E-05  0.124964617    
   2.61187179E-05  0.124964617    
   2.63495185E-05  0.124964617    
   2.65823583E-05  0.124964625    
   2.68172571E-05  0.124964625    
   2.70542296E-05  0.124964625    
   2.72932957E-05  0.124964625    
   2.75344755E-05  0.124964625    
   2.77777872E-05  0.124964625    
   2.80232471E-05  0.124964625    
   2.82708770E-05  0.124964625    
   2.85206952E-05  0.124964625    
   2.87727216E-05  0.124964625    
   2.90269745E-05  0.124964625    
   2.92834739E-05  0.124964625    
   2.95422396E-05  0.124964625    
   2.98032919E-05  0.124964625    
   3.00666525E-05  0.124964625    
   3.03323395E-05  0.124964625    
   3.06003749E-05  0.124964625    
   3.08707749E-05  0.124964625    
   3.11435688E-05  0.124964625    
   3.14187710E-05  0.124964625    
   3.16964069E-05  0.124964625    
   3.19764949E-05  0.124964625    
   3.22590568E-05  0.124964625    
   3.25441179E-05  0.124964625    
   3.28316964E-05  0.124964625    
   3.31218180E-05  0.124964625    
   3.34145006E-05  0.124964625    
   3.37097699E-05  0.124964625    
   3.40076513E-05  0.124964625    
   3.43081629E-05  0.124964625    
   3.46113302E-05  0.124964625    
   3.49171751E-05  0.124964632    
   3.52257230E-05  0.124964632    
   3.55369993E-05  0.124964632    
   3.58510260E-05  0.124964632    
   3.61678249E-05  0.124964632    
   3.64874249E-05  0.124964632    
   3.68098517E-05  0.124964632    
   3.71351234E-05  0.124964632    
   3.74632727E-05  0.124964632    
   3.77943179E-05  0.124964632    
   3.81282916E-05  0.124964632    
   3.84652158E-05  0.124964632    
   3.88051194E-05  0.124964632    
   3.91480244E-05  0.124964632    
   3.94939561E-05  0.124964632    
   3.98429511E-05  0.124964632    
   4.01950238E-05  0.124964632    
   4.05502105E-05  0.124964632    
   4.09085369E-05  0.124964632    
   4.12700283E-05  0.124964632    
   4.16347175E-05  0.124964640    
   4.20026263E-05  0.124964640    
   4.23737838E-05  0.124964640    
   4.27482264E-05  0.124964640    
   4.31259723E-05  0.124964640    
   4.35070615E-05  0.124964640    
   4.38915122E-05  0.124964640    
   4.42793644E-05  0.124964640    
   4.46706435E-05  0.124964640    
   4.50653788E-05  0.124964640    
   4.54636029E-05  0.124964640    
   4.58653485E-05  0.124964640    
   4.62706412E-05  0.124964640    
   4.66795136E-05  0.124964640    
   4.70920022E-05  0.124964640    
   4.75081360E-05  0.124964647    
   4.79279443E-05  0.124964647    
   4.83514668E-05  0.124964647    
   4.87787256E-05  0.124964647    
   4.92097643E-05  0.124964647    
   4.96446119E-05  0.124964647    
   5.00833012E-05  0.124964647    
   5.05258649E-05  0.124964647    
   5.09723432E-05  0.124964647    
   5.14227650E-05  0.124964647    
   5.18771667E-05  0.124964647    
   5.23355848E-05  0.124964647    
   5.27980519E-05  0.124964654    
   5.32646045E-05  0.124964654    
   5.37352826E-05  0.124964654    
   5.42101188E-05  0.124964654    
   5.46891533E-05  0.124964654    
   5.51724188E-05  0.124964654    
   5.56599553E-05  0.124964654    
   5.61517991E-05  0.124964654    
   5.66479903E-05  0.124964654    
   5.71485652E-05  0.124964662    
   5.76535604E-05  0.124964662    
   5.81630229E-05  0.124964662    
   5.86769856E-05  0.124964662    
   5.91954886E-05  0.124964662    
   5.97185754E-05  0.124964662    
   6.02462860E-05  0.124964662    
   6.07786569E-05  0.124964662    
   6.13157317E-05  0.124964662    
   6.18575577E-05  0.124964669    
   6.24041641E-05  0.124964669    
   6.29556016E-05  0.124964669    
   6.35119140E-05  0.124964669    
   6.40731450E-05  0.124964669    
   6.46393310E-05  0.124964669    
   6.52105227E-05  0.124964669    
   6.57867640E-05  0.124964677    
   6.63680912E-05  0.124964677    
   6.69545625E-05  0.124964677    
   6.75462143E-05  0.124964677    
   6.81430902E-05  0.124964677    
   6.87452412E-05  0.124964677    
   6.93527181E-05  0.124964684    
   6.99655575E-05  0.124964684    
   7.05838174E-05  0.124964684    
   7.12075343E-05  0.124964684    
   7.18367664E-05  0.124964684    
   7.24715574E-05  0.124964684    
   7.31119580E-05  0.124964692    
   7.37580194E-05  0.124964692    
   7.44097924E-05  0.124964692    
   7.50673207E-05  0.124964692    
   7.57306552E-05  0.124964692    
   7.63998614E-05  0.124964699    
   7.70749757E-05  0.124964699    
   7.77560563E-05  0.124964699    
   7.84431541E-05  0.124964699    
   7.91363200E-05  0.124964699    
   7.98356195E-05  0.124964707    
   8.05410891E-05  0.124964707    
   8.12528015E-05  0.124964707    
   8.19708002E-05  0.124964707    
   8.26951364E-05  0.124964714    
   8.34258826E-05  0.124964714    
   8.41630826E-05  0.124964714    
   8.49067947E-05  0.124964714    
   8.56570841E-05  0.124964722    
   8.64140020E-05  0.124964722    
   8.71776065E-05  0.124964722    
   8.79479558E-05  0.124964722    
   8.87251153E-05  0.124964729    
   8.95091434E-05  0.124964729    
   9.03000982E-05  0.124964729    
   9.10980452E-05  0.124964729    
   9.19030426E-05  0.124964736    
   9.27151486E-05  0.124964736    
   9.35344360E-05  0.124964736    
   9.43609630E-05  0.124964744    
   9.51947950E-05  0.124964744    
   9.60359903E-05  0.124964744    
   9.68846216E-05  0.124964751    
   9.77407472E-05  0.124964751    
   9.86044470E-05  0.124964751    
   9.94757720E-05  0.124964759    
   1.00354795E-04  0.124964759    
   1.01241589E-04  0.124964759    
   1.02136219E-04  0.124964766    
   1.03038758E-04  0.124964766    
   1.03949271E-04  0.124964766    
   1.04867824E-04  0.124964774    
   1.05794497E-04  0.124964774    
   1.06729363E-04  0.124964774    
   1.07672488E-04  0.124964781    
   1.08623943E-04  0.124964781    
   1.09583809E-04  0.124964789    
   1.10552159E-04  0.124964789    
   1.11529058E-04  0.124964796    
   1.12514594E-04  0.124964796    
   1.13508839E-04  0.124964796    
   1.14511873E-04  0.124964803    
   1.15523770E-04  0.124964803    
   1.16544601E-04  0.124964811    
   1.17574462E-04  0.124964811    
   1.18613418E-04  0.124964818    
   1.19661556E-04  0.124964818    
   1.20718956E-04  0.124964826    
   1.21785699E-04  0.124964826    
   1.22861864E-04  0.124964833    
   1.23947553E-04  0.124964833    
   1.25042818E-04  0.124964841    
   1.26147774E-04  0.124964841    
   1.27262494E-04  0.124964848    
   1.28387052E-04  0.124964848    
   1.29521562E-04  0.124964856    
   1.30666085E-04  0.124964863    
   1.31820736E-04  0.124964863    
   1.32985573E-04  0.124964871    
   1.34160713E-04  0.124964871    
   1.35346243E-04  0.124964878    
   1.36542236E-04  0.124964885    
   1.37748808E-04  0.124964885    
   1.38966032E-04  0.124964893    
   1.40194024E-04  0.124964900    
   1.41432858E-04  0.124964900    
   1.42682649E-04  0.124964908    
   1.43943471E-04  0.124964915    
   1.45215439E-04  0.124964915    
   1.46498656E-04  0.124964923    
   1.47793195E-04  0.124964930    
   1.49099185E-04  0.124964938    
   1.50416716E-04  0.124964938    
   1.51745888E-04  0.124964945    
   1.53086803E-04  0.124964952    
   1.54439564E-04  0.124964960    
   1.55804286E-04  0.124964967    
   1.57181072E-04  0.124964975    
   1.58570008E-04  0.124964975    
   1.59971227E-04  0.124964982    
   1.61384829E-04  0.124964990    
   1.62810917E-04  0.124964997    
   1.64249606E-04  0.124965005    
   1.65701014E-04  0.124965012    
   1.67165257E-04  0.124965020    
   1.68642422E-04  0.124965027    
   1.70132640E-04  0.124965034    
   1.71636042E-04  0.124965042    
   1.73152715E-04  0.124965049    
   1.74682791E-04  0.124965057    
   1.76226400E-04  0.124965064    
   1.77783630E-04  0.124965072    
   1.79354640E-04  0.124965079    
   1.80939518E-04  0.124965087    
   1.82538410E-04  0.124965094    
   1.84151431E-04  0.124965109    
   1.85778699E-04  0.124965116    
   1.87420344E-04  0.124965124    
   1.89076498E-04  0.124965131    
   1.90747291E-04  0.124965139    
   1.92432854E-04  0.124965154    
   1.94133303E-04  0.124965161    
   1.95848770E-04  0.124965169    
   1.97579415E-04  0.124965183    
   1.99325339E-04  0.124965191    
   2.01086703E-04  0.124965198    
   2.02863623E-04  0.124965213    
   2.04656244E-04  0.124965221    
   2.06464698E-04  0.124965236    
   2.08289144E-04  0.124965243    
   2.10129714E-04  0.124965258    
   2.11986538E-04  0.124965265    
   2.13859777E-04  0.124965280    
   2.15749576E-04  0.124965288    
   2.17656067E-04  0.124965303    
   2.19579393E-04  0.124965318    
   2.21519731E-04  0.124965325    
   2.23477211E-04  0.124965340    
   2.25451993E-04  0.124965355    
   2.27444209E-04  0.124965370    
   2.29454046E-04  0.124965377    
   2.31481637E-04  0.124965392    
   2.33527142E-04  0.124965407    
   2.35590735E-04  0.124965422    
   2.37672546E-04  0.124965437    
   2.39772766E-04  0.124965452    
   2.41891539E-04  0.124965467    
   2.44029026E-04  0.124965481    
   2.46185402E-04  0.124965496    
   2.48360855E-04  0.124965511    
   2.50555517E-04  0.124965526    
   2.52769561E-04  0.124965541    
   2.55003193E-04  0.124965563    
   2.57256557E-04  0.124965578    
   2.59529828E-04  0.124965593    
   2.61823181E-04  0.124965616    
   2.64136819E-04  0.124965630    
   2.66470888E-04  0.124965645    
   2.68825563E-04  0.124965668    
   2.71201076E-04  0.124965683    
   2.73597572E-04  0.124965705    
   2.76015227E-04  0.124965727    
   2.78454274E-04  0.124965742    
   2.80914857E-04  0.124965765    
   2.83397181E-04  0.124965787    
   2.85901449E-04  0.124965802    
   2.88427836E-04  0.124965824    
   2.90976546E-04  0.124965847    
   2.93547811E-04  0.124965869    
   2.96141749E-04  0.124965891    
   2.98758649E-04  0.124965914    
   3.01398657E-04  0.124965936    
   3.04061978E-04  0.124965958    
   3.06748843E-04  0.124965988    
   3.09459458E-04  0.124966010    
   3.12194024E-04  0.124966033    
   3.14952777E-04  0.124966063    
   3.17735889E-04  0.124966085    
   3.20543564E-04  0.124966115    
   3.23376094E-04  0.124966137    
   3.26233625E-04  0.124966167    
   3.29116418E-04  0.124966197    
   3.32024705E-04  0.124966219    
   3.34958662E-04  0.124966249    
   3.37918551E-04  0.124966279    
   3.40904604E-04  0.124966308    
   3.43917025E-04  0.124966338    
   3.46956076E-04  0.124966368    
   3.50021990E-04  0.124966398    
   3.53115000E-04  0.124966435    
   3.56235338E-04  0.124966465    
   3.59383237E-04  0.124966495    
   3.62558960E-04  0.124966532    
   3.65762739E-04  0.124966562    
   3.68994835E-04  0.124966599    
   3.72255483E-04  0.124966636    
   3.75544943E-04  0.124966674    
   3.78863508E-04  0.124966711    
   3.82211350E-04  0.124966748    
   3.85588792E-04  0.124966785    
   3.88996094E-04  0.124966823    
   3.92433489E-04  0.124966860    
   3.95901268E-04  0.124966905    
   3.99399694E-04  0.124966942    
   4.02928999E-04  0.124966986    
   4.06489533E-04  0.124967024    
   4.10081499E-04  0.124967068    
   4.13705246E-04  0.124967113    
   4.17360978E-04  0.124967158    
   4.21049015E-04  0.124967203    
   4.24769649E-04  0.124967247    
   4.28523170E-04  0.124967292    
   4.32309869E-04  0.124967344    
   4.36130009E-04  0.124967389    
   4.39983909E-04  0.124967441    
   4.43871861E-04  0.124967493    
   4.47794184E-04  0.124967538    
   4.51751141E-04  0.124967590    
   4.55743080E-04  0.124967642    
   4.59770294E-04  0.124967702    
   4.63833101E-04  0.124967754    
   4.67931823E-04  0.124967813    
   4.72066720E-04  0.124967866    
   4.76238201E-04  0.124967925    
   4.80446499E-04  0.124967985    
   4.84692020E-04  0.124968044    
   4.88975027E-04  0.124968104    
   4.93295898E-04  0.124968164    
   4.97654954E-04  0.124968231    
   5.02052542E-04  0.124968290    
   5.06488956E-04  0.124968357    
   5.10964601E-04  0.124968424    
   5.15479769E-04  0.124968491    
   5.20034868E-04  0.124968566    
   5.24630188E-04  0.124968633    
   5.29266137E-04  0.124968708    
   5.33943065E-04  0.124968775    
   5.38661319E-04  0.124968849    
   5.43421251E-04  0.124968924    
   5.48223208E-04  0.124969006    
   5.53067657E-04  0.124969080    
   5.57954889E-04  0.124969162    
   5.62885311E-04  0.124969244    
   5.67859272E-04  0.124969326    
   5.72877238E-04  0.124969408    
   5.77939500E-04  0.124969490    
   5.83046523E-04  0.124969579    
   5.88198658E-04  0.124969669    
   5.93396311E-04  0.124969758    
   5.98639948E-04  0.124969848    
   6.03929861E-04  0.124969937    
   6.09266513E-04  0.124970034    
   6.14650373E-04  0.124970131    
   6.20081788E-04  0.124970227    
   6.25561224E-04  0.124970332    
   6.31089031E-04  0.124970429    
   6.36665674E-04  0.124970533    
   6.42291678E-04  0.124970637    
   6.47967332E-04  0.124970749    
   6.53693161E-04  0.124970853    
   6.59469573E-04  0.124970965    
   6.65297033E-04  0.124971077    
   6.71176007E-04  0.124971196    
   6.77106902E-04  0.124971308    
   6.83090184E-04  0.124971427    
   6.89126377E-04  0.124971554    
   6.95215946E-04  0.124971673    
   7.01359240E-04  0.124971800    
   7.07556901E-04  0.124971926    
   7.13809277E-04  0.124972053    
   7.20116892E-04  0.124972187    
   7.26480270E-04  0.124972321    
   7.32899876E-04  0.124972463    
   7.39376235E-04  0.124972597    
   7.45909812E-04  0.124972738    
   7.52501073E-04  0.124972887    
   7.59150658E-04  0.124973029    
   7.65858917E-04  0.124973178    
   7.72626547E-04  0.124973334    
   7.79453898E-04  0.124973491    
   7.86341610E-04  0.124973647    
   7.93290208E-04  0.124973804    
   8.00300157E-04  0.124973968    
   8.07372096E-04  0.124974139    
   8.14506493E-04  0.124974303    
   8.21703987E-04  0.124974474    
   8.28965043E-04  0.124974653    
   8.36290244E-04  0.124974832    
   8.43680231E-04  0.124975011    
   8.51135468E-04  0.124975197    
   8.58656596E-04  0.124975383    
   8.66244198E-04  0.124975577    
   8.73898854E-04  0.124975771    
   8.81621148E-04  0.124975972    
   8.89411662E-04  0.124976173    
   8.97271035E-04  0.124976374    
   9.05199850E-04  0.124976583    
   9.13198688E-04  0.124976799    
   9.21268249E-04  0.124977015    
   9.29409172E-04  0.124977231    
   9.37621924E-04  0.124977455    
   9.45907319E-04  0.124977686    
   9.54265939E-04  0.124977916    
   9.62698366E-04  0.124978155    
   9.71205358E-04  0.124978393    
   9.79787554E-04  0.124978639    
   9.88445478E-04  0.124978885    
   9.97180003E-04  0.124979138    
   1.00599159E-03  0.124979399    
   1.01488119E-03  0.124979660    
   1.02384924E-03  0.124979928    
   1.03289657E-03  0.124980204    
   1.04202388E-03  0.124980479    
   1.05123187E-03  0.124980755    
   1.06052111E-03  0.124981046    
   1.06989255E-03  0.124981336    
   1.07934675E-03  0.124981634    
   1.08888443E-03  0.124981940    
   1.09850650E-03  0.124982245    
   1.10821356E-03  0.124982558    
   1.11800630E-03  0.124982879    
   1.12788577E-03  0.124983199    
   1.13785244E-03  0.124983527    
   1.14790711E-03  0.124983862    
   1.15805073E-03  0.124984205    
   1.16828387E-03  0.124984555    
   1.17860758E-03  0.124984913    
   1.18902244E-03  0.124985270    
   1.19952939E-03  0.124985635    
   1.21012912E-03  0.124986008    
   1.22082245E-03  0.124986388    
   1.23161043E-03  0.124986775    
   1.24249363E-03  0.124987170    
   1.25347311E-03  0.124987572    
   1.26454944E-03  0.124987975    
   1.27572380E-03  0.124988392    
   1.28699688E-03  0.124988817    
   1.29836949E-03  0.124989241    
   1.30984269E-03  0.124989681    
   1.32141716E-03  0.124990128    
   1.33309397E-03  0.124990582    
   1.34487404E-03  0.124991044    
   1.35675818E-03  0.124991506    
   1.36874721E-03  0.124991991    
   1.38084230E-03  0.124992475    
   1.39304425E-03  0.124992967    
   1.40535401E-03  0.124993473    
   1.41777250E-03  0.124993987    
   1.43030076E-03  0.124994509    
   1.44293974E-03  0.124995038    
   1.45569048E-03  0.124995574    
   1.46855379E-03  0.124996126    
   1.48153084E-03  0.124996684    
   1.49462244E-03  0.124997258    
   1.50782987E-03  0.124997832    
   1.52115396E-03  0.124998420    
   1.53459574E-03  0.124999024    
   1.54815638E-03  0.124999635    
   1.56183669E-03  0.125000253    
   1.57563807E-03  0.125000894    
   1.58956135E-03  0.125001535    
   1.60360767E-03  0.125002190    
   1.61777809E-03  0.125002861    
   1.63207366E-03  0.125003532    
   1.64649566E-03  0.125004232    
   1.66104501E-03  0.125004932    
   1.67572300E-03  0.125005648    
   1.69053068E-03  0.125006378    
   1.70546921E-03  0.125007108    
   1.72053976E-03  0.125007868    
   1.73574348E-03  0.125008643    
   1.75108155E-03  0.125009418    
   1.76655513E-03  0.125010222    
   1.78216537E-03  0.125011027    
   1.79791369E-03  0.125011846    
   1.81380112E-03  0.125012681    
   1.82982895E-03  0.125013545    
   1.84599834E-03  0.125014409    
   1.86231069E-03  0.125015289    
   1.87876716E-03  0.125016198    
   1.89536903E-03  0.125017107    
   1.91211770E-03  0.125018045    
   1.92901422E-03  0.125018984    
   1.94606022E-03  0.125019953    
   1.96325663E-03  0.125020936    
   1.98060530E-03  0.125021935    
   1.99810695E-03  0.125022948    
   2.01576343E-03  0.125023991    
   2.03357590E-03  0.125025049    
   2.05154577E-03  0.125026122    
   2.06967443E-03  0.125027210    
   2.08796328E-03  0.125028327    
   2.10641371E-03  0.125029445    
   2.12502736E-03  0.125030607    
   2.14380538E-03  0.125031769    
   2.16274918E-03  0.125032961    
   2.18186062E-03  0.125034183    
   2.20114086E-03  0.125035420    
   2.22059130E-03  0.125036672    
   2.24021380E-03  0.125037953    
   2.26000976E-03  0.125039250    
   2.27998034E-03  0.125040576    
   2.30012764E-03  0.125041932    
   2.32045306E-03  0.125043303    
   2.34095799E-03  0.125044703    
   2.36164406E-03  0.125046119    
   2.38251290E-03  0.125047565    
   2.40356615E-03  0.125049040    
   2.42480543E-03  0.125050545    
   2.44623236E-03  0.125052065    
   2.46784883E-03  0.125053614    
   2.48965621E-03  0.125055194    
   2.51165614E-03  0.125056803    
   2.53385073E-03  0.125058442    
   2.55624135E-03  0.125060111    
   2.57882988E-03  0.125061810    
   2.60161795E-03  0.125063524    
   2.62460718E-03  0.125065282    
   2.64779991E-03  0.125067070    
   2.67119729E-03  0.125068888    
   2.69480166E-03  0.125070751    
   2.71861441E-03  0.125072628    
   2.74263788E-03  0.125074551    
   2.76687345E-03  0.125076503    
   2.79132300E-03  0.125078484    
   2.81598885E-03  0.125080511    
   2.84087262E-03  0.125082567    
   2.86597619E-03  0.125084653    
   2.89130164E-03  0.125086784    
   2.91685085E-03  0.125088960    
   2.94262590E-03  0.125091165    
   2.96862866E-03  0.125093415    
   2.99486122E-03  0.125095695    
   3.02132568E-03  0.125098035    
   3.04802391E-03  0.125100404    
   3.07495799E-03  0.125102803    
   3.10213002E-03  0.125105262    
   3.12954234E-03  0.125107765    
   3.15719680E-03  0.125110298    
   3.18509573E-03  0.125112891    
   3.21324100E-03  0.125115514    
   3.24163516E-03  0.125118196    
   3.27028008E-03  0.125120923    
   3.29917832E-03  0.125123709    
   3.32833175E-03  0.125126526    
   3.35774291E-03  0.125129402    
   3.38741392E-03  0.125132322    
   3.41734709E-03  0.125135303    
   3.44754476E-03  0.125138342    
   3.47800925E-03  0.125141427    
   3.50874313E-03  0.125144556    
   3.53974826E-03  0.125147760    
   3.57102766E-03  0.125151008    
   3.60258343E-03  0.125154316    
   3.63441790E-03  0.125157684    
   3.66653386E-03  0.125161111    
   3.69893340E-03  0.125164613    
   3.73161933E-03  0.125168160    
   3.76459421E-03  0.125171766    
   3.79786035E-03  0.125175446    
   3.83142056E-03  0.125179201    
   3.86527716E-03  0.125183001    
   3.89943295E-03  0.125186890    
   3.93389072E-03  0.125190839    
   3.96865280E-03  0.125194848    
   4.00372222E-03  0.125198945    
   4.03910130E-03  0.125203103    
   4.07479331E-03  0.125207335    
   4.11080057E-03  0.125211641    
   4.14712634E-03  0.125216037    
   4.18377249E-03  0.125220492    
   4.22074273E-03  0.125225037    
   4.25803987E-03  0.125229672    
   4.29566624E-03  0.125234380    
   4.33362555E-03  0.125239164    
   4.37191967E-03  0.125244036    
   4.41055279E-03  0.125248998    
   4.44952678E-03  0.125254050    
   4.48884582E-03  0.125259191    
   4.52851178E-03  0.125264421    
   4.56852838E-03  0.125269756    
   4.60889842E-03  0.125275180    
   4.64962563E-03  0.125280693    
   4.69071232E-03  0.125286296    
   4.73216223E-03  0.125292018    
   4.77397861E-03  0.125297830    
   4.81616426E-03  0.125303745    
   4.85872244E-03  0.125309780    
   4.90165688E-03  0.125315905    
   4.94497083E-03  0.125322148    
   4.98866756E-03  0.125328496    
   5.03275031E-03  0.125334963    
   5.07722283E-03  0.125341535    
   5.12208836E-03  0.125348240    
   5.16735017E-03  0.125355050    
   5.21301152E-03  0.125361979    
   5.25907706E-03  0.125369042    
   5.30554913E-03  0.125376225    
   5.35243237E-03  0.125383541    
   5.39972959E-03  0.125390977    
   5.44744451E-03  0.125398561    
   5.49558131E-03  0.125406265    
   5.54414373E-03  0.125414103    
   5.59313502E-03  0.125422090    
   5.64255938E-03  0.125430226    
   5.69242006E-03  0.125438496    
   5.74272173E-03  0.125446916    
   5.79346810E-03  0.125455484    
   5.84466243E-03  0.125464201    
   5.89630939E-03  0.125473082    
   5.94841270E-03  0.125482112    
   6.00097608E-03  0.125491306    
   6.05400419E-03  0.125500664    
   6.10750122E-03  0.125510201    
   6.16147043E-03  0.125519887    
   6.21591695E-03  0.125529751    
   6.27084449E-03  0.125539795    
   6.32625725E-03  0.125550017    
   6.38215989E-03  0.125560418    
   6.43855659E-03  0.125571012    
   6.49545155E-03  0.125581786    
   6.55284896E-03  0.125592753    
   6.61075395E-03  0.125603914    
   6.66917022E-03  0.125615284    
   6.72810292E-03  0.125626847    
   6.78755669E-03  0.125638604    
   6.84753526E-03  0.125650585    
   6.90804422E-03  0.125662789    
   6.96908776E-03  0.125675187    
   7.03067100E-03  0.125687823    
   7.09279813E-03  0.125700668    
   7.15547428E-03  0.125713751    
   7.21870409E-03  0.125727072    
   7.28249270E-03  0.125740632    
   7.34684523E-03  0.125754416    
   7.41176633E-03  0.125768468    
   7.47726113E-03  0.125782758    
   7.54333427E-03  0.125797302    
   7.60999182E-03  0.125812098    
   7.67723797E-03  0.125827163    
   7.74507876E-03  0.125842497    
   7.81351887E-03  0.125858113    
   7.88256340E-03  0.125873998    
   7.95221888E-03  0.125890166    
   8.02248903E-03  0.125906616    
   8.09338037E-03  0.125923380    
   8.16489849E-03  0.125940427    
   8.23704805E-03  0.125957772    
   8.30983557E-03  0.125975430    
   8.38326663E-03  0.125993416    
   8.45734589E-03  0.126011714    
   8.53207987E-03  0.126030326    
   8.60747416E-03  0.126049280    
   8.68353527E-03  0.126068577    
   8.76026787E-03  0.126088217    
   8.83767940E-03  0.126108199    
   8.91577359E-03  0.126128539    
   8.99455883E-03  0.126149237    
   9.07403976E-03  0.126170322    
   9.15422384E-03  0.126191765    
   9.23511572E-03  0.126213595    
   9.31672286E-03  0.126235813    
   9.39905085E-03  0.126258433    
   9.48210619E-03  0.126281455    
   9.56589542E-03  0.126304880    
   9.65042599E-03  0.126328737    
   9.73570254E-03  0.126353011    
   9.82173346E-03  0.126377717    
   9.90852341E-03  0.126402870    
   9.99608077E-03  0.126428455    
   1.00844121E-02  0.126454517    
   1.01735247E-02  0.126481026    
   1.02634234E-02  0.126508027    
   1.03541175E-02  0.126535490    
   1.04456125E-02  0.126563460    
   1.05379159E-02  0.126591921    
   1.06310351E-02  0.126620889    
   1.07249776E-02  0.126650378    
   1.08197490E-02  0.126680404    
   1.09153595E-02  0.126710951    
   1.10118138E-02  0.126742050    
   1.11091202E-02  0.126773700    
   1.12072872E-02  0.126805916    
   1.13063212E-02  0.126838714    
   1.14062307E-02  0.126872092    
   1.15070231E-02  0.126906067    
   1.16087059E-02  0.126940638    
   1.17112873E-02  0.126975849    
   1.18147749E-02  0.127011672    
   1.19191771E-02  0.127048150    
   1.20245023E-02  0.127085268    
   1.21307578E-02  0.127123058    
   1.22379521E-02  0.127161518    
   1.23460945E-02  0.127200663    
   1.24551915E-02  0.127240524    
   1.25652533E-02  0.127281085    
   1.26762865E-02  0.127322376    
   1.27883023E-02  0.127364412    
   1.29013071E-02  0.127407193    
   1.30153103E-02  0.127450734    
   1.31303212E-02  0.127495065    
   1.32463491E-02  0.127540186    
   1.33634014E-02  0.127586111    
   1.34814885E-02  0.127632871    
   1.36006186E-02  0.127680451    
   1.37208020E-02  0.127728894    
   1.38420472E-02  0.127778202    
   1.39643634E-02  0.127828404    
   1.40877608E-02  0.127879500    
   1.42122479E-02  0.127931505    
   1.43378358E-02  0.127984449    
   1.44645339E-02  0.128038347    
   1.45923505E-02  0.128093213    
   1.47212977E-02  0.128149047    
   1.48513839E-02  0.128205895    
   1.49826193E-02  0.128263772    
   1.51150143E-02  0.128322676    
   1.52485799E-02  0.128382638    
   1.53833246E-02  0.128443688    
   1.55192614E-02  0.128505826    
   1.56563986E-02  0.128569081    
   1.57947484E-02  0.128633469    
   1.59343202E-02  0.128699020    
   1.60751250E-02  0.128765762    
   1.62171740E-02  0.128833681    
   1.63604785E-02  0.128902838    
   1.65050495E-02  0.128973231    
   1.66508965E-02  0.129044890    
   1.67980343E-02  0.129117846    
   1.69464722E-02  0.129192114    
   1.70962214E-02  0.129267722    
   1.72472931E-02  0.129344687    
   1.73997004E-02  0.129423037    
   1.75534543E-02  0.129502803    
   1.77085679E-02  0.129584014    
   1.78650506E-02  0.129666686    
   1.80229172E-02  0.129750848    
   1.81821771E-02  0.129836529    
   1.83428451E-02  0.129923746    
   1.85049344E-02  0.130012542    
   1.86684541E-02  0.130102947    
   1.88334193E-02  0.130194992    
   1.89998429E-02  0.130288690    
   1.91677380E-02  0.130384088    
   1.93371139E-02  0.130481213    
   1.95079893E-02  0.130580083    
   1.96803734E-02  0.130680755    
   1.98542811E-02  0.130783245    
   2.00297236E-02  0.130887583    
   2.02067196E-02  0.130993813    
   2.03852765E-02  0.131101981    
   2.05654129E-02  0.131212100    
   2.07471419E-02  0.131324217    
   2.09304765E-02  0.131438360    
   2.11154297E-02  0.131554589    
   2.13020183E-02  0.131672919    
   2.14902554E-02  0.131793395    
   2.16801558E-02  0.131916061    
   2.18717344E-02  0.132040963    
   2.20650062E-02  0.132168129    
   2.22599860E-02  0.132297605    
   2.24566888E-02  0.132429451    
   2.26551276E-02  0.132563680    
   2.28553228E-02  0.132700369    
   2.30572857E-02  0.132839531    
   2.32610330E-02  0.132981241    
   2.34665815E-02  0.133125529    
   2.36739460E-02  0.133272454    
   2.38831434E-02  0.133422062    
   2.40941886E-02  0.133574396    
   2.43070982E-02  0.133729517    
   2.45218910E-02  0.133887485    
   2.47385800E-02  0.134048328    
   2.49571856E-02  0.134212106    
   2.51777228E-02  0.134378895    
   2.54002064E-02  0.134548739    
   2.56246589E-02  0.134721681    
   2.58510932E-02  0.134897813    
   2.60795280E-02  0.135077164    
   2.63099819E-02  0.135259807    
   2.65424736E-02  0.135445803    
   2.67770179E-02  0.135635227    
   2.70136353E-02  0.135828122    
   2.72523444E-02  0.136024579    
   2.74931621E-02  0.136224642    
   2.77361069E-02  0.136428386    
   2.79811993E-02  0.136635885    
   2.82284580E-02  0.136847213    
   2.84779016E-02  0.137062445    
   2.87295487E-02  0.137281656    
   2.89834198E-02  0.137504905    
   2.92395353E-02  0.137732282    
   2.94979122E-02  0.137963876    
   2.97585744E-02  0.138199747    
   3.00215390E-02  0.138439998    
   3.02868262E-02  0.138684690    
   3.05544585E-02  0.138933927    
   3.08244564E-02  0.139187798    
   3.10968384E-02  0.139446378    
   3.13716270E-02  0.139709771    
   3.16488482E-02  0.139978066    
   3.19285132E-02  0.140251353    
   3.22106555E-02  0.140529722    
   3.24952863E-02  0.140813306    
   3.27824354E-02  0.141102165    
   3.30721177E-02  0.141396418    
   3.33643630E-02  0.141696185    
   3.36591899E-02  0.142001554    
   3.39566246E-02  0.142312646    
   3.42566855E-02  0.142629564    
   3.45593952E-02  0.142952442    
   3.48647833E-02  0.143281370    
   3.51728685E-02  0.143616483    
   3.54836769E-02  0.143957883    
   3.57972309E-02  0.144305736    
   3.61135565E-02  0.144660130    
   3.64326797E-02  0.145021215    
   3.67546193E-02  0.145389110    
   3.70794050E-02  0.145763963    
   3.74070592E-02  0.146145910    
   3.77376117E-02  0.146535099    
   3.80710810E-02  0.146931648    
   3.84075008E-02  0.147335738    
   3.87468934E-02  0.147747502    
   3.90892811E-02  0.148167089    
   3.94346975E-02  0.148594663    
   3.97831649E-02  0.149030387    
   4.01347131E-02  0.149474427    
   4.04893681E-02  0.149926946    
   4.08471562E-02  0.150388122    
   4.12081070E-02  0.150858134    
   4.15722430E-02  0.151337132    
   4.19396013E-02  0.151825339    
   4.23102044E-02  0.152322918    
   4.26840819E-02  0.152830079    
   4.30612639E-02  0.153347000    
   4.34417799E-02  0.153873876    
   4.38256562E-02  0.154410943    
   4.42129262E-02  0.154958382    
   4.46036160E-02  0.155516416    
   4.49977592E-02  0.156085268    
   4.53953892E-02  0.156665161    
   4.57965285E-02  0.157256335    
   4.62012142E-02  0.157858998    
   4.66094725E-02  0.158473402    
   4.70213443E-02  0.159099802    
   4.74368520E-02  0.159738436    
   4.78560328E-02  0.160389557    
   4.82789166E-02  0.161053449    
   4.87055369E-02  0.161730364    
   4.91359271E-02  0.162420586    
   4.95701209E-02  0.163124397    
   5.00081517E-02  0.163842067    
   5.04500531E-02  0.164573923    
   5.08958586E-02  0.165320233    
   5.13456054E-02  0.166081324    
   5.17993271E-02  0.166857496    
   5.22570536E-02  0.167649105    
   5.27188294E-02  0.168456450    
   5.31846844E-02  0.169279888    
   5.36546558E-02  0.170119748    
   5.41287810E-02  0.170976415    
   5.46070933E-02  0.171850234    
   5.50896339E-02  0.172741562    
   5.55764399E-02  0.173650816    
   5.60675450E-02  0.174578369    
   5.65629900E-02  0.175524622    
   5.70628159E-02  0.176489979    
   5.75670563E-02  0.177474856    
   5.80757521E-02  0.178479716    
   5.85889444E-02  0.179504961    
   5.91066703E-02  0.180551052    
   5.96289709E-02  0.181618467    
   6.01558872E-02  0.182707682    
   6.06874600E-02  0.183819160    
   6.12237304E-02  0.184953406    
   6.17647395E-02  0.186110944    
   6.23105280E-02  0.187292278    
   6.28611445E-02  0.188497946    
   6.34166226E-02  0.189728513    
   6.39770031E-02  0.190984532    
   6.45423457E-02  0.192266569    
   6.51126802E-02  0.193575233    
   6.56880513E-02  0.194911122    
   6.62685111E-02  0.196274862    
   6.68540969E-02  0.197667077    
   6.74448609E-02  0.199088424    
   6.80408403E-02  0.200539574    
   6.86420947E-02  0.202021226    
   6.92486539E-02  0.203534052    
   6.98605776E-02  0.205078810    
   7.04779029E-02  0.206656218    
   7.11006895E-02  0.208267048    
   7.17289746E-02  0.209912062    
   7.23628178E-02  0.211592063    
   7.30022565E-02  0.213307872    
   7.36473501E-02  0.215060323    
   7.42981434E-02  0.216850281    
   7.49546811E-02  0.218678638    
   7.56170228E-02  0.220546290    
   7.62852207E-02  0.222454160    
   7.69593269E-02  0.224403203    
   7.76393786E-02  0.226394400    
   7.83254504E-02  0.228428751    
   7.90175796E-02  0.230507284    
   7.97158256E-02  0.232631058    
   8.04202408E-02  0.234801158    
   8.11308846E-02  0.237018675    
   8.18478018E-02  0.239284769    
   8.25710595E-02  0.241600588    
   8.33007023E-02  0.243967339    
   8.40367973E-02  0.246386260    
   8.47793967E-02  0.248858601    
   8.55285600E-02  0.251385659    
   8.62843394E-02  0.253968745    
   8.70467946E-02  0.256609231    
   8.78159925E-02  0.259308517    
   8.85919854E-02  0.262068063    
   8.93748403E-02  0.264889270    
   9.01646093E-02  0.267773688    
   9.09613594E-02  0.270722866    
   9.17651430E-02  0.273738354    
   9.25760344E-02  0.276821822    
   9.33940932E-02  0.279974878    
   9.42193791E-02  0.283199310    
   9.50519517E-02  0.286496788    
   9.58918929E-02  0.289869159    
   9.67392474E-02  0.293318272    
   9.75940898E-02  0.296845973    
   9.84564945E-02  0.300454259    
   9.93265137E-02  0.304145038    
  0.100204222      0.307920426    
  0.101089679      0.311782449    
  0.101982974      0.315733254    
  0.102884151      0.319775045    
  0.103793293      0.323910087    
  0.104710475      0.328140616    
  0.105635762      0.332469076    
  0.106569216      0.336897790    
  0.107510924      0.341429293    
  0.108460955      0.346066087    
  0.109419383      0.350810766    
  0.110386275      0.355665982    
  0.111361712      0.360634476    
  0.112345770      0.365718991    
  0.113338523      0.370922357    
  0.114340052      0.376247525    
  0.115350425      0.381697476    
  0.116369732      0.387275189    
  0.117398046      0.392983824    
  0.118435442      0.398826569    
  0.119482011      0.404806614    
  0.120537817      0.410927325    
  0.121602967      0.417192101    
  0.122677520      0.423604369    
  0.123761572      0.430167675    
  0.124855198      0.436885625    
  0.125958502      0.443761885    
  0.127071545      0.450800210    
  0.128194422      0.458004445    
  0.129327223      0.465378493    
  0.130470037      0.472926289    
  0.131622940      0.480651855    
  0.132786036      0.488559395    
  0.133959413      0.496653020    
  0.135143161      0.504936993    
  0.136337370      0.513415694    
  0.137542114      0.522093475    
  0.138757527      0.530974805    
  0.139983669      0.540064275    
  0.141220644      0.549366415    
  0.142468557      0.558885872    
  0.143727496      0.568627417    
  0.144997552      0.578595877    
  0.146278828      0.588795960    
  0.147571445      0.599232674    
  0.148875475      0.609910905    
  0.150191024      0.620835662    
  0.151518196      0.632011950    
  0.152857095      0.643444836    
  0.154207841      0.655139506    
  0.155570507      0.667100966    
  0.156945214      0.679334402    
  0.158332080      0.691845059    
  0.159731194      0.704638064    
  0.161142677      0.717718601    
  0.162566632      0.731091857    
  0.164003164      0.744763076    
  0.165452391      0.758737326    
  0.166914433      0.773019731    
  0.168389380      0.787615478    
  0.169877365      0.802529573    
  0.171378508      0.817766964    
  0.172892913      0.833332658    
  0.174420685      0.849231482    
  0.175961971      0.865468204    
  0.177516878      0.882047474    
  0.179085523      0.898973823    
  0.180668026      0.916251719    
  0.182264522      0.933885396    
  0.183875114      0.951878965    
  0.185499936      0.970236480    
  0.187139124      0.988961577    
  0.188792795       1.00805783    
  0.190461084       1.02752864    
  0.192144111       1.04737711    
  0.193842009       1.06760609    
  0.195554912       1.08821797    
  0.197282955       1.10921526    
  0.199026257       1.13059974    
  0.200784966       1.15237308    
  0.202559233       1.17453647    
  0.204349160       1.19709098    
  0.206154913       1.22003698    
  0.207976609       1.24337447    
  0.209814414       1.26710320    
  0.211668462       1.29122233    
  0.213538885       1.31573045    
  0.215425849       1.34062588    
  0.217329472       1.36590612    
  0.219249934       1.39156830    
  0.221187353       1.41760910    
  0.223141894       1.44402421    
  0.225113705       1.47080922    
  0.227102935       1.49795854    
  0.229109764       1.52546644    
  0.231134310       1.55332613    
  0.233176738       1.58153033    
  0.235237226       1.61007094    
  0.237315923       1.63893926    
  0.239412993       1.66812587    
  0.241528586       1.69762027    
  0.243662879       1.72741163    
  0.245816022       1.75748801    
  0.247988194       1.78783679    
  0.250179559       1.81844461    
  0.252390295       1.84929729    
  0.254620582       1.88037980    
  0.256870538       1.91167617    
  0.259140402       1.94316971    
  0.261430323       1.97484314    
  0.263740480       2.00667787    
  0.266071051       2.03865528    
  0.268422216       2.07075477    
  0.270794153       2.10295630    
  0.273187041       2.13523793    
  0.275601089       2.16757751    
  0.278036445       2.19995236    
  0.280493349       2.23233843    
  0.282971948       2.26471138    
  0.285472453       2.29704595    
  0.287995070       2.32931685    
  0.290539950       2.36149716    
  0.293107331       2.39356041    
  0.295697421       2.42547870    
  0.298310369       2.45722413    
  0.300946414       2.48876810    
  0.303605765       2.52008200    
  0.306288600       2.55113602    
  0.308995128       2.58190060    
  0.311725587       2.61234593    
  0.314480186       2.64244151    
  0.317259133       2.67215729    
  0.320062608       2.70146203    
  0.322890878       2.73032546    
  0.325744122       2.75871682    
  0.328622609       2.78660512    
  0.331526488       2.81395984    
  0.334456056       2.84075046    
  0.337411523       2.86694646    
  0.340393066       2.89251781    
  0.343400985       2.91743469    
  0.346435487       2.94166708    
  0.349496782       2.96518636    
  0.352585167       2.98796391    
  0.355700821       3.00997090    
  0.358843982       3.03118038    
  0.362014949       3.05156493    
  0.365213931       3.07109833    
  0.368441164       3.08975482    
  0.371696919       3.10750961    
  0.374981463       3.12433839    
  0.378295034       3.14021802    
  0.381637871       3.15512633    
  0.385010242       3.16904140    
  0.388412416       3.18194294    
  0.391844660       3.19381166    
  0.395307213       3.20462894    
  0.398800403       3.21437740    
  0.402324438       3.22304082    
  0.405879617       3.23060417    
  0.409466207       3.23705316    
  0.413084477       3.24237514    
  0.416734725       3.24655843    
  0.420417249       3.24959302    
  0.424132317       3.25146937    
  0.427880198       3.25217986    
  0.431661189       3.25171804    
  0.435475618       3.25007844    
  0.439323723       3.24725723    
  0.443205833       3.24325180    
  0.447122276       3.23806071    
  0.451073319       3.23168445    
  0.455059260       3.22412395    
  0.459080428       3.21538210    
  0.463137150       3.20546293    
  0.467229694       3.19437194    
  0.471358418       3.18211603    
  0.475523621       3.16870332    
  0.479725629       3.15414286    
  0.483964741       3.13844585    
  0.488241345       3.12162423    
  0.492555737       3.10369134    
  0.496908247       3.08466196    
  0.501299202       3.06455207    
  0.505729020       3.04337859    
  0.510197937       3.02116013    
  0.514706314       2.99791622    
  0.519254565       2.97366762    
  0.523843050       2.94843650    
  0.528472006       2.92224550    
  0.533141911       2.89511919    
  0.537853062       2.86708236    
  0.542605817       2.83816123    
  0.547400653       2.80838323    
  0.552237809       2.77777600    
  0.557117701       2.74636889    
  0.562040687       2.71419120    
  0.567007244       2.68127370    
  0.572017610       2.64764786    
  0.577072322       2.61334515    
  0.582171679       2.57839847    
  0.587316096       2.54284096    
  0.592505932       2.50670600    
  0.597741663       2.47002792    
  0.603023708       2.43284106    
  0.608352363       2.39518046    
  0.613728106       2.35708094    
  0.619151354       2.31857777    
  0.624622583       2.27970648    
  0.630142093       2.24050283    
  0.635710418       2.20100212    
  0.641327918       2.16123986    
  0.646995068       2.12125182    
  0.652712286       2.08107305    
  0.658480048       2.04073858    
  0.664298773       2.00028348    
  0.670168877       1.95974219    
  0.676090896       1.91914880    
  0.682065248       1.87853694    
  0.688092351       1.83794010    
  0.694172740       1.79739070    
  0.700306892       1.75692117    
  0.706495225       1.71656287    
  0.712738216       1.67634678    
  0.719036400       1.63630295    
  0.725390255       1.59646094    
  0.731800199       1.55684924    
  0.738266826       1.51749587    
  0.744790554       1.47842765    
  0.751371980       1.43967080    
  0.758011580       1.40125060    
  0.764709771       1.36319125    
  0.771467209       1.32551622    
  0.778284371       1.28824770    
  0.785161734       1.25140738    
  0.792099893       1.21501541    
  0.799099326       1.17909133    
  0.806160688       1.14365351    
  0.813284397       1.10871935    
  0.820471048       1.07430494    
  0.827721179       1.04042578    
  0.835035443       1.00709605    
  0.842414320      0.974328876    
  0.849858344      0.942136526    
  0.857368231      0.910530031    
  0.864944458      0.879519522    
  0.872587562      0.849114180    
  0.880298257      0.819321930    
  0.888077140      0.790149987    
  0.895924687      0.761604369    
  0.903841615      0.733690262    
  0.911828518      0.706411898    
  0.919885933      0.679772437    
  0.928014576      0.653774321    
  0.936215103      0.628418982    
  0.944488049      0.603707075    
  0.952834070      0.579638243    
  0.961253881      0.556211472    
  0.969748080      0.533424973    
  0.978317380      0.511276066    
  0.986962378      0.489761382    
  0.995683730      0.468876868    
   1.00448215      0.448617756    
   1.01335835      0.428978652    
   1.02231300      0.409953535    
   1.03134680      0.391535729    
   1.04046035      0.373718083    
   1.04965448      0.356492847    
   1.05892980      0.339851826    
   1.06828713      0.323786348    
   1.07772720      0.308287203    
   1.08725059      0.293344945    
   1.09685826      0.278949589    
   1.10655069      0.265090913    
   1.11632884      0.251758307    
   1.12619340      0.238940939    
   1.13614511      0.226627678    
   1.14618468      0.214807168    
   1.15631306      0.203467876    
   1.16653097      0.192598090    
   1.17683911      0.182185963    
   1.18723834      0.172219530    
   1.19772947      0.162686720    
   1.20831335      0.153575435    
   1.21899068      0.144873500    
   1.22976243      0.136568770    
   1.24062932      0.128649071    
   1.25159228      0.121102281    
   1.26265204      0.113916315    
   1.27380955      0.107079178    
   1.28506577      0.100578949    
   1.29642129       9.44038332E-02
   1.30787730       8.85421485E-02
   1.31943440       8.29823688E-02
   1.33109379       7.77131096E-02
   1.34285605       7.27231801E-02
   1.35472238       6.80015609E-02
   1.36669350       6.35374263E-02
   1.37877035       5.93201704E-02
   1.39095402       5.53393997E-02
   1.40324533       5.15849516E-02
   1.41564524       4.80468981E-02
   1.42815471       4.47155461E-02
   1.44077468       4.15814631E-02
   1.45350623       3.86354662E-02
   1.46635032       3.58686335E-02
   1.47930777       3.32722962E-02
   1.49237978       3.08380611E-02
   1.50556743       2.85577960E-02
   1.51887143       2.64236387E-02
   1.53229308       2.44279951E-02
   1.54583335       2.25635376E-02
   1.55949330       2.08232049E-02
   1.57327390       1.92002058E-02
   1.58717620       1.76880080E-02
   1.60120142       1.62803400E-02
   1.61535060       1.49711883E-02
   1.62962484       1.37547934E-02
   1.64402509       1.26256449E-02
   1.65855277       1.15784770E-02
   1.67320871       1.06082633E-02
   1.68799412       9.71021317E-03
   1.70291018       8.87976307E-03
   1.71795809       8.11257400E-03
   1.73313904       7.40452483E-03
   1.74845409       6.75170356E-03
   1.76390445       6.15040399E-03
   1.77949131       5.59711782E-03
   1.79521596       5.08852769E-03
   1.81107962       4.62150062E-03
   1.82708335       4.19308245E-03
   1.84322858       3.80048994E-03
   1.85951638       3.44110373E-03
   1.87594819       3.11246258E-03
   1.89252520       2.81225611E-03
   1.90924859       2.53831851E-03
   1.92611980       2.28862115E-03
   1.94314015       2.06126715E-03
   1.96031094       1.85448513E-03
   1.97763336       1.66662154E-03
   1.99510896       1.49613642E-03
   2.01273894       1.34159625E-03
   2.03052473       1.20166887E-03
   2.04846764       1.07511738E-03
   2.06656909       9.60795325E-04
   2.08483052       8.57641047E-04
   2.10325313       7.64672703E-04
   2.12183881       6.80983590E-04
   2.14058852       6.05737383E-04
   2.15950418       5.38163586E-04
   2.17858672       4.77553491E-04
   2.19783807       4.23255900E-04
   2.21725941       3.74673255E-04
   2.23685241       3.31258081E-04
   2.25661850       2.92509329E-04
   2.27655935       2.57969106E-04
   2.29667640       2.27219542E-04
   2.31697130       1.99879767E-04
   2.33744526       1.75603127E-04
   2.35810041       1.54074572E-04
   2.37893796       1.35008158E-04
   2.39995956       1.18144671E-04
   2.42116714       1.03249542E-04
   2.44256186       9.01107414E-05
   2.46414590       7.85369266E-05
   2.48592043       6.83556282E-05
   2.50788760       5.94116536E-05
   2.53004885       5.15655374E-05
   2.55240583       4.46921367E-05
   2.57496023       3.86793108E-05
   2.59771419       3.34267461E-05
   2.62066913       2.88448082E-05
   2.64382696       2.48535507E-05
   2.66718936       2.13817548E-05
   2.69075823       1.83660832E-05
   2.71453524       1.57502782E-05
   2.73852253       1.34844522E-05
   2.76272178       1.15244247E-05
   2.78713489       9.83112386E-06
   2.81176353       8.37004154E-06
   2.83660984       7.11073608E-06
   2.86167598       6.02638738E-06
   2.88696337       5.09338133E-06
   2.91247416       4.29094553E-06
   2.93821073       3.60081094E-06
   2.96417427       3.00690658E-06
   2.99036765       2.49508503E-06
   3.01679230       2.05286801E-06
   3.04345036       1.66921654E-06
   3.07034421       1.33431729E-06
   3.09747553       1.03938555E-06
   3.12484670       7.76479339E-07
   3.15245962       5.38321046E-07
   3.18031645       3.18125217E-07
   3.20841980       1.09425571E-07
   3.23677111      -9.41012104E-08
   3.26537323       2.15386084E-10
   3.29422808       9.32806488E-22
   3.32333779       7.46571145E-22
   3.35270476       5.86857432E-22
   3.38233113       4.48508748E-22
   3.41221952       3.26966033E-22
   3.44237185       2.18107292E-22
   3.47279072       1.18182849E-22
   3.50347829       2.35463889E-23
   3.53443718      -6.93736712E-23
   3.56566954       0.00000000    
   3.59717774       0.00000000    
   3.62896466       0.00000000    
   3.66103220       0.00000000    
   3.69338322       0.00000000    
   3.72602010       0.00000000    
   3.75894547       0.00000000    
   3.79216170       0.00000000    
   3.82567167       0.00000000    
   3.85947752       0.00000000    
   3.89358211       0.00000000    
   3.92798805       0.00000000    
   3.96269798       0.00000000    
   3.99771476       0.00000000    
   4.03304100       0.00000000    
   4.06867933       0.00000000    
   4.10463238       0.00000000    
   4.14090347       0.00000000    
   4.17749500       0.00000000    
   4.21440983       0.00000000    
   4.25165081       0.00000000    
   4.28922081       0.00000000    
   4.32712317       0.00000000    
   4.36535978       0.00000000    
   4.40393496       0.00000000    
   4.44285059       0.00000000    
   4.48211050       0.00000000    
   4.52171707       0.00000000    
   4.56167364       0.00000000    
   4.60198307       0.00000000    
   4.64264870       0.00000000    
   4.68367386       0.00000000    
   4.72506189       0.00000000    
   4.76681519       0.00000000    
   4.80893755       0.00000000    
   4.85143232       0.00000000    
   4.89430237       0.00000000    
   4.93755102       0.00000000    
   4.98118258       0.00000000    
   5.02519894       0.00000000    
   5.06960487       0.00000000    
   5.11440277       0.00000000    
   5.15959644       0.00000000    
   5.20518970       0.00000000    
   5.25118589       0.00000000    
   5.29758835       0.00000000    
   5.34440088       0.00000000    
   5.39162731       0.00000000    
   5.43927097       0.00000000    
   5.48733568       0.00000000    
   5.53582478       0.00000000    
   5.58474255       0.00000000    
   5.63409281       0.00000000    
   5.68387890       0.00000000    
   5.73410511       0.00000000    
   5.78477478       0.00000000    
   5.83589268       0.00000000    
   5.88746214       0.00000000    
   5.93948698       0.00000000    
   5.99197197       0.00000000    
   6.04492044       0.00000000    
   6.09833717       0.00000000    
   6.15222549       0.00000000    
   6.20659018       0.00000000    
   6.26143551       0.00000000    
   6.31676483       0.00000000    
   6.37258387       0.00000000    
   6.42889547       0.00000000    
   6.48570538       0.00000000    
   6.54301643       0.00000000    
   6.60083485       0.00000000    
   6.65916348       0.00000000    
   6.71800756       0.00000000    
   6.77737188       0.00000000    
   6.83726072       0.00000000    
   6.89767885       0.00000000    
   6.95863104       0.00000000    
   7.02012157       0.00000000    
   7.08215523       0.00000000    
   7.14473772       0.00000000    
   7.20787287       0.00000000    
   7.27156544       0.00000000    
   7.33582163       0.00000000    
   7.40064526       0.00000000    
   7.46604156       0.00000000    
   7.53201580       0.00000000    
   7.59857321       0.00000000    
   7.66571856       0.00000000    
   7.73345757       0.00000000    
   7.80179501       0.00000000    
   7.87073612       0.00000000    
   7.94028664       0.00000000    
   8.01045132       0.00000000    
   8.08123684       0.00000000    
   8.15264702       0.00000000    
   8.22468853       0.00000000    
   8.29736710       0.00000000    
   8.37068748       0.00000000    
   8.44465637       0.00000000    
   8.51927757       0.00000000    
   8.59455967       0.00000000    
   8.67050552       0.00000000    
   8.74712372       0.00000000    
   8.82441807       0.00000000    
   8.90239620       0.00000000    
   8.98106289       0.00000000    
   9.06042480       0.00000000    
   9.14048767       0.00000000    
   9.22125912       0.00000000    
   9.30274296       0.00000000    
   9.38494778       0.00000000    
   9.46787834       0.00000000    
   9.55154228       0.00000000    
   9.63594532       0.00000000    
   9.72109413       0.00000000    
   9.80699539       0.00000000    
   9.89365578       0.00000000    
   9.98108196       0.00000000    
   10.0692816       0.00000000    
   10.1582594       0.00000000    
   10.2480240       0.00000000    
   10.3385811       0.00000000    
   10.4299393       0.00000000    
   10.5221043       0.00000000    
   10.6150837       0.00000000    
   10.7088852       0.00000000    
   10.8035145       0.00000000    
   10.8989811       0.00000000    
   10.9952908       0.00000000    
   11.0924520       0.00000000    
   11.1904707       0.00000000    
   11.2893562       0.00000000    
   11.3891163       0.00000000    
   11.4897566       0.00000000    
   11.5912876       0.00000000    
   11.6937151       0.00000000    
   11.7970476       0.00000000    
   11.9012928       0.00000000    
   12.0064602       0.00000000    
   12.1125565       0.00000000    
   12.2195892       0.00000000    
   12.3275690       0.00000000    
   12.4365025       0.00000000    
   12.5463991       0.00000000    
   12.6572666       0.00000000    
   12.7691135       0.00000000    
   12.8819494       0.00000000    
   12.9957819       0.00000000    
   13.1106195       0.00000000    
   13.2264729       0.00000000    
   13.3433504       0.00000000    
   13.4612598       0.00000000    
   13.5802116       0.00000000    
   13.7002144       0.00000000    
   13.8212776       0.00000000    
   13.9434099       0.00000000    
   14.0666227       0.00000000    
   14.1909237       0.00000000    
   14.3163223       0.00000000    
   14.4428301       0.00000000    
   14.5704556       0.00000000    
   14.6992083       0.00000000    
   14.8290997       0.00000000    
   14.9601383       0.00000000    
   15.0923347       0.00000000    
   15.2256994       0.00000000    
   15.3602428       0.00000000    
   15.4959745       0.00000000    
   15.6329069       0.00000000    
   15.7710485       0.00000000    
   15.9104099       0.00000000    
   16.0510044       0.00000000    
   16.1928406       0.00000000    
   16.3359299       0.00000000    
   16.4802837       0.00000000    
   16.6259136       0.00000000    
   16.7728291       0.00000000    
   16.9210434       0.00000000    
   17.0705681       0.00000000    
   17.2214146       0.00000000    
   17.3735924       0.00000000    
   17.5271168       0.00000000    
   17.6819954       0.00000000    
   17.8382454       0.00000000    
   17.9958744       0.00000000    
   18.1548958       0.00000000    
   18.3153229       0.00000000    
   18.4771690       0.00000000    
   18.6404438       0.00000000    
   18.8051605       0.00000000    
   18.9713345       0.00000000    
   19.1389771       0.00000000    
   19.3080997       0.00000000    
   19.4787178       0.00000000    
   19.6508427       0.00000000    
   19.8244896       0.00000000    
   19.9996700       0.00000000    
   20.1763992       0.00000000    
   20.3546906       0.00000000    
   20.5345554       0.00000000    
   20.7160110       0.00000000    
   20.8990707       0.00000000    
   21.0837460       0.00000000    
   21.2700558       0.00000000    
   21.4580097       0.00000000    
   21.6476250       0.00000000    
   21.8389168       0.00000000    
   22.0318985       0.00000000    
   22.2265854       0.00000000    
   22.4229927       0.00000000    
   22.6211357       0.00000000    
   22.8210297       0.00000000    
   23.0226898       0.00000000    
   23.2261314       0.00000000    
   23.4313717       0.00000000    
   23.6384239       0.00000000    
   23.8473072       0.00000000    
   24.0580368       0.00000000    
   24.2706280       0.00000000    
   24.4850960       0.00000000    
   24.7014618       0.00000000    
   24.9197388       0.00000000    
   25.1399441       0.00000000    
   25.3620949       0.00000000    
   25.5862103       0.00000000    
   25.8123035       0.00000000    
   26.0403976       0.00000000    
   26.2705059       0.00000000    
   26.5026474       0.00000000    
   26.7368393       0.00000000    
   26.9731026       0.00000000    
   27.2114525       0.00000000    
   27.4519081       0.00000000    
   27.6944904       0.00000000    
   27.9392147       0.00000000    
   28.1861019       0.00000000    
   28.4351711       0.00000000    
   28.6864414       0.00000000    
   28.9399319       0.00000000    
   29.1956615       0.00000000    
   29.4536514       0.00000000    
   29.7139225       0.00000000    
   29.9764919       0.00000000    
   30.2413826       0.00000000    
   30.5086117       0.00000000    
   30.7782040       0.00000000    
   31.0501785       0.00000000    
   31.3245564       0.00000000    
   31.6013584       0.00000000    
   31.8806076       0.00000000    
   32.1623230       0.00000000    
   32.4465294       0.00000000    
   32.7332458       0.00000000    
   33.0224953       0.00000000    
   33.3143005       0.00000000    
   33.6086845       0.00000000    
   33.9056740       0.00000000    
   34.2052841       0.00000000    
   34.5075417       0.00000000    
   34.8124695       0.00000000    
   35.1200943       0.00000000    
   35.4304352       0.00000000    
   35.7435188       0.00000000    
   36.0593719       0.00000000    
   36.3780136       0.00000000    
   36.6994705       0.00000000    
   37.0237694       0.00000000    
   37.3509331       0.00000000    
   37.6809845       0.00000000    
   38.0139580       0.00000000    
   38.3498726       0.00000000    
   38.6887550       0.00000000    
   39.0306320       0.00000000    
   39.3755264       0.00000000    
   39.7234726       0.00000000    
   40.0744934       0.00000000    
   40.4286156       0.00000000    
   40.7858658       0.00000000    
   41.1462746       0.00000000    
   41.5098686       0.00000000    
   41.8766708       0.00000000    
   42.2467194       0.00000000    
   42.6200371       0.00000000    
   42.9966507       0.00000000    
   43.3765945       0.00000000    
   43.7598953       0.00000000    
   44.1465836       0.00000000    
   44.5366898       0.00000000    
   44.9302444       0.00000000    
   45.3272743       0.00000000    
   45.7278099       0.00000000    
   46.1318893       0.00000000    
   46.5395393       0.00000000    
   46.9507904       0.00000000    
   47.3656731       0.00000000    
   47.7842255       0.00000000    
   48.2064743       0.00000000    
   48.6324539       0.00000000    
   49.0621986       0.00000000    
   49.4957428       0.00000000    
   49.9331169       0.00000000    
   50.3743553       0.00000000    
   50.8194923       0.00000000    
   51.2685623       0.00000000    
   51.7216034       0.00000000    
   52.1786461       0.00000000    
   52.6397247       0.00000000    
   53.1048813       0.00000000    
   53.5741501       0.00000000    
   54.0475616       0.00000000    
   54.5251579       0.00000000    
   55.0069733       0.00000000    
   55.4930458       0.00000000    
   55.9834175       0.00000000    
   56.4781189       0.00000000    
   56.9771919       0.00000000    
   57.4806786       0.00000000    
   57.9886093       0.00000000    
   58.5010338       0.00000000    
   59.0179825       0.00000000    
   59.5395012       0.00000000    
   60.0656242       0.00000000    
   60.5964012       0.00000000    
   61.1318665       0.00000000    
   61.6720619       0.00000000    
   62.2170334       0.00000000    
   62.7668190       0.00000000    
   63.3214645       0.00000000    
   63.8810120       0.00000000    
   64.4455032       0.00000000    
   65.0149765       0.00000000    
   65.5894928       0.00000000    
   66.1690750       0.00000000    
   66.7537842       0.00000000    
   67.3436661       0.00000000    
   67.9387512       0.00000000    
   68.5391006       0.00000000    
   69.1447525       0.00000000    
   69.7557526       0.00000000    
   70.3721542       0.00000000    
   70.9940033       0.00000000    
   71.6213531       0.00000000    
   72.2542419       0.00000000    
   72.8927231       0.00000000    
   73.5368423       0.00000000    
   74.1866608       0.00000000    
   74.8422165       0.00000000    
   75.5035629       0.00000000    
   76.1707611       0.00000000    
   76.8438492       0.00000000    
   77.5228882       0.00000000    
   78.2079239       0.00000000    
   78.8990173       0.00000000    
   79.5962143       0.00000000    
   80.2995758       0.00000000    
   81.0091476       0.00000000    
   81.7249908       0.00000000    
   82.4471664       0.00000000    
   83.1757126       0.00000000    
   83.9107056       0.00000000    
   84.6521912       0.00000000    
   85.4002228       0.00000000    
   86.1548691       0.00000000    
   86.9161835       0.00000000    
   87.6842270       0.00000000    
   88.4590607       0.00000000    
   89.2407379       0.00000000    
   90.0293198       0.00000000    
   90.8248749       0.00000000    
   91.6274567       0.00000000    
   92.4371262       0.00000000    
   93.2539597       0.00000000    
   94.0780029       0.00000000    
   94.9093323       0.00000000    
   95.7480087       0.00000000    
   96.5940933       0.00000000    
   97.4476547       0.00000000    
   98.3087616       0.00000000    
   99.1774750       0.00000000    
   100.053864       0.00000000    
   100.938004       0.00000000    
   101.829948       0.00000000    
   102.729774       0.00000000    
   103.637558       0.00000000    
   104.553360       0.00000000    
   105.477257       0.00000000    
   106.409317       0.00000000    
   107.349609       0.00000000    
   108.298218       0.00000000    
   109.255203       0.00000000    
   110.220642       0.00000000    
   111.194618       0.00000000    
   112.177200       0.00000000    
   113.168465       0.00000000    
   114.168488       0.00000000    
   115.177345       0.00000000    
   116.195122       0.00000000    
   117.221893       0.00000000    
   118.257736       0.00000000    
   119.302727       0.00000000    
  20. 0.
  20. -100000.
  0. -100000.
