   3.3627886318793411E-006   527.58444721404726     
   3.3925042148090786E-006   527.58444721073067     
   3.4224823821488162E-006   527.58444720735508     
   3.4527254542492096E-006   527.58444720391981     
   3.4832357719649025E-006   527.58444720042337     
   3.5140156968357106E-006   527.58444719686474     
   3.5450676112694065E-006   527.58444719324325     
   3.5763939187261232E-006   527.58444718955730     
   3.6079970439043843E-006   527.58444718580597     
   3.6398794329287793E-006   527.58444718198803     
   3.6720435535392962E-006   527.58444717810232     
   3.7044918952823290E-006   527.58444717414761     
   3.7372269697033709E-006   527.58444717012264     
   3.7702513105414128E-006   527.58444716602639     
   3.8035674739250544E-006   527.58444716185738     
   3.8371780385703586E-006   527.58444715761425     
   3.8710856059804409E-006   527.58444715329597     
   3.9052928006468332E-006   527.58444714890084     
   3.9398022702526207E-006   527.58444714442783     
   3.9746166858773799E-006   527.58444713987535     
   4.0097387422039182E-006   527.58444713524216     
   4.0451711577268510E-006   527.58444713052654     
   4.0809166749630141E-006   527.58444712572737     
   4.1169780606637394E-006   527.58444712084304     
   4.1533581060290026E-006   527.58444711587185     
   4.1900596269234724E-006   527.58444711081245     
   4.2270854640944539E-006   527.58444710566334     
   4.2644384833917707E-006   527.58444710042284     
   4.3021215759895885E-006   527.58444709508922     
   4.3401376586101858E-006   527.58444708966090     
   4.3784896737497264E-006   527.58444708413640     
   4.4171805899059996E-006   527.58444707851356     
   4.4562134018081927E-006   527.58444707279102     
   4.4955911306486871E-006   527.58444706696696     
   4.5353168243168984E-006   527.58444706103955     
   4.5753935576351948E-006   527.58444705500676     
   4.6158244325968826E-006   527.58444704886710     
   4.6566125786063114E-006   527.58444704261819     
   4.6977611527210942E-006   527.58444703625844     
   4.7392733398964654E-006   527.58444702978591     
   4.7811523532318011E-006   527.58444702319832     
   4.8234014342193182E-006   527.58444701649387     
   4.8660238529949692E-006   527.58444700967061     
   4.9090229085915572E-006   527.58444700272594     
   4.9524019291940840E-006   527.58444699565814     
   4.9961642723973547E-006   527.58444698846483     
   5.0403133254658628E-006   527.58444698114386     
   5.0848525055959683E-006   527.58444697369282     
   5.1297852601803916E-006   527.58444696610968     
   5.1751150670750483E-006   527.58444695839194     
   5.2208454348682396E-006   527.58444695053697     
   5.2669799031522213E-006   527.58444694254274     
   5.3135220427971725E-006   527.58444693440663     
   5.3604754562275872E-006   527.58444692612602     
   5.4078437777011070E-006   527.58444691769853     
   5.4556306735898133E-006   527.58444690912120     
   5.5038398426640163E-006   527.58444690039187     
   5.5524750163785405E-006   527.58444689150735     
   5.6015399591615439E-006   527.58444688246527     
   5.6510384687058927E-006   527.58444687326266     
   5.7009743762631049E-006   527.58444686389680     
   5.7513515469398948E-006   527.58444685436450     
   5.8021738799973422E-006   527.58444684466303     
   5.8534453091526934E-006   527.58444683478933     
   5.9051698028838392E-006   527.58444682474033     
   5.9573513647364825E-006   527.58444681451317     
   6.0099940336340168E-006   527.58444680410423     
   6.0631018841901412E-006   527.58444679351066     
   6.1166790270242451E-006   527.58444678272895     
   6.1707296090795764E-006   527.58444677175589     
   6.2252578139442153E-006   527.58444676058798     
   6.2802678621748932E-006   527.58444674922202     
   6.3357640116236708E-006   527.58444673765416     
   6.3917505577674987E-006   527.58444672588087     
   6.4482318340406944E-006   527.58444671389873     
   6.5052122121703559E-006   527.58444670170377     
   6.5626961025147397E-006   527.58444668929246     
   6.6206879544046269E-006   527.58444667666072     
   6.6791922564877116E-006   527.58444666380490     
   6.7382135370760191E-006   527.58444665072079     
   6.7977563644964164E-006   527.58444663740443     
   6.8578253474441963E-006   527.58444662385159     
   6.9184251353398007E-006   527.58444661005831     
   6.9795604186886914E-006   527.58444659602003     
   7.0412359294444024E-006   527.58444658173278     
   7.1034564413748016E-006   527.58444656719166     
   7.1662267704315781E-006   527.58444655239259     
   7.2295517751230140E-006   527.58444653733079     
   7.2934363568900339E-006   527.58444652200160     
   7.3578854604855859E-006   527.58444650640035     
   7.4229040743573656E-006   527.58444649052194     
   7.4884972310339366E-006   527.58444647436193     
   7.5546700075142532E-006   527.58444645791496     
   7.6214275256606241E-006   527.58444644117606     
   7.6887749525951522E-006   527.58444642413997     
   7.7567175010996785E-006   527.58444640680148     
   7.8252604300192591E-006   527.58444638915535     
   7.8944090446692021E-006   527.58444637119578     
   7.9641686972457126E-006   527.58444635291744     
   8.0345447872401540E-006   527.58444633431463     
   8.1055427618569832E-006   527.58444631538168     
   8.1771681164353624E-006   527.58444629611267     
   8.2494263948745124E-006   527.58444627650147     
   8.3223231900628155E-006   527.58444625654226     
   8.3958641443107145E-006   527.58444623622870     
   8.4700549497874319E-006   527.58444621555452     
   8.5449013489615547E-006   527.58444619451348     
   8.6204091350455080E-006   527.58444617309897     
   8.6965841524439571E-006   527.58444615130406     
   8.7734322972061724E-006   527.58444612912240     
   8.8509595174823904E-006   527.58444610654692     
   8.9291718139842118E-006   527.58444608357092     
   9.0080752404490615E-006   527.58444606018679     
   9.0876759041087591E-006   527.58444603638782     
   9.1679799661622260E-006   527.58444601216627     
   9.2489936422523628E-006   527.58444598751475     
   9.3307232029471628E-006   527.58444596242555     
   9.4131749742250550E-006   527.58444593689114     
   9.4963553379645362E-006   527.58444591090324     
   9.5802707324381529E-006   527.58444588445423     
   9.6649276528108167E-006   527.58444585753568     
   9.7503326516425478E-006   527.58444583013920     
   9.8364923393956525E-006   527.58444580225648     
   9.9234133849463772E-006   527.58444577387877     
   1.0011102516101090E-005   527.58444574499742     
   1.0099566520117025E-005   527.58444571560312     
   1.0188812244227618E-005   527.58444568568734     
   1.0278846596172501E-005   527.58444565524042     
   1.0369676544732163E-005   527.58444562425302     
   1.0461309120267347E-005   527.58444559271550     
   1.0553751415263213E-005   527.58444556061818     
   1.0647010584878292E-005   527.58444552795117     
   1.0741093847498319E-005   527.58444549470414     
   1.0836008485294943E-005   527.58444546086707     
   1.0931761844789375E-005   527.58444542642928     
   1.1028361337421012E-005   527.58444539138009     
   1.1125814440121107E-005   527.58444535570891     
   1.1224128695891483E-005   527.58444531940449     
   1.1323311714388371E-005   527.58444528245548     
   1.1423371172511415E-005   527.58444524485071     
   1.1524314814997871E-005   527.58444520657838     
   1.1626150455022051E-005   527.58444516762665     
   1.1728885974800096E-005   527.58444512798337     
   1.1832529326200040E-005   527.58444508763660     
   1.1937088531357324E-005   527.58444504657348     
   1.2042571683295700E-005   527.58444500478140     
   1.2148986946553652E-005   527.58444496224752     
   1.2256342557816339E-005   527.58444491895864     
   1.2364646826553123E-005   527.58444487490135     
   1.2473908135660744E-005   527.58444483006201     
   1.2584134942112152E-005   527.58444478442652     
   1.2695335777611100E-005   527.58444473798113     
   1.2807519249252504E-005   527.58444469071105     
   1.2920694040188645E-005   527.58444464260208     
   1.3034868910301260E-005   527.58444459363909     
   1.3150052696879559E-005   527.58444454380697     
   1.3266254315304255E-005   527.58444449309013     
   1.3383482759737619E-005   527.58444444147301     
   1.3501747103819644E-005   527.58444438893969     
   1.3621056501370354E-005   527.58444433547402     
   1.3741420187098324E-005   527.58444428105895     
   1.3862847477315462E-005   527.58444422567811     
   1.3985347770658090E-005   527.58444416931411     
   1.4108930548814431E-005   527.58444411194967     
   1.4233605377258496E-005   527.58444405356693     
   1.4359381905990460E-005   527.58444399414782     
   1.4486269870283586E-005   527.58444393367381     
   1.4614279091437758E-005   527.58444387212637     
   1.4743419477539649E-005   527.58444380948652     
   1.4873701024229637E-005   527.58444374573469     
   1.5005133815475459E-005   527.58444368085111     
   1.5137728024352747E-005   527.58444361481577     
   1.5271493913832420E-005   527.58444354760832     
   1.5406441837575063E-005   527.58444347920772     
   1.5542582240732303E-005   527.58444340959295     
   1.5679925660755298E-005   527.58444333874252     
   1.5818482728210324E-005   527.58444326663425     
   1.5958264167601614E-005   527.58444319324610     
   1.6099280798201442E-005   527.58444311855521     
   1.6241543534887552E-005   527.58444304253840     
   1.6385063388987981E-005   527.58444296517223     
   1.6529851469133350E-005   527.58444288643273     
   1.6675918982116694E-005   527.58444280629544     
   1.6823277233760882E-005   527.58444272473560     
   1.6971937629793686E-005   527.58444264172806     
   1.7121911676730623E-005   527.58444255724703     
   1.7273210982765566E-005   527.58444247126624     
   1.7425847258669226E-005   527.58444238375932     
   1.7579832318695596E-005   527.58444229469899     
   1.7735178081496376E-005   527.58444220405772     
   1.7891896571043504E-005   527.58444211180756     
   1.8049999917559816E-005   527.58444201791963     
   1.8209500358457956E-005   527.58444192236516     
   1.8370410239287560E-005   527.58444182511448     
   1.8532742014690815E-005   527.58444172613758     
   1.8696508249366474E-005   527.58444162540354     
   1.8861721619042368E-005   527.58444152288143     
   1.9028394911456541E-005   527.58444141853943     
   1.9196541027347025E-005   527.58444131234523     
   1.9366172981450386E-005   527.58444120426600     
   1.9537303903509057E-005   527.58444109426807     
   1.9709947039287639E-005   527.58444098231769     
   1.9884115751598107E-005   527.58444086837994     
   2.0059823521334115E-005   527.58444075241971     
   2.0237083948514450E-005   527.58444063440106     
   2.0415910753335683E-005   527.58444051428739     
   2.0596317777234130E-005   527.58444039204164     
   2.0778318983957192E-005   527.58444026762572     
   2.0961928460644181E-005   527.58444014100132     
   2.1147160418916682E-005   527.58444001212922     
   2.1334029195978533E-005   527.58443988096940     
   2.1522549255725569E-005   527.58443974748138     
   2.1712735189865134E-005   527.58443961162379     
   2.1904601719045500E-005   527.58443947335456     
   2.2098163693995263E-005   527.58443933263084     
   2.2293436096672816E-005   527.58443918940918     
   2.2490434041425969E-005   527.58443904364503     
   2.2689172776161815E-005   527.58443889529349     
   2.2889667683526954E-005   527.58443874430839     
   2.3091934282098111E-005   527.58443859064323     
   2.3295988227583308E-005   527.58443843425039     
   2.3501845314033632E-005   527.58443827508120     
   2.3709521475065718E-005   527.58443811308666     
   2.3919032785095028E-005   527.58443794821642     
   2.4130395460580045E-005   527.58443778041953     
   2.4343625861277429E-005   527.58443760964428     
   2.4558740491508302E-005   527.58443743583723     
   2.4775756001435694E-005   527.58443725894506     
   2.4994689188353290E-005   527.58443707891274     
   2.5215556997985575E-005   527.58443689568480     
   2.5438376525799437E-005   527.58443670920417     
   2.5663165018327387E-005   527.58443651941332     
   2.5889939874502474E-005   527.58443632625335     
   2.6118718647004975E-005   527.58443612966460     
   2.6349519043620988E-005   527.58443592958611     
   2.6582358928613059E-005   527.58443572595615     
   2.6817256324102884E-005   527.58443551871142     
   2.7054229411466266E-005   527.58443530778777     
   2.7293296532740340E-005   527.58443509311996     
   2.7534476192043311E-005   527.58443487464160     
   2.7777787057006684E-005   527.58443465228493     
   2.8023247960220156E-005   527.58443442598104     
   2.8270877900689280E-005   527.58443419566015     
   2.8520696045306043E-005   527.58443396125074     
   2.8772721730332367E-005   527.58443372268016     
   2.9026974462896811E-005   527.58443347987475     
   2.9283473922504401E-005   527.58443323275924     
   2.9542239962559879E-005   527.58443298125712     
   2.9803292611904381E-005   527.58443272529041     
   3.0066652076365678E-005   527.58443246478009     
   3.0332338740322166E-005   527.58443219964533     
   3.0600373168280610E-005   527.58443192980417     
   3.0870776106467898E-005   527.58443165517281     
   3.1143568484436788E-005   527.58443137566655     
   3.1418771416685924E-005   527.58443109119867     
   3.1696406204294101E-005   527.58443080168104     
   3.1976494336569000E-005   527.58443050702419     
   3.2259057492710514E-005   527.58443020713673     
   3.2544117543488694E-005   527.58442990192600     
   3.2831696552936645E-005   527.58442959129741     
   3.3121816780058244E-005   527.58442927515455     
   3.3414500680551085E-005   527.58442895339988     
   3.3709770908544505E-005   527.58442862593381     
   3.4007650318353111E-005   527.58442829265471     
   3.4308161966245711E-005   527.58442795345945     
   3.4611329112229878E-005   527.58442760824300     
   3.4917175221852332E-005   527.58442725689861     
   3.5225723968015212E-005   527.58442689931735     
   3.5536999232808353E-005   527.58442653538850     
   3.5851025109357836E-005   527.58442616499963     
   3.6167825903690796E-005   527.58442578803579     
   3.6487426136616769E-005   527.58442540438045     
   3.6809850545625609E-005   527.58442501391460     
   3.7135124086802204E-005   527.58442461651759     
   3.7463271936758143E-005   527.58442421206632     
   3.7794319494580387E-005   527.58442380043539     
   3.8128292383797205E-005   527.58442338149769     
   3.8465216454361473E-005   527.58442295512305     
   3.8805117784651483E-005   527.58442252117982     
   3.9148022683489444E-005   527.58442207953362     
   3.9493957692177870E-005   527.58442163004770     
   3.9842949586553814E-005   527.58442117258278     
   4.0195025379061453E-005   527.58442070699721     
   4.0550212320842843E-005   527.58442023314683     
   4.0908537903847172E-005   527.58441975088522     
   4.1270029862958714E-005   527.58441926006276     
   4.1634716178143545E-005   527.58441876052757     
   4.2002625076615199E-005   527.58441825212515     
   4.2373785035019516E-005   527.58441773469769     
   4.2748224781638769E-005   527.58441720808537     
   4.3125973298615272E-005   527.58441667212503     
   4.3507059824194632E-005   527.58441612665069     
   4.3891513854988830E-005   527.58441557149354     
   4.4279365148259307E-005   527.58441500648155     
   4.4670643724220207E-005   527.58441443143988     
   4.5065379868361982E-005   527.58441384619061     
   4.5463604133795543E-005   527.58441325055242     
   4.5865347343617073E-005   527.58441264434077     
   4.6270640593293847E-005   527.58441202736822     
   4.6679515253070995E-005   527.58441139944352     
   4.7092002970399625E-005   527.58441076037241     
   4.7508135672386411E-005   527.58441010995705     
   4.7927945568264723E-005   527.58440944799588     
   4.8351465151887736E-005   527.58440877428416     
   4.8778727204243457E-005   527.58440808861315     
   4.9209764795992029E-005   527.58440739077059     
   4.9644611290025463E-005   527.58440668054050     
   5.0083300344049925E-005   527.58440595770287     
   5.0525865913190931E-005   527.58440522203409     
   5.0972342252621506E-005   527.58440447330611     
   5.1422763920213576E-005   527.58440371128734     
   5.1877165779212804E-005   527.58440293574188     
   5.2335583000937043E-005   527.58440214642928     
   5.2798051067498630E-005   527.58440134310547     
   5.3264605774550792E-005   527.58440052552169     
   5.3735283234058230E-005   527.58439969342487     
   5.4210119877092273E-005   527.58439884655706     
   5.4689152456650648E-005   527.58439798465633     
   5.5172418050502283E-005   527.58439710745586     
   5.5659954064057083E-005   527.58439621468392     
   5.6151798233261247E-005   527.58439530606404     
   5.6647988627518021E-005   527.58439438131529     
   5.7148563652634328E-005   527.58439344015085     
   5.7653562053793493E-005   527.58439248227967     
   5.8163022918554077E-005   527.58439150740503     
   5.8676985679875366E-005   527.58439051522510     
   5.9195490119169525E-005   527.58438950543280     
   5.9718576369380730E-005   527.58438847771538     
   6.0246284918091533E-005   527.58438743175464     
   6.0778656610656607E-005   527.58438636722678     
   6.1315732653364252E-005   527.58438528380225     
   6.1857554616625860E-005   527.58438418114554     
   6.2404164438193470E-005   527.58438305891536     
   6.2955604426405813E-005   527.58438191676407     
   6.3511917263463056E-005   527.58438075433821     
   6.4073146008730451E-005   527.58437957127774     
   6.4639334102071179E-005   527.58437836721646     
   6.5210525367208675E-005   527.58437714178160     
   6.5786764015118610E-005   527.58437589459379     
   6.6368094647450927E-005   527.58437462526683     
   6.6954562259982032E-005   527.58437333340760     
   6.7546212246097549E-005   527.58437201861636     
   6.8143090400305786E-005   527.58437068048590     
   6.8745242921782360E-005   527.58436931860194     
   6.9352716417946041E-005   527.58436793254270     
   6.9965557908066193E-005   527.58436652187936     
   7.0583814826902225E-005   527.58436508617478     
   7.1207535028374982E-005   527.58436362498458     
   7.1836766789270813E-005   527.58436213785660     
   7.2471558812978168E-005   527.58436062433020     
   7.3111960233257422E-005   527.58435908393676     
   7.3758020618043752E-005   527.58435751619936     
   7.4409789973283862E-005   527.58435592063267     
   7.5067318746806515E-005   527.58435429674262     
   7.5730657832227149E-005   527.58435264402658     
   7.6399858572887290E-005   527.58435096197263     
   7.7074972765828447E-005   527.58434925006020     
   7.7756052665801318E-005   527.58434750775905     
   7.8443150989310404E-005   527.58434573452996     
   7.9136320918694297E-005   527.58434392982383     
   7.9835616106242139E-005   527.58434209308177     
   8.0541090678346288E-005   527.58434022373535     
   8.1252799239691818E-005   527.58433832120556     
   8.1970796877483003E-005   527.58433638490362     
   8.2695139165707123E-005   527.58433441422972     
   8.3425882169435993E-005   527.58433240857403     
   8.4163082449165429E-005   527.58433036731526     
   8.4906797065193148E-005   527.58432828982177     
   8.5657083582035319E-005   527.58432617544997     
   8.6414000072882065E-005   527.58432402354538     
   8.7177605124092499E-005   527.58432183344189     
   8.7947957839729343E-005   527.58431960446137     
   8.8725117846133624E-005   527.58431733591351     
   8.9509145296539895E-005   527.58431502709607     
   9.0300100875732151E-005   527.58431267729418     
   9.1098045804740955E-005   527.58431028578048     
   9.1903041845581908E-005   527.58430785181429     
   9.2715151306036259E-005   527.58430537464221     
   9.3534437044473531E-005   527.58430285349721     
   9.4360962474716853E-005   527.58430028759858     
   9.5194791570951266E-005   527.58429767615212     
   9.6035988872675474E-005   527.58429501834928     
   9.6884619489697187E-005   527.58429231336686     
   9.7740749107172800E-005   527.58428956036778     
   9.8604443990691468E-005   527.58428675849950     
   9.9475770991404135E-005   527.58428390689448     
   1.0035479755119796E-004   527.58428100466995     
   1.0124159170791636E-004   527.58427805092720     
   1.0213622210062527E-004   527.58427504475173     
   1.0303875797492585E-004   527.58427198521304     
   1.0394926918831423E-004   527.58426887136352     
   1.0486782621558856E-004   527.58426570223946     
   1.0579450015430386E-004   527.58426247685929     
   1.0672936273027507E-004   527.58425919422473     
   1.0767248630312869E-004   527.58425585331906     
   1.0862394387190356E-004   527.58425245310832     
   1.0958380908070106E-004   527.58424899253941     
   1.1055215622438528E-004   527.58424547054108     
   1.1152906025433353E-004   527.58424188602282     
   1.1251459678423767E-004   527.58423823787496     
   1.1350884209595667E-004   527.58423452496777     
   1.1451187314542108E-004   527.58423074615189     
   1.1552376756858936E-004   527.58422690025736     
   1.1654460368745708E-004   527.58422298609321     
   1.1757446051611914E-004   527.58421900244787     
   1.1861341776688558E-004   527.58421494808772     
   1.1966155585645135E-004   527.58421082175755     
   1.2071895591212081E-004   527.58420662217998     
   1.2178569977808697E-004   527.58420234805453     
   1.2286187002176637E-004   527.58419799805802     
   1.2394754994018994E-004   527.58419357084358     
   1.2504282356645029E-004   527.58418906504062     
   1.2614777567620595E-004   527.58418447925396     
   1.2726249179424319E-004   527.58417981206378     
   1.2838705820109568E-004   527.58417506202500     
   1.2952156193972274E-004   527.58417022766730     
   1.3066609082224668E-004   527.58416530749366     
   1.3182073343674940E-004   527.58416029998068     
   1.3298557915412932E-004   527.58415520357801     
   1.3416071813501890E-004   527.58415001670801     
   1.3534624133676302E-004   527.58414473776429     
   1.3654224052045934E-004   527.58413936511295     
   1.3774880825806059E-004   527.58413389709017     
   1.3896603793953999E-004   527.58412833200327     
   1.4019402378011948E-004   527.58412266812900     
   1.4143286082756235E-004   527.58411690371395     
   1.4268264496952986E-004   527.58411103697313     
   1.4394347294100334E-004   527.58410506609050     
   1.4521544233177128E-004   527.58409898921707     
   1.4649865159398312E-004   527.58409280447165     
   1.4779320004976962E-004   527.58408650993920     
   1.4909918789893036E-004   527.58408010367100     
   1.5041671622668943E-004   527.58407358368345     
   1.5174588701151961E-004   527.58406694795792     
   1.5308680313303553E-004   527.58406019444010     
   1.5443956837995676E-004   527.58405332103871     
   1.5580428745814122E-004   527.58404632562610     
   1.5718106599868948E-004   527.58403920603587     
   1.5857001056612081E-004   527.58403196006429     
   1.5997122866662144E-004   527.58402458546755     
   1.6138482875636552E-004   527.58401707996245     
   1.6281092024991004E-004   527.58400944122536     
   1.6424961352866344E-004   527.58400166689114     
   1.6570101994942937E-004   527.58399375455269     
   1.6716525185302592E-004   527.58398570176041     
   1.6864242257298075E-004   527.58397750602103     
   1.7013264644430347E-004   527.58396916479705     
   1.7163603881233528E-004   527.58396067550586     
   1.7315271604167673E-004   527.58395203551936     
   1.7468279552519461E-004   527.58394324216215     
   1.7622639569310836E-004   527.58393429271189     
   1.7778363602215659E-004   527.58392518439780     
   1.7935463704484478E-004   527.58391591439988     
   1.8093952035877481E-004   527.58390647984788     
   1.8253840863605654E-004   527.58389687782073     
   1.8415142563280300E-004   527.58388710534575     
   1.8577869619870914E-004   527.58387715939728     
   1.8742034628671547E-004   527.58386703689564     
   1.8907650296275686E-004   527.58385673470718     
   1.9074729441559779E-004   527.58384624964185     
   1.9243284996675418E-004   527.58383557845377     
   1.9413330008050315E-004   527.58382471783887     
   1.9584877637398101E-004   527.58381366443450     
   1.9757941162737078E-004   527.58380241481848     
   1.9932533979417940E-004   527.58379096550766     
   2.0108669601160599E-004   527.58377931295763     
   2.0286361661100164E-004   527.58376745356031     
   2.0465623912842160E-004   527.58375538364396     
   2.0646470231527083E-004   527.58374309947158     
   2.0828914614904351E-004   527.58373059723999     
   2.1012971184415741E-004   527.58371787307817     
   2.1198654186288429E-004   527.58370492304687     
   2.1385977992637638E-004   527.58369174313646     
   2.1574957102579086E-004   527.58367832926626     
   2.1765606143351221E-004   527.58366467728342     
   2.1957939871447389E-004   527.58365078296083     
   2.2151973173758019E-004   527.58363664199703     
   2.2347721068722876E-004   527.58362225001360     
   2.2545198707493516E-004   527.58360760255471     
   2.2744421375106005E-004   527.58359269508514     
   2.2945404491663988E-004   527.58357752298980     
   2.3148163613532247E-004   527.58356208157102     
   2.3352714434540773E-004   527.58354636604793     
   2.3559072787199492E-004   527.58353037155518     
   2.3767254643923717E-004   527.58351409314014     
   2.3977276118270443E-004   527.58349752576351     
   2.4189153466185558E-004   527.58348066429551     
   2.4402903087262067E-004   527.58346350351565     
   2.4618541526009449E-004   527.58344603811088     
   2.4836085473134211E-004   527.58342826267358     
   2.5055551766831811E-004   527.58341017170062     
   2.5276957394089906E-004   527.58339175959065     
   2.5500319492003195E-004   527.58337302064319     
   2.5725655349099856E-004   527.58335394905635     
   2.5952982406679683E-004   527.58333453892556     
   2.6182318260164095E-004   527.58331478424122     
   2.6413680660458010E-004   527.58329467888689     
   2.6647087515323822E-004   527.58327421663807     
   2.6882556890767459E-004   527.58325339115925     
   2.7120107012436741E-004   527.58323219600288     
   2.7359756267032037E-004   527.58321062460652     
   2.7601523203729466E-004   527.58318867029152     
   2.7845426535616589E-004   527.58316632626077     
   2.8091485141140839E-004   527.58314358559619     
   2.8339718065570753E-004   527.58312044125705     
   2.8590144522470072E-004   527.58309688607801     
   2.8842783895184930E-004   527.58307291276560     
   2.9097655738344130E-004   527.58304851389801     
   2.9354779779372693E-004   527.58302368192074     
   2.9614175920018816E-004   527.58299840914583     
   2.9875864237894251E-004   527.58297268774834     
   3.0139864988028406E-004   527.58294650976518     
   3.0406198604436026E-004   527.58291986709094     
   3.0674885701698887E-004   527.58289275147706     
   3.0945947076561350E-004   527.58286515452824     
   3.1219403709540066E-004   527.58283706770032     
   3.1495276766547916E-004   527.58280848229731     
   3.1773587600532262E-004   527.58277938946901     
   3.2054357753127677E-004   527.58274978020791     
   3.2337608956323357E-004   527.58271964534674     
   3.2623363134145122E-004   527.58268897555570     
   3.2911642404352437E-004   527.58265776133885     
   3.3202469080150339E-004   527.58262599303225     
   3.3495865671916456E-004   527.58259366080017     
   3.3791854888943438E-004   527.58256075463225     
   3.4090459641196598E-004   527.58252726434046     
   3.4391703041087223E-004   527.58249317955597     
   3.4695608405261474E-004   527.58245848972592     
   3.5002199256405184E-004   527.58242318410998     
   3.5311499325064462E-004   527.58238725177728     
   3.5623532551482537E-004   527.58235068160297     
   3.5938323087452741E-004   527.58231346226444     
   3.6255895298187882E-004   527.58227558223848     
   3.6576273764206153E-004   527.58223702979728     
   3.6899483283233710E-004   527.58219779300453     
   3.7225548872124034E-004   527.58215785971220     
   3.7554495768794257E-004   527.58211721755686     
   3.7886349434178643E-004   527.58207585395530     
   3.8221135554199269E-004   527.58203375610083     
   3.8558880041754178E-004   527.58199091096003     
   3.8899609038723054E-004   527.58194730526748     
   3.9243348917990619E-004   527.58190292552285     
   3.9590126285487989E-004   527.58185775798563     
   3.9939967982251945E-004   527.58181178867176     
   4.0292901086502508E-004   527.58176500334878     
   4.0648952915738816E-004   527.58171738753185     
   4.1008151028853524E-004   527.58166892647853     
   4.1370523228265920E-004   527.58161960518498     
   4.1736097562073858E-004   527.58156940838137     
   4.2104902326224705E-004   527.58151832052602     
   4.2476966066705543E-004   527.58146632580213     
   4.2852317581752573E-004   527.58141340811176     
   4.3230985924080234E-004   527.58135955107127     
   4.3613000403129842E-004   527.58130473800622     
   4.3998390587338246E-004   527.58124895194612     
   4.4387186306426419E-004   527.58119217561944     
   4.4779417653708329E-004   527.58113439144768     
   4.5175114988420234E-004   527.58107558154086     
   4.5574308938070476E-004   527.58101572769101     
   4.5977030400810132E-004   527.58095481136695     
   4.6383310547824553E-004   527.58089281370883     
   4.6793180825746057E-004   527.58082971552176     
   4.7206672959087956E-004   527.58076549727048     
   4.7623818952700068E-004   527.58070013907241     
   4.8044651094245901E-004   527.58063362069265     
   4.8469201956701842E-004   527.58056592153673     
   4.8897504400878251E-004   527.58049702064443     
   4.9329591577963034E-004   527.58042689668423     
   4.9765496932087491E-004   527.58035552794513     
   5.0205254202915009E-004   527.58028289233130     
   5.0648897428252524E-004   527.58020896735434     
   5.1096460946685116E-004   527.58013373012682     
   5.1547979400233827E-004   527.58005715735510     
   5.2003487737037021E-004   527.57997922533207     
   5.2463021214055447E-004   527.57989990992962     
   5.2926615399801109E-004   527.57981918659141     
   5.3394306177090365E-004   527.57973703032553     
   5.3866129745821307E-004   527.57965341569593     
   5.4342122625775655E-004   527.57956831681543     
   5.4822321659445442E-004   527.57948170733698     
   5.5306764014884720E-004   527.57939356044653     
   5.5795487188586325E-004   527.57930384885333     
   5.6288529008384242E-004   527.57921254478254     
   5.6785927636381517E-004   527.57911961996626     
   5.7287721571904003E-004   527.57902504563503     
   5.7793949654480297E-004   527.57892879250812     
   5.8304651066847988E-004   527.57883083078571     
   5.8819865337986438E-004   527.57873113013886     
   5.9339632346176339E-004   527.57862965969980     
   5.9863992322086433E-004   527.57852638805366     
   6.0392985851887319E-004   527.57842128322716     
   6.0926653880392966E-004   527.57831431267994     
   6.1465037714229841E-004   527.57820544329400     
   6.2008179025034116E-004   527.57809464136335     
   6.2556119852677126E-004   527.57798187258368     
   6.3108902608519253E-004   527.57786710204186     
   6.3666570078692709E-004   527.57775029420509     
   6.4229165427413175E-004   527.57763141290980     
   6.4796732200320779E-004   527.57751042135021     
   6.5369314327850625E-004   527.57738728206800     
   6.5946956128633022E-004   527.57726195693908     
   6.6529702312923835E-004   527.57713440716316     
   6.7117597986065083E-004   527.57700459325110     
   6.7710688651976224E-004   527.57687247501281     
   6.8309020216676143E-004   527.57673801154476     
   6.8912638991836374E-004   527.57660116121770     
   6.9521591698365720E-004   527.57646188166314     
   7.0135925470026417E-004   527.57632012976023     
   7.0755687857082473E-004   527.57617586162348     
   7.1380926829980016E-004   527.57602903258794     
   7.2011690783060358E-004   527.57587959719604     
   7.2648028538305697E-004   527.57572750918314     
   7.3289989349118107E-004   527.57557272146346     
   7.3937622904131708E-004   527.57541518611572     
   7.4590979331058704E-004   527.57525485436759     
   7.5250109200569336E-004   527.57509167658145     
   7.5915063530206063E-004   527.57492560223841     
   7.6585893788332473E-004   527.57475657992291     
   7.7262651898116924E-004   527.57458455730648     
   7.7945390241551508E-004   527.57440948113253     
   7.8634161663506503E-004   527.57423129719848     
   7.9329019475820586E-004   527.57404995033994     
   8.0030017461427290E-004   527.57386538441347     
   8.0737209878517849E-004   527.57367754227869     
   8.1450651464740867E-004   527.57348636578172     
   8.2170397441439099E-004   527.57329179573583     
   8.2896503517923613E-004   527.57309377190381     
   8.3629025895785793E-004   527.57289223297948     
   8.4368021273247451E-004   527.57268711656855     
   8.5113546849549277E-004   527.57247835916883     
   8.5865660329378197E-004   527.57226589615175     
   8.6624419927333769E-004   527.57204966174072     
   8.7389884372434073E-004   527.57182958899216     
   8.8162112912661410E-004   527.57160560977434     
   8.8941165319548208E-004   527.57137765474590     
   8.9727101892803334E-004   527.57114565333507     
   9.0519983464979511E-004   527.57090953371710     
   9.1319871406181699E-004   527.57066922279284     
   9.2126827628817337E-004   527.57042464616518     
   9.2940914592388351E-004   527.57017572811685     
   9.3762195308325698E-004   527.56992239158660     
   9.4590733344866425E-004   527.56966455814552     
   9.5426592831974078E-004   527.56940214797237     
   9.6269838466302323E-004   527.56913507982915     
   9.7120535516202571E-004   527.56886327103632     
   9.7978749826775949E-004   527.56858663744663     
   9.8844547824969626E-004   527.56830509341921     
   9.9717996524718508E-004   527.56801855179344     
   1.0059916353213211E-003   527.56772692386119     
   1.0148811705072737E-003   527.56743011934054     
   1.0238492588670780E-003   527.56712804634651     
   1.0328965945428895E-003   527.56682061136360     
   1.0420238778107141E-003   527.56650771921659     
   1.0512318151346090E-003   527.56618927304089     
   1.0605211192213644E-003   527.56586517425274     
   1.0698925090756679E-003   527.56553532251860     
   1.0793467100557563E-003   527.56519961572417     
   1.0888844539295591E-003   527.56485794994296     
   1.0985064789313396E-003   527.56451021940347     
   1.1082135298188334E-003   527.56415631645746     
   1.1180063579308952E-003   527.56379613154581     
   1.1278857212456519E-003   527.56342955316495     
   1.1378523844391729E-003   527.56305646783233     
   1.1479071189446554E-003   527.56267676005120     
   1.1580507030121362E-003   527.56229031227531     
   1.1682839217687271E-003   527.56189700487164     
   1.1786075672793868E-003   527.56149671608421     
   1.1890224386082262E-003   527.56108932199629     
   1.1995293418803584E-003   527.56067469649156     
   1.2101290903442929E-003   527.56025271121541     
   1.2208225044348828E-003   527.55982323553553     
   1.2316104118368272E-003   527.55938613650073     
   1.2424936475487348E-003   527.55894127880106     
   1.2534730539477544E-003   527.55848852472377     
   1.2645494808547766E-003   527.55802773411347     
   1.2757237856002095E-003   527.55755876432636     
   1.2869968330903386E-003   527.55708147018754     
   1.2983694958742713E-003   527.55659570394573     
   1.3098426542114731E-003   527.55610131522701     
   1.3214171961399013E-003   527.55559815098911     
   1.3330940175447401E-003   527.55508605547357     
   1.3448740222277433E-003   527.55456487015772     
   1.3567581219771899E-003   527.55403443370551     
   1.3687472366384573E-003   527.55349458191756     
   1.3808422941852200E-003   527.55294514768082     
   1.3930442307912739E-003   527.55238596091624     
   1.4053539909029990E-003   527.55181684852653     
   1.4177725273124603E-003   527.55123763434233     
   1.4303008012311552E-003   527.55064813906813     
   1.4429397823644127E-003   527.55004818022644     
   1.4556904489864491E-003   527.54943757210140     
   1.4685537880160893E-003   527.54881612568147     
   1.4815307950931547E-003   527.54818364860068     
   1.4946224746555264E-003   527.54753994507985     
   1.5078298400168920E-003   527.54688481586481     
   1.5211539134451749E-003   527.54621805816589     
   1.5345957262416616E-003   527.54553946559440     
   1.5481563188208241E-003   527.54484882809959     
   1.5618367407908508E-003   527.54414593190279     
   1.5756380510348863E-003   527.54343055943184     
   1.5895613177929909E-003   527.54270248925400     
   1.6036076187448242E-003   527.54196149600659     
   1.6177780410930587E-003   527.54120735032814     
   1.6320736816475300E-003   527.54043981878692     
   1.6464956469101331E-003   527.53965866380929     
   1.6610450531604648E-003   527.53886364360574     
   1.6757230265422283E-003   527.53805451209598     
   1.6905307031503944E-003   527.53723101883327     
   1.7054692291191404E-003   527.53639290892716     
   1.7205397607105606E-003   527.53553992296361     
   1.7357434644041624E-003   527.53467179692620     
   1.7510815169871543E-003   527.53378826211338     
   1.7665551056455300E-003   527.53288904505530     
   1.7821654280559588E-003   527.53197386743068     
   1.7979136924784875E-003   527.53104244597887     
   1.8138011178500601E-003   527.53009449241358     
   1.8298289338788672E-003   527.52912971333319     
   1.8459983811395242E-003   527.52814781013001     
   1.8623107111690978E-003   527.52714847889831     
   1.8787671865639721E-003   527.52613141033999     
   1.8953690810775772E-003   527.52509628966902     
   1.9121176797189810E-003   527.52404279651421     
   1.9290142788523474E-003   527.52297060482022     
   1.9460601862972798E-003   527.52187938274653     
   1.9632567214300455E-003   527.52076879256515     
   1.9806052152856989E-003   527.51963849055562     
   1.9981070106611046E-003   527.51848812689980     
   2.0157634622188733E-003   527.51731734557268     
   2.0335759365922102E-003   527.51612578423271     
   2.0515458124907007E-003   527.51491307411004     
   2.0696744808070180E-003   527.51367883989235     
   2.0879633447245857E-003   527.51242269960858     
   2.1064138198261802E-003   527.51114426451136     
   2.1250273342035054E-003   527.50984313895640     
   2.1438053285677224E-003   527.50851892028049     
   2.1627492563609679E-003   527.50717119867716     
   2.1818605838688485E-003   527.50579955706939     
   2.2011407903339353E-003   527.50440357098182     
   2.2205913680702597E-003   527.50298280840821     
   2.2402138225788189E-003   527.50153682967925     
   2.2600096726641044E-003   527.50006518732596     
   2.2799804505516602E-003   527.49856742594125     
   2.3001277020066784E-003   527.49704308203991     
   2.3204529864536429E-003   527.49549168391491     
   2.3409578770970333E-003   527.49391275149173     
   2.3616439610430898E-003   527.49230579618018     
   2.3825128394226597E-003   527.49067032072321     
   2.4035661275151267E-003   527.48900581904354     
   2.4248054548734357E-003   527.48731177608738     
   2.4462324654502213E-003   527.48558766766496     
   2.4678488177250530E-003   527.48383296028896     
   2.4896561848328038E-003   527.48204711100948     
   2.5116562546931534E-003   527.48022956724651     
   2.5338507301412333E-003   527.47837976661924     
   2.5562413290594324E-003   527.47649713677254     
   2.5788297845103589E-003   527.47458109519948     
   2.6016178448709858E-003   527.47263104906267     
   2.6246072739679748E-003   527.47064639500991     
   2.6477998512142000E-003   527.46862651898903     
   2.6711973717464762E-003   527.46657079605723     
   2.6948016465645069E-003   527.46447859018895     
   2.7186145026710561E-003   527.46234925407907     
   2.7426377832133609E-003   527.46018212894342     
   2.7668733476257940E-003   527.45797654431476     
   2.7913230717737866E-003   527.45573181783664     
   2.8159888480990239E-003   527.45344725505231     
   2.8408725857659192E-003   527.45112214919038     
   2.8659762108093900E-003   527.44875578094661     
   2.8913016662839340E-003   527.44634741826223     
   2.9168509124140232E-003   527.44389631609783     
   2.9426259267458280E-003   527.44140171620370     
   2.9686287043002840E-003   527.43886284688494     
   2.9948612577275079E-003   527.43627892276481     
   3.0213256174625785E-003   527.43364914454128     
   3.0480238318826968E-003   527.43097269874067     
   3.0749579674657322E-003   527.42824875746714     
   3.1021301089501703E-003   527.42547647814683     
   3.1295423594964763E-003   527.42265500326823     
   3.1571968408498803E-003   527.41978346011751     
   3.1850956935046038E-003   527.41686096050944     
   3.2132410768695384E-003   527.41388660051382     
   3.2416351694353846E-003   527.41085946017586     
   3.2702801689432717E-003   527.40777860323362     
   3.2991782925548651E-003   527.40464307682851     
   3.3283317770239789E-003   527.40145191121201     
   3.3577428788697005E-003   527.39820411944629     
   3.3874138745510519E-003   527.39489869710007     
   3.4173470606431891E-003   527.39153462193997     
   3.4475447540151588E-003   527.38811085361374     
   3.4780092920092308E-003   527.38462633333108     
   3.5087430326218062E-003   527.38107998353667     
   3.5397483546859366E-003   527.37747070757848     
   3.5710276580554401E-003   527.37379738936943     
   3.6025833637906629E-003   527.37005889304430     
   3.6344179143458625E-003   527.36625406260885     
   3.6665337737582671E-003   527.36238172158494     
   3.6989334278387884E-003   527.35844067264713     
   3.7316193843644281E-003   527.35442969725420     
   3.7645941732723852E-003   527.35034755527454     
   3.7978603468558744E-003   527.34619298460348     
   3.8314204799616801E-003   527.34196470077541     
   3.8652771701894479E-003   527.33766139656757     
   3.8994330380927467E-003   527.33328174159863     
   3.9338907273819036E-003   527.32882438191859     
   3.9686529051286253E-003   527.32428793959218     
   4.0037222619724380E-003   527.31967101227508     
   4.0391015123289464E-003   527.31497217278195     
   4.0747933945999310E-003   527.31018996864839     
   4.1108006713853028E-003   527.30532292168277     
   4.1471261296969373E-003   527.30036952751266     
   4.1837725811743895E-003   527.29532825512172     
   4.2207428623025171E-003   527.29019754637920     
   4.2580398346310326E-003   527.28497581556019     
   4.2956663849959874E-003   527.27966144885909     
   4.3336254257432191E-003   527.27425280389286     
   4.3719198949537701E-003   527.26874820919613     
   4.4105527566712984E-003   527.26314596370855     
   4.4495270011314994E-003   527.25744433625073     
   4.4888456449935542E-003   527.25164156499352     
   4.5285117315736235E-003   527.24573585691610     
   4.5685283310804032E-003   527.23972538725559     
   4.6088985408527638E-003   527.23360829894659     
   4.6496254855994861E-003   527.22738270205105     
   4.6907123176411240E-003   527.22104667317797     
   4.7321622171539908E-003   527.21459825489319     
   4.7739783924163138E-003   527.20803545511785     
   4.8161640800565573E-003   527.20135624651846     
   4.8587225453039437E-003   527.19455856588365     
   4.9016570822411872E-003   527.18764031349201     
   4.9449710140594579E-003   527.18059935246742     
   4.9886676933156007E-003   527.17343350812428     
   5.0327505021916311E-003   527.16614056730100     
   5.0772228527565183E-003   527.15871827768035     
   5.1220881872302846E-003   527.15116434710035     
   5.1673499782504389E-003   527.14347644285124     
   5.2130117291407608E-003   527.13565219096120     
   5.2590769741824644E-003   527.12768917546794     
   5.3055492788877589E-003   527.11958493768054     
   5.3524322402758173E-003   527.11133697542527     
   5.3997294871511968E-003   527.10294274227988     
   5.4474446803847131E-003   527.09439964679393     
   5.4955815131967909E-003   527.08570505169655     
   5.5441437114433301E-003   527.07685627308831     
   5.5931350339040904E-003   527.06785057962099     
   5.6425592725736244E-003   527.05868519166245     
   5.6924202529547840E-003   527.04935728044586     
   5.7427218343548206E-003   527.03986396720529     
   5.7934679101841009E-003   527.03020232229642     
   5.8446624082574570E-003   527.02036936430045     
   5.8963092910982121E-003   527.01036205911385     
   5.9484125562448810E-003   527.00017731902176     
   6.0009762365605852E-003   526.98981200175467     
   6.0540044005452012E-003   526.97926290952978     
   6.1075011526502722E-003   526.96852678807466     
   6.1614706335966930E-003   526.95760032563430     
   6.2159170206952073E-003   526.94648015196151     
   6.2708445281697434E-003   526.93516283728809     
   6.3262574074835955E-003   526.92364489128067     
   6.3821599476684915E-003   526.91192276197535     
   6.4385564756565756E-003   526.89999283469638     
   6.4954513566153138E-003   526.88785143095515     
   6.5528489942853667E-003   526.87549480732946     
   6.6107538313214418E-003   526.86291915432412     
   6.6691703496361623E-003   526.85012059521193     
   6.7281030707469769E-003   526.83709518485364     
   6.7875565561261262E-003   526.82383890849837     
   6.8475354075537079E-003   526.81034768056293     
   6.9080442674738637E-003   526.79661734338981     
   6.9690878193541068E-003   526.78264366598421     
   7.0306707880478329E-003   526.76842234272806     
   7.0927979401600259E-003   526.75394899207367     
   7.1554740844162025E-003   526.73921915521339     
   7.2187040720346129E-003   526.72422829472612     
   7.2824927971017316E-003   526.70897179320161     
   7.3468451969510651E-003   526.69344495184021     
   7.4117662525453138E-003   526.67764298902875     
   7.4772609888618972E-003   526.66156103889193     
   7.5433344752819011E-003   526.64519414981805     
   7.6099918259824473E-003   526.62853728296045     
   7.6772382003325442E-003   526.61158531071271     
   7.7450788032924264E-003   526.59433301515719     
   7.8135188858164274E-003   526.57677508648760     
   7.8825637452594050E-003   526.55890612140399     
   7.9522187257867697E-003   526.54072062148020     
   8.0224892187881307E-003   526.52221299150403     
   8.0933806632945918E-003   526.50337753778751     
   8.1648985463997382E-003   526.48420846645001     
   8.2370484036843588E-003   526.46469988167030     
   8.3098358196448899E-003   526.44484578390995     
   8.3832664281256759E-003   526.42464006810519     
   8.4573459127550259E-003   526.40407652182932     
   8.5320800073851420E-003   526.38314882342252     
   8.6074744965359273E-003   526.36185054008968     
   8.6835352158427109E-003   526.34017512596733     
   8.7602680525079354E-003   526.31811592015561     
   8.8376789457568390E-003   526.29566614471833     
   8.9157738872971491E-003   526.27281890264817     
   8.9945589217828598E-003   526.24956717579744     
   9.0740401472820913E-003   526.22590382277349     
   9.1542237157490863E-003   526.20182157679949     
   9.2351158335003871E-003   526.17731304353731     
   9.3167227616952012E-003   526.15237069887473     
   9.3990508168200360E-003   526.12698688667467     
   9.4821063711775962E-003   526.10115381648632     
   9.5658958533800069E-003   526.07486356121819     
   9.6504257488464040E-003   526.04810805477086     
   9.7357026003049088E-003   526.02087908963108     
   9.8217330082990464E-003   525.99316831442366     
   9.9085236316986333E-003   525.96496723142400     
   9.9960811882151904E-003   525.93626719402801     
   1.0084412454921893E-002   525.90705940417820     
   1.0173524268778135E-002   525.87733490974961     
   1.0263423527158708E-002   525.84708460188813     
   1.0354117188387682E-002   525.81629921230819     
   1.0445612272276975E-002   525.78496931054224     
   1.0537915860669702E-002   525.75308530114512     
   1.0631035097988323E-002   525.72063742085277     
   1.0724977191787622E-002   525.68761573569259     
   1.0819749413312589E-002   525.65401013804535     
   1.0915359098061224E-002   525.61981034365988     
   1.1011813646352306E-002   525.58500588861591     
   1.1109120523898199E-002   525.54958612623864     
   1.1207287262382699E-002   525.51354022396129     
   1.1306321460044006E-002   525.47685716013473     
   1.1406230782262824E-002   525.43952572078717     
   1.1507022962155687E-002   525.40153449632703     
   1.1608705801173505E-002   525.36287187819403     
   1.1711287169705407E-002   525.32352605545429     
   1.1814775007687918E-002   525.28348501133917     
   1.1919177325219524E-002   525.24273651972771     
   1.2024502203180666E-002   525.20126814157197     
   1.2130757793859212E-002   525.15906722126283     
   1.2237952321581440E-002   525.11612088293714     
   1.2346094083348637E-002   525.07241602672502     
   1.2455191449479278E-002   525.02793932493501     
   1.2565252864256906E-002   524.98267721817842     
   1.2676286846583734E-002   524.93661591143064     
   1.2788301990640020E-002   524.88974137002765     
   1.2901306966549262E-002   524.84203931559864     
   1.3015310521049282E-002   524.79349522193411     
   1.3130321478169232E-002   524.74409431078527     
   1.3246348739912591E-002   524.69382154759762     
   1.3363401286946188E-002   524.64266163717548     
   1.3481488179295318E-002   524.59059901927742     
   1.3600618557045004E-002   524.53761786414088     
   1.3720801641047444E-002   524.48370206793652     
   1.3842046733635725E-002   524.42883524814897     
   1.3964363219343835E-002   524.37300073888537     
   1.4087760565633031E-002   524.31618158610911     
   1.4212248323624650E-002   524.25836054279898     
   1.4337836128839359E-002   524.19952006403082     
   1.4464533701942967E-002   524.13964230198326     
   1.4592350849498822E-002   524.07870910086456     
   1.4721297464726847E-002   524.01670199175976     
   1.4851383528269280E-002   523.95360218739825     
   1.4982619108963209E-002   523.88939057683990     
   1.5115014364619898E-002   523.82404772007771     
   1.5248579542811022E-002   523.75755384255831     
   1.5383324981661832E-002   523.68988882961753     
   1.5519261110651366E-002   523.62103222083022     
   1.5656398451419671E-002   523.55096320427310     
   1.5794747618582215E-002   523.47966061070076     
   1.5934319320551470E-002   523.40710290763275     
   1.6075124360365751E-002   523.33326819335014     
   1.6217173636525379E-002   523.25813419080248     
   1.6360478143836270E-002   523.18167824142120     
   1.6505048974260909E-002   523.10387729884178     
   1.6650897317776907E-002   523.02470792253041     
   1.6798034463243121E-002   522.94414627131664     
   1.6946471799273406E-002   522.86216809682901     
   1.7096220815118135E-002   522.77874873683436     
   1.7247293101553464E-002   522.69386310847767     
   1.7399700351778492E-002   522.60748570142368     
   1.7553454362320305E-002   522.51959057089789     
   1.7708567033947065E-002   522.43015133062556     
   1.7865050372589137E-002   522.33914114566915     
   1.8022916490268361E-002   522.24653272516139     
   1.8182177606035545E-002   522.15229831493480     
   1.8342846046916238E-002   522.05640969004571     
   1.8504934248864850E-002   521.95883814719036     
   1.8668454757727215E-002   521.85955449701555     
   1.8833420230211666E-002   521.75852905632019     
   1.8999843434868657E-002   521.65573164014631     
   1.9167737253079093E-002   521.55113155376227     
   1.9337114680051358E-002   521.44469758453238     
   1.9507988825827147E-002   521.33639799367540     
   1.9680372916296221E-002   521.22620050791124     
   1.9854280294220102E-002   521.11407231099145     
   2.0029724420264815E-002   520.99998003511723     
   2.0206718874042760E-002   520.88388975224109     
   2.0385277355163812E-002   520.76576696525228     
   2.0565413684295670E-002   520.64557659904506     
   2.0747141804233593E-002   520.52328299147075     
   2.0930475780979611E-002   520.39884988416964     
   2.1115429804831231E-002   520.27224041328452     
   2.1302018191479800E-002   520.14341710005544     
   2.1490255383118557E-002   520.01234184129305     
   2.1680155949560471E-002   519.87897589973261     
   2.1871734589365963E-002   519.74327989426558     
   2.2065006130980606E-002   519.60521379005036     
   2.2259985533882864E-002   519.46473688850142     
   2.2456687889741964E-002   519.32180781715488     
   2.2655128423586024E-002   519.17638451941309     
   2.2855322494980481E-002   519.02842424416508     
   2.3057285599216965E-002   518.87788353528538     
   2.3261033368512613E-002   518.72471822100829     
   2.3466581573220069E-002   518.56888340318096     
   2.3673946123048101E-002   518.41033344639141     
   2.3883143068293044E-002   518.24902196697599     
   2.4094188601081121E-002   518.08490182190246     
   2.4307099056621720E-002   517.91792509753088     
   2.4521890914471770E-002   517.74804309825379     
   2.4738580799811290E-002   517.57520633501326     
   2.4957185484730179E-002   517.39936451369852     
   2.5177721889526425E-002   517.22046652342158     
   2.5400207084015733E-002   517.03846042467489     
   2.5624658288852759E-002   516.85329343736964     
   2.5851092876864039E-002   516.66491192875651     
   2.6079528374392619E-002   516.47326140122914     
   2.6309982462654660E-002   516.27828648001400     
   2.6542472979107976E-002   516.07993090074376     
   2.6777017918832666E-002   515.87813749692123     
   2.7013635435923972E-002   515.67284818726921     
   2.7252343844897418E-002   515.46400396297327     
   2.7493161622106386E-002   515.25154487481723     
   2.7736107407172222E-002   515.03541002021279     
   2.7981200004426943E-002   514.81553753012645     
   2.8228458384368726E-002   514.59186455590680     
   2.8477901685130261E-002   514.36432725601287     
   2.8729549213960072E-002   514.13286078264775     
   2.8983420448716896E-002   513.89739926830180     
   2.9239535039377321E-002   513.65787581220309     
   2.9497912809556718E-002   513.41422246668719     
   2.9758573758043597E-002   513.16637022348084     
   3.0021538060347564E-002   512.91424899991011     
   3.0286826070260921E-002   512.65778762503396     
   3.0554458321434084E-002   512.39691382570697     
   3.0824455528964907E-002   512.13155421257886     
   3.1096838591002041E-002   511.86163426603133     
   3.1371628590362535E-002   511.58707832206255     
   3.1648846796163616E-002   511.30780955811838     
   3.1928514665468970E-002   511.02374997888205     
   3.2210653844949561E-002   510.73482040202441     
   3.2495286172559090E-002   510.44094044392199     
   3.2782433679224302E-002   510.14202850535003     
   3.3072118590550169E-002   509.83800175715709     
   3.3364363328540259E-002   509.52877612592766     
   3.3659190513332139E-002   509.21426627964235     
   3.3956622964948287E-002   508.89438561334111     
   3.4256683705062317E-002   508.56904623480011     
   3.4559395958780950E-002   508.23815895023040     
   3.4864783156441620E-002   507.90163325000566     
   3.5172868935426066E-002   507.55937729443258     
   3.5483677141989835E-002   507.21129789956967     
   3.5797231833108074E-002   506.85730052310760     
   3.6113557278337524E-002   506.49728925032224     
   3.6432677961695061E-002   506.13116678010857     
   3.6754618583552744E-002   505.75883441111318     
   3.7079404062549698E-002   505.38019202797102     
   3.7407059537520833E-002   504.99513808766500     
   3.7737610369442620E-002   504.60356960601877     
   3.8071082143396079E-002   504.20538214433805     
   3.8407500670547066E-002   503.80046979621443     
   3.8746891990144160E-002   503.38872517450750     
   3.9089282371534043E-002   502.97003939852129     
   3.9434698316194859E-002   502.54430208139030     
   3.9783166559787433E-002   502.11140131769440     
   4.0134714074224663E-002   501.67122367131725     
   4.0489368069759141E-002   501.22365416357115     
   4.0847155997089324E-002   500.76857626160245     
   4.1208105549484217E-002   500.30587186710181     
   4.1572244664926844E-002   499.83542130533726     
   4.1939601528276776E-002   499.35710331453294     
   4.2310204573451575E-002   498.87079503561478     
   4.2684082485627668E-002   498.37637200234690     
   4.3061264203460653E-002   497.87370813188187     
   4.3441778921325079E-002   497.36267571575104     
   4.3825656091574267E-002   496.84314541131801     
   4.4212925426819864E-002   496.31498623372408     
   4.4603616902231670E-002   495.77806554835217     
   4.4997760757857767E-002   495.23224906383712     
   4.5395387500965126E-002   494.67740082565234     
   4.5796527908400914E-002   494.11338321030291     
   4.6201213028974668E-002   493.54005692015596     
   4.6609474185861512E-002   492.95728097894153     
   4.7021342979026604E-002   492.36491272795598     
   4.7436851287671042E-002   491.76280782300421     
   4.7856031272699315E-002   491.15082023211380     
   4.8278915379208649E-002   490.52880223406027     
   4.8705536339000259E-002   489.89660441773913     
   4.9135927173112853E-002   489.25407568242520     
   4.9570121194378536E-002   488.60106323895769     
   5.0008152010001194E-002   487.93741261189450     
   5.0450053524157809E-002   487.26296764267613     
   5.0895859940622651E-002   486.57757049384441     
   5.1345605765414699E-002   485.88106165436022     
   5.1799325809468472E-002   485.17327994606785     
   5.2257055191328415E-002   484.45406253135104     
   5.2718829339867143E-002   483.72324492203381     
   5.3184683997027693E-002   482.98066098957088     
   5.3654655220589952E-002   482.22614297658538     
   5.4128779386961617E-002   481.45952150980150     
   5.4607093193993803E-002   480.68062561442991     
   5.5089633663821427E-002   479.88928273006064     
   5.5576438145728851E-002   479.08531872812046     
   5.6067544319040694E-002   478.26855793095314     
   5.6562990196038346E-002   477.43882313258388     
   5.7062814124902120E-002   476.59593562122768     
   5.7567054792679422E-002   475.73971520360624     
   5.8075751228279245E-002   474.86998023113603     
   5.8588942805493038E-002   473.98654762805540     
   5.9106669246042257E-002   473.08923292155544     
   5.9628970622652946E-002   472.17785027398622     
   6.0155887362157358E-002   471.25221251720501     
   6.0687460248623065E-002   470.31213118914206     
   6.1223730426509720E-002   469.35741657265282     
   6.1764739403853658E-002   468.38787773673454     
   6.2310529055480714E-002   467.40332258017952     
   6.2861141626247369E-002   466.40355787774558     
   6.3416619734310578E-002   465.38838932891906     
   6.3977006374426396E-002   464.35762160935195     
   6.4542344921277972E-002   463.31105842505349     
   6.5112679132832654E-002   462.24850256941801     
   6.5688053153729054E-002   461.16975598317288     
   6.6268511518693785E-002   460.07461981733127     
   6.6854099155988583E-002   458.96289449923410     
   6.7444861390887803E-002   457.83437980176882     
   6.8040843949186608E-002   456.68887491585247     
   6.8642092960740295E-002   455.52617852626668     
   6.9248654963034714E-002   454.34608889093374     
   6.9860576904788418E-002   453.14840392372525     
   7.0477906149586475E-002   451.93292128089115     
   7.1100690479546549E-002   450.69943845120270     
   7.1728978099017252E-002   449.44775284989839     
   7.2362817638309235E-002   448.17766191652743     
   7.3002258157459241E-002   446.88896321677896     
   7.3647349150027436E-002   445.58145454839268     
   7.4298140546928279E-002   444.25493405123899     
   7.4954682720295179E-002   442.90920032166332     
   7.5617026487379460E-002   441.54405253118341     
   7.6285223114483602E-002   440.15929054963118     
   7.6959324320929376E-002   438.75471507282776     
   7.7639382283060956E-002   437.33012775488169     
   7.8325449638283529E-002   435.88533134519633     
   7.9017579489137305E-002   434.42012983027348     
   7.9715825407407931E-002   432.93432858039642     
   8.0420241438272907E-002   431.42773450127601     
   8.1130882104484825E-002   429.90015619073893     
   8.1847802410591378E-002   428.35140410053702     
   8.2571057847192972E-002   426.78129070335075     
   8.3300704395237596E-002   425.18963066506211     
   8.4036798530353923E-002   423.57624102236161     
   8.4779397227222608E-002   421.94094136575711     
   8.5528557963986118E-002   420.28355402804482     
   8.6284338726697746E-002   418.60390427829748     
   8.7046798013809656E-002   416.90182052142444     
   8.7815994840700906E-002   415.17713450334554     
   8.8591988744245148E-002   413.42968152182499     
   8.9374839787419044E-002   411.65930064299556     
   9.0164608563951046E-002   409.86583492360370     
   9.0961356203011573E-002   408.04913163899727     
   9.1765144373944410E-002   406.20904251686761     
   9.2576035291040012E-002   404.34542397675466     
   9.3394091718351016E-002   402.45813737531029     
   9.4219376974550184E-002   400.54704925731005     
   9.5051954937831459E-002   398.61203161239069     
   9.5891890050854106E-002   396.65296213748388     
   9.6739247325730762E-002   394.66972450490306     
   9.7594092349059386E-002   392.66220863602973     
   9.8456491286999848E-002   390.63031098053557     
   9.9326510890395153E-002   388.57393480106117     
  0.10020421849993810        386.49299046326047     
  0.10108968205138362        384.38739573110638     
  0.10198297008080696        382.25707606733704     
  0.10288415172990859        380.10196493890919     
  0.10379329675136575        377.92200412730654     
  0.10471047551423150        375.71714404353543     
  0.10563575900938134        373.48734404762354     
  0.10656921885500796        371.23257277241760     
  0.10751092730216470        368.95280845145845     
  0.10846095724035772        366.64803925069111     
  0.10941938220318785        364.31826360374771     
  0.11038627637404223        361.96349055051962     
  0.11136171459183611        359.58374007871402     
  0.11234577235680544        357.17904346806660     
  0.11333852583635089        354.74944363685859     
  0.11434005187093314        352.29499549036314     
  0.11535042798002045        349.81576627082211     
  0.11636973236808881        347.31183590852311     
  0.11739804393067513        344.78329737353181     
  0.11843544226048373        342.23025702759440     
  0.11948200765354704        339.65283497570840     
  0.12053782111544051        337.05116541682548     
  0.12160296436755268        334.42539699312556     
  0.12267751985341041        331.77569313726883     
  0.12376157074506021        329.10223241700697     
  0.12485520094950579        326.40520887650041     
  0.12595849511520263        323.68483237366286     
  0.12707153863860987        320.94132891282010     
  0.12819441767080011        318.17494097194253     
  0.12932721912412762        315.38592782367760     
  0.13047003067895546        312.57456584937893     
  0.13162294079044207        309.74114884529916     
  0.13278603869538785        306.88598832007995     
  0.13395941441914216        304.00941378264650     
  0.13514315878257144        301.11177301957991     
  0.13633736340908878        298.19343236101508     
  0.13754212073174588        295.25477693407998     
  0.13875752400038724        292.29621090286804     
  0.13998366728886810        289.31815769390283     
  0.14122064550233568        286.32106020603595     
  0.14246855438457506        283.30538100368670     
  0.14372749052541978        280.27160249231531     
  0.14499755136822820        277.22022707499480     
  0.14627883521742557        274.15177728893269     
  0.14757144124611302        271.06679592076898     
  0.14887546950374370        267.96584609946774     
  0.15019102092386666        264.84951136560443     
  0.15151819733193930        261.71839571583757     
  0.15285710145320883        258.57312362135121     
  0.15420783692066334        255.41434001904639     
  0.15557050828305299        252.24271027426119     
  0.15694522101298244        249.05892011379859     
  0.15833208151507441        245.86367552805086     
  0.15973119713420561        242.65770264101897     
  0.16114267616381536        239.44174754703778     
  0.16256662785428772        236.21657611304093     
  0.16400316242140744        232.98297374522258     
  0.16545239105489101        229.74174511897991     
  0.16691442592699279        226.49371387105919     
  0.16838938020118732        223.23972225286639     
  0.16987736804092826        219.98063074394975     
  0.17137850461848492        216.71731762471433     
  0.17289290612385669        213.45067850748768     
  0.17442068977376621        210.18162582512076     
  0.17596197382073225        206.91108827637927     
  0.17751687756222259        203.64001022746137     
  0.17908552134988770        200.36935106906131     
  0.18066802659887621        197.10008452849320     
  0.18226451579723260        193.83319793648968     
  0.18387511251537789        190.56969144839584     
  0.18549994141567425        187.31057721959633     
  0.18713912826207393        184.05687853513592     
  0.18879279992985365        180.80962889362155     
  0.19046108441543480        177.56987104563484     
  0.19214411084629068        174.33865598702513     
  0.19384200949094110        171.11704190760878     
  0.19555491176903522        167.90609309595607     
  0.19728295026152376        164.70687880111370     
  0.19902625872092086        161.52047205228385     
  0.20078497208165677        158.34794843765735     
  0.20255922647052185        155.19038484378211     
  0.20434915921720315        152.04885815703764     
  0.20615490886491364        148.92444392897971     
  0.20797661518111593        145.81821500751434     
  0.20981441916834032        142.73124013606483     
  0.21166846307509854        139.66458252309479     
  0.21353889040689400        136.61929838455717     
  0.21542584593732947        133.59643546204458     
  0.21732947571931258        130.59703151962080     
  0.21924992709636049        127.62211282252002     
  0.22118734871400458        124.67269260109811     
  0.22314189053129585        121.74976950362415     
  0.22511370383241180        118.85432604168982     
  0.22710294123836619        115.98732703220435     
  0.22910975671882192        113.14971804012282     
  0.23113430560400874        110.34242382622618     
  0.23317674459674584        107.56634680443514     
  0.23523723178457084        104.82236551328640     
  0.23731592665197609        102.11133310633906     
  0.23941299009275302        99.434075866398800     
  0.24152858442244537        96.791391748553536     
  0.24366287339091267        94.184048957100600     
  0.24581602219500487        91.612784561512925     
  0.24798819749134865        89.078303156640388     
  0.25017956740924685        86.581275572363637     
  0.25239030156369202        84.122337637919202     
  0.25462057106849462        81.702089006089949     
  0.25687054854952784        79.321092042400522     
  0.25914040815808881        76.979870784381106     
  0.26143032558437801        74.678909975850317     
  0.26374047807109841        72.418654181030817     
  0.26607104442717366        70.199506983143351     
  0.26842220504158881        68.021830271920010     
  0.27079414189735207        65.885943624250302     
  0.27318703858558102        63.792123781903683     
  0.27560108031971242        61.740604229980519     
  0.27803645394983822        59.731574879411767     
  0.28049334797716796        57.765181856470022     
  0.28297195256861896        55.841527401864759     
  0.28547245957153561        53.960669881574006     
  0.28799506252853840        52.122623911119419     
  0.29053995669250465        50.327360594515341     
  0.29310733904168124        48.574807878627240     
  0.29569740829493080        46.864851023151914     
  0.29831036492711316        45.197333185892830     
  0.30094641118460214        43.572056122447925     
  0.30360575110093979        41.988780998855013     
  0.30628859051262869        40.447229315161010     
  0.30899513707506426        38.947083937293066     
  0.31172560027860746        37.487990234021723     
  0.31448019146479939        36.069557315217196     
  0.31725912384271981        34.691359367019857     
  0.32006261250548945        33.352937078975373     
  0.32289087444691877        32.053799157629975     
  0.32574412857830337        30.793423920547628     
  0.32862259574536828        29.571260964201599     
  0.33152649874536139        28.386732898714946     
  0.33445606234429859        27.239237141980066     
  0.33741151329436064        26.128147765285114     
  0.34039308035144433        25.052817382215078     
  0.34340099429286836        24.012579072285547     
  0.34643548793523604        23.006748330510014     
  0.34949679615245538        22.034625033901349     
  0.35258515589391848        21.095495415767193     
  0.35570080620284228        20.188634038582506     
  0.35884398823477037        19.313305756210955     
  0.36201494527623890        18.468767656301889     
  0.36521392276360742        17.654270973814938     
  0.36844116830205559        16.869062966817655     
  0.37169693168474865        16.112388745964083     
  0.37498146491217144        15.383493049394552     
  0.37829502221163364        14.681621955193926     
  0.38163786005694728        14.006024524008993     
  0.38501023718827837        13.355954364949728     
  0.38841241463217335        12.730671118480906     
  0.39184465572176325        12.129441850645376     
  0.39530722611714592        11.551542353643683     
  0.39880039382594829        10.996258348518937     
  0.40232442922407091        10.462886586456303     
  0.40587960507661508        9.9507358459950463     
  0.40946619655899524        9.4591278242601184     
  0.41308448127823827        8.9873979211422625     
  0.41673473929447025        8.5348959161822684     
  0.42041725314259365        8.1009865387372120     
  0.42413230785415590        7.6850499328164510     
  0.42788019097941132        7.2864820187639259     
  0.43166119260957769        6.9046947547223407     
  0.43547560539928998        6.5391163015361675     
  0.43932372458925179        6.1891910954263079     
  0.44320584802908791        5.8543798333920529     
  0.44712227620039796        5.5341593768594688     
  0.45107331224001390        5.2280225795930004     
  0.45505926196346369        4.9354780463140244     
  0.45908043388864161        4.6560498288220966     
  0.46313713925968786        4.3892770666879022     
  0.46722969207107923        4.1347135797796328     
  0.47135840909193311        3.8919274199950995     
  0.47552360989052528        3.6605003896005384     
  0.47972561685902554        3.4400275335239980     
  0.48396475523845062        3.2301166128196441     
  0.48824135314383882        3.0303875663110063     
  0.49255574158964638        2.8404719671415743     
  0.49690825451536830        2.6600124806142831     
  0.50129922881138611        2.4886623292938337     
  0.50572900434504287        2.3260847708842363     
  0.51019792398695041        2.1719525938853059     
  0.51470633363752716        2.0259476354848678     
  0.51925458225377141        1.8877603255656510     
  0.52384302187627163        1.7570892601063814     
  0.52847200765645408        1.6336408066442696     
  0.53314189788407274        1.5171287438489534     
  0.53785305401494099        1.4072739366455889     
  0.54260584069890849        1.3038040477244441     
  0.54740062580808668        1.2064532856944916     
  0.55223778046532124        1.1149621895863460     
  0.55711767907291843        1.0290774488915282     
  0.56204069934162404       0.94855175784717105     
  0.56700722231985823       0.87314370224213012     
  0.57201763242321046       0.80261767663668260     
  0.57707231746419241       0.73674382955666662     
  0.58217166868225567       0.67529803394608934     
  0.58731608077407460       0.61806187994160688     
  0.59250595192409605       0.56482268686789039     
  0.59774168383535919       0.51537353124434504     
  0.60302368176058840       0.46951328753957883     
  0.60835235453355962       0.42704667840820748     
  0.61372811460074539       0.38778433119208688     
  0.61915137805323839       0.35154283756150367     
  0.62462256465895749       0.31814481330699007     
  0.63014209789513820       0.28741895546488677     
  0.63571040498111087       0.25920009416468220     
  0.64132791691136748       0.23332923681842757     
  0.64699506848892163       0.20965360252695478     
  0.65271229835896227       0.18802664484901979     
  0.65848004904280655       0.16830806136259321     
  0.66429876697215018       0.15036378873736933     
  0.67016890252362304       0.13406598232923045     
  0.67609091005364808       0.11929297959645434     
  0.68206524793360979       0.10592924691956777     
  0.68809237858533223        9.3865309678198935E-002
  0.69417276851687115        8.2997665695595566E-002
  0.70030688835862320        7.3228682401747208E-002
  0.70649521289975181        6.4466478286772988E-002
  0.71273822112493801        5.6624789415371544E-002
  0.71903639625145366        4.9622821949183098E-002
  0.72539022576656320        4.3385091775733881E-002
  0.73180020146525615        3.7841252469621507E-002
  0.73826681948831252        3.2925912913522398E-002
  0.74479058036070445        2.8578445983624200E-002
  0.75137198903033808        2.4742789756764475E-002
  0.75801155490713701        2.1367242725755894E-002
  0.76470979190247090        1.8404254516258513E-002
  0.77146721846893374        1.5810213584555699E-002
  0.77828435764047188        1.3545233342333957E-002
  0.78516173707286829        1.1572938103874580E-002
  0.79209988908458318        9.8602501848981585E-003
  0.79909935069795701        8.3771794027075863E-003
  0.80616066368077566        7.0966161363718201E-003
  0.81328437458820524        5.9941290056146736E-003
  0.82047103480509487        5.0477681199549819E-003
  0.82772120058865561        4.2378747375649579E-003
  0.83503543311151518        3.5468980582930376E-003
  0.84241429850515359        2.9592197592418767E-003
  0.84985836790372205        2.4609867659956823E-003
  0.85736821748824998        2.0399526396942215E-003
  0.86494442853124254        1.6853278511379187E-003
  0.87258758744167064        1.3876391092834954E-003
  0.88029828581036107        1.1385978139740324E-003
  0.88807712045578602        9.3097761246941832E-004
  0.89592469347025716        7.5850095703623201E-004
  0.90384161226652926        6.1573448706187819E-004
  0.91182848962481389        4.9799299422891680E-004
  0.91988594374021015        4.0125167339432341E-004
  0.92801459827055321        3.2206631496869216E-004
  0.93621508238468709        2.5750105662944987E-004
  0.94448803081116173        2.0506328283826050E-004
  0.95283408388736390        1.6264523945103775E-004
  0.96125388760907804        1.2847191719145940E-004
  0.96974809368048887        1.0105475130283097E-004
  0.97831735956462318        7.9150684631930764E-005
  0.98696234853423837        6.1726147019864692E-005
  0.99568372972316188        4.7925514440981973E-005
   1.0044821781780813        3.7043626094804613E-005
   1.0133583749107951        2.8501955878817343E-005
   1.0223130069509234        2.1828055635394449E-005
   1.0313467673990855        1.6637910592381361E-005
   1.0404603554805454        1.2620871867764963E-005
   1.0496544765993348        9.5268562018938638E-006
   1.0589298423928508        7.1555286931410379E-006
   1.0682871707869384        5.3472097857495315E-006
   1.0777271860514579        3.9752726985809034E-006
   1.0872506188563462        2.9398215630524375E-006
   1.0968582063281700        2.1624634943356258E-006
   1.1065506921071802        1.5820094497028096E-006
   1.1163288264048727        1.1509588865711918E-006
   1.1261933660620536        8.3264182707670199E-007
   1.1361450746074211        5.9890891893938225E-007
   1.1461847223166624        4.2827544715950035E-007
   1.1563130862720754        3.0443902483181266E-007
   1.1665309504227153        2.1510292895630607E-007
   1.1768391056450731        1.5104782520513734E-007
   1.1872383498042904        1.0540403702502532E-007
   1.1977294878159170        7.3084663156515970E-008
   1.2083133317082093        5.0346844147063181E-008
   1.2189907006849854        3.4454435879456258E-008
   1.2297624211890306        2.3420379044560311E-008
   1.2406293269660655        1.5811267065464590E-008
   1.2515922591292810        1.0600115068195968E-008
   1.2626520662244387        7.0562160520408794E-009
   1.2738096042955507        4.6633265109947813E-009
   1.2850657369511400        3.0593330028034244E-009
   1.2964213354310825        1.9920854869999841E-009
   1.3078772786740434        1.2873060115473989E-009
   1.3194344533855085        8.2544761841610249E-010
   1.3310937541064161        5.2513550613639338E-010
   1.3428560832823953        3.3141073935208084E-010
   1.3547223513336166        2.0744988995545433E-010
   1.3666934767252612        1.2877995986825897E-010
   1.3787703860386082        7.9269788204659639E-011
   1.3909540140427568        4.8375581482807669E-011
   1.4032453037669759        2.9264248840764373E-011
   1.4156452065736977        1.7545819658867298E-011
   1.4281546822321536        1.0424764539043418E-011
   1.4407746989926615        6.1368450145107428E-012
   1.4535062336615703        3.5788139023102589E-012
   1.4663502716768659        2.0671672829200197E-012
   1.4793078071844441        1.1824448018891490E-012
   1.4923798431150614        6.6969917909531355E-013
   1.5055673912619612        3.7548781640118814E-013
   1.5188714723591874        2.0837774112970584E-013
   1.5322931161605937        1.1443714467734811E-013
   1.5458333615195445        6.2181661871322874E-014
   1.5594932564693256        3.3423755316868106E-014
   1.5732738583042625        1.7768971681622124E-014
   1.5871762336615569        9.3411108391653961E-015
   1.6012014586038457        4.8548684933204073E-015
   1.6153506187024893        2.4940843221123752E-015
   1.6296248091215975        1.2662222804460504E-015
   1.6440251347027945        6.3515946845076874E-016
   1.6585527100507380        3.1472905726474290E-016
   1.6732086596193882        1.5402021638686596E-016
   1.6879941177990445        7.4423373299458851E-017
   1.7029102290041473        3.5500454191610370E-017
   1.7179581477618575        1.6712902224246774E-017
   1.7331390388014190        7.7635783552418820E-018
   1.7484540771443098        3.5576319468875923E-018
   1.7639044481951911        1.6078449732573729E-018
   1.7794913478336569        7.1648090087044080E-019
   1.7952159825068001        3.1472675774835676E-019
   1.8110795693225910        1.3624504178521877E-019
   1.8270833361440828        5.8110305052050075E-020
   1.8432285216844504        2.4412735016201506E-020
   1.8595163756028699        1.0099362042269671E-020
   1.8759481586012419        4.1130783834581128E-021
   1.8925251425217717        1.6485980588966355E-021
   1.9092486104454127        6.5015125272198936E-022
   1.9261198567911788        2.5219747291152045E-022
   1.9431401874163321        9.6198085642757071E-023
   1.9603109197174602        3.6071309229237779E-023
   1.9776333827324433        1.3292150887998683E-023
   1.9951089172433236        4.8120736254324374E-024
