   3.36278868E-06   4.20229583E-07
   3.39250414E-06   4.23942964E-07
   3.42248245E-06   4.27689173E-07
   3.45272542E-06   4.31468493E-07
   3.48323579E-06   4.35281208E-07
   3.51401559E-06   4.39127604E-07
   3.54506756E-06   4.43007991E-07
   3.57639396E-06   4.46922684E-07
   3.60799709E-06   4.50871937E-07
   3.63987942E-06   4.54856121E-07
   3.67204348E-06   4.58875490E-07
   3.70449197E-06   4.62930387E-07
   3.73722696E-06   4.67021124E-07
   3.77025140E-06   4.71147985E-07
   3.80356755E-06   4.75311339E-07
   3.83717816E-06   4.79511471E-07
   3.87108548E-06   4.83748693E-07
   3.90529294E-06   4.88023375E-07
   3.93980235E-06   4.92335857E-07
   3.97461690E-06   4.96686425E-07
   4.00973886E-06   5.01075419E-07
   4.04517095E-06   5.05503237E-07
   4.08091682E-06   5.09970164E-07
   4.11697783E-06   5.14476540E-07
   4.15335808E-06   5.19022763E-07
   4.19005983E-06   5.23609174E-07
   4.22708536E-06   5.28236114E-07
   4.26443830E-06   5.32903869E-07
   4.30212140E-06   5.37612948E-07
   4.34013782E-06   5.42363637E-07
   4.37848985E-06   5.47156276E-07
   4.41718066E-06   5.51991263E-07
   4.45621345E-06   5.56868997E-07
   4.49559093E-06   5.61789818E-07
   4.53531675E-06   5.66754125E-07
   4.57539363E-06   5.71762257E-07
   4.61582431E-06   5.76814728E-07
   4.65661242E-06   5.81911763E-07
   4.69776114E-06   5.87053876E-07
   4.73927321E-06   5.92241463E-07
   4.78115226E-06   5.97474866E-07
   4.82340147E-06   6.02754483E-07
   4.86602403E-06   6.08080768E-07
   4.90902312E-06   6.13454120E-07
   4.95240192E-06   6.18874992E-07
   4.99616408E-06   6.24343727E-07
   5.04031323E-06   6.29860779E-07
   5.08485255E-06   6.35426602E-07
   5.12978522E-06   6.41041595E-07
   5.17511489E-06   6.46706269E-07
   5.22084565E-06   6.52420908E-07
   5.26697977E-06   6.58186082E-07
   5.31352225E-06   6.64002243E-07
   5.36047537E-06   6.69869735E-07
   5.40784367E-06   6.75789067E-07
   5.45563080E-06   6.81760753E-07
   5.50383993E-06   6.87785189E-07
   5.55247516E-06   6.93862887E-07
   5.60154012E-06   6.99994246E-07
   5.65103846E-06   7.06179833E-07
   5.70097427E-06   7.12420047E-07
   5.75135164E-06   7.18715398E-07
   5.80217375E-06   7.25066400E-07
   5.85344515E-06   7.31473506E-07
   5.90516993E-06   7.37937228E-07
   5.95735128E-06   7.44458077E-07
   6.00999419E-06   7.51036566E-07
   6.06310186E-06   7.57673149E-07
   6.11667883E-06   7.64368394E-07
   6.17072965E-06   7.71122814E-07
   6.22525795E-06   7.77936918E-07
   6.28026783E-06   7.84811220E-07
   6.33576383E-06   7.91746288E-07
   6.39175050E-06   7.98742633E-07
   6.44823194E-06   8.05800767E-07
   6.50521224E-06   8.12921314E-07
   6.56269594E-06   8.20104788E-07
   6.62068805E-06   8.27351698E-07
   6.67919221E-06   8.34662671E-07
   6.73821341E-06   8.42038219E-07
   6.79775621E-06   8.49478965E-07
   6.85782516E-06   8.56985480E-07
   6.91842524E-06   8.64558331E-07
   6.97956057E-06   8.72198029E-07
   7.04123613E-06   8.79905315E-07
   7.10345648E-06   8.87680699E-07
   7.16622662E-06   8.95524749E-07
   7.22955156E-06   9.03438149E-07
   7.29343628E-06   9.11421466E-07
   7.35788535E-06   9.19475326E-07
   7.42290422E-06   9.27600297E-07
   7.48849743E-06   9.35797175E-07
   7.55466999E-06   9.44066414E-07
   7.62142736E-06   9.52408755E-07
   7.68877453E-06   9.60824764E-07
   7.75671742E-06   9.69315238E-07
   7.82526058E-06   9.77880632E-07
   7.89440946E-06   9.86521741E-07
   7.96416862E-06   9.95239247E-07
   8.03454441E-06   1.00403372E-06
   8.10554320E-06   1.01290595E-06
   8.17716773E-06   1.02185663E-06
   8.24942617E-06   1.03088632E-06
   8.32232308E-06   1.03999594E-06
   8.39586392E-06   1.04918593E-06
   8.47005504E-06   1.05845709E-06
   8.54490099E-06   1.06781033E-06
   8.62040906E-06   1.07724611E-06
   8.69658379E-06   1.08676522E-06
   8.77343246E-06   1.09636858E-06
   8.85095960E-06   1.10605674E-06
   8.92917160E-06   1.11583051E-06
   9.00807481E-06   1.12569057E-06
   9.08767561E-06   1.13563794E-06
   9.16798035E-06   1.14567308E-06
   9.24899359E-06   1.15579689E-06
   9.33072351E-06   1.16601018E-06
   9.41317467E-06   1.17631373E-06
   9.49635523E-06   1.18670835E-06
   9.58027067E-06   1.19719482E-06
   9.66492735E-06   1.20777395E-06
   9.75033254E-06   1.21844653E-06
   9.83649261E-06   1.22921347E-06
   9.92341302E-06   1.24007545E-06
   1.00111029E-05   1.25103350E-06
   1.00995667E-05   1.26208840E-06
   1.01888127E-05   1.27324097E-06
   1.02788463E-05   1.28449210E-06
   1.03696766E-05   1.29584259E-06
   1.04613091E-05   1.30729347E-06
   1.05537511E-05   1.31884542E-06
   1.06470106E-05   1.33049957E-06
   1.07410942E-05   1.34225661E-06
   1.08360082E-05   1.35411756E-06
   1.09317616E-05   1.36608344E-06
   1.10283618E-05   1.37815493E-06
   1.11258141E-05   1.39033307E-06
   1.12241287E-05   1.40261886E-06
   1.13233118E-05   1.41501323E-06
   1.14233708E-05   1.42751719E-06
   1.15243147E-05   1.44013154E-06
   1.16261508E-05   1.45285742E-06
   1.17288864E-05   1.46569573E-06
   1.18325297E-05   1.47864739E-06
   1.19370889E-05   1.49171365E-06
   1.20425721E-05   1.50489529E-06
   1.21489866E-05   1.51819347E-06
   1.22563424E-05   1.53160909E-06
   1.23646469E-05   1.54514328E-06
   1.24739081E-05   1.55879707E-06
   1.25841352E-05   1.57257159E-06
   1.26953355E-05   1.58646776E-06
   1.28075189E-05   1.60048671E-06
   1.29206937E-05   1.61462958E-06
   1.30348690E-05   1.62889739E-06
   1.31500528E-05   1.64329128E-06
   1.32662544E-05   1.65781239E-06
   1.33834828E-05   1.67246174E-06
   1.35017472E-05   1.68724057E-06
   1.36210565E-05   1.70215003E-06
   1.37414199E-05   1.71719125E-06
   1.38628475E-05   1.73236538E-06
   1.39853473E-05   1.74767354E-06
   1.41089304E-05   1.76311710E-06
   1.42336057E-05   1.77869697E-06
   1.43593816E-05   1.79441463E-06
   1.44862697E-05   1.81027110E-06
   1.46142793E-05   1.82626775E-06
   1.47434193E-05   1.84240571E-06
   1.48737008E-05   1.85868635E-06
   1.50051337E-05   1.87511080E-06
   1.51377280E-05   1.89168031E-06
   1.52714947E-05   1.90839637E-06
   1.54064419E-05   1.92525999E-06
   1.55425823E-05   1.94227277E-06
   1.56799251E-05   1.95943585E-06
   1.58184830E-05   1.97675058E-06
   1.59582651E-05   1.99421834E-06
   1.60992804E-05   2.01184048E-06
   1.62415436E-05   2.02961814E-06
   1.63850636E-05   2.04755315E-06
   1.65298516E-05   2.06564641E-06
   1.66759182E-05   2.08389974E-06
   1.68232764E-05   2.10231428E-06
   1.69719369E-05   2.12089162E-06
   1.71219108E-05   2.13963312E-06
   1.72732107E-05   2.15854016E-06
   1.74258475E-05   2.17761431E-06
   1.75798323E-05   2.19685694E-06
   1.77351776E-05   2.21626965E-06
   1.78918963E-05   2.23585403E-06
   1.80499992E-05   2.25561121E-06
   1.82095009E-05   2.27554324E-06
   1.83704105E-05   2.29565126E-06
   1.85327426E-05   2.31593708E-06
   1.86965081E-05   2.33640208E-06
   1.88617214E-05   2.35704783E-06
   1.90283954E-05   2.37787617E-06
   1.91965410E-05   2.39888845E-06
   1.93661726E-05   2.42008628E-06
   1.95373032E-05   2.44147168E-06
   1.97099471E-05   2.46304603E-06
   1.98841153E-05   2.48481092E-06
   2.00598242E-05   2.50676817E-06
   2.02370848E-05   2.52891937E-06
   2.04159114E-05   2.55126656E-06
   2.05963170E-05   2.57381089E-06
   2.07783196E-05   2.59655462E-06
   2.09619284E-05   2.61949936E-06
   2.11471597E-05   2.64264690E-06
   2.13340300E-05   2.66599886E-06
   2.15225500E-05   2.68955705E-06
   2.17127345E-05   2.71332374E-06
   2.19046015E-05   2.73730029E-06
   2.20981638E-05   2.76148853E-06
   2.22934359E-05   2.78589073E-06
   2.24904343E-05   2.81050848E-06
   2.26891734E-05   2.83534382E-06
   2.28896679E-05   2.86039858E-06
   2.30919341E-05   2.88567480E-06
   2.32959883E-05   2.91117431E-06
   2.35018451E-05   2.93689914E-06
   2.37095210E-05   2.96285134E-06
   2.39190322E-05   2.98903274E-06
   2.41303951E-05   3.01544560E-06
   2.43436261E-05   3.04209198E-06
   2.45587398E-05   3.06897368E-06
   2.47757562E-05   3.09609300E-06
   2.49946897E-05   3.12345173E-06
   2.52155569E-05   3.15105240E-06
   2.54383758E-05   3.17889703E-06
   2.56631647E-05   3.20698769E-06
   2.58899399E-05   3.23532640E-06
   2.61187179E-05   3.26391569E-06
   2.63495185E-05   3.29275758E-06
   2.65823583E-05   3.32185436E-06
   2.68172571E-05   3.35120831E-06
   2.70542296E-05   3.38082145E-06
   2.72932957E-05   3.41069654E-06
   2.75344755E-05   3.44083537E-06
   2.77777872E-05   3.47124069E-06
   2.80232471E-05   3.50191453E-06
   2.82708770E-05   3.53285964E-06
   2.85206952E-05   3.56407804E-06
   2.87727216E-05   3.59557225E-06
   2.90269745E-05   3.62734500E-06
   2.92834739E-05   3.65939832E-06
   2.95422396E-05   3.69173495E-06
   2.98032919E-05   3.72435716E-06
   3.00666525E-05   3.75726790E-06
   3.03323395E-05   3.79046924E-06
   3.06003749E-05   3.82396411E-06
   3.08707749E-05   3.85775502E-06
   3.11435688E-05   3.89184424E-06
   3.14187710E-05   3.92623497E-06
   3.16964069E-05   3.96092946E-06
   3.19764949E-05   3.99593046E-06
   3.22590568E-05   4.03124113E-06
   3.25441179E-05   4.06686331E-06
   3.28316964E-05   4.10280063E-06
   3.31218180E-05   4.13905536E-06
   3.34145006E-05   4.17563069E-06
   3.37097699E-05   4.21252889E-06
   3.40076513E-05   4.24975315E-06
   3.43081629E-05   4.28730664E-06
   3.46113302E-05   4.32519209E-06
   3.49171751E-05   4.36341179E-06
   3.52257230E-05   4.40196936E-06
   3.55369993E-05   4.44086800E-06
   3.58510260E-05   4.48010996E-06
   3.61678249E-05   4.51969890E-06
   3.64874249E-05   4.55963755E-06
   3.68098517E-05   4.59992953E-06
   3.71351234E-05   4.64057712E-06
   3.74632727E-05   4.68158396E-06
   3.77943179E-05   4.72295324E-06
   3.81282916E-05   4.76468813E-06
   3.84652158E-05   4.80679182E-06
   3.88051194E-05   4.84926750E-06
   3.91480244E-05   4.89211834E-06
   3.94939561E-05   4.93534799E-06
   3.98429511E-05   4.97895962E-06
   4.01950238E-05   5.02295643E-06
   4.05502105E-05   5.06734250E-06
   4.09085369E-05   5.11212056E-06
   4.12700283E-05   5.15729425E-06
   4.16347175E-05   5.20286721E-06
   4.20026263E-05   5.24884263E-06
   4.23737838E-05   5.29522458E-06
   4.27482264E-05   5.34201627E-06
   4.31259723E-05   5.38922177E-06
   4.35070615E-05   5.43684382E-06
   4.38915122E-05   5.48488697E-06
   4.42793644E-05   5.53335485E-06
   4.46706435E-05   5.58225111E-06
   4.50653788E-05   5.63157892E-06
   4.54636029E-05   5.68134283E-06
   4.58653485E-05   5.73154648E-06
   4.62706412E-05   5.78219397E-06
   4.66795136E-05   5.83328892E-06
   4.70920022E-05   5.88483545E-06
   4.75081360E-05   5.93683717E-06
   4.79279443E-05   5.98929864E-06
   4.83514668E-05   6.04222350E-06
   4.87787256E-05   6.09561630E-06
   4.92097643E-05   6.14948067E-06
   4.96446119E-05   6.20382116E-06
   5.00833012E-05   6.25864186E-06
   5.05258649E-05   6.31394687E-06
   5.09723432E-05   6.36974073E-06
   5.14227650E-05   6.42602754E-06
   5.18771667E-05   6.48281184E-06
   5.23355848E-05   6.54009773E-06
   5.27980519E-05   6.59789021E-06
   5.32646045E-05   6.65619291E-06
   5.37352826E-05   6.71501084E-06
   5.42101188E-05   6.77434900E-06
   5.46891533E-05   6.83421104E-06
   5.51724188E-05   6.89460239E-06
   5.56599553E-05   6.95552717E-06
   5.61517991E-05   7.01699037E-06
   5.66479903E-05   7.07899653E-06
   5.71485652E-05   7.14155067E-06
   5.76535604E-05   7.20465778E-06
   5.81630229E-05   7.26832241E-06
   5.86769856E-05   7.33254956E-06
   5.91954886E-05   7.39734423E-06
   5.97185754E-05   7.46271189E-06
   6.02462860E-05   7.52865662E-06
   6.07786569E-05   7.59518434E-06
   6.13157317E-05   7.66230005E-06
   6.18575577E-05   7.73000829E-06
   6.24041641E-05   7.79831589E-06
   6.29556016E-05   7.86722649E-06
   6.35119140E-05   7.93674553E-06
   6.40731450E-05   8.00687940E-06
   6.46393310E-05   8.07763354E-06
   6.52105227E-05   8.14901159E-06
   6.57867640E-05   8.22102174E-06
   6.63680912E-05   8.29366763E-06
   6.69545625E-05   8.36695563E-06
   6.75462143E-05   8.44089027E-06
   6.81430902E-05   8.51547975E-06
   6.87452412E-05   8.59072770E-06
   6.93527181E-05   8.66664050E-06
   6.99655575E-05   8.74322359E-06
   7.05838174E-05   8.82048425E-06
   7.12075343E-05   8.89842704E-06
   7.18367664E-05   8.97705922E-06
   7.24715574E-05   9.05638535E-06
   7.31119580E-05   9.13641361E-06
   7.37580194E-05   9.21714854E-06
   7.44097924E-05   9.29859652E-06
   7.50673207E-05   9.38076482E-06
   7.57306552E-05   9.46365890E-06
   7.63998614E-05   9.54728512E-06
   7.70749757E-05   9.63165076E-06
   7.77560563E-05   9.71676127E-06
   7.84431541E-05   9.80262485E-06
   7.91363200E-05   9.88924694E-06
   7.98356195E-05   9.97663392E-06
   8.05410891E-05   1.00647940E-05
   8.12528015E-05   1.01537325E-05
   8.19708002E-05   1.02434569E-05
   8.26951364E-05   1.03339744E-05
   8.34258826E-05   1.04252913E-05
   8.41630826E-05   1.05174158E-05
   8.49067947E-05   1.06103535E-05
   8.56570841E-05   1.07041133E-05
   8.64140020E-05   1.07987016E-05
   8.71776065E-05   1.08941249E-05
   8.79479558E-05   1.09903922E-05
   8.87251153E-05   1.10875098E-05
   8.95091434E-05   1.11854861E-05
   9.03000982E-05   1.12843281E-05
   9.10980452E-05   1.13840433E-05
   9.19030426E-05   1.14846389E-05
   9.27151486E-05   1.15861249E-05
   9.35344360E-05   1.16885067E-05
   9.43609630E-05   1.17917934E-05
   9.51947950E-05   1.18959924E-05
   9.60359903E-05   1.20011127E-05
   9.68846216E-05   1.21071616E-05
   9.77407472E-05   1.22141482E-05
   9.86044470E-05   1.23220798E-05
   9.94757720E-05   1.24309654E-05
   1.00354795E-04   1.25408133E-05
   1.01241589E-04   1.26516316E-05
   1.02136219E-04   1.27634285E-05
   1.03038758E-04   1.28762140E-05
   1.03949271E-04   1.29899963E-05
   1.04867824E-04   1.31047836E-05
   1.05794497E-04   1.32205860E-05
   1.06729363E-04   1.33374115E-05
   1.07672488E-04   1.34552683E-05
   1.08623943E-04   1.35741675E-05
   1.09583809E-04   1.36941171E-05
   1.10552159E-04   1.38151272E-05
   1.11529058E-04   1.39372059E-05
   1.12514594E-04   1.40603634E-05
   1.13508839E-04   1.41846094E-05
   1.14511873E-04   1.43099533E-05
   1.15523770E-04   1.44364049E-05
   1.16544601E-04   1.45639742E-05
   1.17574462E-04   1.46926704E-05
   1.18613418E-04   1.48225035E-05
   1.19661556E-04   1.49534844E-05
   1.20718956E-04   1.50856231E-05
   1.21785699E-04   1.52189286E-05
   1.22861864E-04   1.53534129E-05
   1.23947553E-04   1.54890859E-05
   1.25042818E-04   1.56259557E-05
   1.26147774E-04   1.57640370E-05
   1.27262494E-04   1.59033370E-05
   1.28387052E-04   1.60438703E-05
   1.29521562E-04   1.61856442E-05
   1.30666085E-04   1.63286695E-05
   1.31820736E-04   1.64729609E-05
   1.32985573E-04   1.66185255E-05
   1.34160713E-04   1.67653779E-05
   1.35346243E-04   1.69135274E-05
   1.36542236E-04   1.70629846E-05
   1.37748808E-04   1.72137643E-05
   1.38966032E-04   1.73658755E-05
   1.40194024E-04   1.75193327E-05
   1.41432858E-04   1.76741432E-05
   1.42682649E-04   1.78303235E-05
   1.43943471E-04   1.79878843E-05
   1.45215439E-04   1.81468367E-05
   1.46498656E-04   1.83071934E-05
   1.47793195E-04   1.84689670E-05
   1.49099185E-04   1.86321704E-05
   1.50416716E-04   1.87968162E-05
   1.51745888E-04   1.89629172E-05
   1.53086803E-04   1.91304844E-05
   1.54439564E-04   1.92995340E-05
   1.55804286E-04   1.94700769E-05
   1.57181072E-04   1.96421279E-05
   1.58570008E-04   1.98156977E-05
   1.59971227E-04   1.99908027E-05
   1.61384829E-04   2.01674538E-05
   1.62810917E-04   2.03456657E-05
   1.64249606E-04   2.05254546E-05
   1.65701014E-04   2.07068297E-05
   1.67165257E-04   2.08898091E-05
   1.68642422E-04   2.10744056E-05
   1.70132640E-04   2.12606319E-05
   1.71636042E-04   2.14485044E-05
   1.73152715E-04   2.16380377E-05
   1.74682791E-04   2.18292462E-05
   1.76226400E-04   2.20221427E-05
   1.77783630E-04   2.22167455E-05
   1.79354640E-04   2.24130672E-05
   1.80939518E-04   2.26111224E-05
   1.82538410E-04   2.28109293E-05
   1.84151431E-04   2.30125024E-05
   1.85778699E-04   2.32158563E-05
   1.87420344E-04   2.34210074E-05
   1.89076498E-04   2.36279702E-05
   1.90747291E-04   2.38367629E-05
   1.92432854E-04   2.40474001E-05
   1.94133303E-04   2.42598999E-05
   1.95848770E-04   2.44742751E-05
   1.97579415E-04   2.46905474E-05
   1.99325339E-04   2.49087298E-05
   2.01086703E-04   2.51288402E-05
   2.02863623E-04   2.53508952E-05
   2.04656244E-04   2.55749128E-05
   2.06464698E-04   2.58009095E-05
   2.08289144E-04   2.60289034E-05
   2.10129714E-04   2.62589128E-05
   2.11986538E-04   2.64909540E-05
   2.13859777E-04   2.67250471E-05
   2.15749576E-04   2.69612083E-05
   2.17656067E-04   2.71994559E-05
   2.19579393E-04   2.74398080E-05
   2.21519731E-04   2.76822866E-05
   2.23477211E-04   2.79269061E-05
   2.25451993E-04   2.81736866E-05
   2.27444209E-04   2.84226498E-05
   2.29454046E-04   2.86738123E-05
   2.31481637E-04   2.89271939E-05
   2.33527142E-04   2.91828146E-05
   2.35590735E-04   2.94406946E-05
   2.37672546E-04   2.97008537E-05
   2.39772766E-04   2.99633120E-05
   2.41891539E-04   3.02280878E-05
   2.44029026E-04   3.04952046E-05
   2.46185402E-04   3.07646842E-05
   2.48360855E-04   3.10365431E-05
   2.50555517E-04   3.13108030E-05
   2.52769561E-04   3.15874859E-05
   2.55003193E-04   3.18666171E-05
   2.57256557E-04   3.21482148E-05
   2.59529828E-04   3.24322973E-05
   2.61823181E-04   3.27188936E-05
   2.64136819E-04   3.30080220E-05
   2.66470888E-04   3.32997042E-05
   2.68825563E-04   3.35939658E-05
   2.71201076E-04   3.38908285E-05
   2.73597572E-04   3.41903105E-05
   2.76015227E-04   3.44924447E-05
   2.78454274E-04   3.47972455E-05
   2.80914857E-04   3.51047383E-05
   2.83397181E-04   3.54149524E-05
   2.85901449E-04   3.57279059E-05
   2.88427836E-04   3.60436243E-05
   2.90976546E-04   3.63621330E-05
   2.93547811E-04   3.66834574E-05
   2.96141749E-04   3.70076195E-05
   2.98758649E-04   3.73346484E-05
   3.01398657E-04   3.76645658E-05
   3.04061978E-04   3.79973972E-05
   3.06748843E-04   3.83331717E-05
   3.09459458E-04   3.86719148E-05
   3.12194024E-04   3.90136520E-05
   3.14952777E-04   3.93584050E-05
   3.17735889E-04   3.97062104E-05
   3.20543564E-04   4.00570862E-05
   3.23376094E-04   4.04110615E-05
   3.26233625E-04   4.07681655E-05
   3.29116418E-04   4.11284273E-05
   3.32024705E-04   4.14918723E-05
   3.34958662E-04   4.18585259E-05
   3.37918551E-04   4.22284247E-05
   3.40904604E-04   4.26015904E-05
   3.43917025E-04   4.29780521E-05
   3.46956076E-04   4.33578425E-05
   3.50021990E-04   4.37409872E-05
   3.53115000E-04   4.41275224E-05
   3.56235338E-04   4.45174701E-05
   3.59383237E-04   4.49108629E-05
   3.62558960E-04   4.53077337E-05
   3.65762739E-04   4.57081114E-05
   3.68994835E-04   4.61120289E-05
   3.72255483E-04   4.65195153E-05
   3.75544943E-04   4.69306033E-05
   3.78863508E-04   4.73453219E-05
   3.82211350E-04   4.77637077E-05
   3.85588792E-04   4.81857933E-05
   3.88996094E-04   4.86116041E-05
   3.92433489E-04   4.90411803E-05
   3.95901268E-04   4.94745545E-05
   3.99399694E-04   4.99117559E-05
   4.02928999E-04   5.03528245E-05
   4.06489533E-04   5.07977857E-05
   4.10081499E-04   5.12466831E-05
   4.13705246E-04   5.16995497E-05
   4.17360978E-04   5.21564143E-05
   4.21049015E-04   5.26173171E-05
   4.24769649E-04   5.30822945E-05
   4.28523170E-04   5.35513827E-05
   4.32309869E-04   5.40246147E-05
   4.36130009E-04   5.45020266E-05
   4.39983909E-04   5.49836623E-05
   4.43871861E-04   5.54695507E-05
   4.47794184E-04   5.59597356E-05
   4.51751141E-04   5.64542534E-05
   4.55743080E-04   5.69531403E-05
   4.59770294E-04   5.74564365E-05
   4.63833101E-04   5.79641819E-05
   4.67931823E-04   5.84764130E-05
   4.72066720E-04   5.89931733E-05
   4.76238201E-04   5.95144993E-05
   4.80446499E-04   6.00404310E-05
   4.84692020E-04   6.05710120E-05
   4.88975027E-04   6.11062860E-05
   4.93295898E-04   6.16462858E-05
   4.97654954E-04   6.21910585E-05
   5.02052542E-04   6.27406480E-05
   5.06488956E-04   6.32950978E-05
   5.10964601E-04   6.38544443E-05
   5.15479769E-04   6.44187312E-05
   5.20034868E-04   6.49880094E-05
   5.24630188E-04   6.55623226E-05
   5.29266137E-04   6.61417071E-05
   5.33943065E-04   6.67262138E-05
   5.38661319E-04   6.73158866E-05
   5.43421251E-04   6.79107688E-05
   5.48223208E-04   6.85109117E-05
   5.53067657E-04   6.91163514E-05
   5.57954889E-04   6.97271535E-05
   5.62885311E-04   7.03433470E-05
   5.67859272E-04   7.09649903E-05
   5.72877238E-04   7.15921269E-05
   5.77939500E-04   7.22248078E-05
   5.83046523E-04   7.28630766E-05
   5.88198658E-04   7.35069916E-05
   5.93396311E-04   7.41565964E-05
   5.98639948E-04   7.48119419E-05
   6.03929861E-04   7.54730791E-05
   6.09266513E-04   7.61400588E-05
   6.14650373E-04   7.68129394E-05
   6.20081788E-04   7.74917644E-05
   6.25561224E-04   7.81765921E-05
   6.31089031E-04   7.88674661E-05
   6.36665674E-04   7.95644519E-05
   6.42291678E-04   8.02676004E-05
   6.47967332E-04   8.09769626E-05
   6.53693161E-04   8.16925894E-05
   6.59469573E-04   8.24145463E-05
   6.65297033E-04   8.31428843E-05
   6.71176007E-04   8.38776614E-05
   6.77106902E-04   8.46189359E-05
   6.83090184E-04   8.53667589E-05
   6.89126377E-04   8.61211956E-05
   6.95215946E-04   8.68822972E-05
   7.01359240E-04   8.76501290E-05
   7.07556901E-04   8.84247493E-05
   7.13809277E-04   8.92062089E-05
   7.20116892E-04   8.99945881E-05
   7.26480270E-04   9.07899303E-05
   7.32899876E-04   9.15923010E-05
   7.39376235E-04   9.24017659E-05
   7.45909812E-04   9.32183902E-05
   7.52501073E-04   9.40422324E-05
   7.59150658E-04   9.48733577E-05
   7.65858917E-04   9.57118245E-05
   7.72626547E-04   9.65577128E-05
   7.79453898E-04   9.74110735E-05
   7.86341610E-04   9.82719794E-05
   7.93290208E-04   9.91404959E-05
   8.00300157E-04   1.00016689E-04
   8.07372096E-04   1.00900630E-04
   8.14506493E-04   1.01792386E-04
   8.21703987E-04   1.02692022E-04
   8.28965043E-04   1.03599617E-04
   8.36290244E-04   1.04515231E-04
   8.43680231E-04   1.05438943E-04
   8.51135468E-04   1.06370819E-04
   8.58656596E-04   1.07310938E-04
   8.66244198E-04   1.08259366E-04
   8.73898854E-04   1.09216184E-04
   8.81621148E-04   1.10181456E-04
   8.89411662E-04   1.11155263E-04
   8.97271035E-04   1.12137677E-04
   9.05199850E-04   1.13128786E-04
   9.13198688E-04   1.14128648E-04
   9.21268249E-04   1.15137358E-04
   9.29409172E-04   1.16154981E-04
   9.37621924E-04   1.17181604E-04
   9.45907319E-04   1.18217307E-04
   9.54265939E-04   1.19262171E-04
   9.62698366E-04   1.20316268E-04
   9.71205358E-04   1.21379686E-04
   9.79787554E-04   1.22452504E-04
   9.88445478E-04   1.23534817E-04
   9.97180003E-04   1.24626691E-04
   1.00599159E-03   1.25728227E-04
   1.01488119E-03   1.26839499E-04
   1.02384924E-03   1.27960608E-04
   1.03289657E-03   1.29091626E-04
   1.04202388E-03   1.30232642E-04
   1.05123187E-03   1.31383757E-04
   1.06052111E-03   1.32545043E-04
   1.06989255E-03   1.33716603E-04
   1.07934675E-03   1.34898510E-04
   1.08888443E-03   1.36090894E-04
   1.09850650E-03   1.37293799E-04
   1.10821356E-03   1.38507356E-04
   1.11800630E-03   1.39731652E-04
   1.12788577E-03   1.40966760E-04
   1.13785244E-03   1.42212812E-04
   1.14790711E-03   1.43469864E-04
   1.15805073E-03   1.44738049E-04
   1.16828387E-03   1.46017454E-04
   1.17860758E-03   1.47308165E-04
   1.18902244E-03   1.48610285E-04
   1.19952939E-03   1.49923944E-04
   1.21012912E-03   1.51249202E-04
   1.22082245E-03   1.52586203E-04
   1.23161043E-03   1.53935020E-04
   1.24249363E-03   1.55295769E-04
   1.25347311E-03   1.56668553E-04
   1.26454944E-03   1.58053488E-04
   1.27572380E-03   1.59450661E-04
   1.28699688E-03   1.60860203E-04
   1.29836949E-03   1.62282216E-04
   1.30984269E-03   1.63716817E-04
   1.32141716E-03   1.65164107E-04
   1.33309397E-03   1.66624188E-04
   1.34487404E-03   1.68097205E-04
   1.35675818E-03   1.69583247E-04
   1.36874721E-03   1.71082444E-04
   1.38084230E-03   1.72594897E-04
   1.39304425E-03   1.74120738E-04
   1.40535401E-03   1.75660069E-04
   1.41777250E-03   1.77213034E-04
   1.43030076E-03   1.78779737E-04
   1.44293974E-03   1.80360308E-04
   1.45569048E-03   1.81954863E-04
   1.46855379E-03   1.83563534E-04
   1.48153084E-03   1.85186436E-04
   1.49462244E-03   1.86823701E-04
   1.50782987E-03   1.88475460E-04
   1.52115396E-03   1.90141844E-04
   1.53459574E-03   1.91822968E-04
   1.54815638E-03   1.93518979E-04
   1.56183669E-03   1.95229994E-04
   1.57563807E-03   1.96956156E-04
   1.58956135E-03   1.98697599E-04
   1.60360767E-03   2.00454466E-04
   1.61777809E-03   2.02226875E-04
   1.63207366E-03   2.04014985E-04
   1.64649566E-03   2.05818913E-04
   1.66104501E-03   2.07638819E-04
   1.67572300E-03   2.09474834E-04
   1.69053068E-03   2.11327118E-04
   1.70546921E-03   2.13195788E-04
   1.72053976E-03   2.15081003E-04
   1.73574348E-03   2.16982924E-04
   1.75108155E-03   2.18901681E-04
   1.76655513E-03   2.20837435E-04
   1.78216537E-03   2.22790331E-04
   1.79791369E-03   2.24760515E-04
   1.81380112E-03   2.26748147E-04
   1.82982895E-03   2.28753386E-04
   1.84599834E-03   2.30776393E-04
   1.86231069E-03   2.32817314E-04
   1.87876716E-03   2.34876323E-04
   1.89536903E-03   2.36953565E-04
   1.91211770E-03   2.39049201E-04
   1.92901422E-03   2.41163420E-04
   1.94606022E-03   2.43296352E-04
   1.96325663E-03   2.45448202E-04
   1.98060530E-03   2.47619115E-04
   1.99810695E-03   2.49809236E-04
   2.01576343E-03   2.52018799E-04
   2.03357590E-03   2.54247920E-04
   2.05154577E-03   2.56496802E-04
   2.06967443E-03   2.58765620E-04
   2.08796328E-03   2.61054549E-04
   2.10641371E-03   2.63363763E-04
   2.12502736E-03   2.65693438E-04
   2.14380538E-03   2.68043776E-04
   2.16274918E-03   2.70414952E-04
   2.18186062E-03   2.72807141E-04
   2.20114086E-03   2.75220547E-04
   2.22059130E-03   2.77655345E-04
   2.24021380E-03   2.80111737E-04
   2.26000976E-03   2.82589928E-04
   2.27998034E-03   2.85090064E-04
   2.30012764E-03   2.87612405E-04
   2.32045306E-03   2.90157099E-04
   2.34095799E-03   2.92724377E-04
   2.36164406E-03   2.95314414E-04
   2.38251290E-03   2.97927443E-04
   2.40356615E-03   3.00563639E-04
   2.42480543E-03   3.03223234E-04
   2.44623236E-03   3.05906433E-04
   2.46784883E-03   3.08613409E-04
   2.48965621E-03   3.11344455E-04
   2.51165614E-03   3.14099714E-04
   2.53385073E-03   3.16879421E-04
   2.55624135E-03   3.19683808E-04
   2.57882988E-03   3.22513108E-04
   2.60161795E-03   3.25367495E-04
   2.62460718E-03   3.28247261E-04
   2.64779991E-03   3.31152580E-04
   2.67119729E-03   3.34083685E-04
   2.69480166E-03   3.37040838E-04
   2.71861441E-03   3.40024271E-04
   2.74263788E-03   3.43034189E-04
   2.76687345E-03   3.46070825E-04
   2.79132300E-03   3.49134469E-04
   2.81598885E-03   3.52225296E-04
   2.84087262E-03   3.55343625E-04
   2.86597619E-03   3.58489662E-04
   2.89130164E-03   3.61663639E-04
   2.91685085E-03   3.64865846E-04
   2.94262590E-03   3.68096516E-04
   2.96862866E-03   3.71355913E-04
   2.99486122E-03   3.74644267E-04
   3.02132568E-03   3.77961871E-04
   3.04802391E-03   3.81308986E-04
   3.07495799E-03   3.84685874E-04
   3.10213002E-03   3.88092798E-04
   3.12954234E-03   3.91530019E-04
   3.15719680E-03   3.94997856E-04
   3.18509573E-03   3.98496515E-04
   3.21324100E-03   4.02026344E-04
   3.24163516E-03   4.05587547E-04
   3.27028008E-03   4.09180473E-04
   3.29917832E-03   4.12805413E-04
   3.32833175E-03   4.16462601E-04
   3.35774291E-03   4.20152355E-04
   3.38741392E-03   4.23874997E-04
   3.41734709E-03   4.27630788E-04
   3.44754476E-03   4.31420020E-04
   3.47800925E-03   4.35243041E-04
   3.50874313E-03   4.39100113E-04
   3.53974826E-03   4.42991557E-04
   3.57102766E-03   4.46917722E-04
   3.60258343E-03   4.50878870E-04
   3.63441790E-03   4.54875350E-04
   3.66653386E-03   4.58907452E-04
   3.69893340E-03   4.62975557E-04
   3.73161933E-03   4.67079924E-04
   3.76459421E-03   4.71220934E-04
   3.79786035E-03   4.75398876E-04
   3.83142056E-03   4.79614129E-04
   3.86527716E-03   4.83867014E-04
   3.89943295E-03   4.88157879E-04
   3.93389072E-03   4.92487045E-04
   3.96865280E-03   4.96854889E-04
   4.00372222E-03   5.01261791E-04
   4.03910130E-03   5.05708042E-04
   4.07479331E-03   5.10194048E-04
   4.11080057E-03   5.14720101E-04
   4.14712634E-03   5.19286667E-04
   4.18377249E-03   5.23894094E-04
   4.22074273E-03   5.28542674E-04
   4.25803987E-03   5.33232931E-04
   4.29566624E-03   5.37965097E-04
   4.33362555E-03   5.42739639E-04
   4.37191967E-03   5.47556905E-04
   4.41055279E-03   5.52417361E-04
   4.44952678E-03   5.57321298E-04
   4.48884582E-03   5.62269182E-04
   4.52851178E-03   5.67261421E-04
   4.56852838E-03   5.72298421E-04
   4.60889842E-03   5.77380531E-04
   4.64962563E-03   5.82508277E-04
   4.69071232E-03   5.87682007E-04
   4.73216223E-03   5.92902128E-04
   4.77397861E-03   5.98169165E-04
   4.81616426E-03   6.03483408E-04
   4.85872244E-03   6.08845439E-04
   4.90165688E-03   6.14255609E-04
   4.94497083E-03   6.19714381E-04
   4.98866756E-03   6.25222223E-04
   5.03275031E-03   6.30779599E-04
   5.07722283E-03   6.36386918E-04
   5.12208836E-03   6.42044703E-04
   5.16735017E-03   6.47753419E-04
   5.21301152E-03   6.53513474E-04
   5.25907706E-03   6.59325451E-04
   5.30554913E-03   6.65189757E-04
   5.35243237E-03   6.71106915E-04
   5.39972959E-03   6.77077391E-04
   5.44744451E-03   6.83101709E-04
   5.49558131E-03   6.89180335E-04
   5.54414373E-03   6.95313851E-04
   5.59313502E-03   7.01502722E-04
   5.64255938E-03   7.07747473E-04
   5.69242006E-03   7.14048627E-04
   5.74272173E-03   7.20406766E-04
   5.79346810E-03   7.26822298E-04
   5.84466243E-03   7.33295921E-04
   5.89630939E-03   7.39828101E-04
   5.94841270E-03   7.46419420E-04
   6.00097608E-03   7.53070402E-04
   6.05400419E-03   7.59781629E-04
   6.10750122E-03   7.66553683E-04
   6.16147043E-03   7.73387088E-04
   6.21591695E-03   7.80282542E-04
   6.27084449E-03   7.87240569E-04
   6.32625725E-03   7.94261752E-04
   6.38215989E-03   8.01346672E-04
   6.43855659E-03   8.08496028E-04
   6.49545155E-03   8.15710402E-04
   6.55284896E-03   8.22990318E-04
   6.61075395E-03   8.30336590E-04
   6.66917022E-03   8.37749685E-04
   6.72810292E-03   8.45230359E-04
   6.78755669E-03   8.52779194E-04
   6.84753526E-03   8.60396889E-04
   6.90804422E-03   8.68084084E-04
   6.96908776E-03   8.75841419E-04
   7.03067100E-03   8.83669709E-04
   7.09279813E-03   8.91569478E-04
   7.15547428E-03   8.99541541E-04
   7.21870409E-03   9.07586538E-04
   7.28249270E-03   9.15705226E-04
   7.34684523E-03   9.23898246E-04
   7.41176633E-03   9.32166469E-04
   7.47726113E-03   9.40510479E-04
   7.54333427E-03   9.48931091E-04
   7.60999182E-03   9.57429060E-04
   7.67723797E-03   9.66005144E-04
   7.74507876E-03   9.74660099E-04
   7.81351887E-03   9.83394682E-04
   7.88256340E-03   9.92209767E-04
   7.95221888E-03   1.00110611E-03
   8.02248903E-03   1.01008452E-03
   8.09338037E-03   1.01914583E-03
   8.16489849E-03   1.02829072E-03
   8.23704805E-03   1.03752024E-03
   8.30983557E-03   1.04683521E-03
   8.38326663E-03   1.05623633E-03
   8.45734589E-03   1.06572465E-03
   8.53207987E-03   1.07530085E-03
   8.60747416E-03   1.08496600E-03
   8.68353527E-03   1.09472091E-03
   8.76026787E-03   1.10456650E-03
   8.83767940E-03   1.11450371E-03
   8.91577359E-03   1.12453348E-03
   8.99455883E-03   1.13465684E-03
   9.07403976E-03   1.14487449E-03
   9.15422384E-03   1.15518761E-03
   9.23511572E-03   1.16559723E-03
   9.31672286E-03   1.17610407E-03
   9.39905085E-03   1.18670939E-03
   9.48210619E-03   1.19741424E-03
   9.56589542E-03   1.20821933E-03
   9.65042599E-03   1.21912605E-03
   9.73570254E-03   1.23013533E-03
   9.82173346E-03   1.24124822E-03
   9.90852341E-03   1.25246576E-03
   9.99608077E-03   1.26378913E-03
   1.00844121E-02   1.27521949E-03
   1.01735247E-02   1.28675788E-03
   1.02634234E-02   1.29840546E-03
   1.03541175E-02   1.31016341E-03
   1.04456125E-02   1.32203288E-03
   1.05379159E-02   1.33401505E-03
   1.06310351E-02   1.34611118E-03
   1.07249776E-02   1.35832245E-03
   1.08197490E-02   1.37065013E-03
   1.09153595E-02   1.38309551E-03
   1.10118138E-02   1.39565975E-03
   1.11091202E-02   1.40834425E-03
   1.12072872E-02   1.42115029E-03
   1.13063212E-02   1.43407914E-03
   1.14062307E-02   1.44713232E-03
   1.15070231E-02   1.46031100E-03
   1.16087059E-02   1.47361658E-03
   1.17112873E-02   1.48705055E-03
   1.18147749E-02   1.50061434E-03
   1.19191771E-02   1.51430944E-03
   1.20245023E-02   1.52813713E-03
   1.21307578E-02   1.54209905E-03
   1.22379521E-02   1.55619660E-03
   1.23460945E-02   1.57043140E-03
   1.24551915E-02   1.58480508E-03
   1.25652533E-02   1.59931905E-03
   1.26762865E-02   1.61397492E-03
   1.27883023E-02   1.62877445E-03
   1.29013071E-02   1.64371927E-03
   1.30153103E-02   1.65881088E-03
   1.31303212E-02   1.67405116E-03
   1.32463491E-02   1.68944173E-03
   1.33634014E-02   1.70498446E-03
   1.34814885E-02   1.72068097E-03
   1.36006186E-02   1.73653313E-03
   1.37208020E-02   1.75254291E-03
   1.38420472E-02   1.76871195E-03
   1.39643634E-02   1.78504223E-03
   1.40877608E-02   1.80153572E-03
   1.42122479E-02   1.81819440E-03
   1.43378358E-02   1.83502014E-03
   1.44645339E-02   1.85201503E-03
   1.45923505E-02   1.86918105E-03
   1.47212977E-02   1.88652030E-03
   1.48513839E-02   1.90403499E-03
   1.49826193E-02   1.92172721E-03
   1.51150143E-02   1.93959917E-03
   1.52485799E-02   1.95765286E-03
   1.53833246E-02   1.97589095E-03
   1.55192614E-02   1.99431553E-03
   1.56563986E-02   2.01292871E-03
   1.57947484E-02   2.03173328E-03
   1.59343202E-02   2.05073133E-03
   1.60751250E-02   2.06992542E-03
   1.62171740E-02   2.08931812E-03
   1.63604785E-02   2.10891198E-03
   1.65050495E-02   2.12870957E-03
   1.66508965E-02   2.14871322E-03
   1.67980343E-02   2.16892618E-03
   1.69464722E-02   2.18935055E-03
   1.70962214E-02   2.20998959E-03
   1.72472931E-02   2.23084586E-03
   1.73997004E-02   2.25192215E-03
   1.75534543E-02   2.27322173E-03
   1.77085679E-02   2.29474716E-03
   1.78650506E-02   2.31650192E-03
   1.80229172E-02   2.33848859E-03
   1.81821771E-02   2.36071064E-03
   1.83428451E-02   2.38317135E-03
   1.85049344E-02   2.40587373E-03
   1.86684541E-02   2.42882106E-03
   1.88334193E-02   2.45201704E-03
   1.89998429E-02   2.47546472E-03
   1.91677380E-02   2.49916804E-03
   1.93371139E-02   2.52313004E-03
   1.95079893E-02   2.54735490E-03
   1.96803734E-02   2.57184589E-03
   1.98542811E-02   2.59660720E-03
   2.00297236E-02   2.62164231E-03
   2.02067196E-02   2.64695520E-03
   2.03852765E-02   2.67255027E-03
   2.05654129E-02   2.69843102E-03
   2.07471419E-02   2.72460212E-03
   2.09304765E-02   2.75106751E-03
   2.11154297E-02   2.77783163E-03
   2.13020183E-02   2.80489889E-03
   2.14902554E-02   2.83227372E-03
   2.16801558E-02   2.85996078E-03
   2.18717344E-02   2.88796471E-03
   2.20650062E-02   2.91629066E-03
   2.22599860E-02   2.94494280E-03
   2.24566888E-02   2.97392672E-03
   2.26551276E-02   3.00324732E-03
   2.28553228E-02   3.03290971E-03
   2.30572857E-02   3.06291902E-03
   2.32610330E-02   3.09328106E-03
   2.34665815E-02   3.12400120E-03
   2.36739460E-02   3.15508503E-03
   2.38831434E-02   3.18653835E-03
   2.40941886E-02   3.21836676E-03
   2.43070982E-02   3.25057679E-03
   2.45218910E-02   3.28317424E-03
   2.47385800E-02   3.31616518E-03
   2.49571856E-02   3.34955659E-03
   2.51777228E-02   3.38335452E-03
   2.54002064E-02   3.41756572E-03
   2.56246589E-02   3.45219718E-03
   2.58510932E-02   3.48725589E-03
   2.60795280E-02   3.52274883E-03
   2.63099819E-02   3.55868321E-03
   2.65424736E-02   3.59506672E-03
   2.67770179E-02   3.63190682E-03
   2.70136353E-02   3.66921141E-03
   2.72523444E-02   3.70698841E-03
   2.74931621E-02   3.74524598E-03
   2.77361069E-02   3.78399226E-03
   2.79811993E-02   3.82323610E-03
   2.82284580E-02   3.86298611E-03
   2.84779016E-02   3.90325091E-03
   2.87295487E-02   3.94403981E-03
   2.89834198E-02   3.98536259E-03
   2.92395353E-02   4.02722787E-03
   2.94979122E-02   4.06964635E-03
   2.97585744E-02   4.11262736E-03
   3.00215390E-02   4.15618159E-03
   3.02868262E-02   4.20031929E-03
   3.05544585E-02   4.24505118E-03
   3.08244564E-02   4.29038797E-03
   3.10968384E-02   4.33634175E-03
   3.13716270E-02   4.38292278E-03
   3.16488482E-02   4.43014409E-03
   3.19285132E-02   4.47801733E-03
   3.22106555E-02   4.52655461E-03
   3.24952863E-02   4.57576849E-03
   3.27824354E-02   4.62567247E-03
   3.30721177E-02   4.67627915E-03
   3.33643630E-02   4.72760294E-03
   3.36591899E-02   4.77965735E-03
   3.39566246E-02   4.83245682E-03
   3.42566855E-02   4.88601625E-03
   3.45593952E-02   4.94035007E-03
   3.48647833E-02   4.99547366E-03
   3.51728685E-02   5.05140331E-03
   3.54836769E-02   5.10815531E-03
   3.57972309E-02   5.16574597E-03
   3.61135565E-02   5.22419205E-03
   3.64326797E-02   5.28351124E-03
   3.67546193E-02   5.34372125E-03
   3.70794050E-02   5.40484115E-03
   3.74070592E-02   5.46688912E-03
   3.77376117E-02   5.52988425E-03
   3.80710810E-02   5.59384702E-03
   3.84075008E-02   5.65879745E-03
   3.87468934E-02   5.72475605E-03
   3.90892811E-02   5.79174515E-03
   3.94346975E-02   5.85978571E-03
   3.97831649E-02   5.92890102E-03
   4.01347131E-02   5.99911343E-03
   4.04893681E-02   6.07044762E-03
   4.08471562E-02   6.14292733E-03
   4.12081070E-02   6.21657772E-03
   4.15722430E-02   6.29142439E-03
   4.19396013E-02   6.36749435E-03
   4.23102044E-02   6.44481415E-03
   4.26840819E-02   6.52341172E-03
   4.30612639E-02   6.60331547E-03
   4.34417799E-02   6.68455521E-03
   4.38256562E-02   6.76716072E-03
   4.42129262E-02   6.85116369E-03
   4.46036160E-02   6.93659484E-03
   4.49977592E-02   7.02348771E-03
   4.53953892E-02   7.11187581E-03
   4.57965285E-02   7.20179407E-03
   4.62012142E-02   7.29327695E-03
   4.66094725E-02   7.38636171E-03
   4.70213443E-02   7.48108607E-03
   4.74368520E-02   7.57748820E-03
   4.78560328E-02   7.67560815E-03
   4.82789166E-02   7.77548598E-03
   4.87055369E-02   7.87716452E-03
   4.91359271E-02   7.98068661E-03
   4.95701209E-02   8.08609650E-03
   5.00081517E-02   8.19343887E-03
   5.04500531E-02   8.30276310E-03
   5.08958586E-02   8.41411483E-03
   5.13456054E-02   8.52754619E-03
   5.17993271E-02   8.64310563E-03
   5.22570536E-02   8.76084808E-03
   5.27188294E-02   8.88082664E-03
   5.31846844E-02   9.00309719E-03
   5.36546558E-02   9.12771653E-03
   5.41287810E-02   9.25474428E-03
   5.46070933E-02   9.38424189E-03
   5.50896339E-02   9.51626990E-03
   5.55764399E-02   9.65089444E-03
   5.60675450E-02   9.78818070E-03
   5.65629900E-02   9.92819667E-03
   5.70628159E-02   1.00710150E-02
   5.75670563E-02   1.02167055E-02
   5.80757521E-02   1.03653437E-02
   5.85889444E-02   1.05170058E-02
   5.91066703E-02   1.06717721E-02
   5.96289709E-02   1.08297225E-02
   6.01558872E-02   1.09909428E-02
   6.06874600E-02   1.11555178E-02
   6.12237304E-02   1.13235377E-02
   6.17647395E-02   1.14950938E-02
   6.23105280E-02   1.16702802E-02
   6.28611445E-02   1.18491966E-02
   6.34166226E-02   1.20319407E-02
   6.39770031E-02   1.22186188E-02
   6.45423457E-02   1.24093359E-02
   6.51126802E-02   1.26042021E-02
   6.56880513E-02   1.28033319E-02
   6.62685111E-02   1.30068427E-02
   6.68540969E-02   1.32148536E-02
   6.74448609E-02   1.34274913E-02
   6.80408403E-02   1.36448815E-02
   6.86420947E-02   1.38671594E-02
   6.92486539E-02   1.40944598E-02
   6.98605776E-02   1.43269245E-02
   7.04779029E-02   1.45646976E-02
   7.11006895E-02   1.48079302E-02
   7.17289746E-02   1.50567768E-02
   7.23628178E-02   1.53113976E-02
   7.30022565E-02   1.55719556E-02
   7.36473501E-02   1.58386230E-02
   7.42981434E-02   1.61115732E-02
   7.49546811E-02   1.63909886E-02
   7.56170228E-02   1.66770536E-02
   7.62852207E-02   1.69699639E-02
   7.69593269E-02   1.72699187E-02
   7.76393786E-02   1.75771210E-02
   7.83254504E-02   1.78917851E-02
   7.90175796E-02   1.82141289E-02
   7.97158256E-02   1.85443778E-02
   8.04202408E-02   1.88827664E-02
   8.11308846E-02   1.92295350E-02
   8.18478018E-02   1.95849314E-02
   8.25710595E-02   1.99492164E-02
   8.33007023E-02   2.03226525E-02
   8.40367973E-02   2.07055118E-02
   8.47793967E-02   2.10980829E-02
   8.55285600E-02   2.15006527E-02
   8.62843394E-02   2.19135247E-02
   8.70467946E-02   2.23370120E-02
   8.78159925E-02   2.27714367E-02
   8.85919854E-02   2.32171305E-02
   8.93748403E-02   2.36744359E-02
   9.01646093E-02   2.41437089E-02
   9.09613594E-02   2.46253181E-02
   9.17651430E-02   2.51196399E-02
   9.25760344E-02   2.56270654E-02
   9.33940932E-02   2.61480007E-02
   9.42193791E-02   2.66828611E-02
   9.50519517E-02   2.72320807E-02
   9.58918929E-02   2.77961027E-02
   9.67392474E-02   2.83753891E-02
   9.75940898E-02   2.89704148E-02
   9.84564945E-02   2.95816716E-02
   9.93265137E-02   3.02096661E-02
  0.100204222       3.08549237E-02
  0.101089679       3.15179862E-02
  0.101982974       3.21994163E-02
  0.102884151       3.28997858E-02
  0.103793293       3.36196944E-02
  0.104710475       3.43597606E-02
  0.105635762       3.51206213E-02
  0.106569216       3.59029360E-02
  0.107510924       3.67073789E-02
  0.108460955       3.75346579E-02
  0.109419383       3.83854955E-02
  0.110386275       3.92606445E-02
  0.111361712       4.01608720E-02
  0.112345770       4.10869792E-02
  0.113338523       4.20397930E-02
  0.114340052       4.30201627E-02
  0.115350425       4.40289639E-02
  0.116369732       4.50671092E-02
  0.117398046       4.61355336E-02
  0.118435442       4.72351983E-02
  0.119482011       4.83671091E-02
  0.120537817       4.95322868E-02
  0.121602967       5.07317968E-02
  0.122677520       5.19667342E-02
  0.123761572       5.32382280E-02
  0.124855198       5.45474403E-02
  0.125958502       5.58955781E-02
  0.127071545       5.72838783E-02
  0.128194422       5.87136149E-02
  0.129327223       6.01861067E-02
  0.130470037       6.17027059E-02
  0.131622940       6.32648095E-02
  0.132786036       6.48738667E-02
  0.133959413       6.65313452E-02
  0.135143161       6.82387799E-02
  0.136337370       6.99977428E-02
  0.137542114       7.18098432E-02
  0.138757527       7.36767501E-02
  0.139983669       7.56001770E-02
  0.141220644       7.75818750E-02
  0.142468557       7.96236619E-02
  0.143727496       8.17273930E-02
  0.144997552       8.38949829E-02
  0.146278828       8.61283913E-02
  0.147571445       8.84296298E-02
  0.148875475       9.08007771E-02
  0.150191024       9.32439417E-02
  0.151518196       9.57613140E-02
  0.152857095       9.83551145E-02
  0.154207841      0.101027645    
  0.155570507      0.103781238    
  0.156945214      0.106618293    
  0.158332080      0.109541267    
  0.159731194      0.112552680    
  0.161142677      0.115655094    
  0.162566632      0.118851140    
  0.164003164      0.122143500    
  0.165452391      0.125534907    
  0.166914433      0.129028141    
  0.168389380      0.132626086    
  0.169877365      0.136331603    
  0.171378508      0.140147686    
  0.172892913      0.144077301    
  0.174420685      0.148123547    
  0.175961971      0.152289495    
  0.177516878      0.156578317    
  0.179085523      0.160993189    
  0.180668026      0.165537387    
  0.182264522      0.170214161    
  0.183875114      0.175026849    
  0.185499936      0.179978803    
  0.187139124      0.185073406    
  0.188792795      0.190314069    
  0.190461084      0.195704237    
  0.192144111      0.201247349    
  0.193842009      0.206946909    
  0.195554912      0.212806374    
  0.197282955      0.218829259    
  0.199026257      0.225019023    
  0.200784966      0.231379181    
  0.202559233      0.237913206    
  0.204349160      0.244624525    
  0.206154913      0.251516610    
  0.207976609      0.258592814    
  0.209814414      0.265856534    
  0.211668462      0.273311049    
  0.213538885      0.280959636    
  0.215425849      0.288805455    
  0.217329472      0.296851665    
  0.219249934      0.305101246    
  0.221187353      0.313557178    
  0.223141894      0.322222292    
  0.225113705      0.331099302    
  0.227102935      0.340190798    
  0.229109764      0.349499226    
  0.231134310      0.359026939    
  0.233176738      0.368776083    
  0.235237226      0.378748626    
  0.237315923      0.388946384    
  0.239412993      0.399370998    
  0.241528586      0.410023808    
  0.243662879      0.420906067    
  0.245816022      0.432018697    
  0.247988194      0.443362415    
  0.250179559      0.454937696    
  0.252390295      0.466744721    
  0.254620582      0.478783369    
  0.256870538      0.491053283    
  0.259140402      0.503553808    
  0.261430323      0.516283870    
  0.263740480      0.529242218    
  0.266071051      0.542427123    
  0.268422216      0.555836558    
  0.270794153      0.569468260    
  0.273187041      0.583319306    
  0.275601089      0.597386718    
  0.278036445      0.611666977    
  0.280493349      0.626156092    
  0.282971948      0.640849769    
  0.285472453      0.655743361    
  0.287995070      0.670831740    
  0.290539950      0.686109304    
  0.293107331      0.701570094    
  0.295697421      0.717207789    
  0.298310369      0.733015418    
  0.300946414      0.748985887    
  0.303605765      0.765111387    
  0.306288600      0.781383872    
  0.308995128      0.797794759    
  0.311725587      0.814335108    
  0.314480186      0.830995560    
  0.317259133      0.847766221    
  0.320062608      0.864637017    
  0.322890878      0.881597161    
  0.325744122      0.898635805    
  0.328622609      0.915741444    
  0.331526488      0.932902277    
  0.334456056      0.950106204    
  0.337411523      0.967340767    
  0.340393066      0.984593093    
  0.343400985       1.00184989    
  0.346435487       1.01909792    
  0.349496782       1.03632319    
  0.352585167       1.05351174    
  0.355700821       1.07064915    
  0.358843982       1.08772087    
  0.362014949       1.10471213    
  0.365213931       1.12160790    
  0.368441164       1.13839281    
  0.371696919       1.15505171    
  0.374981463       1.17156899    
  0.378295034       1.18792892    
  0.381637871       1.20411563    
  0.385010242       1.22011340    
  0.388412416       1.23590624    
  0.391844660       1.25147808    
  0.395307213       1.26681304    
  0.398800403       1.28189504    
  0.402324438       1.29670811    
  0.405879617       1.31123626    
  0.409466207       1.32546377    
  0.413084477       1.33937478    
  0.416734725       1.35295367    
  0.420417249       1.36618495    
  0.424132317       1.37905324    
  0.427880198       1.39154339    
  0.431661189       1.40364051    
  0.435475618       1.41532993    
  0.439323723       1.42659712    
  0.443205833       1.43742812    
  0.447122276       1.44780910    
  0.451073319       1.45772660    
  0.455059260       1.46716738    
  0.459080428       1.47611892    
  0.463137150       1.48456895    
  0.467229694       1.49250543    
  0.471358418       1.49991715    
  0.475523621       1.50679314    
  0.479725629       1.51312315    
  0.483964741       1.51889718    
  0.488241345       1.52410603    
  0.492555737       1.52874100    
  0.496908247       1.53279400    
  0.501299202       1.53625751    
  0.505729020       1.53912485    
  0.510197937       1.54138958    
  0.514706314       1.54304647    
  0.519254565       1.54409063    
  0.523843050       1.54451787    
  0.528472006       1.54432499    
  0.533141911       1.54350936    
  0.537853062       1.54206896    
  0.542605817       1.54000294    
  0.547400653       1.53731072    
  0.552237809       1.53399289    
  0.557117701       1.53005064    
  0.562040687       1.52548599    
  0.567007244       1.52030158    
  0.572017610       1.51450121    
  0.577072322       1.50808918    
  0.582171679       1.50107062    
  0.587316096       1.49345136    
  0.592505932       1.48523831    
  0.597741663       1.47643864    
  0.603023708       1.46706080    
  0.608352363       1.45711362    
  0.613728106       1.44660676    
  0.619151354       1.43555057    
  0.624622583       1.42395616    
  0.630142093       1.41183519    
  0.635710418       1.39919996    
  0.641327918       1.38606358    
  0.646995068       1.37243950    
  0.652712286       1.35834193    
  0.658480048       1.34378564    
  0.664298773       1.32878590    
  0.670168877       1.31335831    
  0.676090896       1.29751909    
  0.682065248       1.28128481    
  0.688092351       1.26467252    
  0.694172740       1.24769974    
  0.700306892       1.23038399    
  0.706495225       1.21274352    
  0.712738216       1.19479644    
  0.719036400       1.17656136    
  0.725390255       1.15805709    
  0.731800199       1.13930261    
  0.738266826       1.12031686    
  0.744790554       1.10111904    
  0.751371980       1.08172834    
  0.758011580       1.06216419    
  0.764709771       1.04244578    
  0.771467209       1.02259231    
  0.778284371       1.00262308    
  0.785161734      0.982557178    
  0.792099893      0.962413609    
  0.799099326      0.942211151    
  0.806160688      0.921968520    
  0.813284397      0.901704073    
  0.820471048      0.881436110    
  0.827721179      0.861182451    
  0.835035443      0.840960860    
  0.842414320      0.820788562    
  0.849858344      0.800682604    
  0.857368231      0.780659497    
  0.864944458      0.760735512    
  0.872587562      0.740926445    
  0.880298257      0.721247673    
  0.888077140      0.701714098    
  0.895924687      0.682340145    
  0.903841615      0.663139820    
  0.911828518      0.644126475    
  0.919885933      0.625313103    
  0.928014576      0.606712103    
  0.936215103      0.588335335    
  0.944488049      0.570194066    
  0.952834070      0.552299082    
  0.961253881      0.534660459    
  0.969748080      0.517287850    
  0.978317380      0.500190258    
  0.986962378      0.483376056    
  0.995683730      0.466853082    
   1.00448215      0.450628549    
   1.01335835      0.434709132    
   1.02231300      0.419100821    
   1.03134680      0.403809100    
   1.04046035      0.388838828    
   1.04965448      0.374194324    
   1.05892980      0.359879255    
   1.06828713      0.345896780    
   1.07772720      0.332249522    
   1.08725059      0.318939477    
   1.09685826      0.305968165    
   1.10655069      0.293336540    
   1.11632884      0.281045079    
   1.12619340      0.269093692    
   1.13614511      0.257481903    
   1.14618468      0.246208698    
   1.15631306      0.235272571    
   1.16653097      0.224671632    
   1.17683911      0.214403570    
   1.18723834      0.204465628    
   1.19772947      0.194854677    
   1.20831335      0.185567245    
   1.21899068      0.176599458    
   1.22976243      0.167947143    
   1.24062932      0.159605816    
   1.25159228      0.151570678    
   1.26265204      0.143836677    
   1.27380955      0.136398479    
   1.28506577      0.129250556    
   1.29642129      0.122387141    
   1.30787730      0.115802266    
   1.31943440      0.109489791    
   1.33109379      0.103443436    
   1.34285605       9.76567641E-02
   1.35472238       9.21232328E-02
   1.36669350       8.68361890E-02
   1.37877035       8.17888975E-02
   1.39095402       7.69745633E-02
   1.40324533       7.23863468E-02
   1.41564524       6.80173561E-02
   1.42815471       6.38607144E-02
   1.44077468       5.99095225E-02
   1.45350623       5.61568923E-02
   1.46635032       5.25959805E-02
   1.47930777       4.92199659E-02
   1.49237978       4.60221022E-02
   1.50556743       4.29956876E-02
   1.51887143       4.01341133E-02
   1.53229308       3.74308489E-02
   1.54583335       3.48794684E-02
   1.55949330       3.24736498E-02
   1.57327390       3.02071832E-02
   1.58717620       2.80739851E-02
   1.60120142       2.60681044E-02
   1.61535060       2.41837185E-02
   1.62962484       2.24151537E-02
   1.64402509       2.07568780E-02
   1.65855277       1.92035157E-02
   1.67320871       1.77498385E-02
   1.68799412       1.63907818E-02
   1.70291018       1.51214385E-02
   1.71795809       1.39370626E-02
   1.73313904       1.28330709E-02
   1.74845409       1.18050436E-02
   1.76390445       1.08487252E-02
   1.77949131       9.96002275E-03
   1.79521596       9.13500600E-03
   1.81107962       8.36990494E-03
   1.82708335       7.66111119E-03
   1.84322858       7.00517138E-03
   1.85951638       6.39878865E-03
   1.87594819       5.83881838E-03
   1.89252520       5.32226544E-03
   1.90924859       4.84628091E-03
   1.92611980       4.40815836E-03
   1.94314015       4.00533108E-03
   1.96031094       3.63536738E-03
   1.97763336       3.29596642E-03
   1.99510896       2.98495521E-03
   2.01273894       2.70028296E-03
   2.03052473       2.44001811E-03
   2.04846764       2.20234296E-03
   2.06656909       1.98554993E-03
   2.08483052       1.78803620E-03
   2.10325313       1.60830037E-03
   2.12183881       1.44493743E-03
   2.14058852       1.29663455E-03
   2.15950418       1.16216647E-03
   2.17858672       1.04039174E-03
   2.19783807       9.30247887E-04
   2.21725941       8.30747827E-04
   2.23685241       7.40975433E-04
   2.25661850       6.60081976E-04
   2.27655935       5.87282004E-04
   2.29667640       5.21849783E-04
   2.31697130       4.63115663E-04
   2.33744526       4.10462701E-04
   2.35810041       3.63323314E-04
   2.37893796       3.21176019E-04
   2.39995956       2.83542438E-04
   2.42116714       2.49984383E-04
   2.44256186       2.20101079E-04
   2.46414590       1.93526444E-04
   2.48592043       1.69926658E-04
   2.50788760       1.48997744E-04
   2.53004885       1.30463333E-04
   2.55240583       1.14072463E-04
   2.57496023       9.95976952E-05
   2.59771419       8.68331263E-05
   2.62066913       7.55926958E-05
   2.64382696       6.57084820E-05
   2.66718936       5.70291886E-05
   2.69075823       4.94186897E-05
   2.71453524       4.27546875E-05
   2.73852253       3.69274785E-05
   2.76272178       3.18387793E-05
   2.78713489       2.74006670E-05
   2.81176353       2.35345760E-05
   2.83660984       2.01703861E-05
   2.86167598       1.72455675E-05
   2.88696337       1.47044057E-05
   2.91247416       1.24972694E-05
   2.93821073       1.05799409E-05
   2.96417427       8.91299533E-06
   2.99036765       7.46122168E-06
   3.01679230       6.19307639E-06
   3.04345036       5.08017774E-06
   3.07034421       4.09681297E-06
   3.09747553       3.21947141E-06
   3.12484670       2.42637884E-06
   3.15245962       1.69703537E-06
   3.18031645       1.01173896E-06
   3.20841980       3.51083145E-07
   3.23677111      -3.04584091E-07
   3.26537323       7.03315906E-10
   3.29422808       3.07287722E-21
   3.32333779       2.48110805E-21
   3.35270476       1.96755975E-21
   3.38233113       1.51700512E-21
   3.41221952       1.11567984E-21
   3.44237185       7.50806356E-22
   3.47279072       4.10424311E-22
   3.50347829       8.24942583E-23
   3.53443718      -2.45196877E-22
   3.56566954       0.00000000    
   3.59717774       0.00000000    
   3.62896466       0.00000000    
   3.66103220       0.00000000    
   3.69338322       0.00000000    
   3.72602010       0.00000000    
   3.75894547       0.00000000    
   3.79216170       0.00000000    
   3.82567167       0.00000000    
   3.85947752       0.00000000    
   3.89358211       0.00000000    
   3.92798805       0.00000000    
   3.96269798       0.00000000    
   3.99771476       0.00000000    
   4.03304100       0.00000000    
   4.06867933       0.00000000    
   4.10463238       0.00000000    
   4.14090347       0.00000000    
   4.17749500       0.00000000    
   4.21440983       0.00000000    
   4.25165081       0.00000000    
   4.28922081       0.00000000    
   4.32712317       0.00000000    
   4.36535978       0.00000000    
   4.40393496       0.00000000    
   4.44285059       0.00000000    
   4.48211050       0.00000000    
   4.52171707       0.00000000    
   4.56167364       0.00000000    
   4.60198307       0.00000000    
   4.64264870       0.00000000    
   4.68367386       0.00000000    
   4.72506189       0.00000000    
   4.76681519       0.00000000    
   4.80893755       0.00000000    
   4.85143232       0.00000000    
   4.89430237       0.00000000    
   4.93755102       0.00000000    
   4.98118258       0.00000000    
   5.02519894       0.00000000    
   5.06960487       0.00000000    
   5.11440277       0.00000000    
   5.15959644       0.00000000    
   5.20518970       0.00000000    
   5.25118589       0.00000000    
   5.29758835       0.00000000    
   5.34440088       0.00000000    
   5.39162731       0.00000000    
   5.43927097       0.00000000    
   5.48733568       0.00000000    
   5.53582478       0.00000000    
   5.58474255       0.00000000    
   5.63409281       0.00000000    
   5.68387890       0.00000000    
   5.73410511       0.00000000    
   5.78477478       0.00000000    
   5.83589268       0.00000000    
   5.88746214       0.00000000    
   5.93948698       0.00000000    
   5.99197197       0.00000000    
   6.04492044       0.00000000    
   6.09833717       0.00000000    
   6.15222549       0.00000000    
   6.20659018       0.00000000    
   6.26143551       0.00000000    
   6.31676483       0.00000000    
   6.37258387       0.00000000    
   6.42889547       0.00000000    
   6.48570538       0.00000000    
   6.54301643       0.00000000    
   6.60083485       0.00000000    
   6.65916348       0.00000000    
   6.71800756       0.00000000    
   6.77737188       0.00000000    
   6.83726072       0.00000000    
   6.89767885       0.00000000    
   6.95863104       0.00000000    
   7.02012157       0.00000000    
   7.08215523       0.00000000    
   7.14473772       0.00000000    
   7.20787287       0.00000000    
   7.27156544       0.00000000    
   7.33582163       0.00000000    
   7.40064526       0.00000000    
   7.46604156       0.00000000    
   7.53201580       0.00000000    
   7.59857321       0.00000000    
   7.66571856       0.00000000    
   7.73345757       0.00000000    
   7.80179501       0.00000000    
   7.87073612       0.00000000    
   7.94028664       0.00000000    
   8.01045132       0.00000000    
   8.08123684       0.00000000    
   8.15264702       0.00000000    
   8.22468853       0.00000000    
   8.29736710       0.00000000    
   8.37068748       0.00000000    
   8.44465637       0.00000000    
   8.51927757       0.00000000    
   8.59455967       0.00000000    
   8.67050552       0.00000000    
   8.74712372       0.00000000    
   8.82441807       0.00000000    
   8.90239620       0.00000000    
   8.98106289       0.00000000    
   9.06042480       0.00000000    
   9.14048767       0.00000000    
   9.22125912       0.00000000    
   9.30274296       0.00000000    
   9.38494778       0.00000000    
   9.46787834       0.00000000    
   9.55154228       0.00000000    
   9.63594532       0.00000000    
   9.72109413       0.00000000    
   9.80699539       0.00000000    
   9.89365578       0.00000000    
   9.98108196       0.00000000    
   10.0692816       0.00000000    
   10.1582594       0.00000000    
   10.2480240       0.00000000    
   10.3385811       0.00000000    
   10.4299393       0.00000000    
   10.5221043       0.00000000    
   10.6150837       0.00000000    
   10.7088852       0.00000000    
   10.8035145       0.00000000    
   10.8989811       0.00000000    
   10.9952908       0.00000000    
   11.0924520       0.00000000    
   11.1904707       0.00000000    
   11.2893562       0.00000000    
   11.3891163       0.00000000    
   11.4897566       0.00000000    
   11.5912876       0.00000000    
   11.6937151       0.00000000    
   11.7970476       0.00000000    
   11.9012928       0.00000000    
   12.0064602       0.00000000    
   12.1125565       0.00000000    
   12.2195892       0.00000000    
   12.3275690       0.00000000    
   12.4365025       0.00000000    
   12.5463991       0.00000000    
   12.6572666       0.00000000    
   12.7691135       0.00000000    
   12.8819494       0.00000000    
   12.9957819       0.00000000    
   13.1106195       0.00000000    
   13.2264729       0.00000000    
   13.3433504       0.00000000    
   13.4612598       0.00000000    
   13.5802116       0.00000000    
   13.7002144       0.00000000    
   13.8212776       0.00000000    
   13.9434099       0.00000000    
   14.0666227       0.00000000    
   14.1909237       0.00000000    
   14.3163223       0.00000000    
   14.4428301       0.00000000    
   14.5704556       0.00000000    
   14.6992083       0.00000000    
   14.8290997       0.00000000    
   14.9601383       0.00000000    
   15.0923347       0.00000000    
   15.2256994       0.00000000    
   15.3602428       0.00000000    
   15.4959745       0.00000000    
   15.6329069       0.00000000    
   15.7710485       0.00000000    
   15.9104099       0.00000000    
   16.0510044       0.00000000    
   16.1928406       0.00000000    
   16.3359299       0.00000000    
   16.4802837       0.00000000    
   16.6259136       0.00000000    
   16.7728291       0.00000000    
   16.9210434       0.00000000    
   17.0705681       0.00000000    
   17.2214146       0.00000000    
   17.3735924       0.00000000    
   17.5271168       0.00000000    
   17.6819954       0.00000000    
   17.8382454       0.00000000    
   17.9958744       0.00000000    
   18.1548958       0.00000000    
   18.3153229       0.00000000    
   18.4771690       0.00000000    
   18.6404438       0.00000000    
   18.8051605       0.00000000    
   18.9713345       0.00000000    
   19.1389771       0.00000000    
   19.3080997       0.00000000    
   19.4787178       0.00000000    
   19.6508427       0.00000000    
   19.8244896       0.00000000    
   19.9996700       0.00000000    
   20.1763992       0.00000000    
   20.3546906       0.00000000    
   20.5345554       0.00000000    
   20.7160110       0.00000000    
   20.8990707       0.00000000    
   21.0837460       0.00000000    
   21.2700558       0.00000000    
   21.4580097       0.00000000    
   21.6476250       0.00000000    
   21.8389168       0.00000000    
   22.0318985       0.00000000    
   22.2265854       0.00000000    
   22.4229927       0.00000000    
   22.6211357       0.00000000    
   22.8210297       0.00000000    
   23.0226898       0.00000000    
   23.2261314       0.00000000    
   23.4313717       0.00000000    
   23.6384239       0.00000000    
   23.8473072       0.00000000    
   24.0580368       0.00000000    
   24.2706280       0.00000000    
   24.4850960       0.00000000    
   24.7014618       0.00000000    
   24.9197388       0.00000000    
   25.1399441       0.00000000    
   25.3620949       0.00000000    
   25.5862103       0.00000000    
   25.8123035       0.00000000    
   26.0403976       0.00000000    
   26.2705059       0.00000000    
   26.5026474       0.00000000    
   26.7368393       0.00000000    
   26.9731026       0.00000000    
   27.2114525       0.00000000    
   27.4519081       0.00000000    
   27.6944904       0.00000000    
   27.9392147       0.00000000    
   28.1861019       0.00000000    
   28.4351711       0.00000000    
   28.6864414       0.00000000    
   28.9399319       0.00000000    
   29.1956615       0.00000000    
   29.4536514       0.00000000    
   29.7139225       0.00000000    
   29.9764919       0.00000000    
   30.2413826       0.00000000    
   30.5086117       0.00000000    
   30.7782040       0.00000000    
   31.0501785       0.00000000    
   31.3245564       0.00000000    
   31.6013584       0.00000000    
   31.8806076       0.00000000    
   32.1623230       0.00000000    
   32.4465294       0.00000000    
   32.7332458       0.00000000    
   33.0224953       0.00000000    
   33.3143005       0.00000000    
   33.6086845       0.00000000    
   33.9056740       0.00000000    
   34.2052841       0.00000000    
   34.5075417       0.00000000    
   34.8124695       0.00000000    
   35.1200943       0.00000000    
   35.4304352       0.00000000    
   35.7435188       0.00000000    
   36.0593719       0.00000000    
   36.3780136       0.00000000    
   36.6994705       0.00000000    
   37.0237694       0.00000000    
   37.3509331       0.00000000    
   37.6809845       0.00000000    
   38.0139580       0.00000000    
   38.3498726       0.00000000    
   38.6887550       0.00000000    
   39.0306320       0.00000000    
   39.3755264       0.00000000    
   39.7234726       0.00000000    
   40.0744934       0.00000000    
   40.4286156       0.00000000    
   40.7858658       0.00000000    
   41.1462746       0.00000000    
   41.5098686       0.00000000    
   41.8766708       0.00000000    
   42.2467194       0.00000000    
   42.6200371       0.00000000    
   42.9966507       0.00000000    
   43.3765945       0.00000000    
   43.7598953       0.00000000    
   44.1465836       0.00000000    
   44.5366898       0.00000000    
   44.9302444       0.00000000    
   45.3272743       0.00000000    
   45.7278099       0.00000000    
   46.1318893       0.00000000    
   46.5395393       0.00000000    
   46.9507904       0.00000000    
   47.3656731       0.00000000    
   47.7842255       0.00000000    
   48.2064743       0.00000000    
   48.6324539       0.00000000    
   49.0621986       0.00000000    
   49.4957428       0.00000000    
   49.9331169       0.00000000    
   50.3743553       0.00000000    
   50.8194923       0.00000000    
   51.2685623       0.00000000    
   51.7216034       0.00000000    
   52.1786461       0.00000000    
   52.6397247       0.00000000    
   53.1048813       0.00000000    
   53.5741501       0.00000000    
   54.0475616       0.00000000    
   54.5251579       0.00000000    
   55.0069733       0.00000000    
   55.4930458       0.00000000    
   55.9834175       0.00000000    
   56.4781189       0.00000000    
   56.9771919       0.00000000    
   57.4806786       0.00000000    
   57.9886093       0.00000000    
   58.5010338       0.00000000    
   59.0179825       0.00000000    
   59.5395012       0.00000000    
   60.0656242       0.00000000    
   60.5964012       0.00000000    
   61.1318665       0.00000000    
   61.6720619       0.00000000    
   62.2170334       0.00000000    
   62.7668190       0.00000000    
   63.3214645       0.00000000    
   63.8810120       0.00000000    
   64.4455032       0.00000000    
   65.0149765       0.00000000    
   65.5894928       0.00000000    
   66.1690750       0.00000000    
   66.7537842       0.00000000    
   67.3436661       0.00000000    
   67.9387512       0.00000000    
   68.5391006       0.00000000    
   69.1447525       0.00000000    
   69.7557526       0.00000000    
   70.3721542       0.00000000    
   70.9940033       0.00000000    
   71.6213531       0.00000000    
   72.2542419       0.00000000    
   72.8927231       0.00000000    
   73.5368423       0.00000000    
   74.1866608       0.00000000    
   74.8422165       0.00000000    
   75.5035629       0.00000000    
   76.1707611       0.00000000    
   76.8438492       0.00000000    
   77.5228882       0.00000000    
   78.2079239       0.00000000    
   78.8990173       0.00000000    
   79.5962143       0.00000000    
   80.2995758       0.00000000    
   81.0091476       0.00000000    
   81.7249908       0.00000000    
   82.4471664       0.00000000    
   83.1757126       0.00000000    
   83.9107056       0.00000000    
   84.6521912       0.00000000    
   85.4002228       0.00000000    
   86.1548691       0.00000000    
   86.9161835       0.00000000    
   87.6842270       0.00000000    
   88.4590607       0.00000000    
   89.2407379       0.00000000    
   90.0293198       0.00000000    
   90.8248749       0.00000000    
   91.6274567       0.00000000    
   92.4371262       0.00000000    
   93.2539597       0.00000000    
   94.0780029       0.00000000    
   94.9093323       0.00000000    
   95.7480087       0.00000000    
   96.5940933       0.00000000    
   97.4476547       0.00000000    
   98.3087616       0.00000000    
   99.1774750       0.00000000    
   100.053864       0.00000000    
   100.938004       0.00000000    
   101.829948       0.00000000    
   102.729774       0.00000000    
   103.637558       0.00000000    
   104.553360       0.00000000    
   105.477257       0.00000000    
   106.409317       0.00000000    
   107.349609       0.00000000    
   108.298218       0.00000000    
   109.255203       0.00000000    
   110.220642       0.00000000    
   111.194618       0.00000000    
   112.177200       0.00000000    
   113.168465       0.00000000    
   114.168488       0.00000000    
   115.177345       0.00000000    
   116.195122       0.00000000    
   117.221893       0.00000000    
   118.257736       0.00000000    
   119.302727       0.00000000    
  20. 0.
  20. -100000.
  0. -100000.
