   3.3627886318793411E-006   323.66078018922622     
   3.3925042148090786E-006   323.66078018777227     
   3.4224823821488162E-006   323.66078018625933     
   3.4527254542492096E-006   323.66078018282406     
   3.4832357719649025E-006   323.66078018025894     
   3.5140156968357106E-006   323.66078017763164     
   3.5450676112694065E-006   323.66078017587279     
   3.5763939187261232E-006   323.66078017311816     
   3.6079970439043843E-006   323.66078017122948     
   3.6398794329287793E-006   323.66078016834285     
   3.6720435535392962E-006   323.66078016631980     
   3.7044918952823290E-006   323.66078016515905     
   3.7372269697033709E-006   323.66078016113408     
   3.7702513105414128E-006   323.66078015890048     
   3.8035674739250544E-006   323.66078015473147     
   3.8371780385703586E-006   323.66078015235098     
   3.8710856059804409E-006   323.66078015082667     
   3.9052928006468332E-006   323.66078014829418     
   3.9398022702526207E-006   323.66078014475249     
   3.9746166858773799E-006   323.66078014206266     
   4.0097387422039182E-006   323.66078013929211     
   4.0451711577268510E-006   323.66078013643914     
   4.0809166749630141E-006   323.66078013257129     
   4.1169780606637394E-006   323.66078012954961     
   4.1533581060290026E-006   323.66078012644107     
   4.1900596269234724E-006   323.66078012417563     
   4.2270854640944539E-006   323.66078011902653     
   4.2644384833917707E-006   323.66078011751131     
   4.3021215759895885E-006   323.66078011310901     
   4.3401376586101858E-006   323.66078011047466     
   4.3784896737497264E-006   323.66078010588149     
   4.4171805899059996E-006   323.66078010212129     
   4.4562134018081927E-006   323.66078009826140     
   4.4955911306486871E-006   323.66078009429998     
   4.5353168243168984E-006   323.66078009209787     
   4.5753935576351948E-006   323.66078008699640     
   4.6158244325968826E-006   323.66078008271938     
   4.6566125786063114E-006   323.66078007833312     
   4.6977611527210942E-006   323.66078007383601     
   4.7392733398964654E-006   323.66078007108877     
   4.7811523532318011E-006   323.66078006589817     
   4.8234014342193182E-006   323.66078006152202     
   4.8660238529949692E-006   323.66078005702707     
   4.9090229085915572E-006   323.66078005334202     
   4.9524019291940840E-006   323.66078004813687     
   4.9961642723973547E-006   323.66078004327187     
   5.0403133254658628E-006   323.66078003874486     
   5.0848525055959683E-006   323.66078003408779     
   5.1297852601803916E-006   323.66078002929862     
   5.1751150670750483E-006   323.66078002344352     
   5.2208454348682396E-006   323.66078001884819     
   5.2669799031522213E-006   323.66078001457925     
   5.3135220427971725E-006   323.66078000877144     
   5.3604754562275872E-006   323.66078000328480     
   5.4078437777011070E-006   323.66077999765128     
   5.4556306735898133E-006   323.66077999186791     
   5.5038398426640163E-006   323.66077998639821     
   5.5524750163785405E-006   323.66077998077333     
   5.6015399591615439E-006   323.66077997499087     
   5.6510384687058927E-006   323.66077996904789     
   5.7009743762631049E-006   323.66077996294166     
   5.7513515469398948E-006   323.66077995760031     
   5.8021738799973422E-006   323.66077995022715     
   5.8534453091526934E-006   323.66077994501006     
   5.9051698028838392E-006   323.66077993775502     
   5.9573513647364825E-006   323.66077993171882     
   6.0099940336340168E-006   323.66077992456951     
   6.0631018841901412E-006   323.66077991770123     
   6.1166790270242451E-006   323.66077991111047     
   6.1707296090795764E-006   323.66077990386270     
   6.2252578139442153E-006   323.66077989642008     
   6.2802678621748932E-006   323.66077988971074     
   6.3357640116236708E-006   323.66077988186817     
   6.3917505577674987E-006   323.66077987428582     
   6.4482318340406944E-006   323.66077986602897     
   6.5052122121703559E-006   323.66077985849063     
   6.5626961025147397E-006   323.66077985027027     
   6.6206879544046269E-006   323.66077984276080     
   6.6791922564877116E-006   323.66077983456159     
   6.7382135370760191E-006   323.66077982566844     
   6.7977563644964164E-006   323.66077981654303     
   6.8578253474441963E-006   323.66077980811247     
   6.9184251353398007E-006   323.66077980037278     
   6.9795604186886914E-006   323.66077979005979     
   7.0412359294444024E-006   323.66077978089481     
   7.1034564413748016E-006   323.66077977147597     
   7.1662267704315781E-006   323.66077976179918     
   7.2295517751230140E-006   323.66077975232531     
   7.2934363568900339E-006   323.66077974304972     
   7.3578854604855859E-006   323.66077973257075     
   7.4229040743573656E-006   323.66077972181461     
   7.4884972310339366E-006   323.66077971170819     
   7.5546700075142532E-006   323.66077970131482     
   7.6214275256606241E-006   323.66077969016385     
   7.6887749525951522E-006   323.66077967918136     
   7.7567175010996785E-006   323.66077966882779     
   7.8252604300192591E-006   323.66077965676959     
   7.8944090446692021E-006   323.66077964486362     
   7.9641686972457126E-006   323.66077963357020     
   8.0345447872401540E-006   323.66077962148665     
   8.1055427618569832E-006   323.66077960860730     
   8.1771681164353624E-006   323.66077959725453     
   8.2494263948745124E-006   323.66077958369692     
   8.3223231900628155E-006   323.66077957165396     
   8.3958641443107145E-006   323.66077955832532     
   8.4700549497874319E-006   323.66077954463606     
   8.5449013489615547E-006   323.66077953057993     
   8.6204091350455080E-006   323.66077951708166     
   8.6965841524439571E-006   323.66077950320300     
   8.7734322972061724E-006   323.66077948940324     
   8.8509595174823904E-006   323.66077947427834     
   8.9291718139842118E-006   323.66077945968425     
   9.0080752404490615E-006   323.66077944514768     
   9.0876759041087591E-006   323.66077942926495     
   9.1679799661622260E-006   323.66077941342530     
   9.2489936422523628E-006   323.66077939762135     
   9.3307232029471628E-006   323.66077938091405     
   9.4131749742250550E-006   323.66077936469287     
   9.4963553379645362E-006   323.66077934801820     
   9.5802707324381529E-006   323.66077933111524     
   9.6649276528108167E-006   323.66077931350992     
   9.7503326516425478E-006   323.66077929565949     
   9.8364923393956525E-006   323.66077927778849     
   9.9234133849463772E-006   323.66077925965533     
   1.0011102516101090E-005   323.66077924078570     
   1.0099566520117025E-005   323.66077922186878     
   1.0188812244227618E-005   323.66077920289604     
   1.0278846596172501E-005   323.66077918315932     
   1.0369676544732163E-005   323.66077916311497     
   1.0461309120267347E-005   323.66077914252048     
   1.0553751415263213E-005   323.66077912159903     
   1.0647010584878292E-005   323.66077910057356     
   1.0741093847498319E-005   323.66077907920089     
   1.0836008485294943E-005   323.66077905723819     
   1.0931761844789375E-005   323.66077903514042     
   1.1028361337421012E-005   323.66077901243125     
   1.1125814440121107E-005   323.66077898956576     
   1.1224128695891483E-005   323.66077896606703     
   1.1323311714388371E-005   323.66077894192370     
   1.1423371172511415E-005   323.66077891805594     
   1.1524314814997871E-005   323.66077889282212     
   1.1626150455022051E-005   323.66077886830590     
   1.1728885974800096E-005   323.66077884239962     
   1.1832529326200040E-005   323.66077881625552     
   1.1937088531357324E-005   323.66077878962790     
   1.2042571683295700E-005   323.66077876273698     
   1.2148986946553652E-005   323.66077873556992     
   1.2256342557816339E-005   323.66077870718220     
   1.2364646826553123E-005   323.66077867895740     
   1.2473908135660744E-005   323.66077864995054     
   1.2584134942112152E-005   323.66077862038037     
   1.2695335777611100E-005   323.66077859046595     
   1.2807519249252504E-005   323.66077855972685     
   1.2920694040188645E-005   323.66077852908018     
   1.3034868910301260E-005   323.66077849734666     
   1.3150052696879559E-005   323.66077846520966     
   1.3266254315304255E-005   323.66077843242078     
   1.3383482759737619E-005   323.66077839943011     
   1.3501747103819644E-005   323.66077836505758     
   1.3621056501370354E-005   323.66077833068402     
   1.3741420187098324E-005   323.66077829536107     
   1.3862847477315462E-005   323.66077825953801     
   1.3985347770658090E-005   323.66077822296461     
   1.4108930548814431E-005   323.66077818608926     
   1.4233605377258496E-005   323.66077814842845     
   1.4359381905990460E-005   323.66077811019693     
   1.4486269870283586E-005   323.66077807114334     
   1.4614279091437758E-005   323.66077803171481     
   1.4743419477539649E-005   323.66077799119387     
   1.4873701024229637E-005   323.66077795002661     
   1.5005133815475459E-005   323.66077790796044     
   1.5137728024352747E-005   323.66077786544099     
   1.5271493913832420E-005   323.66077782174943     
   1.5406441837575063E-005   323.66077777802889     
   1.5542582240732303E-005   323.66077773286133     
   1.5679925660755298E-005   323.66077768715661     
   1.5818482728210324E-005   323.66077764065972     
   1.5958264167601614E-005   323.66077759288294     
   1.6099280798201442E-005   323.66077754496757     
   1.6241543534887552E-005   323.66077749595911     
   1.6385063388987981E-005   323.66077744606696     
   1.6529851469133350E-005   323.66077739503430     
   1.6675918982116694E-005   323.66077734306953     
   1.6823277233760882E-005   323.66077729084634     
   1.6971937629793686E-005   323.66077723670981     
   1.7121911676730623E-005   323.66077718249676     
   1.7273210982765566E-005   323.66077712701679     
   1.7425847258669226E-005   323.66077707024351     
   1.7579832318695596E-005   323.66077701238248     
   1.7735178081496376E-005   323.66077695410468     
   1.7891896571043504E-005   323.66077689468364     
   1.8049999917559816E-005   323.66077683409048     
   1.8209500358457956E-005   323.66077677252929     
   1.8370410239287560E-005   323.66077670950472     
   1.8532742014690815E-005   323.66077664568525     
   1.8696508249366474E-005   323.66077658034146     
   1.8861721619042368E-005   323.66077651437377     
   1.9028394911456541E-005   323.66077644728466     
   1.9196541027347025E-005   323.66077637857620     
   1.9366172981450386E-005   323.66077630879761     
   1.9537303903509057E-005   323.66077623779881     
   1.9709947039287639E-005   323.66077616542964     
   1.9884115751598107E-005   323.66077609177160     
   2.0059823521334115E-005   323.66077601690597     
   2.0237083948514450E-005   323.66077594068042     
   2.0415910753335683E-005   323.66077586317476     
   2.0596317777234130E-005   323.66077578423551     
   2.0778318983957192E-005   323.66077570394100     
   2.0961928460644181E-005   323.66077562202008     
   2.1147160418916682E-005   323.66077553913203     
   2.1334029195978533E-005   323.66077545407268     
   2.1522549255725569E-005   323.66077536808211     
   2.1712735189865134E-005   323.66077528018764     
   2.1904601719045500E-005   323.66077519116209     
   2.2098163693995263E-005   323.66077510026412     
   2.2293436096672816E-005   323.66077500768313     
   2.2490434041425969E-005   323.66077491349097     
   2.2689172776161815E-005   323.66077481787556     
   2.2889667683526954E-005   323.66077472044151     
   2.3091934282098111E-005   323.66077462090948     
   2.3295988227583308E-005   323.66077452016316     
   2.3501845314033632E-005   323.66077441722257     
   2.3709521475065718E-005   323.66077431273720     
   2.3919032785095028E-005   323.66077420619104     
   2.4130395460580045E-005   323.66077409776597     
   2.4343625861277429E-005   323.66077398764310     
   2.4558740491508302E-005   323.66077387530333     
   2.4775756001435694E-005   323.66077376115902     
   2.4994689188353290E-005   323.66077364468947     
   2.5215556997985575E-005   323.66077352653770     
   2.5438376525799437E-005   323.66077340618097     
   2.5663165018327387E-005   323.66077328344534     
   2.5889939874502474E-005   323.66077315885400     
   2.6118718647004975E-005   323.66077303199802     
   2.6349519043620988E-005   323.66077290270005     
   2.6582358928613059E-005   323.66077277124759     
   2.6817256324102884E-005   323.66077263746092     
   2.7054229411466266E-005   323.66077250127591     
   2.7293296532740340E-005   323.66077236262731     
   2.7534476192043311E-005   323.66077222144872     
   2.7777787057006684E-005   323.66077207790522     
   2.8023247960220156E-005   323.66077193157867     
   2.8270877900689280E-005   323.66077178298133     
   2.8520696045306043E-005   323.66077163169246     
   2.8772721730332367E-005   323.66077147763940     
   2.9026974462896811E-005   323.66077132086491     
   2.9283473922504401E-005   323.66077116129372     
   2.9542239962559879E-005   323.66077099873291     
   2.9803292611904381E-005   323.66077083357015     
   3.0066652076365678E-005   323.66077066549360     
   3.0332338740322166E-005   323.66077049418959     
   3.0600373168280610E-005   323.66077031980899     
   3.0870776106467898E-005   323.66077014250084     
   3.1143568484436788E-005   323.66076996206402     
   3.1418771416685924E-005   323.66076977829539     
   3.1696406204294101E-005   323.66076959145607     
   3.1976494336569000E-005   323.66076940122377     
   3.2259057492710514E-005   323.66076920762350     
   3.2544117543488694E-005   323.66076901044619     
   3.2831696552936645E-005   323.66076880994649     
   3.3121816780058244E-005   323.66076860579517     
   3.3414500680551085E-005   323.66076839777827     
   3.3709770908544505E-005   323.66076818649469     
   3.4007650318353111E-005   323.66076797126073     
   3.4308161966245711E-005   323.66076775232250     
   3.4611329112229878E-005   323.66076752910931     
   3.4917175221852332E-005   323.66076730244572     
   3.5225723968015212E-005   323.66076707129150     
   3.5536999232808353E-005   323.66076683658366     
   3.5851025109357836E-005   323.66076659739485     
   3.6167825903690796E-005   323.66076635395939     
   3.6487426136616769E-005   323.66076610627715     
   3.6809850545625609E-005   323.66076585387987     
   3.7135124086802204E-005   323.66076559746182     
   3.7463271936758143E-005   323.66076533620139     
   3.7794319494580387E-005   323.66076507043886     
   3.8128292383797205E-005   323.66076479981427     
   3.8465216454361473E-005   323.66076452460493     
   3.8805117784651483E-005   323.66076424438813     
   3.9148022683489444E-005   323.66076395908772     
   3.9493957692177870E-005   323.66076366885795     
   3.9842949586553814E-005   323.66076337344316     
   4.0195025379061453E-005   323.66076307293451     
   4.0550212320842843E-005   323.66076276689682     
   4.0908537903847172E-005   323.66076245535828     
   4.1270029862958714E-005   323.66076213846031     
   4.1634716178143545E-005   323.66076181587641     
   4.2002625076615199E-005   323.66076148751029     
   4.2373785035019516E-005   323.66076115355338     
   4.2748224781638769E-005   323.66076081349661     
   4.3125973298615272E-005   323.66076046723504     
   4.3507059824194632E-005   323.66076011501013     
   4.3891513854988830E-005   323.66075975671129     
   4.4279365148259307E-005   323.66075939170082     
   4.4670643724220207E-005   323.66075902038597     
   4.5065379868361982E-005   323.66075864253060     
   4.5463604133795543E-005   323.66075825783696     
   4.5865347343617073E-005   323.66075786635338     
   4.6270640593293847E-005   323.66075746789238     
   4.6679515253070995E-005   323.66075706243737     
   4.7092002970399625E-005   323.66075664979405     
   4.7508135672386411E-005   323.66075622976462     
   4.7927945568264723E-005   323.66075580226391     
   4.8351465151887736E-005   323.66075536726180     
   4.8778727204243457E-005   323.66075492449136     
   4.9209764795992029E-005   323.66075447368212     
   4.9644611290025463E-005   323.66075401520015     
   5.0083300344049925E-005   323.66075354835982     
   5.0525865913190931E-005   323.66075307328674     
   5.0972342252621506E-005   323.66075258992748     
   5.1422763920213576E-005   323.66075209775943     
   5.1877165779212804E-005   323.66075159701234     
   5.2335583000937043E-005   323.66075108732934     
   5.2798051067498630E-005   323.66075056840816     
   5.3264605774550792E-005   323.66075004052391     
   5.3735283234058230E-005   323.66074950307427     
   5.4210119877092273E-005   323.66074895626696     
   5.4689152456650648E-005   323.66074839960720     
   5.5172418050502283E-005   323.66074783317742     
   5.5659954064057083E-005   323.66074725670592     
   5.6151798233261247E-005   323.66074666997440     
   5.6647988627518021E-005   323.66074607287658     
   5.7148563652634328E-005   323.66074546500920     
   5.7653562053793493E-005   323.66074484648868     
   5.8163022918554077E-005   323.66074421690189     
   5.8676985679875366E-005   323.66074357617981     
   5.9195490119169525E-005   323.66074292407359     
   5.9718576369380730E-005   323.66074226038688     
   6.0246284918091533E-005   323.66074158497611     
   6.0778656610656607E-005   323.66074089751748     
   6.1315732653364252E-005   323.66074019791427     
   6.1857554616625860E-005   323.66073948583096     
   6.2404164438193470E-005   323.66073876110090     
   6.2955604426405813E-005   323.66073802349285     
   6.3511917263463056E-005   323.66073727282799     
   6.4073146008730451E-005   323.66073650886267     
   6.4639334102071179E-005   323.66073573128892     
   6.5210525367208675E-005   323.66073493996680     
   6.5786764015118610E-005   323.66073413445872     
   6.6368094647450927E-005   323.66073331472774     
   6.6954562259982032E-005   323.66073248061355     
   6.7546212246097549E-005   323.66073163160002     
   6.8143090400305786E-005   323.66073076739633     
   6.8745242921782360E-005   323.66072988787926     
   6.9352716417946041E-005   323.66072899280164     
   6.9965557908066193E-005   323.66072808167644     
   7.0583814826902225E-005   323.66072715464861     
   7.1207535028374982E-005   323.66072621104092     
   7.1836766789270813E-005   323.66072525069228     
   7.2471558812978168E-005   323.66072427325844     
   7.3111960233257422E-005   323.66072327850361     
   7.3758020618043752E-005   323.66072226618371     
   7.4409789973283862E-005   323.66072123563879     
   7.5067318746806515E-005   323.66072018707325     
   7.5730657832227149E-005   323.66071911975166     
   7.6399858572887290E-005   323.66071803348223     
   7.7074972765828447E-005   323.66071692791900     
   7.7756052665801318E-005   323.66071580279367     
   7.8443150989310404E-005   323.66071465762525     
   7.9136320918694297E-005   323.66071349215565     
   7.9835616106242139E-005   323.66071230600062     
   8.0541090678346288E-005   323.66071109882455     
   8.1252799239691818E-005   323.66070987019395     
   8.1970796877483003E-005   323.66070861975288     
   8.2695139165707123E-005   323.66070734704704     
   8.3425882169435993E-005   323.66070605178675     
   8.4163082449165429E-005   323.66070473361265     
   8.4906797065193148E-005   323.66070339192220     
   8.5657083582035319E-005   323.66070202647927     
   8.6414000072882065E-005   323.66070063680399     
   8.7177605124092499E-005   323.66069922243400     
   8.7947957839729343E-005   323.66069778289489     
   8.8725117846133624E-005   323.66069631790378     
   8.9509145296539895E-005   323.66069482687487     
   9.0300100875732151E-005   323.66069330935522     
   9.1098045804740955E-005   323.66069176485030     
   9.1903041845581908E-005   323.66069019299778     
   9.2715151306036259E-005   323.66068859324798     
   9.3534437044473531E-005   323.66068696509581     
   9.4360962474716853E-005   323.66068530799339     
   9.5194791570951266E-005   323.66068362149576     
   9.6035988872675474E-005   323.66068190508543     
   9.6884619489697187E-005   323.66068015814290     
   9.7740749107172800E-005   323.66067838020945     
   9.8604443990691468E-005   323.66067657075268     
   9.9475770991404135E-005   323.66067472916700     
   1.0035479755119796E-004   323.66067285483155     
   1.0124159170791636E-004   323.66067094731329     
   1.0213622210062527E-004   323.66066900584326     
   1.0303875797492585E-004   323.66066702995658     
   1.0394926918831423E-004   323.66066501899672     
   1.0486782621558856E-004   323.66066297232010     
   1.0579450015430386E-004   323.66066088923617     
   1.0672936273027507E-004   323.66065876929963     
   1.0767248630312869E-004   323.66065661163930     
   1.0862394387190356E-004   323.66065441568685     
   1.0958380908070106E-004   323.66065218076756     
   1.1055215622438528E-004   323.66064990618850     
   1.1152906025433353E-004   323.66064759120843     
   1.1251459678423767E-004   323.66064523512512     
   1.1350884209595667E-004   323.66064283721630     
   1.1451187314542108E-004   323.66064039679827     
   1.1552376756858936E-004   323.66063791296301     
   1.1654460368745708E-004   323.66063538504341     
   1.1757446051611914E-004   323.66063281232266     
   1.1861341776688558E-004   323.66063019385820     
   1.1966155585645135E-004   323.66062752894777     
   1.2071895591212081E-004   323.66062481669235     
   1.2178569977808697E-004   323.66062205628623     
   1.2286187002176637E-004   323.66061924684277     
   1.2394754994018994E-004   323.66061638762631     
   1.2504282356645029E-004   323.66061347758637     
   1.2614777567620595E-004   323.66061051590987     
   1.2726249179424319E-004   323.66060750161353     
   1.2838705820109568E-004   323.66060443383435     
   1.2952156193972274E-004   323.66060131159679     
   1.3066609082224668E-004   323.66059813386948     
   1.3182073343674940E-004   323.66059489982752     
   1.3298557915412932E-004   323.66059160832799     
   1.3416071813501890E-004   323.66058825834625     
   1.3534624133676302E-004   323.66058484897439     
   1.3654224052045934E-004   323.66058137901507     
   1.3774880825806059E-004   323.66057784744476     
   1.3896603793953999E-004   323.66057425321105     
   1.4019402378011948E-004   323.66057059514367     
   1.4143286082756235E-004   323.66056687212949     
   1.4268264496952986E-004   323.66056308308202     
   1.4394347294100334E-004   323.66055922667999     
   1.4521544233177128E-004   323.66055530188930     
   1.4649865159398312E-004   323.66055130732354     
   1.4779320004976962E-004   323.66054724196988     
   1.4909918789893036E-004   323.66054310434527     
   1.5041671622668943E-004   323.66053889328100     
   1.5174588701151961E-004   323.66053460745695     
   1.5308680313303553E-004   323.66053024556095     
   1.5443956837995676E-004   323.66052580622932     
   1.5580428745814122E-004   323.66052128807655     
   1.5718106599868948E-004   323.66051668973660     
   1.5857001056612081E-004   323.66051200968968     
   1.5997122866662144E-004   323.66050724662330     
   1.6138482875636552E-004   323.66050239896731     
   1.6281092024991004E-004   323.66049746522754     
   1.6424961352866344E-004   323.66049244391195     
   1.6570101994942937E-004   323.66048733345747     
   1.6716525185302592E-004   323.66048213225849     
   1.6864242257298075E-004   323.66047683875308     
   1.7013264644430347E-004   323.66047145123321     
   1.7163603881233528E-004   323.66046596806211     
   1.7315271604167673E-004   323.66046038755758     
   1.7468279552519461E-004   323.66045470796098     
   1.7622639569310836E-004   323.66044892756861     
   1.7778363602215659E-004   323.66044304451191     
   1.7935463704484478E-004   323.66043705703316     
   1.8093952035877481E-004   323.66043096326621     
   1.8253840863605654E-004   323.66042476126495     
   1.8415142563280300E-004   323.66041844919175     
   1.8577869619870914E-004   323.66041202501049     
   1.8742034628671547E-004   323.66040548680564     
   1.8907650296275686E-004   323.66039883254950     
   1.9074729441559779E-004   323.66039206009975     
   1.9243284996675418E-004   323.66038516744743     
   1.9413330008050315E-004   323.66037815240895     
   1.9584877637398101E-004   323.66037101282950     
   1.9757941162737078E-004   323.66036374650923     
   1.9932533979417940E-004   323.66035635111461     
   2.0108669601160599E-004   323.66034882448366     
   2.0286361661100164E-004   323.66034116417245     
   2.0465623912842160E-004   323.66033336792077     
   2.0646470231527083E-004   323.66032543319943     
   2.0828914614904351E-004   323.66031735763136     
   2.1012971184415741E-004   323.66030913868428     
   2.1198654186288429E-004   323.66030077383050     
   2.1385977992637638E-004   323.66029226042826     
   2.1574957102579086E-004   323.66028359589575     
   2.1765606143351221E-004   323.66027477752073     
   2.1957939871447389E-004   323.66026580258949     
   2.2151973173758019E-004   323.66025666829944     
   2.2347721068722876E-004   323.66024737182920     
   2.2545198707493516E-004   323.66023791033820     
   2.2744421375106005E-004   323.66022828080463     
   2.2945404491663988E-004   323.66021848034507     
   2.3148163613532247E-004   323.66020850587711     
   2.3352714434540773E-004   323.66019835433701     
   2.3559072787199492E-004   323.66018802251835     
   2.3767254643923717E-004   323.66017750730202     
   2.3977276118270443E-004   323.66016680535131     
   2.4189153466185558E-004   323.66015591338453     
   2.4402903087262067E-004   323.66014482808748     
   2.4618541526009449E-004   323.66013354592246     
   2.4836085473134211E-004   323.66012206343180     
   2.5055551766831811E-004   323.66011037709143     
   2.5276957394089906E-004   323.66009848326451     
   2.5500319492003195E-004   323.66008637827326     
   2.5725655349099856E-004   323.66007405833852     
   2.5952982406679683E-004   323.66006151966576     
   2.6182318260164095E-004   323.66004875836995     
   2.6413680660458010E-004   323.66003577050287     
   2.6647087515323822E-004   323.66002255205194     
   2.6882556890767459E-004   323.66000909886441     
   2.7120107012436741E-004   323.65999540682105     
   2.7359756267032037E-004   323.65998147170228     
   2.7601523203729466E-004   323.65996728912864     
   2.7845426535616589E-004   323.65995285474776     
   2.8091485141140839E-004   323.65993816408627     
   2.8339718065570753E-004   323.65992321257727     
   2.8590144522470072E-004   323.65990799557289     
   2.8842783895184930E-004   323.65989250842813     
   2.9097655738344130E-004   323.65987674625319     
   2.9354779779372693E-004   323.65986070424390     
   2.9614175920018816E-004   323.65984437740440     
   2.9875864237894251E-004   323.65982776066005     
   3.0139864988028406E-004   323.65981084888540     
   3.0406198604436026E-004   323.65979363682720     
   3.0674885701698887E-004   323.65977611914002     
   3.0945947076561350E-004   323.65975829041895     
   3.1219403709540066E-004   323.65974014512483     
   3.1495276766547916E-004   323.65972167766847     
   3.1773587600532262E-004   323.65970288228471     
   3.2054357753127677E-004   323.65968375318926     
   3.2337608956323357E-004   323.65966428442357     
   3.2623363134145122E-004   323.65964446998294     
   3.2911642404352437E-004   323.65962430369655     
   3.3202469080150339E-004   323.65960377933470     
   3.3495865671916456E-004   323.65958289055413     
   3.3791854888943438E-004   323.65956163085878     
   3.4090459641196598E-004   323.65953999367673     
   3.4391703041087223E-004   323.65951797228445     
   3.4695608405261474E-004   323.65949555990528     
   3.5002199256405184E-004   323.65947274953874     
   3.5311499325064462E-004   323.65944953413202     
   3.5623532551482537E-004   323.65942590652571     
   3.5938323087452741E-004   323.65940185936256     
   3.6255895298187882E-004   323.65937738518664     
   3.6576273764206153E-004   323.65935247647565     
   3.6899483283233710E-004   323.65932712544054     
   3.7225548872124034E-004   323.65930132425524     
   3.7554495768794257E-004   323.65927506492915     
   3.7886349434178643E-004   323.65924833932468     
   3.8221135554199269E-004   323.65922113914621     
   3.8558880041754178E-004   323.65919345598786     
   3.8899609038723054E-004   323.65916528126263     
   3.9243348917990619E-004   323.65913660622141     
   3.9590126285487989E-004   323.65910742200583     
   3.9939967982251945E-004   323.65907771958678     
   4.0292901086502508E-004   323.65904748968671     
   4.0648952915738816E-004   323.65901672303039     
   4.1008151028853524E-004   323.65898541003401     
   4.1370523228265920E-004   323.65895354100519     
   4.1736097562073858E-004   323.65892110605830     
   4.2104902326224705E-004   323.65888809515957     
   4.2476966066705543E-004   323.65885449805830     
   4.2852317581752573E-004   323.65882030436819     
   4.3230985924080234E-004   323.65878550346815     
   4.3613000403129842E-004   323.65875008459182     
   4.3998390587338246E-004   323.65871403677136     
   4.4387186306426419E-004   323.65867734881795     
   4.4779417653708329E-004   323.65864000934494     
   4.5175114988420234E-004   323.65860200682880     
   4.5574308938070476E-004   323.65856332946441     
   4.5977030400810132E-004   323.65852396527623     
   4.6383310547824553E-004   323.65848390203280     
   4.6793180825746057E-004   323.65844312736408     
   4.7206672959087956E-004   323.65840162861059     
   4.7623818952700068E-004   323.65835939291105     
   4.8044651094245901E-004   323.65831640717556     
   4.8469201956701842E-004   323.65827265808559     
   4.8897504400878251E-004   323.65822813208058     
   4.9329591577963034E-004   323.65818281538145     
   4.9765496932087491E-004   323.65813669390241     
   5.0205254202915009E-004   323.65808975338382     
   5.0648897428252524E-004   323.65804197926809     
   5.1096460946685116E-004   323.65799335673682     
   5.1547979400233827E-004   323.65794387074004     
   5.2003487737037021E-004   323.65789350593070     
   5.2463021214055447E-004   323.65784224669358     
   5.2926615399801109E-004   323.65779007714525     
   5.3394306177090365E-004   323.65773698112685     
   5.3866129745821307E-004   323.65768294215900     
   5.4342122625775655E-004   323.65762794351497     
   5.4822321659445442E-004   323.65757196813911     
   5.5306764014884720E-004   323.65751499865428     
   5.5795487188586325E-004   323.65745701746130     
   5.6288529008384242E-004   323.65739800653512     
   5.6785927636381517E-004   323.65733794762684     
   5.7287721571904003E-004   323.65727682208785     
   5.7793949654480297E-004   323.65721461098383     
   5.8304651066847988E-004   323.65715129501416     
   5.8819865337986438E-004   323.65708685457469     
   5.9339632346176339E-004   323.65702126968245     
   5.9863992322086433E-004   323.65695452001114     
   6.0392985851887319E-004   323.65688658485794     
   6.0926653880392966E-004   323.65681744317851     
   6.1465037714229841E-004   323.65674707353276     
   6.2008179025034116E-004   323.65667545409997     
   6.2556119852677126E-004   323.65660256269030     
   6.3108902608519253E-004   323.65652837670518     
   6.3666570078692709E-004   323.65645287312645     
   6.4229165427413175E-004   323.65637602857805     
   6.4796732200320779E-004   323.65629781921268     
   6.5369314327850625E-004   323.65621822079970     
   6.5946956128633022E-004   323.65613720865372     
   6.6529702312923835E-004   323.65605475766779     
   6.7117597986065083E-004   323.65597084227170     
   6.7710688651976224E-004   323.65588543644890     
   6.8309020216676143E-004   323.65579851372775     
   6.8912638991836374E-004   323.65571004714729     
   6.9521591698365720E-004   323.65562000929845     
   7.0135925470026417E-004   323.65552837224163     
   7.0755687857082473E-004   323.65543510758187     
   7.1380926829980016E-004   323.65534018639573     
   7.2011690783060358E-004   323.65524357926552     
   7.2648028538305697E-004   323.65514525622109     
   7.3289989349118107E-004   323.65504518677676     
   7.3937622904131708E-004   323.65494333991330     
   7.4590979331058704E-004   323.65483968404783     
   7.5250109200569336E-004   323.65473418704141     
   7.5915063530206063E-004   323.65462681617214     
   7.6585893788332473E-004   323.65451753815978     
   7.7262651898116924E-004   323.65440631910587     
   7.7945390241551508E-004   323.65429312453307     
   7.8634161663506503E-004   323.65417791934544     
   7.9329019475820586E-004   323.65406066778360     
   8.0030017461427290E-004   323.65394133353107     
   8.0737209878517849E-004   323.65381987956187     
   8.1450651464740867E-004   323.65369626821484     
   8.2170397441439099E-004   323.65357046115253     
   8.2896503517923613E-004   323.65344241935804     
   8.3629025895785793E-004   323.65331210312752     
   8.4368021273247451E-004   323.65317947204733     
   8.5113546849549277E-004   323.65304448498887     
   8.5865660329378197E-004   323.65290710007184     
   8.6624419927333769E-004   323.65276727470086     
   8.7389884372434073E-004   323.65262496551009     
   8.8162112912661410E-004   323.65248012835661     
   8.8941165319548208E-004   323.65233271832085     
   8.9727101892803334E-004   323.65218268967840     
   9.0519983464979511E-004   323.65202999589940     
   9.1319871406181699E-004   323.65187458963067     
   9.2126827628817337E-004   323.65171642265761     
   9.2940914592388351E-004   323.65155544593301     
   9.3762195308325698E-004   323.65139160950946     
   9.4590733344866425E-004   323.65122486256666     
   9.5426592831974078E-004   323.65105515340133     
   9.6269838466302323E-004   323.65088242935542     
   9.7120535516202571E-004   323.65070663685322     
   9.7978749826775949E-004   323.65052772136062     
   9.8844547824969626E-004   323.65034562737378     
   9.9717996524718508E-004   323.65016029841479     
   1.0059916353213211E-003   323.64997167697845     
   1.0148811705072737E-003   323.64977970456061     
   1.0238492588670780E-003   323.64958432159972     
   1.0328965945428895E-003   323.64938546746760     
   1.0420238778107141E-003   323.64918308050210     
   1.0512318151346090E-003   323.64897709788283     
   1.0605211192213644E-003   323.64876745572144     
   1.0698925090756679E-003   323.64855408898006     
   1.0793467100557563E-003   323.64833693143305     
   1.0888844539295591E-003   323.64811591572652     
   1.0985064789313396E-003   323.64789097327639     
   1.1082135298188334E-003   323.64766203428394     
   1.1180063579308952E-003   323.64742902771991     
   1.1278857212456519E-003   323.64719188128720     
   1.1378523844391729E-003   323.64695052139734     
   1.1479071189446554E-003   323.64670487314982     
   1.1580507030121362E-003   323.64645486031850     
   1.1682839217687271E-003   323.64620040532907     
   1.1786075672793868E-003   323.64594142921544     
   1.1890224386082262E-003   323.64567785160750     
   1.1995293418803584E-003   323.64540959071769     
   1.2101290903442929E-003   323.64513656328415     
   1.2208225044348828E-003   323.64485868458951     
   1.2316104118368272E-003   323.64457586837784     
   1.2424936475487348E-003   323.64428802688940     
   1.2534730539477544E-003   323.64399507077655     
   1.2645494808547766E-003   323.64369690912940     
   1.2757237856002095E-003   323.64339344939731     
   1.2869968330903386E-003   323.64308459739345     
   1.2983694958742713E-003   323.64277025725687     
   1.3098426542114731E-003   323.64245033142254     
   1.3214171961399013E-003   323.64212472057568     
   1.3330940175447401E-003   323.64179332364938     
   1.3448740222277433E-003   323.64145603778388     
   1.3567581219771899E-003   323.64111275826826     
   1.3687472366384573E-003   323.64076337854692     
   1.3808422941852200E-003   323.64040779015647     
   1.3930442307912739E-003   323.64004588271348     
   1.4053539909029990E-003   323.63967754386397     
   1.4177725273124603E-003   323.63930265925148     
   1.4303008012311552E-003   323.63892111249936     
   1.4429397823644127E-003   323.63853278514762     
   1.4556904489864491E-003   323.63813755663114     
   1.4685537880160893E-003   323.63773530423873     
   1.4815307950931547E-003   323.63732590307438     
   1.4946224746555264E-003   323.63690922602393     
   1.5078298400168920E-003   323.63648514371880     
   1.5211539134451749E-003   323.63605352446450     
   1.5345957262416616E-003   323.63561423424812     
   1.5481563188208241E-003   323.63516713664796     
   1.5618367407908508E-003   323.63471209284046     
   1.5756380510348863E-003   323.63424896151093     
   1.5895613177929909E-003   323.63377759883747     
   1.6036076187448242E-003   323.63329785843973     
   1.6177780410930587E-003   323.63280959132828     
   1.6320736816475300E-003   323.63231264586227     
   1.6464956469101331E-003   323.63180686771227     
   1.6610450531604648E-003   323.63129209978456     
   1.6757230265422283E-003   323.63076818219713     
   1.6905307031503944E-003   323.63023495223126     
   1.7054692291191404E-003   323.62969224425433     
   1.7205397607105606E-003   323.62913988969626     
   1.7357434644041624E-003   323.62857771698532     
   1.7510815169871543E-003   323.62800555149806     
   1.7665551056455300E-003   323.62742321549081     
   1.7821654280559588E-003   323.62683052807097     
   1.7979136924784875E-003   323.62622730511464     
   1.8138011178500601E-003   323.62561335922760     
   1.8298289338788672E-003   323.62498849967017     
   1.8459983811395242E-003   323.62435253231013     
   1.8623107111690978E-003   323.62370525957078     
   1.8787671865639721E-003   323.62304648034205     
   1.8953690810775772E-003   323.62237598993590     
   1.9121176797189810E-003   323.62169358002905     
   1.9290142788523474E-003   323.62099903857859     
   1.9460601862972798E-003   323.62029214977008     
   1.9632567214300455E-003   323.61957269395157     
   1.9806052152856989E-003   323.61884044754868     
   1.9981070106611046E-003   323.61809518301027     
   2.0157634622188733E-003   323.61733666873931     
   2.0335759365922102E-003   323.61656466900865     
   2.0515458124907007E-003   323.61577894389654     
   2.0696744808070180E-003   323.61497924919797     
   2.0879633447245857E-003   323.61416533637203     
   2.1064138198261802E-003   323.61333695244798     
   2.1250273342035054E-003   323.61249383994470     
   2.1438053285677224E-003   323.61163573679960     
   2.1627492563609679E-003   323.61076237628424     
   2.1818605838688485E-003   323.60987348691719     
   2.2011407903339353E-003   323.60896879237066     
   2.2205913680702597E-003   323.60804801142172     
   2.2402138225788189E-003   323.60711085780554     
   2.2600096726641044E-003   323.60615704018608     
   2.2799804505516602E-003   323.60518626201588     
   2.3001277020066784E-003   323.60419822148333     
   2.3204529864536429E-003   323.60319261138898     
   2.3409578770970333E-003   323.60216911905991     
   2.3616439610430898E-003   323.60112742625972     
   2.3825128394226597E-003   323.60006720907745     
   2.4035661275151267E-003   323.59898813783593     
   2.4248054548734357E-003   323.59788987697834     
   2.4462324654502213E-003   323.59677208497237     
   2.4678488177250530E-003   323.59563441420050     
   2.4896561848328038E-003   323.59447651085225     
   2.5116562546931534E-003   323.59329801481488     
   2.5338507301412333E-003   323.59209855955180     
   2.5562413290594324E-003   323.59087777200091     
   2.5788297845103589E-003   323.58963527244896     
   2.6016178448709858E-003   323.58837067442107     
   2.6246072739679748E-003   323.58708358455101     
   2.6477998512142000E-003   323.58577360246238     
   2.6711973717464762E-003   323.58444032064801     
   2.6948016465645069E-003   323.58308332433239     
   2.7186145026710561E-003   323.58170219135127     
   2.7426377832133609E-003   323.58029649201671     
   2.7668733476257940E-003   323.57886578897592     
   2.7913230717737866E-003   323.57740963709136     
   2.8159888480990239E-003   323.57592758328258     
   2.8408725857659192E-003   323.57441916639993     
   2.8659762108093900E-003   323.57288391706834     
   2.8913016662839340E-003   323.57132135754830     
   2.9168509124140232E-003   323.56973100158439     
   2.9426259267458280E-003   323.56811235425289     
   2.9686287043002840E-003   323.56646491180334     
   2.9948612577275079E-003   323.56478816151366     
   3.0213256174625785E-003   323.56308158151046     
   3.0480238318826968E-003   323.56134464062359     
   3.0749579674657322E-003   323.55957679821290     
   3.1021301089501703E-003   323.55777750399250     
   3.1295423594964763E-003   323.55594619787018     
   3.1571968408498803E-003   323.55408230977105     
   3.1850956935046038E-003   323.55218525944565     
   3.2132410768695384E-003   323.55025445630292     
   3.2416351694353846E-003   323.54828929922598     
   3.2702801689432717E-003   323.54628917636967     
   3.2991782925548651E-003   323.54425346498192     
   3.3283317770239789E-003   323.54218153120792     
   3.3577428788697005E-003   323.54007272988520     
   3.3874138745510519E-003   323.53792640434688     
   3.4173470606431891E-003   323.53574188621485     
   3.4475447540151588E-003   323.53351849519584     
   3.4780092920092308E-003   323.53125553885127     
   3.5087430326218062E-003   323.52895231239950     
   3.5397483546859366E-003   323.52660809849510     
   3.5710276580554401E-003   323.52422216698506     
   3.6025833637906629E-003   323.52179377469940     
   3.6344179143458625E-003   323.51932216521129     
   3.6665337737582671E-003   323.51680656859946     
   3.6989334278387884E-003   323.51424620121031     
   3.7316193843644281E-003   323.51164026540766     
   3.7645941732723852E-003   323.50898794932914     
   3.7978603468558744E-003   323.50628842662718     
   3.8314204799616801E-003   323.50354085621211     
   3.8652771701894479E-003   323.50074438198601     
   3.8994330380927467E-003   323.49789813258587     
   3.9338907273819036E-003   323.49500122109089     
   3.9686529051286253E-003   323.49205274476492     
   4.0037222619724380E-003   323.48905178475650     
   4.0391015123289464E-003   323.48599740582597     
   4.0747933945999310E-003   323.48288865604479     
   4.1108006713853028E-003   323.47972456649291     
   4.1471261296969373E-003   323.47650415096609     
   4.1837725811743895E-003   323.47322640566392     
   4.2207428623025171E-003   323.46989030886471     
   4.2580398346310326E-003   323.46649482061764     
   4.2956663849959874E-003   323.46303888241550     
   4.3336254257432191E-003   323.45952141685973     
   4.3719198949537701E-003   323.45594132732015     
   4.4105527566712984E-003   323.45229749759699     
   4.4495270011314994E-003   323.44858879157232     
   4.4888456449935542E-003   323.44481405284307     
   4.5285117315736235E-003   323.44097210437553     
   4.5685283310804032E-003   323.43706174811871     
   4.6088985408527638E-003   323.43308176464484     
   4.6496254855994861E-003   323.42903091275389     
   4.6907123176411240E-003   323.42490792909609     
   4.7321622171539908E-003   323.42071152776452     
   4.7739783924163138E-003   323.41644039990456     
   4.8161640800565573E-003   323.41209321329086     
   4.8587225453039437E-003   323.40766861192242     
   4.9016570822411872E-003   323.40316521558543     
   4.9449710140594579E-003   323.39858161943152     
   4.9886676933156007E-003   323.39391639352846     
   5.0327505021916311E-003   323.38916808241925     
   5.0772228527565183E-003   323.38433520465981     
   5.1220881872302846E-003   323.37941625235953     
   5.1673499782504389E-003   323.37440969070656     
   5.2130117291407608E-003   323.36931395748491     
   5.2590769741824644E-003   323.36412746258804     
   5.3055492788877589E-003   323.35884858751990     
   5.3524322402758173E-003   323.35347568488305     
   5.3997294871511968E-003   323.34800707787133     
   5.4474446803847131E-003   323.34244105973346     
   5.4955815131967909E-003   323.33677589324680     
   5.5441437114433301E-003   323.33100981016798     
   5.5931350339040904E-003   323.32514101068193     
   5.6425592725736244E-003   323.31916766283450     
   5.6924202529547840E-003   323.31308790195783     
   5.7427218343548206E-003   323.30689983009097     
   5.7934679101841009E-003   323.30060151538260     
   5.8446624082574570E-003   323.29419099147913     
   5.8963092910982121E-003   323.28766625691912     
   5.9484125562448810E-003   323.28102527450051     
   6.0009762365605852E-003   323.27426597063823     
   6.0540044005452012E-003   323.26738623472397     
   6.1075011526502722E-003   323.26038391845543     
   6.1614706335966930E-003   323.25325683516985     
   6.2159170206952073E-003   323.24600275915452     
   6.2708445281697434E-003   323.23861942495046     
   6.3262574074835955E-003   323.23110452664469     
   6.3821599476684915E-003   323.22345571714231     
   6.4385564756565756E-003   323.21567060744133     
   6.4954513566153138E-003   323.20774676586848     
   6.5528489942853667E-003   323.19968171733603     
   6.6107538313214418E-003   323.19147294254981     
   6.6691703496361623E-003   323.18311787723349     
   6.7281030707469769E-003   323.17461391131280     
   6.7875565561261262E-003   323.16595838810895     
   6.8475354075537079E-003   323.15714860350022     
   6.9080442674738637E-003   323.14818180507757     
   6.9690878193541068E-003   323.13905519128537     
   7.0306707880478329E-003   323.12976591053473     
   7.0927979401600259E-003   323.12031106032146     
   7.1554740844162025E-003   323.11068768631492     
   7.2187040720346129E-003   323.10089278142573     
   7.2824927971017316E-003   323.09092328487793     
   7.3468451969510651E-003   323.08077608123619     
   7.4117662525453138E-003   323.07044799944379     
   7.4772609888618972E-003   323.05993581182224     
   7.5433344752819011E-003   323.04923623306786     
   7.6099918259824473E-003   323.03834591921373     
   7.6772382003325442E-003   323.02726146659791     
   7.7450788032924264E-003   323.01597941079035     
   7.8135188858164274E-003   323.00449622550707     
   7.8825637452594050E-003   322.99280832151669     
   7.9522187257867697E-003   322.98091204551133     
   8.0224892187881307E-003   322.96880367896699     
   8.0933806632945918E-003   322.95647943698270     
   8.1648985463997382E-003   322.94393546709568     
   8.2370484036843588E-003   322.93116784808001     
   8.3098358196448899E-003   322.91817258872209     
   8.3832664281256759E-003   322.90494562657091     
   8.4573459127550259E-003   322.89148282667577     
   8.5320800073851420E-003   322.87777998028719     
   8.6074744965359273E-003   322.86383280355096     
   8.6835352158427109E-003   322.84963693617078     
   8.7602680525079354E-003   322.83518794004090     
   8.8376789457568390E-003   322.82048129787199     
   8.9157738872971491E-003   322.80551241177568     
   8.9945589217828598E-003   322.79027660183056     
   9.0740401472820913E-003   322.77476910463224     
   9.1542237157490863E-003   322.75898507179738     
   9.2351158335003871E-003   322.74291956846344     
   9.3167227616952012E-003   322.72656757174593     
   9.3990508168200360E-003   322.70992396917666     
   9.4821063711775962E-003   322.69298355711283     
   9.5658958533800069E-003   322.67574103911772     
   9.6504257488464040E-003   322.65819102431215     
   9.7357026003049088E-003   322.64032802569932     
   9.8217330082990464E-003   322.62214645846029     
   9.9085236316986333E-003   322.60364063821521     
   9.9960811882151904E-003   322.58480477926105     
   1.0084412454921893E-002   322.56563299277082     
   1.0173524268778135E-002   322.54611928497229     
   1.0263423527158708E-002   322.52625755527924     
   1.0354117188387682E-002   322.50604159440650     
   1.0445612272276975E-002   322.48546508244090     
   1.0537915860669702E-002   322.46452158688317     
   1.0631035097988323E-002   322.44320456065623     
   1.0724977191787622E-002   322.42150734007578     
   1.0819749413312589E-002   322.39942314278915     
   1.0915359098061224E-002   322.37694506567607     
   1.1011813646352306E-002   322.35406608271353     
   1.1109120523898199E-002   322.33077904280412     
   1.1207287262382699E-002   322.30707666756859     
   1.1306321460044006E-002   322.28295154909290     
   1.1406230782262824E-002   322.25839614764834     
   1.1507022962155687E-002   322.23340278935939     
   1.1608705801173505E-002   322.20796366384388     
   1.1711287169705407E-002   322.18207082180015     
   1.1814775007687918E-002   322.15571617256307     
   1.1919177325219524E-002   322.12889148161116     
   1.2024502203180666E-002   322.10158836803589     
   1.2130757793859212E-002   322.07379830196260     
   1.2237952321581440E-002   322.04551260193102     
   1.2346094083348637E-002   322.01672243223129     
   1.2455191449479278E-002   321.98741880018974     
   1.2565252864256906E-002   321.95759255341363     
   1.2676286846583734E-002   321.92723437698646     
   1.2788301990640020E-002   321.89633479061558     
   1.2901306966549262E-002   321.86488414573137     
   1.3015310521049282E-002   321.83287262253816     
   1.3130321478169232E-002   321.80029022701171     
   1.3246348739912591E-002   321.76712678785213     
   1.3363401286946188E-002   321.73337195337899     
   1.3481488179295318E-002   321.69901518837776     
   1.3600618557045004E-002   321.66404577088906     
   1.3720801641047444E-002   321.62845278895020     
   1.3842046733635725E-002   321.59222513727786     
   1.3964363219343835E-002   321.55535151389199     
   1.4087760565633031E-002   321.51782041669037     
   1.4212248323624650E-002   321.47962013996039     
   1.4337836128839359E-002   321.44073877083656     
   1.4464533701942967E-002   321.40116418569073     
   1.4592350849498822E-002   321.36088404647660     
   1.4721297464726847E-002   321.31988579699885     
   1.4851383528269280E-002   321.27815665912931     
   1.4982619108963209E-002   321.23568362895651     
   1.5115014364619898E-002   321.19245347287392     
   1.5248579542811022E-002   321.14845272360344     
   1.5383324981661832E-002   321.10366767615096     
   1.5519261110651366E-002   321.05808438369797     
   1.5656398451419671E-002   321.01168865342652     
   1.5794747618582215E-002   320.96446604227401     
   1.5934319320551470E-002   320.91640185261815     
   1.6075124360365751E-002   320.86748112789599     
   1.6217173636525379E-002   320.81768864814569     
   1.6360478143836270E-002   320.76700892548206     
   1.6505048974260909E-002   320.71542619949514     
   1.6650897317776907E-002   320.66292443257566     
   1.6798034463243121E-002   320.60948730516714     
   1.6946471799273406E-002   320.55509821093835     
   1.7096220815118135E-002   320.49974025188465     
   1.7247293101553464E-002   320.44339623334326     
   1.7399700351778492E-002   320.38604865893558     
   1.7553454362320305E-002   320.32767972542854     
   1.7708567033947065E-002   320.26827131751327     
   1.7865050372589137E-002   320.20780500250169     
   1.8022916490268361E-002   320.14626202494151     
   1.8182177606035545E-002   320.08362330114539     
   1.8342846046916238E-002   320.01986941363759     
   1.8504934248864850E-002   319.95498060550904     
   1.8668454757727215E-002   319.88893677469537     
   1.8833420230211666E-002   319.82171746815186     
   1.8999843434868657E-002   319.75330187595478     
   1.9167737253079093E-002   319.68366882530256     
   1.9337114680051358E-002   319.61279677442792     
   1.9507988825827147E-002   319.54066380641871     
   1.9680372916296221E-002   319.46724762294764     
   1.9854280294220102E-002   319.39252553790243     
   2.0029724420264815E-002   319.31647447092689     
   2.0206718874042760E-002   319.23907094085985     
   2.0385277355163812E-002   319.16029105908297     
   2.0565413684295670E-002   319.08011052276674     
   2.0747141804233593E-002   318.99850460801792     
   2.0930475780979611E-002   318.91544816292947     
   2.1115429804831231E-002   318.83091560052685     
   2.1302018191479800E-002   318.74488089161400     
   2.1490255383118557E-002   318.65731755751813     
   2.1680155949560471E-002   318.56819866272906     
   2.1871734589365963E-002   318.47749680743516     
   2.2065006130980606E-002   318.38518411995528     
   2.2259985533882864E-002   318.29123224906380     
   2.2456687889741964E-002   318.19561235620972     
   2.2655128423586024E-002   318.09829510763018     
   2.2855322494980481E-002   317.99925066635160     
   2.3057285599216965E-002   317.89844868408954     
   2.3261033368512613E-002   317.79585829303119     
   2.3466581573220069E-002   317.69144809751583     
   2.3673946123048101E-002   317.58518616559957     
   2.3883143068293044E-002   317.47704002051250     
   2.4094188601081121E-002   317.36697663200414     
   2.4307099056621720E-002   317.25496240757661     
   2.4521890914471770E-002   317.14096318360600     
   2.4738580799811290E-002   317.02494421635356     
   2.4957185484730179E-002   316.90687017286155     
   2.5177721889526425E-002   316.78670512173869     
   2.5400207084015733E-002   316.66441252383197     
   2.5624658288852759E-002   316.53995522278694     
   2.5851092876864039E-002   316.41329543549375     
   2.6079528374392619E-002   316.28439474242225     
   2.6309982462654660E-002   316.15321407784234     
   2.6542472979107976E-002   316.01971371993659     
   2.6777017918832666E-002   315.88385328079494     
   2.7013635435923972E-002   315.74559169630436     
   2.7252343844897418E-002   315.60488721592253     
   2.7493161622106386E-002   315.46169739234620     
   2.7736107407172222E-002   315.31597907106493     
   2.7981200004426943E-002   315.16768837981147     
   2.8228458384368726E-002   315.01678071789979     
   2.8477901685130261E-002   314.86321074546117     
   2.8729549213960072E-002   314.70693237257052     
   2.8983420448716896E-002   314.54789874827355     
   2.9239535039377321E-002   314.38606224950558     
   2.9497912809556718E-002   314.22137446991513     
   2.9758573758043597E-002   314.05378620858613     
   3.0021538060347564E-002   313.88324745866106     
   3.0286826070260921E-002   313.70970739587312     
   3.0554458321434084E-002   313.53311436698095     
   3.0824455528964907E-002   313.35341587811740     
   3.1096838591002041E-002   313.17055858304701     
   3.1371628590362535E-002   312.98448827134098     
   3.1648846796163616E-002   312.79514985646875     
   3.1928514665468970E-002   312.60248736381033     
   3.2210653844949561E-002   312.40644391859627     
   3.2495286172559090E-002   312.20696173377320     
   3.2782433679224302E-002   312.00398209780150     
   3.3072118590550169E-002   311.79744536239212     
   3.3364363328540259E-002   311.58729093018104     
   3.3659190513332139E-002   311.37345724235138     
   3.3956622964948287E-002   311.15588176620594     
   3.4256683705062317E-002   310.93450098269238     
   3.4559395958780950E-002   310.70925037389492     
   3.4864783156441620E-002   310.48006441048710     
   3.5172868935426066E-002   310.24687653916203     
   3.5483677141989835E-002   310.00961917004076     
   3.5797231833108074E-002   309.76822366406594     
   3.6113557278337524E-002   309.52262032039158     
   3.6432677961695061E-002   309.27273836377043     
   3.6754618583552744E-002   309.01850593195491     
   3.7079404062549698E-002   308.75985006311055     
   3.7407059537520833E-002   308.49669668325976     
   3.7737610369442620E-002   308.22897059375759     
   3.8071082143396079E-002   307.95659545881489     
   3.8407500670547066E-002   307.67949379307436     
   3.8746891990144160E-002   307.39758694925257     
   3.9089282371534043E-002   307.11079510585938     
   3.9434698316194859E-002   306.81903725500393     
   3.9783166559787433E-002   306.52223119030145     
   4.0134714074224663E-002   306.22029349489139     
   4.0489368069759141E-002   305.91313952958291     
   4.0847155997089324E-002   305.60068342113749     
   4.1208105549484217E-002   305.28283805070743     
   4.1572244664926844E-002   304.95951504244056     
   4.1939601528276776E-002   304.63062475227053     
   4.2310204573451575E-002   304.29607625690642     
   4.2684082485627668E-002   303.95577734303873     
   4.3061264203460653E-002   303.60963449678127     
   4.3441778921325079E-002   303.25755289336490     
   4.3825656091574267E-002   302.89943638710253     
   4.4212925426819864E-002   302.53518750164591     
   4.4603616902231670E-002   302.16470742055412     
   4.4997760757857767E-002   301.78789597819548     
   4.5395387500965126E-002   301.40465165100369     
   4.5796527908400914E-002   301.01487154911365     
   4.6201213028974668E-002   300.61845140839711     
   4.6609474185861512E-002   300.21528558292744     
   4.7021342979026604E-002   299.80526703789394     
   4.7436851287671042E-002   299.38828734299670     
   4.7856031272699315E-002   298.96423666634769     
   4.8278915379208649E-002   298.53300376890525     
   4.8705536339000259E-002   298.09447599947430     
   4.9135927173112853E-002   297.64853929030050     
   4.9570121194378536E-002   297.19507815328984     
   5.0008152010001194E-002   296.73397567688983     
   5.0450053524157809E-002   296.26511352366094     
   5.0895859940622651E-002   295.78837192857645     
   5.1345605765414699E-002   295.30362969808641     
   5.1799325809468472E-002   294.81076420998261     
   5.2257055191328415E-002   294.30965141410167     
   5.2718829339867143E-002   293.80016583391006     
   5.3184683997027693E-002   293.28218056900539     
   5.3654655220589952E-002   292.75556729858340     
   5.4128779386961617E-002   292.22019628590846     
   5.4607093193993803E-002   291.67593638383630     
   5.5089633663821427E-002   291.12265504143170     
   5.5576438145728851E-002   290.56021831173325     
   5.6067544319040694E-002   289.98849086070823     
   5.6562990196038346E-002   289.40733597745430     
   5.7062814124902120E-002   288.81661558569397     
   5.7567054792679422E-002   288.21619025661965     
   5.8075751228279245E-002   287.60591922314131     
   5.8588942805493038E-002   286.98566039559410     
   5.9106669246042257E-002   286.35527037896202     
   5.9628970622652946E-002   285.71460449168001     
   6.0155887362157358E-002   285.06351678607064     
   6.0687460248623065E-002   284.40186007048203     
   6.1223730426509720E-002   283.72948593318807     
   6.1764739403853658E-002   283.04624476811580     
   6.2310529055480714E-002   282.35198580246890     
   6.2861141626247369E-002   281.64655712631463     
   6.3416619734310578E-002   280.92980572420197     
   6.3977006374426396E-002   280.20157750888711     
   6.4542344921277972E-002   279.46171735723289     
   6.5112679132832654E-002   278.71006914836278     
   6.5688053153729054E-002   277.94647580414039     
   6.6268511518693785E-002   277.17077933205451     
   6.6854099155988583E-002   276.38282087058769     
   6.7444861390887803E-002   275.58244073714752     
   6.8040843949186608E-002   274.76947847864426     
   6.8642092960740295E-002   273.94377292479595     
   6.9248654963034714E-002   273.10516224424350     
   6.9860576904788418E-002   272.25348400356722     
   7.0477906149586475E-002   271.38857522928248     
   7.1100690479546549E-002   270.51027247291012     
   7.1728978099017252E-002   269.61841187920504     
   7.2362817638309235E-002   268.71282925763524     
   7.3002258157459241E-002   267.79336015720025     
   7.3647349150027436E-002   266.85983994468177     
   7.4298140546928279E-002   265.91210388641656     
   7.4954682720295179E-002   264.94998723368553     
   7.5617026487379460E-002   263.97332531181206     
   7.6285223114483602E-002   262.98195361306153     
   7.6959324320929376E-002   261.97570789343604     
   7.7639382283060956E-002   260.95442427345949     
   7.8325449638283529E-002   259.91793934304388     
   7.9017579489137305E-002   258.86609027053123     
   7.9715825407407931E-002   257.79871491600386     
   8.0420241438272907E-002   256.71565194895402     
   8.1130882104484825E-002   255.61674097040577     
   8.1847802410591378E-002   254.50182263957660     
   8.2571057847192972E-002   253.37073880516900     
   8.3300704395237596E-002   252.22333264137956     
   8.4036798530353923E-002   251.05944878870869     
   8.4779397227222608E-002   249.87893349965569     
   8.5528557963986118E-002   248.68163478937981     
   8.6284338726697746E-002   247.46740259140330     
   8.7046798013809656E-002   246.23608891843517     
   8.7815994840700906E-002   244.98754802838079     
   8.8591988744245148E-002   243.72163659561264     
   8.9374839787419044E-002   242.43821388755885     
   9.0164608563951046E-002   241.13714194667216     
   9.0961356203011573E-002   239.81828577783352     
   9.1765144373944410E-002   238.48151354123473     
   9.2576035291040012E-002   237.12669675078945     
   9.3394091718351016E-002   235.75371047810114     
   9.4219376974550184E-002   234.36243356202479     
   9.5051954937831459E-002   232.95274882383785     
   9.5891890050854106E-002   231.52454328803967     
   9.6739247325730762E-002   230.07770840878220     
   9.7594092349059386E-002   228.61214030192906     
   9.8456491286999848E-002   227.12773998273065     
   9.9326510890395153E-002   225.62441360909148     
  0.10020421849993810        224.10207273039543     
  0.10108968205138362        222.56063454184309     
  0.10198297008080696        221.00002214424308     
  0.10288415172990859        219.42016480918710     
  0.10379329675136575        217.82099824952289     
  0.10471047551423150        216.20246489502620     
  0.10563575900938134        214.56451417315770     
  0.10656921885500796        212.90710279477460     
  0.10751092730216470        211.23019504465043     
  0.10846095724035772        209.53376307663675     
  0.10941938220318785        207.81778721328649     
  0.11038627637404223        206.08225624973400     
  0.11136171459183611        204.32716776161246     
  0.11234577235680544        202.55252841676472     
  0.11333852583635089        200.75835429048209     
  0.11434005187093314        198.94467118398555     
  0.11535042798002045        197.11151494584016     
  0.11636973236808881        195.25893179596233     
  0.11739804393067513        193.38697865186941     
  0.11843544226048373        191.49572345677814     
  0.11948200765354704        189.58524550914458     
  0.12053782111544051        187.65563579320403     
  0.12160296436755268        185.70699731004473     
  0.12267751985341041        183.73944540871733     
  0.12376157074506021        181.75310811685551     
  0.12485520094950579        179.74812647024950     
  0.12595849511520263        177.72465484078708     
  0.12707153863860987        175.68286126214235     
  0.12819441767080011        173.62292775256077     
  0.12932721912412762        171.54505063405909     
  0.13047003067895546        169.44944084732163     
  0.13162294079044207        167.33632426154696     
  0.13278603869538785        165.20594197845870     
  0.13395941441914216        163.05855062966864     
  0.13514315878257144        160.89442266653899     
  0.13633736340908878        158.71384664166342     
  0.13754212073174588        156.51712748104995     
  0.13875752400038724        154.30458674605737     
  0.13998366728886810        152.07656288410243     
  0.14122064550233568        149.83341146712758     
  0.14246855438457506        147.57550541678256     
  0.14372749052541978        145.30323521524772     
  0.14499755136822820        143.01700910059463     
  0.14627883521742557        140.71725324555572     
  0.14757144124611302        138.40441191854342     
  0.14887546950374370        136.07894762573994     
  0.15019102092386666        133.74134123305510     
  0.15151819733193930        131.39209206672521     
  0.15285710145320883        129.03171799131511     
  0.15420783692066334        126.66075546386423     
  0.15557050828305299        124.27975956291014     
  0.15694522101298244        121.88930399110878     
  0.15833208151507441        119.48998105016926     
  0.15973119713420561        117.08240158681923     
  0.16114267616381536        114.66719490851337     
  0.16256662785428772        112.24500866761184     
  0.16400316242140744        109.81650871276132     
  0.16545239105489101        107.38237890622861     
  0.16691442592699279        104.94332090595798     
  0.16838938020118732        102.50005391115172     
  0.16987736804092826        100.05331437020301     
  0.17137850461848492        97.603855649851511     
  0.17289290612385669        95.152447664475773     
  0.17442068977376621        92.699876464489861     
  0.17596197382073225        90.246943782868172     
  0.17751687756222259        87.794466538891641     
  0.17908552134988770        85.343276298279122     
  0.18066802659887621        82.894218688951270     
  0.18226451579723260        80.448152771763475     
  0.18387511251537789        78.005950365639947     
  0.18549994141567425        75.568495326649739     
  0.18713912826207393        73.136682780678157     
  0.18879279992985365        70.711418309469380     
  0.19046108441543480        68.293617089949606     
  0.19214411084629068        65.884202986877312     
  0.19384200949094110        63.484107599019183     
  0.19555491176903522        61.094269259204665     
  0.19728295026152376        58.715631988778611     
  0.19902625872092086        56.349144407146426     
  0.20078497208165677        53.995758597286311     
  0.20255922647052185        51.656428928293010     
  0.20434915921720315        49.332110836214852     
  0.20615490886491364        47.023759564648600     
  0.20797661518111593        44.732328866765812     
  0.20981441916834032        42.458769670661582     
  0.21166846307509854        40.204028710134878     
  0.21353889040689400        37.969047123234404     
  0.21542584593732947        35.754759021133665     
  0.21732947571931258        33.562090030125191     
  0.21924992709636049        31.391955809760390     
  0.22118734871400458        29.245260550386490     
  0.22314189053129585        27.122895453569214     
  0.22511370383241180        25.025737199112541     
  0.22710294123836619        22.954646402614102     
  0.22910975671882192        20.910466067712647     
  0.23113430560400874        18.894020037395478     
  0.23317674459674584        16.906111448939612     
  0.23523723178457084        14.947521197250154     
  0.23731592665197609        13.019006411544410     
  0.23941299009275302        11.121298950495159     
  0.24152858442244537        9.2551039211002717     
  0.24366287339091267        7.4210982266789358     
  0.24581602219500487        5.6199291495093036     
  0.24798819749134865        3.8522129737178972     
  0.25017956740924685        2.1185336540993234     
  0.25239030156369202       0.41944153658918992     
  0.25462057106849462       -1.2445478638661740     
  0.25687054854952784       -2.8729550223145282     
  0.25914040815808881       -4.4653374939856576     
  0.26143032558437801       -6.0212909300488064     
  0.26374047807109841       -7.5404500134303731     
  0.26607104442717366       -9.0224893093258203     
  0.26842220504158881       -10.467124025218808     
  0.27079414189735207       -11.874110675433599     
  0.27318703858558102       -13.243247645502692     
  0.27560108031971242       -14.574375651920192     
  0.27803645394983822       -15.867378093182666     
  0.28049334797716796       -17.122181288386713     
  0.28297195256861896       -18.338754600058174     
  0.28547245957153561       -19.517110438331855     
  0.28799506252853840       -20.657304144078495     
  0.29053995669250465       -21.759433749092267     
  0.29310733904168124       -22.823639611995986     
  0.29569740829493080       -23.850103929101564     
  0.29831036492711316       -24.839050120067753     
  0.30094641118460214       -25.790742088827720     
  0.30360575110093979       -26.705483360912616     
  0.30628859051262869       -27.583616098966630     
  0.30899513707506426       -28.425519998933616     
  0.31172560027860746       -29.231611070087581     
  0.31448019146479939       -30.002340302777867     
  0.31725912384271981       -30.738192228454366     
  0.32006261250548945       -31.439683377229045     
  0.32289087444691877       -32.107360638905938     
  0.32574412857830337       -32.741799534071603     
  0.32862259574536828       -33.343602402471127     
  0.33152649874536139       -33.913396516499297     
  0.33445606234429859       -34.451832128202355     
  0.33741151329436064       -34.959580458709119     
  0.34039308035144433       -35.437331639484242     
  0.34340099429286836       -35.885792615214655     
  0.34643548793523604       -36.305685018497925     
  0.34949679615245538       -36.697743026791919     
  0.35258515589391848       -37.062711212305572     
  0.35570080620284228       -37.401342395653565     
  0.35884398823477037       -37.714395514162746     
  0.36201494527623890       -38.002633515699316     
  0.36521392276360742       -38.266821288781649     
  0.36844116830205559       -38.507723639553291     
  0.37169693168474865       -38.726103325911652     
  0.37498146491217144       -38.922719158721797     
  0.37829502221163364       -39.098324179591934     
  0.38163786005694728       -39.253663924150153     
  0.38501023718827837       -39.389474779142702     
  0.38841241463217335       -39.506482440979106     
  0.39184465572176325       -39.605400482580968     
  0.39530722611714592       -39.686929034557679     
  0.39880039382594829       -39.751753585839758     
  0.40232442922407091       -39.800543907957220     
  0.40587960507661508       -39.833953106165282     
  0.40946619655899524       -39.852616799602060     
  0.41308448127823827       -39.857152431624037     
  0.41673473929447025       -39.848158710413884     
  0.42041725314259365       -39.826215178905308     
  0.42413230785415590       -39.791881912029908     
  0.42788019097941132       -39.745699338275628     
  0.43166119260957769       -39.688188181564428     
  0.43547560539928998       -39.619849518521292     
  0.43932372458925179       -39.541164945327871     
  0.44320584802908791       -39.452596847541784     
  0.44712227620039796       -39.354588765527438     
  0.45107331224001390       -39.247565847494222     
  0.45505926196346369       -39.131935381580263     
  0.45908043388864161       -39.008087397962825     
  0.46313713925968786       -38.876395331622561     
  0.46722969207107923       -38.737216736144234     
  0.47135840909193311       -38.590894038802055     
  0.47552360989052528       -38.437755327154605     
  0.47972561685902554       -38.278115157461933     
  0.48396475523845062       -38.112275375432752     
  0.48824135314383882       -37.940525940109126     
  0.49255574158964638       -37.763145742094515     
  0.49690825451536830       -37.580403407821002     
  0.50129922881138611       -37.392558082124879     
  0.50572900434504287       -37.199860182048148     
  0.51019792398695041       -37.002552115495163     
  0.51470633363752716       -36.800868959138107     
  0.51925458225377141       -36.595039090771017     
  0.52384302187627163       -36.385284772146143     
  0.52847200765645408       -36.171822679176842     
  0.53314189788407274       -35.954864377245954     
  0.53785305401494099       -35.734616740204103     
  0.54260584069890849       -35.511282312468182     
  0.54740062580808668       -35.285059614424192     
  0.55223778046532124       -35.056143392091364     
  0.55711767907291843       -34.824724812705028     
  0.56204069934162404       -34.590991608518188     
  0.56700722231985823       -34.355128171696450     
  0.57201763242321046       -34.117315603684716     
  0.57707231746419241       -33.877731722851223     
  0.58217166868225567       -33.636551034562302     
  0.58731608077407460       -33.393944668109299     
  0.59250595192409605       -33.150080285096266     
  0.59774168383535919       -32.905121964006085     
  0.60302368176058840       -32.659230065694153     
  0.60835235453355962       -32.412561084519773     
  0.61372811460074539       -32.165267489717110     
  0.61915137805323839       -31.917497561438438     
  0.62462256465895749       -31.669395225678162     
  0.63014209789513820       -31.421099892012823     
  0.63571040498111087       -31.172746297778993     
  0.64132791691136748       -30.924464361964077     
  0.64699506848892163       -30.676379051712978     
  0.65271229835896227       -30.428610263963705     
  0.65848004904280655       -30.181272724324703     
  0.66429876697215018       -29.934475904903540     
  0.67016890252362304       -29.688323962396176     
  0.67609091005364808       -29.442915697355922     
  0.68206524793360979       -29.198344535185100     
  0.68809237858533223       -28.954698529036683     
  0.69417276851687115       -28.712060384480765     
  0.70030688835862320       -28.470507505485394     
  0.70649521289975181       -28.230112060985899     
  0.71273822112493801       -27.990941071072243     
  0.71903639625145366       -27.753056511613149     
  0.72539022576656320       -27.516515435957011     
  0.73180020146525615       -27.281370112205245     
  0.73826681948831252       -27.047668174441267     
  0.74479058036070445       -26.815452786217900     
  0.75137198903033808       -26.584762814555734     
  0.75801155490713701       -26.355633012683022     
  0.76470979190247090       -26.128094209752199     
  0.77146721846893374       -25.902173505796483     
  0.77828435764047188       -25.677894470240311     
  0.78516173707286829       -25.455277342345916     
  0.79209988908458318       -25.234339232064233     
  0.79909935069795701       -25.015094319856942     
  0.80616066368077566       -24.797554054167023     
  0.81328437458820524       -24.581727345333341     
  0.82047103480509487       -24.367620754870224     
  0.82772120058865561       -24.155238679160863     
  0.83503543311151518       -23.944583526743962     
  0.84241429850515359       -23.735655888502404     
  0.84985836790372205       -23.528454700190302     
  0.85736821748824998       -23.322977396858150     
  0.86494442853124254       -23.119220058854062     
  0.87258758744167064       -22.917177549190583     
  0.88029828581036107       -22.716843642170673     
  0.88807712045578602       -22.518211143261908     
  0.89592469347025716       -22.321272000294798     
  0.90384161226652926       -22.126017406138004     
  0.91182848962481389       -21.932437893071093     
  0.91988594374021015       -21.740523419133030     
  0.92801459827055321       -21.550263446773180     
  0.93621508238468709       -21.361647014170224     
  0.94448803081116173       -21.174662799614698     
  0.95283408388736390       -20.989299179372203     
  0.96125388760907804       -20.805544279458342     
  0.96974809368048887       -20.623386021762634     
  0.97831735956462318       -20.442812164959232     
  0.98696234853423837       -20.263810340636269     
  0.99568372972316188       -20.086368085065356     
   1.0044821781780813       -19.910472867018104     
   1.0133583749107951       -19.736112112018407     
   1.0223130069509234       -19.563273223398479     
   1.0313467673990855       -19.391943600504128     
   1.0404603554805454       -19.222110654370503     
   1.0496544765993348       -19.053761821164922     
   1.0589298423928508       -18.886884573668357     
   1.0682871707869384       -18.721466431042391     
   1.0777271860514579       -18.557494967104205     
   1.0872506188563462       -18.394957817309031     
   1.0968582063281700       -18.233842684617361     
   1.1065506921071802       -18.074137344403546     
   1.1163288264048727       -17.915829648543077     
   1.1261933660620536       -17.758907528798527     
   1.1361450746074211       -17.603358999607710     
   1.1461847223166624       -17.449172160363641     
   1.1563130862720754       -17.296335197262632     
   1.1665309504227153       -17.144836384785897     
   1.1768391056450731       -16.994664086869935     
   1.1872383498042904       -16.845806757812390     
   1.1977294878159170       -16.698252942952664     
   1.2083133317082093       -16.551991279160546     
   1.2189907006849854       -16.407010495160240     
   1.2297624211890306       -16.263299411713358     
   1.2406293269660655       -16.120846941680202     
   1.2515922591292810       -15.979642089975787     
   1.2626520662244387       -15.839673953434664     
   1.2738096042955507       -15.700931720596188     
   1.2850657369511400       -15.563404671420408     
   1.2964213354310825       -15.427082176943365     
   1.3078772786740434       -15.291953698879322     
   1.3194344533855085       -15.158008789176595     
   1.3310937541064161       -15.025237089532892     
   1.3428560832823953       -14.893628330875377     
   1.3547223513336166       -14.763172332810139     
   1.3666934767252612       -14.633859003045258     
   1.3787703860386082       -14.505678336791318     
   1.3909540140427568       -14.378620416142706     
   1.4032453037669759       -14.252675409442869     
   1.4156452065736977       -14.127833570636250     
   1.4281546822321536       -14.004085238609452     
   1.4407746989926615       -13.881420836523853     
   1.4535062336615703       -13.759830871141693     
   1.4663502716768659       -13.639305932147382     
   1.4793078071844441       -13.519836691465674     
   1.4923798431150614       -13.401413902577985     
   1.5055673912619612       -13.284028399838178     
   1.5188714723591874       -13.167671097788759     
   1.5322931161605937       -13.052332990478448     
   1.5458333615195445       -12.938005150781878     
   1.5594932564693256       -12.824678729722050     
   1.5732738583042625       -12.712344955796118     
   1.5871762336615569       -12.600995134304924     
   1.6012014586038457       -12.490620646686700     
   1.6153506187024893       -12.381212949855186     
   1.6296248091215975       -12.272763575542420     
   1.6440251347027945       -12.165264129646440     
   1.6585527100507380       -12.058706291583929     
   1.6732086596193882       -11.953081813648055     
   1.6879941177990445       -11.848382520371427     
   1.7029102290041473       -11.744600307894380     
   1.7179581477618575       -11.641727143338478     
   1.7331390388014190       -11.539755064185327     
   1.7484540771443098       -11.438676177660703     
   1.7639044481951911       -11.338482660123933     
   1.7794913478336569       -11.239166756462579     
   1.7952159825068001       -11.140720779492312     
   1.8110795693225910       -11.043137109362048     
   1.8270833361440828       -10.946408192964242     
   1.8432285216844504       -10.850526543350320     
   1.8595163756028699       -10.755484739151212     
   1.8759481586012419       -10.661275424002964     
   1.8925251425217717       -10.567891305977367     
   1.9092486104454127       -10.475325157017554     
   1.9261198567911788       -10.383569812378552     
   1.9431401874163321       -10.292618170072730     
   1.9603109197174602       -10.202463190320097     
   1.9776333827324433       -10.113097895003415     
   1.9951089172433236       -10.024515367128087     
