                                                  
                                                                                                                                                                                                                                                                
        SCF,CCSD
   -763.2921900,   -764.0672316
   -763.2507404,   -764.0133471
   -763.1211886,   -763.9073585
   -763.0946005,   -763.8270390
   -763.0597438,   -763.8025119
   -762.6453912,   -763.3567298
   -761.7732011,   -762.4520057
   -734.4005729,   -734.8320900
   -763.2405199,   -764.0473694
                                                  
