                                                  
                                                                                                                                                                                                                                                                
        SCF,CCSD
   -103.69460337,   -104.33635003
   -103.56024961,   -104.24927157
   -103.33754463,   -104.11062039
   -103.47700414,   -104.06420560
   -103.33375833,   -103.98747223
   -102.93083256,   -103.48841270
   -101.73214919,   -102.25264529
    -99.88130900,   -100.36515157
    -97.25033791,    -97.70738088
    -93.76803426,    -94.20742703
    -89.43631958,    -89.85335103
    -30.54888229,    -30.65774955
   -103.54459861,   -104.28153310
                                                  
