                                                  
                                                                                                                                                                                                                                                                
        SCF,CCSD
   -103.69446420,   -104.32532034
   -103.56011805,   -104.23699928
   -103.33741426,   -104.09740752
   -103.47686016,   -104.05336352
   -103.33362784,   -103.97512082
   -102.93069826,   -103.47762570
   -101.73199964,   -102.24301909
    -99.88115067,   -100.35684482
    -97.25017669,    -97.70049743
    -93.76786934,    -94.20202423
    -89.43615478,    -89.84943768
    -30.54869058,    -30.65747689
   -103.54437950,   -104.26913375
                                                  
