                                                  
                                                                                                                                                                                                                                                                
        SCF,CCSD
   -103.69343243,   -104.29826177
   -103.55899316,   -104.20750613
   -103.33622423,   -104.06595717
   -103.47581980,   -104.02683434
   -103.33249487,   -103.94565505
   -102.92958287,   -103.45105931
   -101.73092264,   -102.21913935
    -99.88020655,   -100.33612800
    -97.24939968,    -97.68355088
    -93.76738896,    -94.18951472
    -89.43616153,    -89.84157147
    -30.54867093,    -30.65734040
   -103.54324630,   -104.23903137
                                                  
