                                                  
                                                                                                                                                                                                                                                                
        SCF,CCSD
   -196.22702637,   -197.21045823
   -196.22500166,   -197.26213523
   -195.95447176,   -196.87832324
   -195.98504772,   -196.97947800
   -195.34908172,   -196.23257090
   -194.09488149,   -194.88021719
   -192.06841712,   -192.77396338
   -189.18275117,   -189.82253758
   -185.43505898,   -186.00707680
   -180.33625837,   -180.88744739
   -174.21750377,   -174.74186336
   -166.94194456,   -167.44949714
   -158.45079003,   -158.95189948
   -148.77787455,   -149.26568593
    -47.32908706,    -47.47318724
   -196.22563732,   -197.30699468
                                                  
