                                                  
                                                                                                                                                                                                                                                                
        SCF,CCSD
   -196.22499680,   -197.16135509
   -196.22285747,   -197.21028647
   -195.95239464,   -196.83018927
   -195.98276236,   -196.92875159
   -195.34699347,   -196.18523025
   -194.09290453,   -194.83661726
   -192.06636948,   -192.73436753
   -189.18073756,   -189.78757457
   -185.43316950,   -185.97712295
   -180.33453937,   -180.86138707
   -174.21598976,   -174.71972955
   -166.94075019,   -167.43173989
   -158.45009242,   -158.93905870
   -148.77785639,   -149.25781791
    -47.32905013,    -47.47303693
   -196.22348162,   -197.25406153
                                                  
