   3.6029256752877590E-006   4995766.3642818527     
   3.6347005580613707E-006   4952091.4037412331     
   3.6667556695341760E-006   4908798.2536769230     
   3.6990934810960593E-006   4865883.5762670217     
   3.7317164859325580E-006   4823344.0628691744     
   3.7646271992170865E-006   4781176.4337654710     
   3.7978281583048482E-006   4739377.4379095975     
   3.8313219229284614E-006   4697943.8526761839     
   3.8651110753953087E-006   4656872.4836123437     
   3.8991982207866350E-006   4616160.1641913857     
   3.9335859871583842E-006   4575803.7555686822     
   3.9682770257438243E-006   4535800.1463396745     
   4.0032740111579506E-006   4496146.2522999858     
   4.0385796416036947E-006   4456839.0162076289     
   4.0741966390799481E-006   4417875.4075473091     
   4.1101277495914268E-006   4379252.4222967727     
   4.1463757433603816E-006   4340967.0826951927     
   4.1829434150401755E-006   4303016.4370136103     
   4.2198335839307496E-006   4265397.5593273435     
   4.2570490941959853E-006   4228107.5492904047     
   4.2945928150829798E-006   4191143.5319119073     
   4.3324676411432640E-006   4154502.6573343850     
   4.3706764924559682E-006   4118182.1006140923     
   4.4092223148529507E-006   4082179.0615031938     
   4.4481080801459178E-006   4046490.7642338770     
   4.4873367863555468E-006   4011114.4573043436     
   4.5269114579426250E-006   3976047.4132666760     
   4.5668351460412305E-006   3941286.9285165519     
   4.6071109286939726E-006   3906830.3230848033     
   4.6477419110892956E-006   3872674.9404308023     
   4.6887312258008931E-006   3838818.1472376324     
   4.7300820330292152E-006   3805257.3332090797     
   4.7717975208451188E-006   3771989.9108683709     
   4.8138809054356581E-006   3739013.3153586965     
   4.8563354313520530E-006   3706325.0042454544     
   4.8991643717598301E-006   3673922.4573202375     
   4.9423710286911838E-006   3641803.1764065316     
   4.9859587332995544E-006   3609964.6851671063     
   5.0299308461164554E-006   3578404.5289130965     
   5.0742907573105596E-006   3547120.2744147526     
   5.1190418869490828E-006   3516109.5097138397     
   5.1641876852614568E-006   3485369.8439376806     
   5.2097316329053417E-006   3454898.9071148243     
   5.2556772412349731E-006   3424694.3499923255     
   5.3020280525718861E-006   3394753.8438546238     
   5.3487876404780167E-006   3365075.0803439999     
   5.3959596100312211E-006   3335655.7712826086     
   5.4435475981032183E-006   3306493.6484960625     
   5.4915552736399867E-006   3277586.4636385618     
   5.5399863379446325E-006   3248931.9880195498     
   5.5888445249627536E-006   3220528.0124318856     
   5.6381336015703230E-006   3192372.3469815170     
   5.6878573678641001E-006   3164462.8209186466     
   5.7380196574546216E-006   3136797.2824703678     
   5.7886243377617550E-006   3109373.5986747677     
   5.8396753103128785E-006   3082189.6552164829     
   5.8911765110436786E-006   3055243.3562636832     
   5.9431319106015999E-006   3028532.6243064958     
   5.9955455146519792E-006   3002055.3999968218     
   6.0484213641868728E-006   2975809.6419895794     
   6.1017635358366112E-006   2949793.3267853018     
   6.1555761421840967E-006   2924004.4485741444     
   6.2098633320818785E-006   2898441.0190812335     
   6.2646292909720223E-006   2873101.0674133739     
   6.3198782412087974E-006   2847982.6399070984     
   6.3756144423842134E-006   2823083.7999780443     
   6.4318421916564279E-006   2798402.6279716454     
   6.4885658240810497E-006   2773937.2210151292     
   6.5457897129453608E-006   2749685.6928708102     
   6.6035182701054920E-006   2725646.1737906653     
   6.6617559463265672E-006   2701816.8103721775     
   6.7205072316258489E-006   2678195.7654154440     
   6.7797766556189113E-006   2654781.2177815312     
   6.8395687878688662E-006   2631571.3622520645     
   6.8998882382386631E-006   2608564.4093900556     
   6.9607396572465081E-006   2585758.5854019369     
   7.0221277364244032E-006   2563152.1320008035     
   7.0840572086798628E-006   2540743.3062708564     
   7.1465328486608033E-006   2518530.3805330233     
   7.2095594731236637E-006   2496511.6422117627     
   7.2731419413047738E-006   2474685.3937030197     
   7.3372851552949823E-006   2453049.9522433514     
   7.4019940604176055E-006   2431603.6497801850     
   7.4672736456097024E-006   2410344.8328432143     
   7.5331289438067112E-006   2389271.8624169221     
   7.5995650323304761E-006   2368383.1138142152     
   7.6665870332807036E-006   2347676.9765511593     
   7.7342001139298714E-006   2327151.8542228187     
   7.8024094871216054E-006   2306806.1643801751     
   7.8712204116725812E-006   2286638.3384081232     
   7.9406381927779823E-006   2266646.8214045339     
   8.0106681824205089E-006   2246830.0720603722     
   8.0813157797829996E-006   2227186.5625408706     
   8.1525864316647211E-006   2207714.7783677271     
   8.2244856329012797E-006   2188413.2183023510     
   8.2970189267882884E-006   2169280.3942301129     
   8.3701919055087226E-006   2150314.8310456187     
   8.4440102105640811E-006   2131515.0665389788     
   8.5184795332093298E-006   2112879.6512830751     
   8.5936056148916881E-006   2094407.1485218157     
   8.6693942476932867E-006   2076096.1340593572     
   8.7458512747777216E-006   2057945.1961503087     
   8.8229825908405521E-006   2039952.9353908848     
   8.9007941425637730E-006   2022117.9646110148     
   8.9792919290742962E-006   2004438.9087673957     
   9.0584820024064601E-006   1986914.4048374780     
   9.1383704679686442E-006   1969543.1017143801     
   9.2189634850139792E-006   1952323.6601027164     
   9.3002672671152122E-006   1935254.7524153462     
   9.3822880826437583E-006   1918335.0626710169     
   9.4650322552529967E-006   1901563.2863929006     
   9.5485061643657895E-006   1884938.1305080277     
   9.6327162456663418E-006   1868458.3132475880     
   9.7176689915963764E-006   1852122.5640481117     
   9.8033709518556797E-006   1835929.6234535095     
   9.8898287339070873E-006   1819878.2430179727     
   9.9770490034858915E-006   1803967.1852097192     
   1.0065038485113770E-005   1788195.2233155821     
   1.0153803962617228E-005   1772561.1413464316     
   1.0243352279650614E-005   1757063.7339434270     
   1.0333690340223767E-005   1741701.8062850838     
   1.0424825109234284E-005   1726474.1739951551     
   1.0516763613004521E-005   1711379.6630513191     
   1.0609512939823293E-005   1696417.1096946632     
   1.0703080240492372E-005   1681585.3603399633     
   1.0797472728877816E-005   1666883.2714867387     
   1.0892697682466113E-005   1652309.7096310970     
   1.0988762442925293E-005   1637863.5511783387     
   1.1085674416670947E-005   1623543.6823563303     
   1.1183441075437231E-005   1609348.9991296374     
   1.1282069956852953E-005   1595278.4071144022     
   1.1381568665022684E-005   1581330.8214939714     
   1.1481944871113038E-005   1567505.1669352567     
   1.1583206313944094E-005   1553800.3775058298     
   1.1685360800586047E-005   1540215.3965917407     
   1.1788416206961124E-005   1526749.1768160539     
   1.1892380478450799E-005   1513400.6799580995     
   1.1997261630508366E-005   1500168.8768734254     
   1.2103067749276916E-005   1487052.7474144562     
   1.2209806992212766E-005   1474051.2803518367     
   1.2317487588714386E-005   1461163.4732964728     
   1.2426117840756864E-005   1448388.3326222459     
   1.2535706123531972E-005   1435724.8733894080     
   1.2646260886093892E-005   1423172.1192686427     
   1.2757790652010602E-005   1410729.1024657951     
   1.2870304020021042E-005   1398394.8636472540     
   1.2983809664698059E-005   1386168.4518659886     
   1.3098316337117194E-005   1374048.9244882350     
   1.3213832865531382E-005   1362035.3471208191     
   1.3330368156051586E-005   1350126.7935391166     
   1.3447931193333448E-005   1338322.3456156433     
   1.3566531041269982E-005   1326621.0932492688     
   1.3686176843690397E-005   1315022.1342950498     
   1.3806877825065055E-005   1303524.5744946757     
   1.3928643291216668E-005   1292127.5274075235     
   1.4051482630037755E-005   1280830.1143423156     
   1.4175405312214437E-005   1269631.4642893714     
   1.4300420891956608E-005   1258530.7138534584     
   1.4426539007734542E-005   1247527.0071872221     
   1.4553769383022005E-005   1236619.4959252048     
   1.4682121827045921E-005   1225807.3391184355     
   1.4811606235542639E-005   1215089.7031695959     
   1.4942232591520878E-005   1204465.7617687513     
   1.5074010966031392E-005   1193934.6958296448     
   1.5206951518943444E-005   1183495.6934265438     
   1.5341064499728103E-005   1173147.9497316456     
   1.5476360248248464E-005   1162890.6669530259     
   1.5612849195556822E-005   1152723.0542731283     
   1.5750541864698900E-005   1142644.3277877963     
   1.5889448871525154E-005   1132653.7104458350     
   1.6029580925509223E-005   1122750.4319891024     
   1.6170948830573626E-005   1112933.7288931208     
   1.6313563485922718E-005   1103202.8443082154     
   1.6457435886882990E-005   1093557.0280011590     
   1.6602577125750809E-005   1083995.5362973313     
   1.6748998392647594E-005   1074517.6320233832     
   1.6896710976382557E-005   1065122.5844504030     
   1.7045726265323058E-005   1055809.6692375764     
   1.7196055748272626E-005   1046578.1683763426     
   1.7347711015356704E-005   1037427.3701350380     
   1.7500703758916264E-005   1028356.5690040207     
   1.7655045774409233E-005   1019365.0656412782     
   1.7810748961319908E-005   1010452.1668185105     
   1.7967825324076397E-005   1001617.1853676812     
   1.8126286972976126E-005   992859.44012804038     
   1.8286146125119516E-005   984178.25589360716     
   1.8447415105351922E-005   975572.96336111182     
   1.8610106347213831E-005   967042.89907839580     
   1.8774232393899470E-005   958587.40539325925     
   1.8939805899223877E-005   950205.83040275739     
   1.9106839628598476E-005   941897.52790294064     
   1.9275346460015260E-005   933661.85733903304     
   1.9445339385039678E-005   925498.18375604600     
   1.9616831509812244E-005   917405.87774982699     
   1.9789836056059012E-005   909384.31541852909     
   1.9964366362110924E-005   901432.87831451523     
   2.0140435883932200E-005   893550.95339667075     
   2.0318058196157746E-005   885737.93298314419     
   2.0497246993139734E-005   877993.21470449399     
   2.0678016090003429E-005   870316.20145724574     
   2.0860379423712288E-005   862706.30135785881     
   2.1044351054142489E-005   855162.92769709241     
   2.1229945165166916E-005   847685.49889477086     
   2.1417176065748710E-005   840273.43845494546     
   2.1606058191044458E-005   832926.17492144753     
   2.1796606103517130E-005   825643.14183383016     
   2.1988834494058806E-005   818423.77768369520     
   2.2182758183123325E-005   811267.52587140154     
   2.2378392121868905E-005   804173.83466315363     
   2.2575751393310859E-005   797142.15714846202     
   2.2774851213484463E-005   790171.95119797962     
   2.2975706932618089E-005   783262.67942170147     
   2.3178334036316667E-005   776413.80912753707     
   2.3382748146755611E-005   769624.81228023721     
   2.3588965023885253E-005   762895.16546068515     
   2.3797000566645908E-005   756224.34982554207     
   2.4006870814193649E-005   749611.85106724454     
   2.4218591947136898E-005   743057.15937435231     
   2.4432180288783925E-005   736559.76939224359     
   2.4647652306401348E-005   730119.18018415209     
   2.4865024612483709E-005   723734.89519254665     
   2.5084313966034288E-005   717406.42220084765     
   2.5305537273857192E-005   711133.27329547645     
   2.5528711591860811E-005   704914.96482824045     
   2.5753854126372832E-005   698751.01737904234     
   2.5980982235466796E-005   692640.95571892010     
   2.6210113430300371E-005   686584.30877340573     
   2.6441265376465441E-005   680580.60958620708     
   2.6674455895350085E-005   674629.39528320672     
   2.6909702965512568E-005   668730.20703677495     
   2.7147024724067462E-005   662882.59003039426     
   2.7386439468083989E-005   657086.09342359484     
   2.7627965655996672E-005   651340.27031719580     
   2.7871621909028471E-005   645644.67771884834     
   2.8117427012626415E-005   639998.87650888448     
   2.8365399917909966E-005   634402.43140645907     
   2.8615559743132063E-005   628854.91093599261     
   2.8867925775153166E-005   623355.88739390322     
   2.9122517470928171E-005   617904.93681563414     
   2.9379354459006561E-005   612501.63894296403     
   2.9638456541045697E-005   607145.57719160779     
   2.9899843693337507E-005   601836.33861909772     
   3.0163536068348612E-005   596573.51389294700     
   3.0429553996274046E-005   591356.69725909038     
   3.0697917986604674E-005   586185.48651060159     
   3.0968648729708447E-005   581059.48295668419     
   3.1241767098425580E-005   575978.29139193217     
   3.1517294149677804E-005   570941.52006586222     
   3.1795251126091828E-005   565948.78065270849     
   3.2075659457637119E-005   560999.68822148442     
   3.2358540763278073E-005   556093.86120630556     
   3.2643916852640832E-005   551230.92137697060     
   3.2931809727694760E-005   546410.49380980176     
   3.3222241584448729E-005   541632.20685873704     
   3.3515234814662438E-005   536895.69212667923     
   3.3810812007572730E-005   532200.58443709125     
   3.4108995951635209E-005   527546.52180584287     
   3.4409809636281157E-005   522933.14541330212     
   3.4713276253690020E-005   518360.09957667073     
   3.5019419200577460E-005   513827.03172256157     
   3.5328262079999180E-005   509333.59235981666     
   3.5639828703170710E-005   504879.43505256105     
   3.5954143091303185E-005   500464.21639349381     
   3.6271229477455354E-005   496087.59597741190     
   3.6591112308401859E-005   491749.23637496569     
   3.6913816246518120E-005   487448.80310664343     
   3.7239366171681667E-005   483185.96461698349     
   3.7567787183190405E-005   478960.39224901260     
   3.7899104601697662E-005   474771.76021890657     
   3.8233343971164429E-005   470619.74559087260     
   3.8570531060828693E-005   466504.02825225255     
   3.8910691867192232E-005   462424.29088884202     
   3.9253852616024893E-005   458380.21896042587     
   3.9600039764386540E-005   454371.50067652873     
   3.9949280002666852E-005   450397.82697237557     
   4.0301600256643103E-005   446458.89148506365     
   4.0657027689556086E-005   442554.39052994293     
   4.1015589704204352E-005   438684.02307720185     
   4.1377313945056909E-005   434847.49072865909     
   4.1742228300384573E-005   431044.49769475707     
   4.2110360904410085E-005   427274.75077175791     
   4.2481740139477229E-005   423537.95931913669     
   4.2856394638239016E-005   419833.83523717523     
   4.3234353285865277E-005   416162.09294474876     
   4.3615645222269597E-005   412522.44935730880     
   4.4000299844355954E-005   408914.62386505777     
   4.4388346808285211E-005   405338.33831131447     
   4.4779816031761504E-005   401793.31697106862     
   4.5174737696338861E-005   398279.28652972321     
   4.5573142249748133E-005   394795.97606202203     
   4.5975060408244487E-005   391343.11701116234     
   4.6380523158975532E-005   387920.44316808914     
   4.6789561762370408E-005   384527.69065097155     
   4.7202207754549878E-005   381164.59788485721     
   4.7618492949757711E-005   377830.90558150649     
   4.8038449442813536E-005   374526.35671940004     
   4.8462109611587227E-005   371250.69652392500     
   4.8889506119495244E-005   368003.67244773079     
   4.9320671918018873E-005   364785.03415125917     
   4.9755640249244762E-005   361594.53348344244     
   5.0194444648427793E-005   358431.92446257290     
   5.0637118946576604E-005   355296.96325733652     
   5.1083697273061899E-005   352189.40816801536     
   5.1534214058247756E-005   349109.01960785204     
   5.1988704036146138E-005   346055.56008457870     
   5.2447202247094825E-005   343028.79418210627     
   5.2909744040458982E-005   340028.48854237446     
   5.3376365077356480E-005   337054.41184736072     
   5.3847101333407351E-005   334106.33480124536     
   5.4321989101507415E-005   331184.03011273366     
   5.4801064994626406E-005   328287.27247753215     
   5.5284365948630754E-005   325415.83856097807     
   5.5771929225131294E-005   322569.50698082015     
   5.6263792414356029E-005   319748.05829015147     
   5.6759993438048313E-005   316951.27496048959     
   5.7260570552390514E-005   314178.94136500603     
   5.7765562350953503E-005   311430.84376190120     
   5.8275007767672153E-005   308706.77027792641     
   5.8788946079847087E-005   306006.51089204772     
   5.9307416911172841E-005   303329.85741925432     
   5.9830460234792803E-005   300676.60349450773     
   6.0358116376381107E-005   298046.54455683130     
   6.0890426017251608E-005   295439.47783353925     
   6.1427430197494361E-005   292855.20232460258     
   6.1969170319139735E-005   290293.51878715353     
   6.2515688149350430E-005   287754.22972012288     
   6.3067025823641644E-005   285237.13934901438     
   6.3623225849129692E-005   282742.05361080973     
   6.4184331107809133E-005   280268.78013900731     
   6.4750384859858963E-005   277817.12824879127     
   6.5321430746977888E-005   275386.90892232925     
   6.5897512795749016E-005   272977.93479420024     
   6.6478675421034162E-005   270590.02013694879     
   6.7064963429398265E-005   268222.98084676574     
   6.7656422022563818E-005   265876.63442929421     
   6.8253096800895802E-005   263550.79998555942     
   6.8855033766917516E-005   261245.29819802212     
   6.9462279328857170E-005   258959.95131675297     
   7.0074880304225897E-005   256694.58314572906     
   7.0692883923427339E-005   254449.01902924883     
   7.1316337833399012E-005   252223.08583846685     
   7.1945290101285730E-005   250016.61195804595     
   7.2579789218145613E-005   247829.42727292550     
   7.3219884102688538E-005   245661.36315520661     
   7.3865624105047737E-005   243512.25245115045     
   7.4517059010584645E-005   241381.92946829167     
   7.5174239043727164E-005   239270.22996266329     
   7.5837214871841944E-005   237176.99112613421     
   7.6506037609140725E-005   235102.05157385656     
   7.7180758820621128E-005   233045.25133182399     
   7.7861430526042231E-005   231006.43182453691     
   7.8548105203935265E-005   228985.43586277738     
   7.9240835795649467E-005   226982.10763148995     
   7.9939675709433890E-005   224996.29267776868     
   8.0644678824555021E-005   223027.83789894861     
   8.1355899495450817E-005   221076.59153080251     
   8.2073392555921239E-005   219142.40313583973     
   8.2797213323355969E-005   217225.12359170773     
   8.3527417602999139E-005   215324.60507969547     
   8.4264061692251912E-005   213440.70107333612     
   8.5007202385012918E-005   211573.26632711085     
   8.5756896976056822E-005   209722.15686525023     
   8.6513203265451837E-005   207887.22997063410     
   8.7276179563015860E-005   206068.34417378844     
   8.8045884692812079E-005   204265.35924197806     
   8.8822377997684285E-005   202478.13616839523     
   8.9605719343831931E-005   200706.53716144251     
   9.0395969125425896E-005   198950.42563410883     
   9.1193188269264605E-005   197209.66619343942     
   9.1997438239471493E-005   195484.12463009683     
   9.2808781042233692E-005   193773.66790801418     
   9.3627279230582588E-005   192078.16415413763     
   9.4452995909216649E-005   190397.48264825981     
   9.5285994739366568E-005   188731.49381294113     
   9.6126339943703471E-005   187080.06920351996     
   9.6974096311290374E-005   185443.08149820936     
   9.7829329202577295E-005   183820.40448828117     
   9.8692104554440392E-005   182211.91306833542     
   9.9562488885265624E-005   180617.48322665491     
   1.0044054930007717E-004   179036.99203564404     
   1.0132635349571111E-004   177470.31764235158     
   1.0221996976603471E-004   175917.33925907584     
   1.0312146700721177E-004   174377.93715405217     
   1.0403091472301438E-004   172851.99264222200     
   1.0494838303018155E-004   171339.38807608219     
   1.0587394266382506E-004   169840.00683661486     
   1.0680766498288302E-004   168353.73332429619     
   1.0774962197562149E-004   166880.45295018397     
   1.0869988626518471E-004   165420.05212708280     
   1.0965853111519409E-004   163972.41826078697     
   1.1062563043539683E-004   162537.43974139952     
   1.1160125878736413E-004   161115.00593472758     
   1.1258549139023977E-004   159705.00717375206     
   1.1357840412653946E-004   158307.33475017324     
   1.1458007354800109E-004   156921.88090602911     
   1.1559057688148680E-004   155548.53882538778     
   1.1660999203493707E-004   154187.20262611151     
   1.1763839760337725E-004   152837.76735169426     
   1.1867587287497698E-004   151500.12896316923     
   1.1972249783716338E-004   150174.18433108760     
   1.2077835318278776E-004   148859.83122756763     
   1.2184352031634691E-004   147556.96831841313     
   1.2291808136025934E-004   146265.49515530051     
   1.2400211916119668E-004   144985.31216803470     
   1.2509571729647093E-004   143716.32065687233     
   1.2619896008047833E-004   142458.42278491202     
   1.2731193257119972E-004   141211.52157055162     
   1.2843472057675820E-004   139975.52088001103     
   1.2956741066203514E-004   138750.32541992015     
   1.3071009015534380E-004   137535.84072997255     
   1.3186284715516243E-004   136331.97317564211     
   1.3302577053692644E-004   135138.62994096431     
   1.3419894995988043E-004   133955.71902138036     
   1.3538247587399087E-004   132783.14921664362     
   1.3657643952691965E-004   131620.83012378830     
   1.3778093297105894E-004   130468.67213015954     
   1.3899604907062837E-004   129326.58640650453     
   1.4022188150883478E-004   128194.48490012388     
   1.4145852479509482E-004   127072.28032808285     
   1.4270607427232160E-004   125959.88617048212     
   1.4396462612427543E-004   124857.21666378713     
   1.4523427738297932E-004   123764.18679421602     
   1.4651512593620014E-004   122680.71229118521     
   1.4780727053499536E-004   121606.70962081203     
   1.4911081080132681E-004   120542.09597947478     
   1.5042584723574116E-004   119486.78928742858     
   1.5175248122511846E-004   118440.70818247706     
   1.5309081505048881E-004   117403.77201369961     
   1.5444095189491802E-004   116375.90083523330     
   1.5580299585146289E-004   115357.01540010930     
   1.5717705193119661E-004   114347.03715414286     
   1.5856322607130476E-004   113345.88822987725     
   1.5996162514325316E-004   112353.49144057988     
   1.6137235696102716E-004   111369.77027429186     
   1.6279553028944409E-004   110394.64888792869     
   1.6423125485253874E-004   109428.05210143306     
   1.6567964134202298E-004   108469.90539197854     
   1.6714080142581973E-004   107520.13488822398     
   1.6861484775667241E-004   106578.66736461849     
   1.7010189398083045E-004   105645.43023575524     
   1.7160205474681087E-004   104720.35155077593     
   1.7311544571423776E-004   103803.35998782307     
   1.7464218356275920E-004   102894.38484854141     
   1.7618238600104321E-004   101993.35605262713     
   1.7773617177585280E-004   101100.20413242490     
   1.7930366068120117E-004   100214.86022757180     
   1.8088497356758747E-004   99337.256079688683     
   1.8248023235131435E-004   98467.324027117225     
   1.8408956002388739E-004   97604.996999703479     
   1.8571308066149745E-004   96750.208513627003     
   1.8735091943458679E-004   95902.892666274885     
   1.8900320261749953E-004   95062.984131160978     
   1.9067005759821698E-004   94230.418152889135     
   1.9235161288817931E-004   93405.130542160739     
   1.9404799813219322E-004   92587.057670826034     
   1.9575934411842762E-004   91776.136466978205     
   1.9748578278849688E-004   90972.304410090961     
   1.9922744724763350E-004   90175.499526197935     
   2.0098447177495013E-004   89385.660383115057     
   2.0275699183379241E-004   88602.726085703805     
   2.0454514408218270E-004   87826.636271176714     
   2.0634906638335640E-004   87057.331104443190     
   2.0816889781639082E-004   86294.751273496455     
   2.1000477868692792E-004   85538.837984840822     
   2.1185685053799172E-004   84789.532958958560     
   2.1372525616090082E-004   84046.778425816927     
   2.1561013960627761E-004   83310.517120414006     
   2.1751164619515398E-004   82580.692278363815     
   2.1942992253017564E-004   81857.247631519742     
   2.2136511650690461E-004   81140.127403636565     
   2.2331737732522196E-004   80429.276306069965     
   2.2528685550083060E-004   79724.639533514084     
   2.2727370287686004E-004   79026.162759776053     
   2.2927807263557290E-004   78333.792133587514     
   2.3130011931017525E-004   77647.474274452819     
   2.3333999879673068E-004   76967.156268533523     
   2.3539786836617959E-004   76292.785664568786     
   2.3747388667646460E-004   75624.310469831486     
   2.3956821378476280E-004   74961.679146119641     
   2.4168101115982561E-004   74304.840605782985     
   2.4381244169442804E-004   73653.744207784170     
   2.4596266971792729E-004   73008.339753794353     
   2.4813186100893203E-004   72368.577484323236     
   2.5032018280808416E-004   71734.408074882362     
   2.5252780383095211E-004   71105.782632182556     
   2.5475489428103897E-004   70482.652690364237     
   2.5700162586290466E-004   69864.970207260863     
   2.5926817179540418E-004   69252.687560694787     
   2.6155470682504218E-004   68645.757544805951     
   2.6386140723944594E-004   68044.133366412090     
   2.6618845088095653E-004   67447.768641401359     
   2.6853601716034036E-004   66856.617391156018     
   2.7090428707062121E-004   66270.634039007680     
   2.7329344320103471E-004   65689.773406723180     
   2.7570366975110535E-004   65113.990711021877     
   2.7813515254484800E-004   64543.241560122522     
   2.8058807904509492E-004   63977.481950320871     
   2.8306263836794823E-004   63416.668262597203     
   2.8555902129736086E-004   62860.757259253201     
   2.8807742029984546E-004   62309.706080578500     
   2.9061802953931335E-004   61763.472241546202     
   2.9318104489204396E-004   61222.013628537570     
   2.9576666396178669E-004   60685.288496094850     
   2.9837508609499580E-004   60153.255463702946     
   3.0100651239619967E-004   59625.873512599064     
   3.0366114574350542E-004   59103.101982610198     
   3.0633919080424066E-004   58584.900569018297     
   3.0904085405073281E-004   58071.229319452905     
   3.1176634377622780E-004   57562.048630810801     
   3.1451587011094913E-004   57057.319246202809     
   3.1728964503829833E-004   56557.002251927057     
   3.2008788241119878E-004   56061.059074468860     
   3.2291079796858323E-004   55569.451477526723     
   3.2575860935202668E-004   55082.141559064490     
   3.2863153612252655E-004   54599.091748389044     
   3.3152979977743010E-004   54120.264803253755     
   3.3445362376751156E-004   53645.623806987147     
   3.3740323351419990E-004   53175.132165646704     
   3.4037885642695817E-004   52708.753605197548     
   3.4338072192081648E-004   52246.452168715747     
   3.4640906143405960E-004   51788.192213616137     
   3.4946410844607028E-004   51333.938408904316     
   3.5254609849532981E-004   50883.655732452746     
   3.5565526919757826E-004   50437.309468300526     
   3.5879186026413354E-004   49994.865203976929     
   3.6195611352037331E-004   49556.288827848235     
   3.6514827292437866E-004   49121.546526487793     
   3.6836858458574320E-004   48690.604782069058     
   3.7161729678454771E-004   48263.430369781454     
   3.7489465999050189E-004   47839.990355268746     
   3.7820092688225501E-004   47420.252092089984     
   3.8153635236687735E-004   47004.183219202365     
   3.8490119359951277E-004   46591.751658466346     
   3.8829571000320486E-004   46182.925612172519     
   3.9172016328889827E-004   45777.673560589938     
   3.9517481747561577E-004   45375.964259536173     
   3.9865993891081394E-004   44977.766737968297     
   4.0217579629091787E-004   44583.050295595131     
   4.0572266068203725E-004   44191.784500510323     
   4.0930080554086511E-004   43803.939186846132     
   4.1291050673576056E-004   43419.484452447599     
   4.1655204256801822E-004   43038.390656567222     
   4.2022569379332421E-004   42660.628417579690     
   4.2393174364340229E-004   42286.168610716653     
   4.2767047784785021E-004   41914.982365821161     
   4.3144218465616919E-004   41547.041065121935     
   4.3524715485998718E-004   41182.316341026948     
   4.3908568181547862E-004   40820.780073936308     
   4.4295806146598142E-004   40462.404390074298     
   4.4686459236481372E-004   40107.161659340447     
   4.5080557569829197E-004   39755.024493179153     
   4.5478131530895150E-004   39405.965742468208     
   4.5879211771897261E-004   39059.958495425584     
   4.6283829215381246E-004   38716.976075534607     
   4.6692015056604618E-004   38376.992039487202     
   4.7103800765941744E-004   38039.980175145261     
   4.7519218091310198E-004   37705.914499519640     
   4.7938299060618420E-004   37374.769256766966     
   4.8361075984235043E-004   37046.518916203917     
   4.8787581457479940E-004   36721.138170338803     
   4.9217848363137292E-004   36398.601932920501     
   4.9651909873990737E-004   36078.885337004234     
   5.0089799455381012E-004   35761.963733034441     
   5.0531550867785970E-004   35447.812686944402     
   5.0977198169423535E-004   35136.407978272306     
   5.1426775718877501E-004   34827.725598293895     
   5.1880318177746469E-004   34521.741748171618     
   5.2337860513316267E-004   34218.432837119559     
   5.2799438001255826E-004   33917.775480584736     
   5.3265086228336869E-004   33619.746498444219     
   5.3734841095177564E-004   33324.322913217962     
   5.4208738819010453E-004   33031.481948297231     
   5.4686815936474682E-004   32741.201026188675     
   5.5169109306432912E-004   32453.457766773565     
   5.5655656112813098E-004   32168.229985582348     
   5.6146493867475329E-004   31885.495692084271     
   5.6641660413103787E-004   31605.233087991957     
   5.7141193926124525E-004   31327.420565580789     
   5.7645132919648676E-004   31052.036706023009     
   5.8153516246441789E-004   30779.060277736353     
   5.8666383101919309E-004   30508.470234747143     
   5.9183773027168428E-004   30240.245715067700     
   5.9705725911996714E-004   29974.366039087876     
   6.0232281998007448E-004   29710.810707980752     
   6.0763481881702223E-004   29449.559402122191     
   6.1299366517610901E-004   29190.591979524215     
   6.1839977221449021E-004   28933.888474282150     
   6.2385355673303278E-004   28679.429095035241     
   6.2935543920844897E-004   28427.194223440794     
   6.3490584382571498E-004   28177.164412661663     
   6.4050519851077431E-004   27929.320385866889     
   6.4615393496353054E-004   27683.643034745524     
   6.5185248869112974E-004   27440.113418033448     
   6.5760129904153856E-004   27198.712760052949     
   6.6340080923741587E-004   26959.422449265250     
   6.6925146641028544E-004   26722.224036835509     
   6.7515372163500821E-004   26487.099235210524     
   6.8110802996455941E-004   26254.029916708769     
   6.8711485046511311E-004   26022.998112122754     
   6.9317464625143416E-004   25793.986009333676     
   6.9928788452258456E-004   25566.975951938148     
   7.0545503659794268E-004   25341.950437886870     
   7.1167657795354207E-004   25118.892118135307     
   7.1795298825872919E-004   24897.783795306084     
   7.2428475141314487E-004   24678.608422363126     
   7.3067235558403284E-004   24461.349101297332     
   7.3711629324387570E-004   24245.989081823813     
   7.4361706120836403E-004   24032.511760090438     
   7.5017516067470028E-004   23820.900677397731     
   7.5679109726023929E-004   23611.139518929940     
   7.6346538104147123E-004   23403.212112497193     
   7.7019852659334720E-004   23197.102427288653     
   7.7699105302895231E-004   22992.794572636576     
   7.8384348403952764E-004   22790.272796791160     
   7.9075634793484694E-004   22589.521485706151     
   7.9773017768394728E-004   22390.525161834990     
   8.0476551095622073E-004   22193.268482937547     
   8.1186289016286703E-004   21997.736240897277     
   8.1902286249871338E-004   21803.913360548686     
   8.2624597998440122E-004   21611.784898515052     
   8.3353279950894657E-004   21421.336042056362     
   8.4088388287267488E-004   21232.552107927255     
   8.4829979683053488E-004   21045.418541244981     
   8.5578111313579458E-004   20859.920914367227     
   8.6332840858412195E-004   20676.044925779806     
   8.7094226505805492E-004   20493.776398994043     
   8.7862326957186400E-004   20313.101281453757     
   8.8637201431680909E-004   20134.005643451888     
   8.9418909670679685E-004   19956.475677056489     
   9.0207511942444029E-004   19780.497695046233     
   9.1003069046752445E-004   19606.058129855090     
   9.1805642319588144E-004   19433.143532526337     
   9.2615293637867996E-004   19261.740571675669     
   9.3432085424213090E-004   19091.836032463358     
   9.4256080651761425E-004   18923.416815575416     
   9.5087342849023003E-004   18756.469936213703     
   9.5925936104777746E-004   18590.982523094790     
   9.6771925073016701E-004   18426.941817457609     
   9.7625374977926608E-004   18264.335172079831     
   9.8486351618918742E-004   18103.150050302705     
   9.9354921375701712E-004   17943.374025064601     
   1.0023115121339944E-003   17784.994777942829     
   1.0111510868771388E-003   17628.000098203989     
   1.0200686195013344E-003   17472.377881862511     
   1.0290647975318751E-003   17318.116130747454     
   1.0381403145574698E-003   17165.202951577492     
   1.0472958702837170E-003   17013.626555043975     
   1.0565321705870519E-003   16863.375254901988     
   1.0658499275691667E-003   16714.437467069358     
   1.0752498596119137E-003   16566.801708733583     
   1.0847326914326901E-003   16420.456597466495     
   1.0942991541403133E-003   16275.390850346697     
   1.1039499852913870E-003   16131.593283089735     
   1.1136859289471669E-003   15989.052809185747     
   1.1235077357309251E-003   15847.758439044748     
   1.1334161628858220E-003   15707.699279149361     
   1.1434119743332890E-003   15568.864531214955     
   1.1534959407319249E-003   15431.243491357107     
   1.1636688395369123E-003   15294.825549266363     
   1.1739314550599587E-003   15159.600187390221     
   1.1842845785297639E-003   15025.556980122235     
   1.1947290081530241E-003   14892.685592998238     
   1.2052655491759704E-003   14760.975781899586     
   1.2158950139464532E-003   14630.417392263334     
   1.2266182219765724E-003   14501.000358299378     
   1.2374360000058592E-003   14372.714702214382     
   1.2483491820650182E-003   14245.550533442523     
   1.2593586095402277E-003   14119.498047882964     
   1.2704651312380097E-003   13994.547527143974     
   1.2816696034506718E-003   13870.689337793652     
   1.2929728900223257E-003   13747.913930617233     
   1.3043758624154867E-003   13626.211839880858     
   1.3158793997782637E-003   13505.573682601804     
   1.3274843890121383E-003   13385.990157825057     
   1.3391917248403446E-003   13267.452045906255     
   1.3510023098768495E-003   13149.950207800868     
   1.3629170546959437E-003   13033.475584359596     
   1.3749368779024441E-003   12918.019195629955     
   1.3870627062025176E-003   12803.572140163918     
   1.3992954744751281E-003   12690.125594331657     
   1.4116361258441137E-003   12577.670811641274     
   1.4240856117508996E-003   12466.199122064438     
   1.4366448920278534E-003   12355.701931367979     
   1.4493149349722857E-003   12246.170720451297     
   1.4620967174211036E-003   12137.597044689539     
   1.4749912248261249E-003   12029.972533282571     
   1.4879994513300515E-003   11923.288888609603     
   1.5011223998431193E-003   11817.537885589456     
   1.5143610821204184E-003   11712.711371046460     
   1.5277165188398987E-003   11608.801263081832     
   1.5411897396810617E-003   11505.799550450614     
   1.5547817834043473E-003   11403.698291944034     
   1.5684936979312198E-003   11302.489615777240     
   1.5823265404249615E-003   11202.165718982429     
   1.5962813773721773E-003   11102.718866807241     
   1.6103592846650190E-003   11004.141392118478     
   1.6245613476841354E-003   10906.425694810943     
   1.6388886613823512E-003   10809.564241221529     
   1.6533423303690886E-003   10713.549563548388     
   1.6679234689955277E-003   10618.374259275181     
   1.6826332014405236E-003   10524.030990600391     
   1.6974726617972765E-003   10430.512483871586     
   1.7124429941607693E-003   10337.811529024642     
   1.7275453527159747E-003   10245.920979027895     
   1.7427809018268410E-003   10154.833749331108     
   1.7581508161260628E-003   10064.542817319287     
   1.7736562806056411E-003   9975.0412217712656     
   1.7892984907082472E-003   9886.3220623230245     
   1.8050786524193862E-003   9798.3784989356736     
   1.8209979823603777E-003   9711.2037513681462     
   1.8370577078821548E-003   9624.7910986544575     
   1.8532590671598904E-003   9539.1338785855223     
   1.8696033092884588E-003   9454.2254871955574     
   1.8860916943787376E-003   9370.0593782529231     
   1.9027254936547610E-003   9286.6290627554481     
   1.9195059895517278E-003   9203.9281084301347     
   1.9364344758148757E-003   9121.9501392372858     
   1.9535122575992264E-003   9040.6888348789071     
   1.9707406515702096E-003   8960.1379303114700     
   1.9881209860051785E-003   8880.2912152628851     
   2.0056546008958122E-003   8801.1425337537275     
   2.0233428480514321E-003   8722.6857836226409     
   2.0411870912032215E-003   8644.9149160558700     
   2.0591887061093667E-003   8567.8239351209450     
   2.0773490806611245E-003   8491.4068973044323     
   2.0956696149898278E-003   8415.6579110536823     
   2.1141517215748340E-003   8340.5711363226528     
   2.1327968253524203E-003   8266.1407841216715     
   2.1516063638256479E-003   8192.3611160710989     
   2.1705817871751892E-003   8119.2264439589753     
   2.1897245583711341E-003   8046.7311293024522     
   2.2090361532857822E-003   7974.8695829131184     
   2.2285180608074295E-003   7903.6362644661031     
   2.2481717829551610E-003   7833.0256820729210     
   2.2679988349946500E-003   7763.0323918581262     
   2.2880007455549863E-003   7693.6509975395702     
   2.3081790567465264E-003   7624.8761500124147     
   2.3285353242797910E-003   7556.7025469367391     
   2.3490711175854066E-003   7489.1249323287529     
   2.3697880199351038E-003   7422.1380961556033     
   2.3906876285637872E-003   7355.7368739337044     
   2.4117715547926767E-003   7289.9161463306073     
   2.4330414241535395E-003   7224.6708387703047     
   2.4544988765140144E-003   7159.9959210420420     
   2.4761455662040445E-003   7095.8864069125020     
   2.4979831621434190E-003   7032.3373537414182     
   2.5200133479704478E-003   6969.3438621005180     
   2.5422378221717657E-003   6906.9010753958182     
   2.5646582982132814E-003   6845.0041794932185     
   2.5872765046722835E-003   6783.6484023473649     
   2.6100941853707108E-003   6722.8290136337664     
   2.6331130995095979E-003   6662.5413243841103     
   2.6563350218047053E-003   6602.7806866248029     
   2.6797617426233475E-003   6543.5424930186246     
   2.7033950681224269E-003   6484.8221765095623     
   2.7272368203876858E-003   6426.6152099707069     
   2.7512888375741838E-003   6368.9171058552765     
   2.7755529740480190E-003   6311.7234158506426     
   2.8000311005292934E-003   6255.0297305354215     
   2.8247251042363445E-003   6198.8316790395338     
   2.8496368890312449E-003   6143.1249287072660     
   2.8747683755665854E-003   6087.9051847632554     
   2.9001215014335573E-003   6033.1681899814075     
   2.9256982213113334E-003   5978.9097243567057     
   2.9515005071177728E-003   5925.1256047798888     
   2.9775303481614497E-003   5871.8116847149840     
   3.0037897512950286E-003   5818.9638538796480     
   3.0302807410699847E-003   5766.5780379283124     
   3.0570053598926979E-003   5714.6501981380879     
   3.0839656681819153E-003   5663.1763310974366     
   3.1111637445276055E-003   5612.1524683975513     
   3.1386016858512165E-003   5561.5746763264342     
   3.1662816075673419E-003   5511.4390555656582     
   3.1942056437468170E-003   5461.7417408897818     
   3.2223759472812517E-003   5412.4789008683792     
   3.2507946900490140E-003   5363.6467375706961     
   3.2794640630826768E-003   5315.2414862728820     
   3.3083862767379455E-003   5267.2594151677631     
   3.3375635608640683E-003   5219.6968250771934     
   3.3669981649757574E-003   5172.5500491668909     
   3.3966923584266189E-003   5125.8154526637718     
   3.4266484305841187E-003   5079.4894325757750     
   3.4568686910060871E-003   5033.5684174141215     
   3.4873554696187806E-003   4988.0488669180040     
   3.5181111168965172E-003   4942.9272717816921     
   3.5491380040428913E-003   4898.2001533840294     
   3.5804385231735913E-003   4853.8640635202719     
   3.6120150875008244E-003   4809.9155841363072     
   3.6438701315193748E-003   4766.3513270651765     
   3.6760061111942941E-003   4723.1679337659043     
   3.7084255041502571E-003   4680.3620750646178     
   3.7411308098625751E-003   4637.9304508979367     
   3.7741245498499085E-003   4595.8697900585876     
   3.8074092678686646E-003   4554.1768499432701     
   3.8409875301091230E-003   4512.8484163027069     
   3.8748619253932762E-003   4471.8813029939083     
   3.9090350653744298E-003   4431.2723517345694     
   3.9435095847385557E-003   4391.0184318596375     
   3.9782881414074144E-003   4351.1164400800199     
   4.0133734167434858E-003   4311.5633002433733     
   4.0487681157566893E-003   4272.3559630970203     
   4.0844749673129401E-003   4233.4914060529054     
   4.1204967243445379E-003   4194.9666329546453     
   4.1568361640624127E-003   4156.7786738465848     
   4.1934960881702399E-003   4118.9245847449019     
   4.2304793230804535E-003   4081.4014474106943     
   4.2677887201321525E-003   4044.2063691250596     
   4.3054271558109333E-003   4007.3364824661544     
   4.3433975319706608E-003   3970.7889450881917     
   4.3817027760572006E-003   3934.5609395023762     
   4.4203458413341196E-003   3898.6496728597594     
   4.4593297071103665E-003   3863.0523767359987     
   4.4986573789699870E-003   3827.7663069179912     
   4.5383318890038354E-003   3792.7887431923887     
   4.5783562960433517E-003   3758.1169891359532     
   4.6187336858963873E-003   3723.7483719077522     
   4.6594671715851164E-003   3689.6802420431736     
   4.7005598935860454E-003   3655.9099732497457     
   4.7420150200721371E-003   3622.4349622047430     
   4.7838357471570673E-003   3589.2526283545676     
   4.8260252991416475E-003   3556.3604137158823     
   4.8685869287624032E-003   3523.7557826784891     
   4.9115239174423626E-003   3491.4362218099332     
   4.9548395755440412E-003   3459.3992396618237     
   4.9985372426246677E-003   3427.6423665778389     
   5.0426202876936574E-003   3396.1631545034261     
   5.0870921094723579E-003   3364.9591767971588     
   5.1319561366560832E-003   3334.0280280437528     
   5.1772158281784570E-003   3303.3673238687247     
   5.2228746734780951E-003   3272.9747007546562     
   5.2689361927676318E-003   3242.8478158590879     
   5.3154039373051213E-003   3212.9843468340041     
   5.3622814896678341E-003   3183.3819916468883     
   5.4095724640284681E-003   3154.0384684033643     
   5.4572805064337935E-003   3124.9515151713772     
   5.5054092950857555E-003   3096.1188898069240     
   5.5539625406250577E-003   3067.5383697813099     
   5.6029439864172465E-003   3039.2077520099160     
   5.6523574088413169E-003   3011.1248526824720     
   5.7022066175808628E-003   2983.2875070948162     
   5.7524954559177999E-003   2955.6935694821268     
   5.8032278010286724E-003   2928.3409128536241     
   5.8544075642835798E-003   2901.2274288287122     
   5.9060386915477294E-003   2874.3510274745672     
   5.9581251634856659E-003   2847.7096371451380     
   6.0106709958681623E-003   2821.3012043215776     
   6.0636802398818367E-003   2795.1236934540530     
   6.1171569824414853E-003   2769.1750868049635     
   6.1711053465051801E-003   2743.4533842935148     
   6.2255294913921410E-003   2717.9566033416731     
   6.2804336131034085E-003   2692.6827787214643     
   6.3358219446453500E-003   2667.6299624036133     
   6.3916987563560181E-003   2642.7962234075117     
   6.4480683562343809E-003   2618.1796476525042     
   6.5049350902724682E-003   2593.7783378104814     
   6.5623033427904317E-003   2569.5904131597640     
   6.6201775367745732E-003   2545.6140094402722     
   6.6785621342183464E-003   2521.8472787099668     
   6.7374616364663693E-003   2498.2883892025516     
   6.7968805845614695E-003   2474.9355251864245     
   6.8568235595947886E-003   2451.7868868248675     
   6.9172951830589790E-003   2428.8406900374703     
   6.9783001172045089E-003   2406.0951663627638     
   7.0398430653991172E-003   2383.5485628220690     
   7.1019287724904279E-003   2361.1991417845338     
   7.1645620251717789E-003   2339.0451808333664     
   7.2277476523512577E-003   2317.0849726332362     
   7.2914905255240074E-003   2295.3168247988460     
   7.3557955591478054E-003   2273.7390597646599     
   7.4206677110219650E-003   2252.3500146557735     
   7.4861119826695674E-003   2231.1480411599250     
   7.5521334197230679E-003   2210.1315054006286     
   7.6187371123133171E-003   2189.2987878114263     
   7.6859281954619815E-003   2168.6482830112504     
   7.7537118494774640E-003   2148.1783996808722     
   7.8220933003542801E-003   2127.8875604404552     
   7.8910778201759842E-003   2107.7742017281680     
   7.9606707275216276E-003   2087.8367736798855     
   8.0308773878758188E-003   2068.0737400099333     
   8.1017032140423897E-003   2048.4835778928950     
   8.1731536665617128E-003   2029.0647778464563     
   8.2452342541316920E-003   2009.8158436152785     
   8.3179505340324929E-003   1990.7352920559063     
   8.3913081125549741E-003   1971.8216530226791     
   8.4653126454329371E-003   1953.0734692546582     
   8.5399698382791715E-003   1934.4892962635461     
   8.6152854470253407E-003   1916.0677022225950     
   8.6912652783657628E-003   1897.8072678565027     
   8.7679151902050837E-003   1879.7065863322698     
   8.8452410921099258E-003   1861.7642631510305     
   8.9232489457644927E-003   1843.9789160408377     
   9.0019447654302084E-003   1826.3491748503877     
   9.0813346184094070E-003   1808.8736814436954     
   9.1614246255131062E-003   1791.5510895956941     
   9.2422209615329199E-003   1774.3800648887561     
   9.3237298557171094E-003   1757.3592846101417     
   9.4059575922508572E-003   1740.4874376503376     
   9.4889105107407636E-003   1723.7632244023114     
   9.5725950067036165E-003   1707.1853566616469     
   9.6570175320594802E-003   1690.7525575275724     
   9.7421845956291147E-003   1674.4635613048588     
   9.8281027636358091E-003   1658.3171134065931     
   9.9147786602116102E-003   1642.3119702578103     
   1.0002218967908040E-002   1626.4468991999840     
   1.0090430428211309E-002   1610.7206783963563     
   1.0179419842062066E-002   1595.1320967381198     
   1.0269194070379743E-002   1579.6799537514225     
   1.0359760034591516E-002   1564.3630595052059     
   1.0451124717165935E-002   1549.1802345198569     
   1.0543295162151266E-002   1534.1303096766740     
   1.0636278475718563E-002   1519.2121261281395     
   1.0730081826709547E-002   1504.4245352089908     
   1.0824712447189312E-002   1489.7663983480786     
   1.0920177633003902E-002   1475.2365869810162     
   1.1016484744342801E-002   1460.8339824636025     
   1.1113641206306401E-002   1446.5574759860197     
   1.1211654509478459E-002   1432.4059684877930     
   1.1310532210503602E-002   1418.3783705735120     
   1.1410281932669939E-002   1404.4736024293045     
   1.1510911366496795E-002   1390.6905937400536     
   1.1612428270327640E-002   1377.0282836073561     
   1.1714840470928245E-002   1363.4856204682144     
   1.1818155864090104E-002   1350.0615620144556     
   1.1922382415239189E-002   1336.7550751128740     
   1.2027528160050076E-002   1323.5651357260817     
   1.2133601205065467E-002   1310.4907288340789     
   1.2240609728321201E-002   1297.5308483565163     
   1.2348561979976760E-002   1284.6844970756665     
   1.2457466282951343E-002   1271.9506865600736     
   1.2567331033565547E-002   1259.3284370889016     
   1.2678164702188707E-002   1246.8167775769527     
   1.2789975833891951E-002   1234.4147455003667     
   1.2902773049106996E-002   1222.1213868229854     
   1.3016565044290784E-002   1209.9357559233802     
   1.3131360592595955E-002   1197.8569155225382     
   1.3247168544547236E-002   1185.8839366122031     
   1.3363997828723809E-002   1174.0158983838589     
   1.3481857452447683E-002   1162.2518881583524     
   1.3600756502478146E-002   1150.5910013161624     
   1.3720704145712324E-002   1139.0323412282889     
   1.3841709629891955E-002   1127.5750191877710     
   1.3963782284316354E-002   1116.2181543418292     
   1.4086931520561686E-002   1104.9608736246196     
   1.4211166833206597E-002   1093.8023116905954     
   1.4336497800564205E-002   1082.7416108484799     
   1.4462934085420593E-002   1071.7779209958369     
   1.4590485435779772E-002   1060.9103995542353     
   1.4719161685615254E-002   1050.1382114050036     
   1.4848972755628211E-002   1039.4605288255746     
   1.4979928654012365E-002   1028.8765314264056     
   1.5112039477225586E-002   1018.3854060884767     
   1.5245315410768312E-002   1007.9863469013618     
   1.5379766729968844E-002   997.67855510186416     
   1.5515403800775537E-002   987.46123901321471     
   1.5652237080556006E-002   977.33361398482884     
   1.5790277118903379E-002   967.29490233261333     
   1.5929534558449622E-002   957.34433327982708     
   1.6070020135686102E-002   947.48114289847877     
   1.6211744681791325E-002   937.70457405127024     
   1.6354719123466008E-002   928.01387633407285     
   1.6498954483775509E-002   918.40830601893208     
   1.6644461882999687E-002   908.88712599760379     
   1.6791252539490237E-002   899.44960572561013     
   1.6939337770535644E-002   890.09502116681210     
   1.7088728993233680E-002   880.82265473850032     
   1.7239437725371669E-002   871.63179525699047     
   1.7391475586314476E-002   862.52173788373102     
   1.7544854297900342E-002   853.49178407190368     
   1.7699585685344622E-002   844.54124151353255     
   1.7855681678151467E-002   835.66942408707666     
   1.8013154311033598E-002   826.87565180551940     
   1.8172015724840136E-002   818.15925076493988     
   1.8332278167492635E-002   809.51955309356867     
   1.8493953994929400E-002   800.95589690132010     
   1.8657055672058092E-002   792.46762622979873     
   1.8821595773716740E-002   784.05409100277859     
   1.8987586985643248E-002   775.71464697714680     
   1.9155042105453452E-002   767.44865569431022     
   1.9323974043627776E-002   759.25548443206344     
   1.9494395824506603E-002   751.13450615691204     
   1.9666320587294447E-002   743.08509947684593     
   1.9839761587072950E-002   735.10664859456392     
   2.0014732195822827E-002   727.19854326114103     
   2.0191245903454808E-002   719.36017873013975     
   2.0369316318849709E-002   711.59095571215562     
   2.0548957170907635E-002   703.89028032980150     
   2.0730182309606458E-002   696.25756407312042     
   2.0913005707069613E-002   688.69222375542506     
   2.1097441458643350E-002   681.19368146956458     
   2.1283503783983432E-002   673.76136454460971     
   2.1471207028151463E-002   666.39470550295584     
   2.1660565662720847E-002   659.09314201784127     
   2.1851594286892536E-002   651.85611687127596     
   2.2044307628620596E-002   644.68307791237680     
   2.2238720545747707E-002   637.57347801610899     
   2.2434848027150667E-002   630.52677504242695     
   2.2632705193896020E-002   623.54243179581442     
   2.2832307300405842E-002   616.61991598521900     
   2.3033669735633856E-002   609.75870018437774     
   2.3236808024251869E-002   602.95826179253129     
   2.3441737827846709E-002   596.21808299552492     
   2.3648474946127696E-002   589.53765072728868     
   2.3857035318144780E-002   582.91645663169993     
   2.4067435023517391E-002   576.35399702482016     
   2.4279690283674181E-002   569.84977285750438     
   2.4493817463103643E-002   563.40328967838195     
   2.4709833070615781E-002   557.01405759720330     
   2.4927753760614926E-002   550.68159124855049     
   2.5147596334383737E-002   544.40540975590955     
   2.5369377741378575E-002   538.18503669609925     
   2.5593115080536261E-002   532.02000006405615     
   2.5818825601592359E-002   525.90983223797105     
   2.6046526706411128E-002   519.85406994477319     
   2.6276235950327149E-002   513.85225422596375     
   2.6507971043498821E-002   507.90393040378740     
   2.6741749852273775E-002   502.00864804774943     
   2.6977590400566347E-002   496.16596094146513     
   2.7215510871247177E-002   490.37542704984679     
   2.7455529607545080E-002   484.63660848661993     
   2.7697665114461274E-002   478.94907148216907     
   2.7941936060196085E-002   473.31238635170786     
   2.8188361277588218E-002   467.72612746377246     
   2.8436959765566757E-002   462.18987320903381     
   2.8687750690615920E-002   456.70320596942713     
   2.8940753388252784E-002   451.26571208759333     
   2.9195987364518002E-002   445.87698183663360     
   2.9453472297479692E-002   440.53660939016993     
   2.9713228038750567E-002   435.24419279270921     
   2.9975274615018473E-002   429.99933393031301     
   3.0239632229590405E-002   424.80163850156072     
   3.0506321263950139E-002   419.65071598881315     
   3.0775362279329598E-002   414.54617962976562     
   3.1046776018294125E-002   409.48764638929163     
   3.1320583406341640E-002   404.47473693157400     
   3.1596805553516009E-002   399.50707559251777     
   3.1875463756034547E-002   394.58429035244461     
   3.2156579497929952E-002   389.70601280906430     
   3.2440174452706652E-002   384.87187815071934     
   3.2726270485011831E-002   380.08152512990182     
   3.3014889652321112E-002   375.33459603703744     
   3.3306054206639166E-002   370.63073667453261     
   3.3599786596215306E-002   365.96959633108651     
   3.3896109467274213E-002   361.35082775625460     
   3.4195045665761883E-002   356.77408713527421     
   3.4496618239107053E-002   352.23903406413558     
   3.4800850437998056E-002   347.74533152490255     
   3.5107765718175490E-002   343.29264586127823     
   3.5417387742240514E-002   338.88064675441046     
   3.5729740381479289E-002   334.50900719893417     
   3.6044847717703318E-002   330.17740347924848     
   3.6362734045106176E-002   325.88551514602312     
   3.6683423872136543E-002   321.63302499293036     
   3.7006941923387701E-002   317.41961903360061     
   3.7333313141503822E-002   313.24498647879579     
   3.7662562689102959E-002   309.10881971379786     
   3.7994715950717066E-002   305.01081427600758     
   3.8329798534749084E-002   300.95066883275069     
   3.8667836275447287E-002   296.92808515928624     
   3.9008855234897069E-002   292.94276811701366     
   3.9352881705030311E-002   288.99442563187398     
   3.9699942209652374E-002   285.08276867294029     
   4.0050063506487099E-002   281.20751123119521     
   4.0403272589239737E-002   277.36837029848783     
   4.0759596689678157E-002   273.56506584666795     
   4.1119063279732304E-002   269.79732080689206     
   4.1481700073612286E-002   266.06486104909584     
   4.1847535029945065E-002   262.36741536162913     
   4.2216596353930033E-002   258.70471543104742     
   4.2588912499513541E-002   255.07649582205775     
   4.2964512171582710E-002   251.48249395760732     
   4.3343424328178455E-002   247.92245009911858     
   4.3725678182728142E-002   244.39610732685634     
   4.4111303206297886E-002   240.90321152042841     
   4.4500329129864687E-002   237.44351133941009     
   4.4892785946608671E-002   234.01675820408781     
   4.5288703914225473E-002   230.62270627631702     
   4.5688113557259089E-002   227.26111244048639     
   4.6091045669455225E-002   223.93173628458379     
   4.6497531316135453E-002   220.63434008135738     
   4.6907601836592282E-002   217.36868876956433     
   4.7321288846505404E-002   214.13454993530135     
   4.7738624240379120E-002   210.93169379341151     
   4.8159640194001416E-002   207.75989316895772     
   4.8584369166924657E-002   204.61892347875727     
   4.9012843904968094E-002   201.50856271297138     
   4.9445097442742593E-002   198.42859141673981     
   4.9881163106197467E-002   195.37879267185494     
   5.0321074515189898E-002   192.35895207846625     
   5.0764865586076929E-002   189.36885773680854     
   5.1212570534330391E-002   186.40830022894443     
   5.1664223877174807E-002   183.47707260051402     
   5.2119860436248631E-002   180.57497034248158     
   5.2579515340288957E-002   177.70179137287266     
   5.3043224027839821E-002   174.85733601849145     
   5.3511022249984511E-002   172.04140699660809     
   5.3982946073101834E-002   169.25380939661056     
   5.4459031881646865E-002   166.49435066160598     
   5.4939316380956039E-002   163.76284056996650     
   5.5423836600077075E-002   161.05909121680779     
   5.5912629894623915E-002   158.38291699538877     
   5.6405733949656665E-002   155.73413457842494     
   5.6903186782587156E-002   153.11256289930134     
   5.7405026746109922E-002   150.51802313317808     
   5.7911292531159182E-002   147.95033867797312     
   5.8422023169891812E-002   145.40933513521477     
   5.8937258038696670E-002   142.89484029074961     
   5.9457036861230432E-002   140.40668409529513     
   5.9981399711480185E-002   137.94469864482531     
   6.0510387016853129E-002   135.50871816077586     
   6.1044039561293360E-002   133.09857897005722     
   6.1582398488426358E-002   130.71411948486224     
   6.2125505304730953E-002   128.35518018225599     
   6.2673401882739482E-002   126.02160358353339     
   6.3226130464266062E-002   123.71323423333186     
   6.3783733663663356E-002   121.42991867848538     
   6.4346254471108075E-002   119.17150544660483     
   6.4913736255915414E-002   116.93784502437163     
   6.5486222769882751E-002   114.72878983552934     
   6.6063758150662830E-002   112.54419421855872     
   6.6646386925166737E-002   110.38391440402089     
   6.7234154012996775E-002   108.24780849155388     
   6.7827104729909715E-002   106.13573642650717     
   6.8425284791310589E-002   104.04755997619769     
   6.9028740315777173E-002   101.98314270577238     
   6.9637517828615741E-002   99.942349953660809     
   7.0251664265448030E-002   97.925048806601168     
   7.0871226975829926E-002   95.931108074223687     
   7.1496253726901937E-002   93.960398263175563     
   7.2126792707072063E-002   92.012791550768142     
   7.2762892529730991E-002   90.088161758132017     
   7.3404602237000044E-002   88.186384322861741     
   7.4051971303512362E-002   86.307336271132314     
   7.4705049640227159E-002   84.450896189271873     
   7.5363887598277876E-002   82.616944194770852     
   7.6028535972854097E-002   80.805361906712406     
   7.6699046007117799E-002   79.016032415603959     
   7.7375469396154098E-002   77.248840252595414     
   7.8057858290956822E-002   75.503671358062718     
   7.8746265302449311E-002   73.780413049543057     
   7.9440743505540534E-002   72.078953989000141     
   8.0141346443217146E-002   70.399184149405698     
   8.0848128130671534E-002   68.740994780617044     
   8.1561143059466282E-002   67.104278374534843     
   8.2280446201735330E-002   65.488928629523926     
   8.3006093014422314E-002   63.894840414079049     
   8.3738139443556084E-002   62.321909729720794     
   8.4476641928564147E-002   60.770033673103264     
   8.5221657406623963E-002   59.239110397318910     
   8.5973243317052750E-002   57.729039072383905     
   8.6731457605735890E-002   56.239719844889770     
   8.7496358729594534E-002   54.771053796804487     
   8.8268005661092414E-002   53.322942903411359     
   8.9046457892782635E-002   51.895289990369591     
   8.9831775441894315E-002   50.487998689884996     
   9.0624018854959909E-002   49.100973395977235     
   9.1423249212483154E-002   47.734119218833179     
   9.2229528133648347E-002   46.387341938234435     
   9.3042917781070975E-002   45.060547956049405     
   9.3863480865590390E-002   43.753644247781665     
   9.4691280651104728E-002   42.466538313165643     
   9.5526380959448362E-002   41.199138125802989     
   9.6368846175312536E-002   39.951352081835473     
   9.7218741251209218E-002   38.723088947647732     
   9.8076131712478878E-002   37.514257806598849     
   9.8941083662342361E-002   36.324768004780957     
   9.9813663786997298E-002   35.154529095804087     
  0.10069393936075952        34.003450784610713     
  0.10158197825124975        32.871442870321886     
  0.10247784892462611        31.758415188122061     
  0.10338162045086273        30.664277550188917     
  0.10429336250907487        29.588939685678437     
  0.10521314539289107        28.532311179777036     
  0.10614104001587275        27.494301411834751     
  0.10707711791698134        26.474819492596460     
  0.10802145126609394        25.473774200550046     
  0.10897411286956746        24.491073917413988     
  0.10993517617585181        23.526626562788774     
  0.11090471528115270        22.580339528000419     
  0.11188280493514424        21.652119609167020     
  0.11286952054673208        20.741872939522015     
  0.11386493818986726        19.849504921032690     
  0.11486913460941139        18.974920155354962     
  0.11588218722705354        18.118022374168405     
  0.11690417414727922        17.278714368941770     
  0.11793517416339225        16.456897920180367     
  0.11897526676358942        15.652473726212895     
  0.12002453213708908        14.865341331578376     
  0.12108305118031332        14.095399055079097     
  0.12215090550312513        13.342543917568847     
  0.12322817743512032        12.606671569551978     
  0.12431495003197497        11.887676218671809     
  0.12541130708184886        11.185450557173434     
  0.12651733311184543        10.499885689430108     
  0.12763311339452857        9.8308710596275919     
  0.12875873395449705        9.1782943797066583     
  0.12989428157501690        8.5420415576685329     
  0.13103984380471209        7.9219966263546358     
  0.13219550896431451        7.3180416728157374     
  0.13336136615347333        6.7300567683936707     
  0.13453750525762426        6.1579198996420921     
  0.13572401695491976        5.6015069002204356     
  0.13692099272322000        5.0606913838990328     
  0.13812852484714577        4.5353446788214509     
  0.13934670642519328        4.0253357631736639     
  0.14057563137691209        3.5305312024169195     
  0.14181539445014593        3.0507950882462076     
  0.14306609122833772        2.5859889794421624     
  0.14432781813789888        2.1359718447899501     
  0.14560067245564348        1.7006000082434169     
  0.14688475231628831        1.2797270965188630     
  0.14818015672001869       0.87320398930815391     
  0.14948698554012138       0.48087877230480480     
  0.15080533953068453       0.10259669324225101     
  0.15213532033436555      -0.26179987885198380     
  0.15347703049022779      -0.61247149097915010     
  0.15483057344164589      -0.94958163985697974     
  0.15619605354428123       -1.2732968017581177     
  0.15757357607412745       -1.5837864582804972     
  0.15896324723562713       -1.8812231178300347     
  0.16036517416985993       -2.1657823325922991     
  0.16177946496280285       -2.4376427107694143     
  0.16320622865366366       -2.6969859238574454     
  0.16464557524328746       -2.9439967087383034     
  0.16609761570263762       -3.1788628643622938     
  0.16756246198135144       -3.4017752427968593     
  0.16904022701637120       -3.6129277344206452     
  0.17053102474065149       -3.8125172470437589     
  0.17203497009194307       -4.0007436787392390     
  0.17355217902165454       -4.1778098841760842     
  0.17508276850379184       -4.3439216342486784     
  0.17662685654397689       -4.4992875688059941     
  0.17818456218854536       -4.6441191422898278     
  0.17975600553372517       -4.7786305621029657     
  0.18134130773489551       -4.9030387195362310     
  0.18294059101592786       -5.0175631130964922     
  0.18455397867860898       -5.1224257640903028     
  0.18618159511214757       -5.2178511243318297     
  0.18782356580276416       -5.3040659758604187     
  0.18948001734336609       -5.3812993225690597     
  0.19115107744330739       -5.4497822736647938     
  0.19283687493823506       -5.5097479189018843     
  0.19453753980002206       -5.5614311955500453     
  0.19625320314678785       -5.6050687470836529     
  0.19798399725300736       -5.6408987736022267     
  0.19973005555970916       -5.6691608740190498     
  0.20149151268476348       -5.6900958800827244     
  0.20326850443326097       -5.7039456823247559     
  0.20506116780798309       -5.7109530480591699     
  0.20686964101996466       -5.7113614315895731     
  0.20869406349914987       -5.7054147768149726     
  0.21053457590514188       -5.6933573124595984     
  0.21239132013804746       -5.6754333401877348     
  0.21426443934941727       -5.6518870159026910     
  0.21615407795328265       -5.6229621245661958     
  0.21806038163728947       -5.5889018489149276     
  0.21998349737393050       -5.5499485324893811     
  0.22192357343187680       -5.5063434374320543     
  0.22388075938740881       -5.4583264975517496     
  0.22585520613594851       -5.4061360671929535     
  0.22784706590369311       -5.3500086664892335     
  0.22985649225935142       -5.2901787236218398     
  0.23188364012598378       -5.2268783147441891     
  0.23392866579294624       -5.1603369022733832     
  0.23599172692794032       -5.0907810722881441     
  0.23807298258916862       -5.0184342718107526     
  0.24017259323759835       -4.9435165467863342     
  0.24229072074933214       -4.8662442816064111     
  0.24442752842808865       -4.7868299410566486     
  0.24658318101779297       -4.7054818155965554     
  0.24875784471527790       -4.6224037709068480     
  0.25095168718309763       -4.5377950026619249     
  0.25316487756245404       -4.4518497975050852     
  0.25539758648623728       -4.3647573012193845     
  0.25764998609218126       -4.2767012950982011     
  0.25992225003613506       -4.1878599815252064     
  0.26221455350545153       -4.0984057797759839     
  0.26452707323249403       -4.0085051330475814     
  0.26685998750826179       -3.9183183277139273     
  0.26921347619613639       -3.8279993257874865     
  0.27158772074574833       -3.7376956115464126     
  0.27398290420696675       -3.6475480532559472     
  0.27639921124401234       -3.5576907808781479     
  0.27883682814969435       -3.4682510806201625     
  0.28129594285977361       -3.3793493071213505     
  0.28377674496745187       -3.2910988140221122     
  0.28627942573798926       -3.2036059035924564     
  0.28880417812345022       -3.1169697960258889     
  0.29135119677758026       -3.0312826189255788     
  0.29392067807081279       -2.9466294174221530     
  0.29651282010540941       -2.8630881852702292     
  0.29912782273073274       -2.7807299171699928     
  0.30176588755865508       -2.6996186824542767     
  0.30442721797910161       -2.6198117201696105     
  0.30711201917573189       -2.5413595554620816     
  0.30982049814175910       -2.4643061370575414     
  0.31255286369590840       -2.3886889954991513     
  0.31530932649851701       -2.3145394216766091     
  0.31809009906777541       -2.2418826650501096     
  0.32089539579611209       -2.1707381508389174     
  0.32372543296672318       -2.1011197153119667     
  0.32658042877024684       -2.0330358581850883     
  0.32946060332158611       -1.9664900109993633     
  0.33236617867687862       -1.9014808202276037     
  0.33529737885061733       -1.8380024437330538     
  0.33825442983292126       -1.7760448590871185     
  0.34123755960695901       -1.7155941821427489     
  0.34424699816652593       -1.6566329941577309     
  0.34728297753377602       -1.5991406756700459     
  0.35034573177711054       -1.5430937452458922     
  0.35343549702922444       -1.4884662011517502     
  0.35655251150531120       -1.4352298639458552     
  0.35969701552142958       -1.3833547179434056     
  0.36286925151303062       -1.3328092494839721     
  0.36606946405364987       -1.2835607799206463     
  0.36929789987376282       -1.2355757912586207     
  0.37255480787980783       -1.1888202423973677     
  0.37584043917337623       -1.1432598739753215     
  0.37915504707057157       -1.0988604998800193     
  0.38249888712154029       -1.0555882835691586     
  0.38587221713017372       -1.0134099974499533     
  0.38927529717398446      -0.97229326368443769     
  0.39270838962415777      -0.93220677492668558     
  0.39617175916578035      -0.89312049365361079     
  0.39966567281824639      -0.85500582892293941     
  0.40319039995584471      -0.81783578957871617     
  0.40674621232852692      -0.78158511312491530     
  0.41033338408285891      -0.74623036969993073     
  0.41395219178315679      -0.71175004080596738     
  0.41760291443280978      -0.67812457267689052     
  0.42128583349579085      -0.64533640440202344     
  0.42500123291835684      -0.61336997116039393     
  0.42874939915094018      -0.58221168315661642     
  0.43253062117023416      -0.55184988108331501     
  0.43634519050147191      -0.52227476916319360     
  0.44019340124090284      -0.49347832704315847     
  0.44407555007846661      -0.46545420202080612     
  0.44799193632066786      -0.43819758327717573     
  0.45194286191365157      -0.41170505996607021     
  0.45592863146648310      -0.38597446516708944     
  0.45994955227463269      -0.36100470784435384     
  0.46400593434366733      -0.33679559506343931     
  0.46809809041315176      -0.31334764680374161     
  0.47222633598076025      -0.29066190576041684     
  0.47639098932660046      -0.26873974455838512     
  0.48059237153775275      -0.24758267279957294     
  0.48483080653302496      -0.22719214633347731     
  0.48910662108792607      -0.20756938108006706     
  0.49342014485986047      -0.18871517364379436     
  0.49777171041354301      -0.17062973083887048     
  0.50216165324663997      -0.15331251010045502     
  0.50659031181563496      -0.13676207258595025     
  0.51105802756192320      -0.12097595057739091     
  0.51556514493813621      -0.10595053058280607     
  0.52011201143469832       -9.1680953304337842E-002
  0.52469897760661777       -7.8161031397272068E-002
  0.52932639710051355       -6.5383185690619683E-002
  0.53399462668188125       -5.3338400280214221E-002
  0.53870402626259850       -4.2016196643540088E-002
  0.54345495892867401       -3.1404626665579083E-002
  0.54824779096824061       -2.1490284210963773E-002
  0.55308289189979565       -1.2258334633504772E-002
  0.55796063450068978       -3.6925613834894733E-003
  0.56288139483586752        4.2245713404290841E-003
  0.56784555228686140        1.1511841141233867E-002
  0.57285348958104132        1.8189176592074460E-002
  0.57790559282112230        2.4277554584588662E-002
  0.58300225151493212        2.9798887535374394E-002
  0.58814385860544172        3.4775902217178370E-002
  0.59333081050106051        3.9232012039748299E-002
  0.59856350710619877        4.3191184633546806E-002
  0.60384235185209889        4.6677806587901063E-002
  0.60916775172794013        4.9716547164430795E-002
  0.61454011731221603        5.2332222748114055E-002
  0.61995986280438964        5.4549663713945429E-002
  0.62542740605682734        5.6393585279104375E-002
  0.63094316860701438        5.7888463781585499E-002
  0.63650757571005512        5.9058419679380456E-002
  0.64212105637145889        5.9927108402847831E-002
  0.64778404338021567        6.0517620020362067E-002
  0.65349697334216350        6.0852388497292124E-002
  0.65926028671364989        6.0953111144464750E-002
  0.66507442783548998        6.0840678668093832E-002
  0.67093984496722470        6.0535116052146482E-002
  0.67685699032168067        6.0055534329514937E-002
  0.68282632009983479        5.9420093133134552E-002
  0.68884829452598662        5.8645973764964748E-002
  0.69492337788324110        5.7749362381788676E-002
  0.70105203854930354        5.6745442773927929E-002
  0.70723474903259065        5.5648398107599903E-002
  0.71347198600866024        5.4471420914715712E-002
  0.71976423035696213        5.3226730545905050E-002
  0.72611196719791293        5.1925597253504603E-002
  0.73251568593029770        5.0578372040778016E-002
  0.73897588026900218        4.9194521400980233E-002
  0.74549304828307694        4.7782666073923487E-002
  0.75206769243413774        4.6350622967033135E-002
  0.75870031961510420        4.4905449420848932E-002
  0.76539144118928060        4.3453489043688412E-002
  0.77214157302978070        4.2000418394784356E-002
  0.77895123555930101        4.0551293857607383E-002
  0.78582095379024397        3.9110598113250954E-002
  0.79275125736519603        3.7682285695697273E-002
  0.79974268059776121        3.6269827184602942E-002
  0.80679576251375673        3.4876251665175481E-002
  0.81391104689277005        3.3504187157168505E-002
  0.82108908231008404        3.2155898784604078E-002
  0.82833042217897046        3.0833324523357547E-002
  0.83563562479335718        2.9538108424258615E-002
  0.84300525337087207        2.8271631264145562E-002
  0.85043987609626570        2.7035038625859511E-002
  0.85794006616521723        2.5829266450192182E-002
  0.86550640182852723        2.4655064138217931E-002
  0.87313946643669882        2.3513015311335383E-002
  0.88083984848491426        2.2403556358956318E-002
  0.88860814165840540        2.1326992920482436E-002
  0.89644494487822712        2.0283514459468650E-002
  0.90435086234743145        1.9273207094234492E-002
  0.91232650359765211        1.8296064851239507E-002
  0.92037248353609746        1.7351999505906494E-002
  0.92848942249295841        1.6440849170872480E-002
  0.93667794626923517        1.5562385784478669E-002
  0.94493868618498600        1.4716321643248161E-002
  0.95327227912799894        1.3902315111674335E-002
  0.96167936760289707        1.3119975631327467E-002
  0.97016059978067237        1.2368868139506373E-002
  0.97871662954865968        1.1648516995767287E-002
  0.98734811656094978        1.0958409502956045E-002
  0.99605572628924799        1.0297999098085523E-002
   1.0048401300741796        9.6667082777214617E-003
   1.0137020051770509        9.0639313125954833E-003
   1.0226420348320626        8.4890367970409143E-003
   1.0316609082989880        7.9413700705885642E-003
   1.0407593209163120        7.4202555416825570E-003
   1.0499379741548411        6.9249989369643801E-003
   1.0591975756717860        6.4548894938969148E-003
   1.0685388393653192        6.0092021096087413E-003
   1.0779624854296175        5.5871994546761988E-003
   1.0874692404103852        5.1881340570631282E-003
   1.0970598372608706        4.8112503585384164E-003
   1.1067350153983764        4.4557867435261623E-003
   1.1164955207612650        4.1209775384472578E-003
   1.1263421058664707        3.8060549781262685E-003
   1.1362755298675171        3.5102511347090766E-003
   1.1462965586130465        3.2327998037157447E-003
   1.1564059647058644        2.9729383412952308E-003
   1.1666045275625074        2.7299094464165977E-003
   1.1768930334733327        2.5029628815914392E-003
   1.1872722756631426        2.2913571257452119E-003
   1.1977430543523375        2.0943609530178430E-003
   1.2083061768186130        1.9112549315532215E-003
   1.2189624574592002        1.7413328367169168E-003
   1.2297127178536520        1.5839029736442890E-003
   1.2405577868271880        1.4382894045539101E-003
   1.2514985005145935        1.3038330768519624E-003
   1.2625357024246844        1.1798928486900187E-003
   1.2736702435053413        1.0658464093119659E-003
   1.2849029822091134        9.6109109222590526E-004
   1.2962347845594071        8.6504457995438262E-004
   1.3076665242172516        7.7714549984340140E-004
   1.3191990825486586        6.9685391113795186E-004
   1.3308333486925730        6.2365168425236161E-004
   1.3425702196294240        5.5704277386898593E-004
   1.3544106002502816        4.9655338818183298E-004
   1.3663554034266205        4.4173205725527378E-004
   1.3784055500807015        3.9214960408551295E-004
   1.3905619692565738        3.4739902252786670E-004
   1.4028255981917006        3.0709526678048579E-004
   1.4151973823892203        2.7087495758992163E-004
   1.4276782756908422        2.3839601076174435E-004
   1.4402692403503854        2.0933719391649986E-004
   1.4529712471079677        1.8339761772503371E-004
   1.4657852752648481        1.6029616808557498E-004
   1.4787123127589279        1.3977088586689853E-004
   1.4917533562409191        1.2157830093709609E-004
   1.5049094111511865        1.0549272722670781E-004
   1.5181814917972618        9.1305525539581479E-005
   1.5315706214320473        7.8824340727200445E-005
   1.5450778323327063        6.7872319685462134E-005
   1.5587041658802496        5.8287316420749926E-005
   1.5724506726398233        4.9921090169129323E-005
   1.5863184124417073        4.2638502243650498E-005
   1.6003084544630242        3.6316716935553394E-005
   1.6144218773101724        3.0844411411561155E-005
   1.6286597691019835        2.6120999137614773E-005
   1.6430232275536152        2.2055870925666270E-005
   1.6575133600611829        1.8567657250968314E-005
   1.6721312837871376        1.5583515029017724E-005
   1.6868781257463965        1.3038441580173597E-005
   1.7017550228932359        1.0874618051941595E-005
   1.7167631222089450        9.0407841196345518E-006
   1.7319035807902599        7.4916453507834529E-006
   1.7471775659385693        6.1873142020101141E-006
   1.7625862552499161        5.0927852232209596E-006
   1.7781308367057831        4.1774446765123134E-006
   1.7938125087646879        3.4146144389976210E-006
   1.8096324804545798        2.7811297521568843E-006
   1.8255919714660540        2.2569501068738113E-006
   1.8416922122463881        1.8248023140421537E-006
   1.8579344440944068        1.4698546058342543E-006
   1.8743199192561835        1.1794204421942981E-006
   1.8908499010215873        9.4269056006640373E-007
   1.9075256638216784        7.5049169802689310E-007
   1.9243484933269661        5.9507035466835977E-007
   1.9413196865465314        4.6989989323005344E-007
   1.9584405519280228        3.6950928524300976E-007
   1.9757124094585365        2.8933178980070611E-007
   1.9931365907663847        2.2557188976881832E-007
