   3.6029256752877590E-006   100.12271333249964     
   3.6347005580613707E-006   100.12271333290181     
   3.6667556695341760E-006   100.12271333141553     
   3.6990934810960593E-006   100.12271332990292     
   3.7317164859325580E-006   100.12271333022608     
   3.7646271992170865E-006   100.12271332959068     
   3.7978281583048482E-006   100.12271332799622     
   3.8313219229284614E-006   100.12271332730484     
   3.8651110753953087E-006   100.12271332565336     
   3.8991982207866350E-006   100.12271332676659     
   3.9335859871583842E-006   100.12271332505611     
   3.9682770257438243E-006   100.12271332331528     
   4.0032740111579506E-006   100.12271332340629     
   4.0385796416036947E-006   100.12271332253459     
   4.0741966390799481E-006   100.12271332069957     
   4.1101277495914268E-006   100.12271332255739     
   4.1463757433603816E-006   100.12271332065683     
   4.1829434150401755E-006   100.12271331965394     
   4.2198335839307496E-006   100.12271331954804     
   4.2570490941959853E-006   100.12271331754465     
   4.2945928150829798E-006   100.12271331736849     
   4.3324676411432640E-006   100.12271331436216     
   4.3706764924559682E-006   100.12271331411301     
   4.4092223148529507E-006   100.12271331382652     
   4.4481080801459178E-006   100.12271331257062     
   4.4873367863555468E-006   100.12271331127590     
   4.5269114579426250E-006   100.12271331133883     
   4.5668351460412305E-006   100.12271330996458     
   4.6071109286939726E-006   100.12271330808380     
   4.6477419110892956E-006   100.12271330755851     
   4.6887312258008931E-006   100.12271330605950     
   4.7300820330292152E-006   100.12271330591449     
   4.7717975208451188E-006   100.12271330432867     
   4.8138809054356581E-006   100.12271330269823     
   4.8563354313520530E-006   100.12271330195375     
   4.8991643717598301E-006   100.12271330023174     
   4.9423710286911838E-006   100.12271329985975     
   4.9859587332995544E-006   100.12271329897419     
   5.0299308461164554E-006   100.12271329757436     
   5.0742907573105596E-006   100.12271329565925     
   5.1190418869490828E-006   100.12271329462504     
   5.1641876852614568E-006   100.12271329307390     
   5.2097316329053417E-006   100.12271329240184     
   5.2556772412349731E-006   100.12271329027965     
   5.3020280525718861E-006   100.12271328903455     
   5.3487876404780167E-006   100.12271328726888     
   5.3959596100312211E-006   100.12271328591277     
   5.4435475981032183E-006   100.12271328449970     
   5.4915552736399867E-006   100.12271328302865     
   5.5399863379446325E-006   100.12271328149842     
   5.5888445249627536E-006   100.12271327944245     
   5.6381336015703230E-006   100.12271327825664     
   5.6878573678641001E-006   100.12271327607721     
   5.7380196574546216E-006   100.12271327569715     
   5.7886243377617550E-006   100.12271327338988     
   5.8396753103128785E-006   100.12271327194833     
   5.8911765110436786E-006   100.12271326997433     
   5.9431319106015999E-006   100.12271326886378     
   5.9955455146519792E-006   100.12271326582123     
   6.0484213641868728E-006   100.12271326503674     
   6.1017635358366112E-006   100.12271326278352     
   6.1555761421840967E-006   100.12271326045743     
   6.2098633320818785E-006   100.12271325898843     
   6.2646292909720223E-006   100.12271325697827     
   6.3198782412087974E-006   100.12271325489121     
   6.3756144423842134E-006   100.12271325226033     
   6.4318421916564279E-006   100.12271325048118     
   6.4885658240810497E-006   100.12271324908659     
   6.5457897129453608E-006   100.12271324621264     
   6.6035182701054920E-006   100.12271324418600     
   6.6617559463265672E-006   100.12271324207404     
   6.7205072316258489E-006   100.12271323940939     
   6.7797766556189113E-006   100.12271323805339     
   6.8395687878688662E-006   100.12271323567609     
   6.8998882382386631E-006   100.12271323274138     
   6.9607396572465081E-006   100.12271323064482     
   7.0221277364244032E-006   100.12271322752207     
   7.0840572086798628E-006   100.12271322523395     
   7.1465328486608033E-006   100.12271322238206     
   7.2095594731236637E-006   100.12271321989567     
   7.2731419413047738E-006   100.12271321777320     
   7.3372851552949823E-006   100.12271321508149     
   7.4019940604176055E-006   100.12271321274989     
   7.4672736456097024E-006   100.12271320937987     
   7.5331289438067112E-006   100.12271320590048     
   7.5995650323304761E-006   100.12271320370689     
   7.6665870332807036E-006   100.12271320046898     
   7.7342001139298714E-006   100.12271319758162     
   7.8024094871216054E-006   100.12271319504282     
   7.8712204116725812E-006   100.12271319145333     
   7.9406381927779823E-006   100.12271318820819     
   8.0106681824205089E-006   100.12271318483965     
   8.0813157797829996E-006   100.12271318227670     
   8.1525864316647211E-006   100.12271317865464     
   8.2244856329012797E-006   100.12271317536789     
   8.2970189267882884E-006   100.12271317194876     
   8.3701919055087226E-006   100.12271316886040     
   8.4440102105640811E-006   100.12271316516927     
   8.5184795332093298E-006   100.12271316087276     
   8.5936056148916881E-006   100.12271315713269     
   8.6693942476932867E-006   100.12271315324796     
   8.7458512747777216E-006   100.12271314968166     
   8.8229825908405521E-006   100.12271314596558     
   8.9007941425637730E-006   100.12271314163144     
   8.9792919290742962E-006   100.12271313760772     
   9.0584820024064601E-006   100.12271313319332     
   9.1383704679686442E-006   100.12271312978231     
   9.2189634850139792E-006   100.12271312550928     
   9.3002672671152122E-006   100.12271312106981     
   9.3822880826437583E-006   100.12271311669383     
   9.4650322552529967E-006   100.12271311191256     
   9.5485061643657895E-006   100.12271310742148     
   9.6327162456663418E-006   100.12271310228618     
   9.7176689915963764E-006   100.12271309813332     
   9.8033709518556797E-006   100.12271309309710     
   9.8898287339070873E-006   100.12271308833829     
   9.9770490034858915E-006   100.12271308338779     
   1.0065038485113770E-005   100.12271307870810     
   1.0153803962617228E-005   100.12271307336442     
   1.0243352279650614E-005   100.12271306781872     
   1.0333690340223767E-005   100.12271306253325     
   1.0424825109234284E-005   100.12271305703860     
   1.0516763613004521E-005   100.12271305156395     
   1.0609512939823293E-005   100.12271304563990     
   1.0703080240492372E-005   100.12271304019384     
   1.0797472728877816E-005   100.12271303429065     
   1.0892697682466113E-005   100.12271302839190     
   1.0988762442925293E-005   100.12271302249360     
   1.1085674416670947E-005   100.12271301659166     
   1.1183441075437231E-005   100.12271301044905     
   1.1282069956852953E-005   100.12271300382872     
   1.1381568665022684E-005   100.12271299719191     
   1.1481944871113038E-005   100.12271299030135     
   1.1583206313944094E-005   100.12271298361833     
   1.1685360800586047E-005   100.12271297667246     
   1.1788416206961124E-005   100.12271296969209     
   1.1892380478450799E-005   100.12271296290510     
   1.1997261630508366E-005   100.12271295537556     
   1.2103067749276916E-005   100.12271294872824     
   1.2209806992212766E-005   100.12271294086275     
   1.2317487588714386E-005   100.12271293340376     
   1.2426117840756864E-005   100.12271292564765     
   1.2535706123531972E-005   100.12271291758901     
   1.2646260886093892E-005   100.12271290945563     
   1.2757790652010602E-005   100.12271290100892     
   1.2870304020021042E-005   100.12271289317482     
   1.2983809664698059E-005   100.12271288455065     
   1.3098316337117194E-005   100.12271287582911     
   1.3213832865531382E-005   100.12271286723728     
   1.3330368156051586E-005   100.12271285830349     
   1.3447931193333448E-005   100.12271284925447     
   1.3566531041269982E-005   100.12271284008415     
   1.3686176843690397E-005   100.12271283055333     
   1.3806877825065055E-005   100.12271282112130     
   1.3928643291216668E-005   100.12271281131598     
   1.4051482630037755E-005   100.12271280182921     
   1.4175405312214437E-005   100.12271279149002     
   1.4300420891956608E-005   100.12271278145585     
   1.4426539007734542E-005   100.12271277078833     
   1.4553769383022005E-005   100.12271276017884     
   1.4682121827045921E-005   100.12271274938740     
   1.4811606235542639E-005   100.12271273840656     
   1.4942232591520878E-005   100.12271272699616     
   1.5074010966031392E-005   100.12271271584689     
   1.5206951518943444E-005   100.12271270425259     
   1.5341064499728103E-005   100.12271269220543     
   1.5476360248248464E-005   100.12271268062875     
   1.5612849195556822E-005   100.12271266858289     
   1.5750541864698900E-005   100.12271265582677     
   1.5889448871525154E-005   100.12271264305053     
   1.6029580925509223E-005   100.12271263071113     
   1.6170948830573626E-005   100.12271261740290     
   1.6313563485922718E-005   100.12271260404805     
   1.6457435886882990E-005   100.12271259040494     
   1.6602577125750809E-005   100.12271257692981     
   1.6748998392647594E-005   100.12271256244929     
   1.6896710976382557E-005   100.12271254835059     
   1.7045726265323058E-005   100.12271253369278     
   1.7196055748272626E-005   100.12271251881515     
   1.7347711015356704E-005   100.12271250370765     
   1.7500703758916264E-005   100.12271248847640     
   1.7655045774409233E-005   100.12271247276175     
   1.7810748961319908E-005   100.12271245701879     
   1.7967825324076397E-005   100.12271244077090     
   1.8126286972976126E-005   100.12271242423998     
   1.8286146125119516E-005   100.12271240753125     
   1.8447415105351922E-005   100.12271239040052     
   1.8610106347213831E-005   100.12271237306896     
   1.8774232393899470E-005   100.12271235540828     
   1.8939805899223877E-005   100.12271233740660     
   1.9106839628598476E-005   100.12271231916810     
   1.9275346460015260E-005   100.12271230068018     
   1.9445339385039678E-005   100.12271228146471     
   1.9616831509812244E-005   100.12271226255638     
   1.9789836056059012E-005   100.12271224254522     
   1.9964366362110924E-005   100.12271222293111     
   2.0140435883932200E-005   100.12271220230360     
   2.0318058196157746E-005   100.12271218158014     
   2.0497246993139734E-005   100.12271216074669     
   2.0678016090003429E-005   100.12271213932331     
   2.0860379423712288E-005   100.12271211741171     
   2.1044351054142489E-005   100.12271209522999     
   2.1229945165166916E-005   100.12271207264655     
   2.1417176065748710E-005   100.12271204976241     
   2.1606058191044458E-005   100.12271202621298     
   2.1796606103517130E-005   100.12271200244760     
   2.1988834494058806E-005   100.12271197833388     
   2.2182758183123325E-005   100.12271195350615     
   2.2378392121868905E-005   100.12271192841314     
   2.2575751393310859E-005   100.12271190280501     
   2.2774851213484463E-005   100.12271187712997     
   2.2975706932618089E-005   100.12271185043926     
   2.3178334036316667E-005   100.12271182364589     
   2.3382748146755611E-005   100.12271179626606     
   2.3588965023885253E-005   100.12271176828114     
   2.3797000566645908E-005   100.12271173990484     
   2.4006870814193649E-005   100.12271171111803     
   2.4218591947136898E-005   100.12271168178455     
   2.4432180288783925E-005   100.12271165188446     
   2.4647652306401348E-005   100.12271162151382     
   2.4865024612483709E-005   100.12271159030263     
   2.5084313966034288E-005   100.12271155892830     
   2.5305537273857192E-005   100.12271152678721     
   2.5528711591860811E-005   100.12271149432348     
   2.5753854126372832E-005   100.12271146081616     
   2.5980982235466796E-005   100.12271142705760     
   2.6210113430300371E-005   100.12271139279193     
   2.6441265376465441E-005   100.12271135764661     
   2.6674455895350085E-005   100.12271132194684     
   2.6909702965512568E-005   100.12271128578493     
   2.7147024724067462E-005   100.12271124878691     
   2.7386439468083989E-005   100.12271121116049     
   2.7627965655996672E-005   100.12271117299650     
   2.7871621909028471E-005   100.12271113391972     
   2.8117427012626415E-005   100.12271109436921     
   2.8365399917909966E-005   100.12271105408536     
   2.8615559743132063E-005   100.12271101315707     
   2.8867925775153166E-005   100.12271097132350     
   2.9122517470928171E-005   100.12271092890563     
   2.9379354459006561E-005   100.12271088564160     
   2.9638456541045697E-005   100.12271084161847     
   2.9899843693337507E-005   100.12271079680630     
   3.0163536068348612E-005   100.12271075129098     
   3.0429553996274046E-005   100.12271070492505     
   3.0697917986604674E-005   100.12271065756073     
   3.0968648729708447E-005   100.12271060963127     
   3.1241767098425580E-005   100.12271056063844     
   3.1517294149677804E-005   100.12271051101465     
   3.1795251126091828E-005   100.12271046026029     
   3.2075659457637119E-005   100.12271040869024     
   3.2358540763278073E-005   100.12271035626935     
   3.2643916852640832E-005   100.12271030272916     
   3.2931809727694760E-005   100.12271024861542     
   3.3222241584448729E-005   100.12271019307616     
   3.3515234814662438E-005   100.12271013688866     
   3.3810812007572730E-005   100.12271007966552     
   3.4108995951635209E-005   100.12271002136760     
   3.4409809636281157E-005   100.12270996201357     
   3.4713276253690020E-005   100.12270990162125     
   3.5019419200577460E-005   100.12270984014941     
   3.5328262079999180E-005   100.12270977767287     
   3.5639828703170710E-005   100.12270971409077     
   3.5954143091303185E-005   100.12270964930156     
   3.6271229477455354E-005   100.12270958337763     
   3.6591112308401859E-005   100.12270951621599     
   3.6913816246518120E-005   100.12270944806187     
   3.7239366171681667E-005   100.12270937846148     
   3.7567787183190405E-005   100.12270930777493     
   3.7899104601697662E-005   100.12270923583776     
   3.8233343971164429E-005   100.12270916254278     
   3.8570531060828693E-005   100.12270908801474     
   3.8910691867192232E-005   100.12270901226105     
   3.9253852616024893E-005   100.12270893499755     
   3.9600039764386540E-005   100.12270885640419     
   3.9949280002666852E-005   100.12270877648587     
   4.0301600256643103E-005   100.12270869501367     
   4.0657027689556086E-005   100.12270861222299     
   4.1015589704204352E-005   100.12270852794131     
   4.1377313945056909E-005   100.12270844216937     
   4.1742228300384573E-005   100.12270835479057     
   4.2110360904410085E-005   100.12270826609483     
   4.2481740139477229E-005   100.12270817561426     
   4.2856394638239016E-005   100.12270808357823     
   4.3234353285865277E-005   100.12270798992427     
   4.3615645222269597E-005   100.12270789464674     
   4.4000299844355954E-005   100.12270779756437     
   4.4388346808285211E-005   100.12270769884412     
   4.4779816031761504E-005   100.12270759836053     
   4.5174737696338861E-005   100.12270749621990     
   4.5573142249748133E-005   100.12270739211971     
   4.5975060408244487E-005   100.12270728628039     
   4.6380523158975532E-005   100.12270717839681     
   4.6789561762370408E-005   100.12270706874506     
   4.7202207754549878E-005   100.12270695701761     
   4.7618492949757711E-005   100.12270684360408     
   4.8038449442813536E-005   100.12270672790351     
   4.8462109611587227E-005   100.12270661018619     
   4.8889506119495244E-005   100.12270649037231     
   4.9320671918018873E-005   100.12270636855487     
   4.9755640249244762E-005   100.12270624441811     
   5.0194444648427793E-005   100.12270611834333     
   5.0637118946576604E-005   100.12270598977892     
   5.1083697273061899E-005   100.12270585910318     
   5.1534214058247756E-005   100.12270572599431     
   5.1988704036146138E-005   100.12270559059459     
   5.2447202247094825E-005   100.12270545275368     
   5.2909744040458982E-005   100.12270531243593     
   5.3376365077356480E-005   100.12270516972052     
   5.3847101333407351E-005   100.12270502445227     
   5.4321989101507415E-005   100.12270487659043     
   5.4801064994626406E-005   100.12270472609265     
   5.5284365948630754E-005   100.12270457303111     
   5.5771929225131294E-005   100.12270441712701     
   5.6263792414356029E-005   100.12270425850704     
   5.6759993438048313E-005   100.12270409706349     
   5.7260570552390514E-005   100.12270393291925     
   5.7765562350953503E-005   100.12270376561315     
   5.8275007767672153E-005   100.12270359549728     
   5.8788946079847087E-005   100.12270342233950     
   5.9307416911172841E-005   100.12270324607999     
   5.9830460234792803E-005   100.12270306671530     
   6.0358116376381107E-005   100.12270288412350     
   6.0890426017251608E-005   100.12270269841304     
   6.1427430197494361E-005   100.12270250928310     
   6.1969170319139735E-005   100.12270231695413     
   6.2515688149350430E-005   100.12270212106250     
   6.3067025823641644E-005   100.12270192176589     
   6.3623225849129692E-005   100.12270171898689     
   6.4184331107809133E-005   100.12270151247122     
   6.4750384859858963E-005   100.12270130248584     
   6.5321430746977888E-005   100.12270108871309     
   6.5897512795749016E-005   100.12270087112404     
   6.6478675421034162E-005   100.12270064962883     
   6.7064963429398265E-005   100.12270042425132     
   6.7656422022563818E-005   100.12270019495463     
   6.8253096800895802E-005   100.12269996146642     
   6.8855033766917516E-005   100.12269972397689     
   6.9462279328857170E-005   100.12269948217909     
   7.0074880304225897E-005   100.12269923617038     
   7.0692883923427339E-005   100.12269898572509     
   7.1316337833399012E-005   100.12269873090571     
   7.1945290101285730E-005   100.12269847156801     
   7.2579789218145613E-005   100.12269820759371     
   7.3219884102688538E-005   100.12269793903590     
   7.3865624105047737E-005   100.12269766559558     
   7.4517059010584645E-005   100.12269738740690     
   7.5174239043727164E-005   100.12269710422208     
   7.5837214871841944E-005   100.12269681608154     
   7.6506037609140725E-005   100.12269652270186     
   7.7180758820621128E-005   100.12269622431995     
   7.7861430526042231E-005   100.12269592052905     
   7.8548105203935265E-005   100.12269561138442     
   7.9240835795649467E-005   100.12269529670482     
   7.9939675709433890E-005   100.12269497656723     
   8.0644678824555021E-005   100.12269465063736     
   8.1355899495450817E-005   100.12269431904269     
   8.2073392555921239E-005   100.12269398152853     
   8.2797213323355969E-005   100.12269363798163     
   8.3527417602999139E-005   100.12269328843013     
   8.4264061692251912E-005   100.12269293260721     
   8.5007202385012918E-005   100.12269257056164     
   8.5756896976056822E-005   100.12269220204735     
   8.6513203265451837E-005   100.12269182698805     
   8.7276179563015860E-005   100.12269144536128     
   8.8045884692812079E-005   100.12269105687852     
   8.8822377997684285E-005   100.12269066153732     
   8.9605719343831931E-005   100.12269025921410     
   9.0395969125425896E-005   100.12268984978078     
   9.1193188269264605E-005   100.12268943307521     
   9.1997438239471493E-005   100.12268900893025     
   9.2808781042233692E-005   100.12268857740645     
   9.3627279230582588E-005   100.12268813812312     
   9.4452995909216649E-005   100.12268769110142     
   9.5285994739366568E-005   100.12268723612442     
   9.6126339943703471E-005   100.12268677311550     
   9.6974096311290374E-005   100.12268630190516     
   9.7829329202577295E-005   100.12268582231837     
   9.8692104554440392E-005   100.12268533426152     
   9.9562488885265624E-005   100.12268483757737     
   1.0044054930007717E-004   100.12268433204412     
   1.0132635349571111E-004   100.12268381757997     
   1.0221996976603471E-004   100.12268329398034     
   1.0312146700721177E-004   100.12268276109285     
   1.0403091472301438E-004   100.12268221881669     
   1.0494838303018155E-004   100.12268166692860     
   1.0587394266382506E-004   100.12268110522763     
   1.0680766498288302E-004   100.12268053356439     
   1.0774962197562149E-004   100.12267995184106     
   1.0869988626518471E-004   100.12267935977826     
   1.0965853111519409E-004   100.12267875720602     
   1.1062563043539683E-004   100.12267814388889     
   1.1160125878736413E-004   100.12267751987542     
   1.1258549139023977E-004   100.12267688465369     
   1.1357840412653946E-004   100.12267623822805     
   1.1458007354800109E-004   100.12267558033324     
   1.1559057688148680E-004   100.12267491087113     
   1.1660999203493707E-004   100.12267422944427     
   1.1763839760337725E-004   100.12267353596741     
   1.1867587287497698E-004   100.12267283023084     
   1.1972249783716338E-004   100.12267211198719     
   1.2077835318278776E-004   100.12267138098042     
   1.2184352031634691E-004   100.12267063703359     
   1.2291808136025934E-004   100.12266987990245     
   1.2400211916119668E-004   100.12266910936285     
   1.2509571729647093E-004   100.12266832521073     
   1.2619896008047833E-004   100.12266752711639     
   1.2731193257119972E-004   100.12266671488612     
   1.2843472057675820E-004   100.12266588828743     
   1.2956741066203514E-004   100.12266504701984     
   1.3071009015534380E-004   100.12266419088934     
   1.3186284715516243E-004   100.12266331957557     
   1.3302577053692644E-004   100.12266243277668     
   1.3419894995988043E-004   100.12266153029674     
   1.3538247587399087E-004   100.12266061181288     
   1.3657643952691965E-004   100.12265967710783     
   1.3778093297105894E-004   100.12265872580730     
   1.3899604907062837E-004   100.12265775761358     
   1.4022188150883478E-004   100.12265677231903     
   1.4145852479509482E-004   100.12265576954434     
   1.4270607427232160E-004   100.12265474900028     
   1.4396462612427543E-004   100.12265371038535     
   1.4523427738297932E-004   100.12265265332775     
   1.4651512593620014E-004   100.12265157761766     
   1.4780727053499536E-004   100.12265048279966     
   1.4911081080132681E-004   100.12264936855104     
   1.5042584723574116E-004   100.12264823457934     
   1.5175248122511846E-004   100.12264708054977     
   1.5309081505048881E-004   100.12264590605554     
   1.5444095189491802E-004   100.12264471073416     
   1.5580299585146289E-004   100.12264349426721     
   1.5717705193119661E-004   100.12264225622005     
   1.5856322607130476E-004   100.12264099627436     
   1.5996162514325316E-004   100.12263971393668     
   1.6137235696102716E-004   100.12263840891683     
   1.6279553028944409E-004   100.12263708076347     
   1.6423125485253874E-004   100.12263572909706     
   1.6567964134202298E-004   100.12263435349274     
   1.6714080142581973E-004   100.12263295343666     
   1.6861484775667241E-004   100.12263152866041     
   1.7010189398083045E-004   100.12263007858763     
   1.7160205474681087E-004   100.12262860284301     
   1.7311544571423776E-004   100.12262710096110     
   1.7464218356275920E-004   100.12262557244395     
   1.7618238600104321E-004   100.12262401683381     
   1.7773617177585280E-004   100.12262243368394     
   1.7930366068120117E-004   100.12262082245536     
   1.8088497356758747E-004   100.12261918272162     
   1.8248023235131435E-004   100.12261751393464     
   1.8408956002388739E-004   100.12261581554145     
   1.8571308066149745E-004   100.12261408707047     
   1.8735091943458679E-004   100.12261232792804     
   1.8900320261749953E-004   100.12261053767406     
   1.9067005759821698E-004   100.12260871570203     
   1.9235161288817931E-004   100.12260686139825     
   1.9404799813219322E-004   100.12260497425791     
   1.9575934411842762E-004   100.12260305366669     
   1.9748578278849688E-004   100.12260109908937     
   1.9922744724763350E-004   100.12259910983670     
   2.0098447177495013E-004   100.12259708537033     
   2.0275699183379241E-004   100.12259502498250     
   2.0454514408218270E-004   100.12259292813025     
   2.0634906638335640E-004   100.12259079411473     
   2.0816889781639082E-004   100.12258862227020     
   2.1000477868692792E-004   100.12258641196325     
   2.1185685053799172E-004   100.12258416247613     
   2.1372525616090082E-004   100.12258187312261     
   2.1561013960627761E-004   100.12257954321865     
   2.1751164619515398E-004   100.12257717202334     
   2.1942992253017564E-004   100.12257475879682     
   2.2136511650690461E-004   100.12257230284342     
   2.2331737732522196E-004   100.12256980335115     
   2.2528685550083060E-004   100.12256725955109     
   2.2727370287686004E-004   100.12256467070250     
   2.2927807263557290E-004   100.12256203597565     
   2.3130011931017525E-004   100.12255935455329     
   2.3333999879673068E-004   100.12255662561574     
   2.3539786836617959E-004   100.12255384832525     
   2.3747388667646460E-004   100.12255102182593     
   2.3956821378476280E-004   100.12254814524294     
   2.4168101115982561E-004   100.12254521768193     
   2.4381244169442804E-004   100.12254223825744     
   2.4596266971792729E-004   100.12253920600529     
   2.4813186100893203E-004   100.12253612004145     
   2.5032018280808416E-004   100.12253297941675     
   2.5252780383095211E-004   100.12252978311528     
   2.5475489428103897E-004   100.12252653015634     
   2.5700162586290466E-004   100.12252321957868     
   2.5926817179540418E-004   100.12251985033851     
   2.6155470682504218E-004   100.12251642140990     
   2.6386140723944594E-004   100.12251293169771     
   2.6618845088095653E-004   100.12250938013796     
   2.6853601716034036E-004   100.12250576563906     
   2.7090428707062121E-004   100.12250208713982     
   2.7329344320103471E-004   100.12249834338951     
   2.7570366975110535E-004   100.12249453334073     
   2.7813515254484800E-004   100.12249065577726     
   2.8058807904509492E-004   100.12248670948037     
   2.8306263836794823E-004   100.12248269327227     
   2.8555902129736086E-004   100.12247860589832     
   2.8807742029984546E-004   100.12247444608465     
   2.9061802953931335E-004   100.12247021251534     
   2.9318104489204396E-004   100.12246590397723     
   2.9576666396178669E-004   100.12246151908971     
   2.9837508609499580E-004   100.12245705647121     
   3.0100651239619967E-004   100.12245251478902     
   3.0366114574350542E-004   100.12244789262058     
   3.0633919080424066E-004   100.12244318853936     
   3.0904085405073281E-004   100.12243840111393     
   3.1176634377622780E-004   100.12243352882740     
   3.1451587011094913E-004   100.12242857020675     
   3.1728964503829833E-004   100.12242352371317     
   3.2008788241119878E-004   100.12241838779175     
   3.2291079796858323E-004   100.12241316084123     
   3.2575860935202668E-004   100.12240784127863     
   3.2863153612252655E-004   100.12240242745054     
   3.3152979977743010E-004   100.12239691768332     
   3.3445362376751156E-004   100.12239131026706     
   3.3740323351419990E-004   100.12238560348368     
   3.4037885642695817E-004   100.12237979556954     
   3.4338072192081648E-004   100.12237388472829     
   3.4640906143405960E-004   100.12236786913763     
   3.4946410844607028E-004   100.12236174694016     
   3.5254609849532981E-004   100.12235551624980     
   3.5565526919757826E-004   100.12234917515042     
   3.5879186026413354E-004   100.12234272165773     
   3.6195611352037331E-004   100.12233615380603     
   3.6514827292437866E-004   100.12232946956641     
   3.6836858458574320E-004   100.12232266685965     
   3.7161729678454771E-004   100.12231574359907     
   3.7489465999050189E-004   100.12230869763766     
   3.7820092688225501E-004   100.12230152682491     
   3.8153635236687735E-004   100.12229422893319     
   3.8490119359951277E-004   100.12228680169170     
   3.8829571000320486E-004   100.12227924284366     
   3.9172016328889827E-004   100.12227155000659     
   3.9517481747561577E-004   100.12226372085217     
   3.9865993891081394E-004   100.12225575295258     
   4.0217579629091787E-004   100.12224764382893     
   4.0572266068203725E-004   100.12223939098652     
   4.0930080554086511E-004   100.12223099190584     
   4.1291050673576056E-004   100.12222244396770     
   4.1655204256801822E-004   100.12221374453208     
   4.2022569379332421E-004   100.12220489091385     
   4.2393174364340229E-004   100.12219588040335     
   4.2767047784785021E-004   100.12218671018428     
   4.3144218465616919E-004   100.12217737744083     
   4.3524715485998718E-004   100.12216787930493     
   4.3908568181547862E-004   100.12215821283974     
   4.4295806146598142E-004   100.12214837503780     
   4.4686459236481372E-004   100.12213836289880     
   4.5080557569829197E-004   100.12212817330379     
   4.5478131530895150E-004   100.12211780311532     
   4.5879211771897261E-004   100.12210724913854     
   4.6283829215381246E-004   100.12209650811923     
   4.6692015056604618E-004   100.12208557671966     
   4.7103800765941744E-004   100.12207445158185     
   4.7519218091310198E-004   100.12206312926708     
   4.7938299060618420E-004   100.12205160628270     
   4.8361075984235043E-004   100.12203987907975     
   4.8787581457479940E-004   100.12202794400667     
   4.9217848363137292E-004   100.12201579742361     
   4.9651909873990737E-004   100.12200343554701     
   5.0089799455381012E-004   100.12199085456331     
   5.0531550867785970E-004   100.12197805059719     
   5.0977198169423535E-004   100.12196501970965     
   5.1426775718877501E-004   100.12195175782875     
   5.1880318177746469E-004   100.12193826092226     
   5.2337860513316267E-004   100.12192452479098     
   5.2799438001255826E-004   100.12191054518956     
   5.3265086228336869E-004   100.12189631780905     
   5.3734841095177564E-004   100.12188183827396     
   5.4208738819010453E-004   100.12186710207385     
   5.4686815936474682E-004   100.12185210469130     
   5.5169109306432912E-004   100.12183684147863     
   5.5655656112813098E-004   100.12182130773124     
   5.6146493867475329E-004   100.12180549866628     
   5.6641660413103787E-004   100.12178940937548     
   5.7141193926124525E-004   100.12177303490597     
   5.7645132919648676E-004   100.12175637020187     
   5.8153516246441789E-004   100.12173941011213     
   5.8666383101919309E-004   100.12172214940477     
   5.9183773027168428E-004   100.12170458274568     
   5.9705725911996714E-004   100.12168670471664     
   6.0232281998007448E-004   100.12166850978940     
   6.0763481881702223E-004   100.12164999234813     
   6.1299366517610901E-004   100.12163114667413     
   6.1839977221449021E-004   100.12161196694939     
   6.2385355673303278E-004   100.12159244725268     
   6.2935543920844897E-004   100.12157258154815     
   6.3490584382571498E-004   100.12155236371785     
   6.4050519851077431E-004   100.12153178750276     
   6.4615393496353054E-004   100.12151084654960     
   6.5185248869112974E-004   100.12148953439907     
   6.5760129904153856E-004   100.12146784446361     
   6.6340080923741587E-004   100.12144577005171     
   6.6925146641028544E-004   100.12142330433068     
   6.7515372163500821E-004   100.12140044037318     
   6.8110802996455941E-004   100.12137717111955     
   6.8711485046511311E-004   100.12135348938392     
   6.9317464625143416E-004   100.12132938783503     
   6.9928788452258456E-004   100.12130485906016     
   7.0545503659794268E-004   100.12127989545434     
   7.1167657795354207E-004   100.12125448932505     
   7.1795298825872919E-004   100.12122863281354     
   7.2428475141314487E-004   100.12120231794103     
   7.3067235558403284E-004   100.12117553657333     
   7.3711629324387570E-004   100.12114828044923     
   7.4361706120836403E-004   100.12112054113749     
   7.5017516067470028E-004   100.12109231007895     
   7.5679109726023929E-004   100.12106357854782     
   7.6346538104147123E-004   100.12103433766765     
   7.7019852659334720E-004   100.12100457840899     
   7.7699105302895231E-004   100.12097429158661     
   7.8384348403952764E-004   100.12094346782453     
   7.9075634793484694E-004   100.12091209762599     
   7.9773017768394728E-004   100.12088017128298     
   8.0476551095622073E-004   100.12084767893202     
   8.1186289016286703E-004   100.12081461054004     
   8.1902286249871338E-004   100.12078095590448     
   8.2624597998440122E-004   100.12074670460680     
   8.3353279950894657E-004   100.12071184607055     
   8.4088388287267488E-004   100.12067636953662     
   8.4829979683053488E-004   100.12064026404045     
   8.5578111313579458E-004   100.12060351842365     
   8.6332840858412195E-004   100.12056612132949     
   8.7094226505805492E-004   100.12052806121022     
   8.7862326957186400E-004   100.12048932630432     
   8.8637201431680909E-004   100.12044990465409     
   8.9418909670679685E-004   100.12040978405747     
   9.0207511942444029E-004   100.12036895213652     
   9.1003069046752445E-004   100.12032739626306     
   9.1805642319588144E-004   100.12028510360142     
   9.2615293637867996E-004   100.12024206109197     
   9.3432085424213090E-004   100.12019825542490     
   9.4256080651761425E-004   100.12015367305941     
   9.5087342849023003E-004   100.12010830022950     
   9.5925936104777746E-004   100.12006212290947     
   9.6771925073016701E-004   100.12001512681843     
   9.7625374977926608E-004   100.11996729745795     
   9.8486351618918742E-004   100.11991862002998     
   9.9354921375701712E-004   100.11986907949563     
   1.0023115121339944E-003   100.11981866053912     
   1.0111510868771388E-003   100.11976734758383     
   1.0200686195013344E-003   100.11971512476953     
   1.0290647975318751E-003   100.11966197596490     
   1.0381403145574698E-003   100.11960788472993     
   1.0472958702837170E-003   100.11955283435282     
   1.0565321705870519E-003   100.11949680782010     
   1.0658499275691667E-003   100.11943978780886     
   1.0752498596119137E-003   100.11938175670417     
   1.0847326914326901E-003   100.11932269656876     
   1.0942991541403133E-003   100.11926258912939     
   1.1039499852913870E-003   100.11920141582402     
   1.1136859289471669E-003   100.11913915774068     
   1.1235077357309251E-003   100.11907579563348     
   1.1334161628858220E-003   100.11901130990731     
   1.1434119743332890E-003   100.11894568063838     
   1.1534959407319249E-003   100.11887888753796     
   1.1636688395369123E-003   100.11881090994615     
   1.1739314550599587E-003   100.11874172686373     
   1.1842845785297639E-003   100.11867131688820     
   1.1947290081530241E-003   100.11859965825647     
   1.2052655491759704E-003   100.11852672882009     
   1.2158950139464532E-003   100.11845250602028     
   1.2266182219765724E-003   100.11837696691737     
   1.2374360000058592E-003   100.11830008815031     
   1.2483491820650182E-003   100.11822184594962     
   1.2593586095402277E-003   100.11814221612167     
   1.2704651312380097E-003   100.11806117405195     
   1.2816696034506718E-003   100.11797869467210     
   1.2929728900223257E-003   100.11789475248145     
   1.3043758624154867E-003   100.11780932151839     
   1.3158793997782637E-003   100.11772237537417     
   1.3274843890121383E-003   100.11763388715286     
   1.3391917248403446E-003   100.11754382949164     
   1.3510023098768495E-003   100.11745217454182     
   1.3629170546959437E-003   100.11735889395430     
   1.3749368779024441E-003   100.11726395888513     
   1.3870627062025176E-003   100.11716733996587     
   1.3992954744751281E-003   100.11706900731559     
   1.4116361258441137E-003   100.11696893053073     
   1.4240856117508996E-003   100.11686707864521     
   1.4366448920278534E-003   100.11676342015795     
   1.4493149349722857E-003   100.11665792301250     
   1.4620967174211036E-003   100.11655055456492     
   1.4749912248261249E-003   100.11644128161407     
   1.4879994513300515E-003   100.11633007035073     
   1.5011223998431193E-003   100.11621688637217     
   1.5143610821204184E-003   100.11610169467372     
   1.5277165188398987E-003   100.11598445960908     
   1.5411897396810617E-003   100.11586514490750     
   1.5547817834043473E-003   100.11574371366424     
   1.5684936979312198E-003   100.11562012830450     
   1.5823265404249615E-003   100.11549435060175     
   1.5962813773721773E-003   100.11536634162076     
   1.6103592846650190E-003   100.11523606177008     
   1.6245613476841354E-003   100.11510347073806     
   1.6388886613823512E-003   100.11496852749013     
   1.6533423303690886E-003   100.11483119027679     
   1.6679234689955277E-003   100.11469141659120     
   1.6826332014405236E-003   100.11454916318934     
   1.6974726617972765E-003   100.11440438604654     
   1.7124429941607693E-003   100.11425704035480     
   1.7275453527159747E-003   100.11410708051631     
   1.7427809018268410E-003   100.11395446012142     
   1.7581508161260628E-003   100.11379913193252     
   1.7736562806056411E-003   100.11364104787310     
   1.7892984907082472E-003   100.11348015902530     
   1.8050786524193862E-003   100.11331641557791     
   1.8209979823603777E-003   100.11314976684764     
   1.8370577078821548E-003   100.11298016125784     
   1.8532590671598904E-003   100.11280754629786     
   1.8696033092884588E-003   100.11263186853870     
   1.8860916943787376E-003   100.11245307358979     
   1.9027254936547610E-003   100.11227110610935     
   1.9195059895517278E-003   100.11208590975434     
   1.9364344758148757E-003   100.11189742719364     
   1.9535122575992264E-003   100.11170560006730     
   1.9707406515702096E-003   100.11151036898167     
   1.9881209860051785E-003   100.11131167349140     
   2.0056546008958122E-003   100.11110945206946     
   2.0233428480514321E-003   100.11090364210190     
   2.0411870912032215E-003   100.11069417985487     
   2.0591887061093667E-003   100.11048100046452     
   2.0773490806611245E-003   100.11026403791834     
   2.0956696149898278E-003   100.11004322501839     
   2.1141517215748340E-003   100.10981849338441     
   2.1327968253524203E-003   100.10958977341602     
   2.1516063638256479E-003   100.10935699426841     
   2.1705817871751892E-003   100.10912008384798     
   2.1897245583711341E-003   100.10887896877017     
   2.2090361532857822E-003   100.10863357434863     
   2.2285180608074295E-003   100.10838382457501     
   2.2481717829551610E-003   100.10812964207486     
   2.2679988349946500E-003   100.10787094811712     
   2.2880007455549863E-003   100.10760766255282     
   2.3081790567465264E-003   100.10733970381074     
   2.3285353242797910E-003   100.10706698888015     
   2.3490711175854066E-003   100.10678943326241     
   2.3697880199351038E-003   100.10650695096018     
   2.3906876285637872E-003   100.10621945444308     
   2.4117715547926767E-003   100.10592685463286     
   2.4330414241535395E-003   100.10562906085420     
   2.4544988765140144E-003   100.10532598082665     
   2.4761455662040445E-003   100.10501752062646     
   2.4979831621434190E-003   100.10470358465989     
   2.5200133479704478E-003   100.10438407562958     
   2.5422378221717657E-003   100.10405889450931     
   2.5646582982132814E-003   100.10372794051079     
   2.5872765046722835E-003   100.10339111105174     
   2.6100941853707108E-003   100.10304830172737     
   2.6331130995095979E-003   100.10269940626762     
   2.6563350218047053E-003   100.10234431652253     
   2.6797617426233475E-003   100.10198292240699     
   2.7033950681224269E-003   100.10161511188642     
   2.7272368203876858E-003   100.10124077092212     
   2.7512888375741838E-003   100.10085978345467     
   2.7755529740480190E-003   100.10047203135616     
   2.8000311005292934E-003   100.10007739439618     
   2.8247251042363445E-003   100.09967575020283     
   2.8496368890312449E-003   100.09926697422776     
   2.8747683755665854E-003   100.09885093970564     
   2.9001215014335573E-003   100.09842751761590     
   2.9256982213113334E-003   100.09799657664001     
   2.9515005071177728E-003   100.09755798312057     
   2.9775303481614497E-003   100.09711160102160     
   3.0037897512950286E-003   100.09665729188811     
   3.0302807410699847E-003   100.09619491479708     
   3.0570053598926979E-003   100.09572432631632     
   3.0839656681819153E-003   100.09524538046207     
   3.1111637445276055E-003   100.09475792865101     
   3.1386016858512165E-003   100.09426181965335     
   3.1662816075673419E-003   100.09375689954544     
   3.1942056437468170E-003   100.09324301166583     
   3.2223759472812517E-003   100.09271999655948     
   3.2507946900490140E-003   100.09218769193552     
   3.2794640630826768E-003   100.09164593261244     
   3.3083862767379455E-003   100.09109455046331     
   3.3375635608640683E-003   100.09053337437047     
   3.3669981649757574E-003   100.08996223017016     
   3.3966923584266189E-003   100.08938094058880     
   3.4266484305841187E-003   100.08878932520452     
   3.4568686910060871E-003   100.08818720037846     
   3.4873554696187806E-003   100.08757437919792     
   3.5181111168965172E-003   100.08695067142150     
   3.5491380040428913E-003   100.08631588342467     
   3.5804385231735913E-003   100.08566981812442     
   3.6120150875008244E-003   100.08501227493059     
   3.6438701315193748E-003   100.08434304968341     
   3.6760061111942941E-003   100.08366193457806     
   3.7084255041502571E-003   100.08296871811376     
   3.7411308098625751E-003   100.08226318501988     
   3.7741245498499085E-003   100.08154511618659     
   3.8074092678686646E-003   100.08081428860226     
   3.8409875301091230E-003   100.08007047527707     
   3.8748619253932762E-003   100.07931344518528     
   3.9090350653744298E-003   100.07854296317726     
   3.9435095847385557E-003   100.07775878991077     
   3.9782881414074144E-003   100.07696068178382     
   4.0133734167434858E-003   100.07614839084710     
   4.0487681157566893E-003   100.07532166473806     
   4.0844749673129401E-003   100.07448024658771     
   4.1204967243445379E-003   100.07362387495800     
   4.1568361640624127E-003   100.07275228374044     
   4.1934960881702399E-003   100.07186520209058     
   4.2304793230804535E-003   100.07096235433335     
   4.2677887201321525E-003   100.07004345987770     
   4.3054271558109333E-003   100.06910823313109     
   4.3433975319706608E-003   100.06815638340760     
   4.3817027760572006E-003   100.06718761484052     
   4.4203458413341196E-003   100.06620162628798     
   4.4593297071103665E-003   100.06519811123513     
   4.4986573789699870E-003   100.06417675770456     
   4.5383318890038354E-003   100.06313724815357     
   4.5783562960433517E-003   100.06207925937940     
   4.6187336858963873E-003   100.06100246241380     
   4.6594671715851164E-003   100.05990652241985     
   4.7005598935860454E-003   100.05879109859080     
   4.7420150200721371E-003   100.05765584404134     
   4.7838357471570673E-003   100.05650040569770     
   4.8260252991416475E-003   100.05532442419087     
   4.8685869287624032E-003   100.05412753373827     
   4.9115239174423626E-003   100.05290936203369     
   4.9548395755440412E-003   100.05166953013168     
   4.9985372426246677E-003   100.05040765232263     
   5.0426202876936574E-003   100.04912333601834     
   5.0870921094723579E-003   100.04781618162559     
   5.1319561366560832E-003   100.04648578241967     
   5.1772158281784570E-003   100.04513172442569     
   5.2228746734780951E-003   100.04375358627487     
   5.2689361927676318E-003   100.04235093908284     
   5.3154039373051213E-003   100.04092334631389     
   5.3622814896678341E-003   100.03947036363797     
   5.4095724640284681E-003   100.03799153880016     
   5.4572805064337935E-003   100.03648641147299     
   5.5054092950857555E-003   100.03495451311198     
   5.5539625406250577E-003   100.03339536681409     
   5.6029439864172465E-003   100.03180848716096     
   5.6523574088413169E-003   100.03019338007311     
   5.7022066175808628E-003   100.02854954265041     
   5.7524954559177999E-003   100.02687646301575     
   5.8032278010286724E-003   100.02517362015726     
   5.8544075642835798E-003   100.02344048376096     
   5.9060386915477294E-003   100.02167651404648     
   5.9581251634856659E-003   100.01988116159600     
   6.0106709958681623E-003   100.01805386718559     
   6.0636802398818367E-003   100.01619406160427     
   6.1171569824414853E-003   100.01430116548272     
   6.1711053465051801E-003   100.01237458910367     
   6.2255294913921410E-003   100.01041373222205     
   6.2804336131034085E-003   100.00841798387569     
   6.3358219446453500E-003   100.00638672219230     
   6.3916987563560181E-003   100.00431931419678     
   6.4480683562343809E-003   100.00221511560773     
   6.5049350902724682E-003   100.00007347064275     
   6.5623033427904317E-003   99.997893711805773     
   6.6201775367745732E-003   99.995675159680559     
   6.6785621342183464E-003   99.993417122717972     
   6.7374616364663693E-003   99.991118897018964     
   6.7968805845614695E-003   99.988779766112486     
   6.8568235595947886E-003   99.986399000728454     
   6.9172951830589790E-003   99.983975858575775     
   6.9783001172045089E-003   99.981509584101673     
   7.0398430653991172E-003   99.978999408261927     
   7.1019287724904279E-003   99.976444548270194     
   7.1645620251717789E-003   99.973844207363925     
   7.2277476523512577E-003   99.971197574542771     
   7.2914905255240074E-003   99.968503824322170     
   7.3557955591478054E-003   99.965762116471069     
   7.4206677110219650E-003   99.962971595748797     
   7.4861119826695674E-003   99.960131391636935     
   7.5521334197230679E-003   99.957240618063906     
   7.6187371123133171E-003   99.954298373129348     
   7.6859281954619815E-003   99.951303738822048     
   7.7537118494774640E-003   99.948255780727152     
   7.8220933003542801E-003   99.945153547738755     
   7.8910778201759842E-003   99.941996071756137     
   7.9606707275216276E-003   99.938782367384988     
   8.0308773878758188E-003   99.935511431621876     
   8.1017032140423897E-003   99.932182243547174     
   8.1731536665617128E-003   99.928793763999465     
   8.2452342541316920E-003   99.925344935247210     
   8.3179505340324929E-003   99.921834680665938     
   8.3913081125549741E-003   99.918261904390135     
   8.4653126454329371E-003   99.914625490977357     
   8.5399698382791715E-003   99.910924305054607     
   8.6152854470253407E-003   99.907157190959822     
   8.6912652783657628E-003   99.903322972387741     
   8.7679151902050837E-003   99.899420452009508     
   8.8452410921099258E-003   99.895448411105576     
   8.9232489457644927E-003   99.891405609183153     
   9.0019447654302084E-003   99.887290783581136     
   9.0813346184094070E-003   99.883102649080683     
   9.1614246255131062E-003   99.878839897498835     
   9.2422209615329199E-003   99.874501197277993     
   9.3237298557171094E-003   99.870085193072384     
   9.4059575922508572E-003   99.865590505317641     
   9.4889105107407636E-003   99.861015729803967     
   9.5725950067036165E-003   99.856359437230537     
   9.6570175320594802E-003   99.851620172764285     
   9.7421845956291147E-003   99.846796455576396     
   9.8281027636358091E-003   99.841886778385458     
   9.9147786602116102E-003   99.836889606980264     
   1.0002218967908040E-002   99.831803379743803     
   1.0090430428211309E-002   99.826626507158835     
   1.0179419842062066E-002   99.821357371315628     
   1.0269194070379743E-002   99.815994325401618     
   1.0359760034591516E-002   99.810535693189195     
   1.0451124717165935E-002   99.804979768508701     
   1.0543295162151266E-002   99.799324814715078     
   1.0636278475718563E-002   99.793569064145117     
   1.0730081826709547E-002   99.787710717565631     
   1.0824712447189312E-002   99.781747943608309     
   1.0920177633003902E-002   99.775678878200608     
   1.1016484744342801E-002   99.769501623978897     
   1.1113641206306401E-002   99.763214249700127     
   1.1211654509478459E-002   99.756814789635257     
   1.1310532210503602E-002   99.750301242955572     
   1.1410281932669939E-002   99.743671573110532     
   1.1510911366496795E-002   99.736923707189533     
   1.1612428270327640E-002   99.730055535275255     
   1.1714840470928245E-002   99.723064909786615     
   1.1818155864090104E-002   99.715949644806471     
   1.1922382415239189E-002   99.708707515404569     
   1.2027528160050076E-002   99.701336256937964     
   1.2133601205065467E-002   99.693833564351110     
   1.2240609728321201E-002   99.686197091452414     
   1.2348561979976760E-002   99.678424450190107     
   1.2457466282951343E-002   99.670513209900832     
   1.2567331033565547E-002   99.662460896560788     
   1.2678164702188707E-002   99.654264992010212     
   1.2789975833891951E-002   99.645922933174859     
   1.2902773049106996E-002   99.637432111266492     
   1.3016565044290784E-002   99.628789870972980     
   1.3131360592595955E-002   99.619993509632991     
   1.3247168544547236E-002   99.611040276398796     
   1.3363997828723809E-002   99.601927371382317     
   1.3481857452447683E-002   99.592651944781949     
   1.3600756502478146E-002   99.583211096007062     
   1.3720704145712324E-002   99.573601872772883     
   1.3841709629891955E-002   99.563821270187191     
   1.3963782284316354E-002   99.553866229822859     
   1.4086931520561686E-002   99.543733638768742     
   1.4211166833206597E-002   99.533420328667376     
   1.4336497800564205E-002   99.522923074735786     
   1.4462934085420593E-002   99.512238594770110     
   1.4590485435779772E-002   99.501363548132531     
   1.4719161685615254E-002   99.490294534717577     
   1.4848972755628211E-002   99.479028093907175     
   1.4979928654012365E-002   99.467560703502670     
   1.5112039477225586E-002   99.455888778639121     
   1.5245315410768312E-002   99.444008670683786     
   1.5379766729968844E-002   99.431916666112670     
   1.5515403800775537E-002   99.419608985369734     
   1.5652237080556006E-002   99.407081781705301     
   1.5790277118903379E-002   99.394331139996154     
   1.5929534558449622E-002   99.381353075545178     
   1.6070020135686102E-002   99.368143532859222     
   1.6211744681791325E-002   99.354698384407527     
   1.6354719123466008E-002   99.341013429360714     
   1.6498954483775509E-002   99.327084392302709     
   1.6644461882999687E-002   99.312906921928516     
   1.6791252539490237E-002   99.298476589714539     
   1.6939337770535644E-002   99.283788888568722     
   1.7088728993233680E-002   99.268839231458514     
   1.7239437725371669E-002   99.253622950011618     
   1.7391475586314476E-002   99.238135293101834     
   1.7544854297900342E-002   99.222371425400183     
   1.7699585685344622E-002   99.206326425913232     
   1.7855681678151467E-002   99.189995286486294     
   1.8013154311033598E-002   99.173372910291278     
   1.8172015724840136E-002   99.156454110282255     
   1.8332278167492635E-002   99.139233607629308     
   1.8493953994929400E-002   99.121706030126006     
   1.8657055672058092E-002   99.103865910569084     
   1.8821595773716740E-002   99.085707685113164     
   1.8987586985643248E-002   99.067225691597628     
   1.9155042105453452E-002   99.048414167845749     
   1.9323974043627776E-002   99.029267249936538     
   1.9494395824506603E-002   99.009778970449304     
   1.9666320587294447E-002   98.989943256677293     
   1.9839761587072950E-002   98.969753928815067     
   2.0014732195822827E-002   98.949204698113931     
   2.0191245903454808E-002   98.928289165010085     
   2.0369316318849709E-002   98.907000817219796     
   2.0548957170907635E-002   98.885333027807292     
   2.0730182309606458E-002   98.863279053219856     
   2.0913005707069613E-002   98.840832031289381     
   2.1097441458643350E-002   98.817984979208006     
   2.1283503783983432E-002   98.794730791465440     
   2.1471207028151463E-002   98.771062237757405     
   2.1660565662720847E-002   98.746971960858900     
   2.1851594286892536E-002   98.722452474467218     
   2.2044307628620596E-002   98.697496161006598     
   2.2238720545747707E-002   98.672095269403542     
   2.2434848027150667E-002   98.646241912822404     
   2.2632705193896020E-002   98.619928066371131     
   2.2832307300405842E-002   98.593145564767212     
   2.3033669735633856E-002   98.565886099970612     
   2.3236808024251869E-002   98.538141218778776     
   2.3441737827846709E-002   98.509902320386630     
   2.3648474946127696E-002   98.481160653906443     
   2.3857035318144780E-002   98.451907315854726     
   2.4067435023517391E-002   98.422133247596605     
   2.4279690283674181E-002   98.391829232755754     
   2.4493817463103643E-002   98.360985894582996     
   2.4709833070615781E-002   98.329593693287279     
   2.4927753760614926E-002   98.297642923326748     
   2.5147596334383737E-002   98.265123710660419     
   2.5369377741378575E-002   98.232026009958929     
   2.5593115080536261E-002   98.198339601775842     
   2.5818825601592359E-002   98.164054089676824     
   2.6046526706411128E-002   98.129158897328239     
   2.6276235950327149E-002   98.093643265545097     
   2.6507971043498821E-002   98.057496249294957     
   2.6741749852273775E-002   98.020706714661458     
   2.6977590400566347E-002   97.983263335764377     
   2.7215510871247177E-002   97.945154591637788     
   2.7455529607545080E-002   97.906368763062915     
   2.7697665114461274E-002   97.866893929360799     
   2.7941936060196085E-002   97.826717965138243     
   2.8188361277588218E-002   97.785828536991630     
   2.8436959765566757E-002   97.744213100166121     
   2.8687750690615920E-002   97.701858895170631     
   2.8940753388252784E-002   97.658752944346759     
   2.9195987364518002E-002   97.614882048395657     
   2.9453472297479692E-002   97.570232782858284     
   2.9713228038750567E-002   97.524791494548936     
   2.9975274615018473E-002   97.478544297948019     
   3.0239632229590405E-002   97.431477071544919     
   3.0506321263950139E-002   97.383575454138224     
   3.0775362279329598E-002   97.334824841089244     
   3.1046776018294125E-002   97.285210380530827     
   3.1320583406341640E-002   97.234716969530098     
   3.1596805553516009E-002   97.183329250206157     
   3.1875463756034547E-002   97.131031605801866     
   3.2156579497929952E-002   97.077808156711683     
   3.2440174452706652E-002   97.023642756461243     
   3.2726270485011831E-002   96.968518987646462     
   3.3014889652321112E-002   96.912420157823874     
   3.3306054206639166E-002   96.855329295357308     
   3.3599786596215306E-002   96.797229145223525     
   3.3896109467274213E-002   96.738102164767781     
   3.4195045665761883E-002   96.677930519421466     
   3.4496618239107053E-002   96.616696078373934     
   3.4800850437998056E-002   96.554380410200679     
   3.5107765718175490E-002   96.490964778452678     
   3.5417387742240514E-002   96.426430137199759     
   3.5729740381479289E-002   96.360757126536782     
   3.6044847717703318E-002   96.293926068046858     
   3.6362734045106176E-002   96.225916960226584     
   3.6683423872136543E-002   96.156709473871672     
   3.7006941923387701E-002   96.086282947424309     
   3.7333313141503822E-002   96.014616382284999     
   3.7662562689102959E-002   95.941688438086885     
   3.7994715950717066E-002   95.867477427935967     
   3.8329798534749084E-002   95.791961313617833     
   3.8667836275447287E-002   95.715117700770975     
   3.9008855234897069E-002   95.636923834030426     
   3.9352881705030311E-002   95.557356592140820     
   3.9699942209652374E-002   95.476392483040229     
   4.0050063506487099E-002   95.394007638920527     
   4.0403272589239737E-002   95.310177811259166     
   4.0759596689678157E-002   95.224878365831444     
   4.1119063279732304E-002   95.138084277698795     
   4.1481700073612286E-002   95.049770126179794     
   4.1847535029945065E-002   94.959910089803770     
   4.2216596353930033E-002   94.868477941248386     
   4.2588912499513541E-002   94.775447042268837     
   4.2964512171582710E-002   94.680790338612127     
   4.3343424328178455E-002   94.584480354928814     
   4.3725678182728142E-002   94.486489189677116     
   4.4111303206297886E-002   94.386788510028197     
   4.4500329129864687E-002   94.285349546771869     
   4.4892785946608671E-002   94.182143089227282     
   4.5288703914225473E-002   94.077139480162970     
   4.5688113557259089E-002   93.970308610727784     
   4.6091045669455225E-002   93.861619915398023     
   4.6497531316135453E-002   93.751042366945057     
   4.6907601836592282E-002   93.638544471424638     
   4.7321288846505404E-002   93.524094263196474     
   4.7738624240379120E-002   93.407659299975251     
   4.8159640194001416E-002   93.289206657918783     
   4.8584369166924657E-002   93.168702926758954     
   4.9012843904968094E-002   93.046114204979034     
   4.9445097442742593E-002   92.921406095044830     
   4.9881163106197467E-002   92.794543698692706     
   5.0321074515189898E-002   92.665491612282835     
   5.0764865586076929E-002   92.534213922221284     
   5.1212570534330391E-002   92.400674200459719     
   5.1664223877174807E-002   92.264835500077311     
   5.2119860436248631E-002   92.126660350952505     
   5.2579515340288957E-002   91.986110755531797     
   5.3043224027839821E-002   91.843148184703495     
   5.3511022249984511E-002   91.697733573781761     
   5.3982946073101834E-002   91.549827318613467     
   5.4459031881646865E-002   91.399389271810918     
   5.4939316380956039E-002   91.246378739122321     
   5.5423836600077075E-002   91.090754475949780     
   5.5912629894623915E-002   90.932474684020008     
   5.6405733949656665E-002   90.771497008222610     
   5.6903186782587156E-002   90.607778533621058     
   5.7405026746109922E-002   90.441275782651417     
   5.7911292531159182E-002   90.271944712515079     
   5.8422023169891812E-002   90.099740712780658     
   5.8937258038696670E-002   89.924618603203584     
   5.9457036861230432E-002   89.746532631777200     
   5.9981399711480185E-002   89.565436473027006     
   6.0510387016853129E-002   89.381283226561237     
   6.1044039561293360E-002   89.194025415890366     
   6.1582398488426358E-002   89.003614987529971     
   6.2125505304730953E-002   88.810003310401186     
   6.2673401882739482E-002   88.613141175542495     
   6.3226130464266062E-002   88.412978796149048     
   6.3783733663663356E-002   88.209465807954473     
   6.4346254471108075E-002   88.002551269971491     
   6.4913736255915414E-002   87.792183665608007     
   6.5486222769882751E-002   87.578310904175964     
   6.6063758150662830E-002   87.360880322810317     
   6.6646386925166737E-002   87.139838688817093     
   6.7234154012996775E-002   86.915132202467760     
   6.7827104729909715E-002   86.686706500261494     
   6.8425284791310589E-002   86.454506658673978     
   6.9028740315777173E-002   86.218477198412330     
   6.9637517828615741E-002   85.978562089200437     
   7.0251664265448030E-002   85.734704755111949     
   7.0871226975829926E-002   85.486848080477444     
   7.1496253726901937E-002   85.234934416386722     
   7.2126792707072063E-002   84.978905587809322     
   7.2762892529730991E-002   84.718702901358967     
   7.3404602237000044E-002   84.454267153725425     
   7.4051971303512362E-002   84.185538640800416     
   7.4705049640227159E-002   83.912457167523030     
   7.5363887598277876E-002   83.634962058471558     
   7.6028535972854097E-002   83.352992169229537     
   7.6699046007117799E-002   83.066485898553225     
   7.7375469396154098E-002   82.775381201371346     
   7.8057858290956822E-002   82.479615602643264     
   7.8746265302449311E-002   82.179126212110077     
   7.9440743505540534E-002   81.873849739964527     
   8.0141346443217146E-002   81.563722513475938     
   8.0848128130671534E-002   81.248680494598403     
   8.1561143059466282E-002   80.928659298597523     
   8.2280446201735330E-002   80.603594213728400     
   8.3006093014422314E-002   80.273420221998208     
   8.3738139443556084E-002   79.938072021049379     
   8.4476641928564147E-002   79.597484047197611     
   8.5221657406623963E-002   79.251590499661347     
   8.5973243317052750E-002   78.900325366018620     
   8.6731457605735890E-002   78.543622448929767     
   8.7496358729594534E-002   78.181415394160979     
   8.8268005661092414E-002   77.813637719950151     
   8.9046457892782635E-002   77.440222847751386     
   8.9831775441894315E-002   77.061104134398306     
   9.0624018854959909E-002   76.676214905725118     
   9.1423249212483154E-002   76.285488491687119     
   9.2229528133648347E-002   75.888858263018847     
   9.3042917781070975E-002   75.486257669471598     
   9.3863480865590390E-002   75.077620279672715     
   9.4691280651104728E-002   74.662879822645920     
   9.5526380959448362E-002   74.241970231034514     
   9.6368846175312536E-002   73.814825686071060     
   9.7218741251209218E-002   73.381380664332681     
   9.8076131712478878E-002   72.941569986324822     
   9.8941083662342361E-002   72.495328866936688     
   9.9813663786997298E-002   72.042592967806456     
  0.10069393936075952        71.583298451641411     
  0.10158197825124975        71.117382038531304     
  0.10247784892462611        70.644781064297234     
  0.10338162045086273        70.165433540915757     
  0.10429336250907487        69.679278219057096     
  0.10521314539289107        69.186254652778473     
  0.10614104001587275        68.686303266408174     
  0.10707711791698134        68.179365423659902     
  0.10802145126609394        67.665383499011597     
  0.10897411286956746        67.144300951385674     
  0.10993517617585181        66.616062400162349     
  0.11090471528115270        66.080613703560090     
  0.11188280493514424        65.537902039412529     
  0.11286952054673208        64.987875988370433     
  0.11386493818986726        64.430485619556777     
  0.11486913460941139        63.865682578698227     
  0.11588218722705354        63.293420178754872     
  0.11690417414727922        62.713653493069899     
  0.11793517416339225        62.126339451053411     
  0.11897526676358942        61.531436936415474     
  0.12002453213708908        60.928906887959670     
  0.12108305118031332        60.318712402941799     
  0.12215090550312513        59.700818843000036     
  0.12322817743512032        59.075193942653101     
  0.12431495003197497        58.441807920362663     
  0.12541130708184886        57.800633592150604     
  0.12651733311184543        57.151646487755727     
  0.12763311339452857        56.494824969310997     
  0.12875873395449705        55.830150352515176     
  0.12989428157501690        55.157607030268707     
  0.13103984380471209        54.477182598736363     
  0.13219550896431451        53.788867985791967     
  0.13336136615347333        53.092657581795663     
  0.13453750525762426        52.388549372644960     
  0.13572401695491976        51.676545075034284     
  0.13692099272322000        50.956650273849121     
  0.13812852484714577        50.228874561612173     
  0.13934670642519328        49.493231679891480     
  0.14057563137691209        48.749739662568871     
  0.14181539445014593        47.998420980859336     
  0.14306609122833772        47.239302689961221     
  0.14432781813789888        46.472416577205649     
  0.14560067245564348        45.697799311563656     
  0.14688475231628831        44.915492594357204     
  0.14818015672001869        44.125543311009210     
  0.14948698554012138        43.328003683654245     
  0.15080533953068453        42.522931424418644     
  0.15213532033436555        41.710389889167018     
  0.15347703049022779        40.890448231496080     
  0.15483057344164589        40.063181556744439     
  0.15619605354428123        39.228671075770549     
  0.15757357607412745        38.387004258238292     
  0.15896324723562713        37.538274985130244     
  0.16036517416985993        36.682583700197412     
  0.16177946496280285        35.820037560034365     
  0.16320622865366366        34.950750582452713     
  0.16464557524328746        34.074843792810853     
  0.16609761570263762        33.192445367936855     
  0.16756246198135144        32.303690777267690     
  0.16904022701637120        31.408722920806298     
  0.17053102474065149        30.507692263483605     
  0.17203497009194307        29.600756965490845     
  0.17355217902165454        28.688083008131116     
  0.17508276850379184        27.769844314721382     
  0.17662685654397689        26.846222866053836     
  0.17818456218854536        25.917408809913326     
  0.17975600553372517        24.983600564121929     
  0.18134130773489551        24.045004912570533     
  0.18294059101592786        23.101837093674590     
  0.18455397867860898        22.154320880676352     
  0.18618159511214757        21.202688653198322     
  0.18782356580276416        20.247181459435893     
  0.18948001734336609        19.288049068362412     
  0.19115107744330739        18.325550011304699     
  0.19283687493823506        17.359951612232379     
  0.19453753980002206        16.391530006093248     
  0.19625320314678785        15.420570144514073     
  0.19798399725300736        14.447365788176640     
  0.19973005555970916        13.472219485169688     
  0.20149151268476348        12.495442534610731     
  0.20326850443326097        11.517354934828148     
  0.20506116780798309        10.538285315386645     
  0.20686964101996466        9.5585708522440882     
  0.20869406349914987        8.5785571653249235     
  0.21053457590514188        7.5985981978013228     
  0.21239132013804746        6.6190560763803603     
  0.21426443934941727        5.6403009519058003     
  0.21615407795328265        4.6627108195953042     
  0.21806038163728947        3.6866713182522517     
  0.21998349737393050        2.7125755078109677     
  0.22192357343187680        1.7408236245982494     
  0.22388075938740881       0.77182281372439832     
  0.22585520613594851      -0.19401316195271079     
  0.22784706590369311       -1.1562642368070328     
  0.22985649225935142       -2.1145043818432327     
  0.23188364012598378       -3.0683019689432314     
  0.23392866579294624       -4.0172201603362510     
  0.23599172692794032       -4.9608173236109110     
  0.23807298258916862       -5.8986474725241465     
  0.24017259323759835       -6.8302607337944039     
  0.24229072074933214       -7.7552038399899459     
  0.24442752842808865       -8.6730206485455312     
  0.24658318101779297       -9.5832526868514947     
  0.24875784471527790       -10.485439723269835     
  0.25095168718309763       -11.379120363832186     
  0.25316487756245404       -12.263832674270475     
  0.25539758648623728       -13.139114826922061     
  0.25764998609218126       -14.004505771934959     
  0.25992225003613506       -14.859545932076287     
  0.26221455350545153       -15.703777920323134     
  0.26452707323249403       -16.536747279280100     
  0.26685998750826179       -17.358003241333137     
  0.26921347619613639       -18.167099508307977     
  0.27158772074574833       -18.963595049255609     
  0.27398290420696675       -19.747054914839772     
  0.27639921124401234       -20.517051066649856     
  0.27883682814969435       -21.273163219608477     
  0.28129594285977361       -22.014979695489565     
  0.28377674496745187       -22.742098285405419     
  0.28627942573798926       -23.454127118967776     
  0.28880417812345022       -24.150685537672082     
  0.29135119677758026       -24.831404969904341     
  0.29392067807081279       -25.495929804819426     
  0.29651282010540941       -26.143918262198142     
  0.29912782273073274       -26.775043255250601     
  0.30176588755865508       -27.388993243204297     
  0.30442721797910161       -27.985473070391393     
  0.30711201917573189       -28.564204788439611     
  0.30982049814175910       -29.124928458068577     
  0.31255286369590840       -29.667402926906689     
  0.31530932649851701       -30.191406579670623     
  0.31809009906777541       -30.696738056991492     
  0.32089539579611209       -31.183216939132993     
  0.32372543296672318       -31.650684390826072     
  0.32658042877024684       -32.099003763444571     
  0.32946060332158611       -32.528061150769148     
  0.33236617867687862       -32.937765894631312     
  0.33529737885061733       -33.328051036800588     
  0.33825442983292126       -33.698873713573015     
  0.34123755960695901       -34.050215489642582     
  0.34424699816652593       -34.382082627987259     
  0.34728297753377602       -34.694506292680167     
  0.35034573177711054       -34.987542681744593     
  0.35343549702922444       -35.261273087407673     
  0.35655251150531120       -35.515803881374026     
  0.35969701552142958       -35.751266423035652     
  0.36286925151303062       -35.967816888856539     
  0.36606946405364987       -36.165636021523071     
  0.36929789987376282       -36.344928797826419     
  0.37255480787980783       -36.505924014646936     
  0.37584043917337623       -36.648873792834465     
  0.37915504707057157       -36.774052999225660     
  0.38249888712154029       -36.881758587503256     
  0.38587221713017372       -36.972308859082787     
  0.38927529717398446       -37.046042645705072     
  0.39270838962415777       -37.103318415913847     
  0.39617175916578035       -37.144513308105005     
  0.39966567281824639       -37.170022093341238     
  0.40319039995584471       -37.180256071630424     
  0.40674621232852692       -37.175641905861831     
  0.41033338408285891       -37.156620398078545     
  0.41395219178315679       -37.123645213229274     
  0.41760291443280978       -37.077181555987117     
  0.42128583349579085       -37.017704806637227     
  0.42500123291835684       -36.945699122418866     
  0.42874939915094018       -36.861656011052055     
  0.43253062117023416       -36.766072883481989     
  0.43634519050147191       -36.659451593130072     
  0.44019340124090284       -36.542296969145347     
  0.44407555007846661       -36.415115351299683     
  0.44799193632066786       -36.278413134261356     
  0.45194286191365157       -36.132695329012058     
  0.45592863146648310       -35.978464149138354     
  0.45994955227463269       -35.816217629630245     
  0.46400593434366733       -35.646448285654387     
  0.46809809041315176       -35.469641818537831     
  0.47222633598076025       -35.286275875901204     
  0.47639098932660046       -35.096818872517964     
  0.48059237153775275       -34.901728878052594     
  0.48483080653302496       -34.701452577346835     
  0.48910662108792607       -34.496424308384391     
  0.49342014485986047       -34.287065182474819     
  0.49777171041354301       -34.073782290562690     
  0.50216165324663997       -33.856967998893708     
  0.50659031181563496       -33.636999336563591     
  0.51105802756192320       -33.414237476744169     
  0.51556514493813621       -33.189027312632874     
  0.52011201143469832       -32.961697128414855     
  0.52469897760661777       -32.732558364769901     
  0.52932639710051355       -32.501905477707616     
  0.53399462668188125       -32.270015888782439     
  0.53870402626259850       -32.037150024034773     
  0.54345495892867401       -31.803551438332057     
  0.54824779096824061       -31.569447021154495     
  0.55308289189979565       -31.335047279288915     
  0.55796063450068978       -31.100546691370493     
  0.56288139483586752       -30.866124128749313     
  0.56784555228686140       -30.631943336763662     
  0.57285348958104132       -30.398153470178212     
  0.57790559282112230       -30.164889676295381     
  0.58300225151493212       -29.932273719075070     
  0.58814385860544172       -29.700414637501687     
  0.59333081050106051       -29.469409431417983     
  0.59856350710619877       -29.239343768101143     
  0.60384235185209889       -29.010292702985090     
  0.60916775172794013       -28.782321408130347     
  0.61454011731221603       -28.555485902304987     
  0.61995986280438964       -28.329833776860326     
  0.62542740605682734       -28.105404911958299     
  0.63094316860701438       -27.882232178125367     
  0.63650757571005512       -27.660342118563882     
  0.64212105637145889       -27.439755608137620     
  0.64778404338021567       -27.220488485455277     
  0.65349697334216350       -27.002552154996781     
  0.65926028671364989       -26.785954156753107     
  0.66507442783548998       -26.570698701373725     
  0.67093984496722470       -26.356787169329170     
  0.67685699032168067       -26.144218573092569     
  0.68282632009983479       -25.932989981816707     
  0.68884829452598662       -25.723096908427436     
  0.69492337788324110       -25.514533659464220     
  0.70105203854930354       -25.307293648371679     
  0.70723474903259065       -25.101369673277652     
  0.71347198600866024       -24.896754160583288     
  0.71976423035696213       -24.693439375936155     
  0.72611196719791293       -24.491417604359366     
  0.73251568593029770       -24.290681301468037     
  0.73897588026900218       -24.091223217820836     
  0.74549304828307694       -23.893036498530822     
  0.75206769243413774       -23.696114760298688     
  0.75870031961510420       -23.500452148036562     
  0.76539144118928060       -23.306043373224284     
  0.77214157302978070       -23.112883736087461     
  0.77895123555930101       -22.920969133610445     
  0.78582095379024397       -22.730296055302539     
  0.79275125736519603       -22.540861568525525     
  0.79974268059776121       -22.352663295069334     
  0.80679576251375673       -22.165699380533326     
  0.81391104689277005       -21.979968457937588     
  0.82108908231008404       -21.795469606853466     
  0.82833042217897046       -21.612202309209206     
  0.83563562479335718       -21.430166402796566     
  0.84300525337087207       -21.249362033379597     
  0.85043987609626570       -21.069789606189168     
  0.85794006616521723       -20.891449737476965     
  0.86550640182852723       -20.714343206701660     
  0.87313946643669882       -20.538470909828000     
  0.88083984848491426       -20.363833814136626     
  0.88860814165840540       -20.190432914869060     
  0.89644494487822712       -20.018269193966962     
  0.90435086234743145       -19.847343581108348     
  0.91232650359765211       -19.677656917194064     
  0.92037248353609746       -19.509209920395854     
  0.92848942249295841       -19.342003154841059     
  0.93667794626923517       -19.176037001978440     
  0.94493868618498600       -19.011311634643494     
  0.95327227912799894       -18.847826993819719     
  0.96167936760289707       -18.685582768073139     
  0.97016059978067237       -18.524578375621768     
  0.97871662954865968       -18.364812948987364     
  0.98734811656094978       -18.206285322165019     
  0.99605572628924799       -18.048994020235288     
   1.0048401300741796       -17.892937251334189     
   1.0137020051770509       -17.738112900887611     
   1.0226420348320626       -17.584518528009308     
   1.0316609082989880       -17.432151363954208     
   1.0407593209163120       -17.281008312512981     
   1.0499379741548411       -17.131085952227796     
   1.0591975756717860       -16.982380540304646     
   1.0685388393653192       -16.834888018093405     
   1.0779624854296175       -16.688604018003527     
   1.0874692404103852       -16.543523871720950     
   1.0970598372608706       -16.399642619590313     
   1.1067350153983764       -16.256955021025913     
   1.1164955207612650       -16.115455565815651     
   1.1263421058664707       -15.975138486183292     
   1.1362755298675171       -15.835997769477107     
   1.1462965586130465       -15.698027171356408     
   1.1564059647058644       -15.561220229351694     
   1.1666045275625074       -15.425570276679553     
   1.1768930334733327       -15.291070456199519     
   1.1872722756631426       -15.157713734406761     
   1.1977430543523375       -15.025492915362110     
   1.2083061768186130       -14.894400654468642     
   1.2189624574592002       -14.764429472012528     
   1.2297127178536520       -14.635571766394541     
   1.2405577868271880       -14.507819826987218     
   1.2514985005145935       -14.381165846561794     
   1.2625357024246844       -14.255601933237681     
   1.2736702435053413       -14.131120121915853     
   1.2849029822091134       -14.007712385166128     
   1.2962347845594071       -13.885370643545954     
   1.3076665242172516       -13.764086775336287     
   1.3191990825486586       -13.643852625686808     
   1.3308333486925730       -13.524660015169555     
   1.3425702196294240       -13.406500747745621     
   1.3544106002502816       -13.289366618154961     
   1.3663554034266205       -13.173249418743859     
   1.3784055500807015       -13.058140945748461     
   1.3905619692565738       -12.944033005055962     
   1.4028255981917006       -12.830917417467781     
   1.4151973823892203       -12.718786023490704     
   1.4276782756908422       -12.607630687683660     
   1.4402692403503854       -12.497443302588380     
   1.4529712471079677       -12.388215792272634     
   1.4657852752648481       -12.279940115514563     
   1.4787123127589279       -12.172608268656207     
   1.4917533562409191       -12.066212288153411     
   1.5049094111511865       -11.960744252848230     
   1.5181814917972618       -11.856196285988693     
   1.5315706214320473       -11.752560557019203     
   1.5450778323327063       -11.649829283163342     
   1.5587041658802496       -11.547994730819218     
   1.5724506726398233       -11.447049216785691     
   1.5863184124417073       -11.346985109336305     
   1.6003084544630242       -11.247794829156005     
   1.6144218773101724       -11.149470850154243     
   1.6286597691019835       -11.052005700166566     
   1.6430232275536152       -10.955391961555426     
   1.6575133600611829       -10.859622271719733     
   1.6721312837871376       -10.764689323521525     
   1.6868781257463965       -10.670585865637060     
   1.7017550228932359       -10.577304702838896     
   1.7167631222089450       -10.484838696214632     
   1.7319035807902599       -10.393180763327321     
   1.7471775659385693       -10.302323878322118     
   1.7625862552499161       -10.212261071983150     
   1.7781308367057831       -10.122985431744242     
   1.7938125087646879       -10.034490101656834     
   1.8096324804545798       -9.9467682823181551     
   1.8255919714660540       -9.8598132307625086     
   1.8416922122463881       -9.7736182603183543     
   1.8579344440944068       -9.6881767404337520     
   1.8743199192561835       -9.6034820964725967     
   1.8908499010215873       -9.5195278094839857     
   1.9075256638216784       -9.4363074159470059     
   1.9243484933269661       -9.3538145074930252     
   1.9413196865465314       -9.2720427306077013     
   1.9584405519280228       -9.1909857863146183     
   1.9757124094585365       -9.1106374298425283     
   1.9931365907663847       -9.0309914702780141     
