   4.0351624297894465E-006   51.181127825212897     
   4.0706339586960673E-006   51.181127824423044     
   4.1064173038888636E-006   51.181127823627449     
   4.1425152064224035E-006   51.181127824688687     
   4.1789304314467894E-006   51.181127823881340     
   4.2156657684194715E-006   51.181127824930613     
   4.2527240313189270E-006   51.181127823645454     
   4.2901080588602128E-006   51.181127822819704     
   4.3278207147124155E-006   51.181127823384543     
   4.3658648877180122E-006   51.181127823011636     
   4.4042434921141596E-006   51.181127823563429     
   4.4429594677559338E-006   51.181127821780223     
   4.4820157803415140E-006   51.181127822784177     
   4.5214154216393764E-006   51.181127821452861     
   4.5611614097174544E-006   51.181127821045820     
   4.6012567891743356E-006   51.181127820631588     
   4.6417046313724746E-006   51.181127820210051     
   4.6825080346734706E-006   51.181127820246729     
   4.7236701246754019E-006   51.181127819344510     
   4.7651940544522524E-006   51.181127820297206     
   4.8070830047954434E-006   51.181127818448132     
   4.8493401844574846E-006   51.181127817988028     
   4.8919688303977655E-006   51.181127818916764     
   4.9349722080305213E-006   51.181127817974641     
   4.9783536114749568E-006   51.181127817489710     
   5.0221163638075882E-006   51.181127816530591     
   5.0662638173167916E-006   51.181127816494055     
   5.1107993537595945E-006   51.181127816448651     
   5.1557263846207248E-006   51.181127815462943     
   5.2010483513739307E-006   51.181127814933674     
   5.2467687257456061E-006   51.181127814395069     
   5.2928910099807300E-006   51.181127815243926     
   5.3394187371111389E-006   51.181127814220474     
   5.3863554712261711E-006   51.181127813652836     
   5.4337048077456680E-006   51.181127812609503     
   5.4814703736954021E-006   51.181127812487290     
   5.5296558279849008E-006   51.181127811889056     
   5.5782648616877314E-006   51.181127810814573     
   5.6273011983242389E-006   51.181127811591992     
   5.6767685941467754E-006   51.181127811427132     
   5.7266708384274298E-006   51.181127810785512     
   5.7770117537482982E-006   51.181127809201200     
   5.8277951962942934E-006   51.181127809468023     
   5.8790250561485368E-006   51.181127809257461     
   5.9307052575903410E-006   51.181127807637949     
   5.9828397593958215E-006   51.181127806937624     
   6.0354325551411372E-006   51.181127807156258     
   6.0884876735084094E-006   51.181127806430965     
   6.1420091785943222E-006   51.181127805692881     
   6.1960011702214367E-006   51.181127804941752     
   6.2504677842522461E-006   51.181127804643040     
   6.3054131929059875E-006   51.181127803865152     
   6.3608416050782398E-006   51.181127802607861     
   6.4167572666633275E-006   51.181127802267937     
   6.4731644608795696E-006   51.181127801913775     
   6.5300675085973740E-006   51.181127801079484     
   6.5874707686702249E-006   51.181127800230442     
   6.6453786382685736E-006   51.181127799832083     
   6.7037955532166756E-006   51.181127799418476     
   6.7627259883323710E-006   51.181127798523661     
   6.8221744577698721E-006   51.181127797147369     
   6.8821455153655436E-006   51.181127797152001     
   6.9426437549867412E-006   51.181127796208955     
   7.0036738108837070E-006   51.181127796180562     
   7.0652403580445529E-006   51.181127794738259     
   7.1273481125533780E-006   51.181127793744366     
   7.1900018319515290E-006   51.181127793198570     
   7.2532063156020257E-006   51.181127792402066     
   7.3169664050572065E-006   51.181127791354598     
   7.3812869844295975E-006   51.181127790754275     
   7.4461729807660377E-006   51.181127789669461     
   7.5116293644251025E-006   51.181127788798321     
   7.5776611494578381E-006   51.181127787907698     
   7.6442733939918444E-006   51.181127786997237     
   7.7114712006187367E-006   51.181127786066583     
   7.7792597167850108E-006   51.181127785348195     
   7.8476441351863411E-006   51.181127784143271     
   7.9166296941653545E-006   51.181127783382706     
   7.9862216781128874E-006   51.181127782367668     
   8.0564254178727877E-006   51.181127781563433     
   8.1272462911502537E-006   51.181127780038253     
   8.1986897229237806E-006   51.181127778955940     
   8.2707611858607216E-006   51.181127778316053     
   8.3434662007364977E-006   51.181127776721226     
   8.4168103368575013E-006   51.181127775800817     
   8.4907992124877108E-006   51.181127774390305     
   8.5654384952790581E-006   51.181127773187683     
   8.6407339027055772E-006   51.181127772192539     
   8.7166912025013689E-006   51.181127771171617     
   8.7933162131024287E-006   51.181127769658772     
   8.8706148040923335E-006   51.181127768817717     
   8.9485928966518637E-006   51.181127767250970     
   9.0272564640125789E-006   51.181127766122231     
   9.1066115319143701E-006   51.181127764732480     
   9.1866641790670455E-006   51.181127763314137     
   9.2674205376159622E-006   51.181127762099422     
   9.3488867936117613E-006   51.181127760855034     
   9.4310691874842262E-006   51.181127759347632     
   9.5139740145203059E-006   51.181127757809492     
   9.5976076253463546E-006   51.181127756240073     
   9.6819764264145774E-006   51.181127754871667     
   9.7670868804937981E-006   51.181127753470889     
   9.8529455071644940E-006   51.181127752269958     
   9.9395588833182215E-006   51.181127750569829     
   1.0026933643661408E-005   51.181127748602734     
   1.0115076481223578E-005   51.181127747066583     
   1.0203994147870055E-005   51.181127745262259     
   1.0293693454819156E-005   51.181127743887586     
   1.0384181273163946E-005   51.181127742243504     
   1.0475464534398573E-005   51.181127740562161     
   1.0567550230949230E-005   51.181127738610058     
   1.0660445416709780E-005   51.181127736619402     
   1.0754157207582102E-005   51.181127735055128     
   1.0848692782021169E-005   51.181127733450907     
   1.0944059381584941E-005   51.181127731573170     
   1.1040264311489072E-005   51.181127729654051     
   1.1137314941166488E-005   51.181127727459995     
   1.1235218704831916E-005   51.181127725223092     
   1.1333983102051348E-005   51.181127723408267     
   1.1433615698316511E-005   51.181127721549032     
   1.1534124125624403E-005   51.181127719411791     
   1.1635516083061910E-005   51.181127717228591     
   1.1737799337395570E-005   51.181127715231455     
   1.1840981723666515E-005   51.181127712721050     
   1.1945071145790651E-005   51.181127710860707     
   1.2050075577164101E-005   51.181127708252575     
   1.2156003061273992E-005   51.181127706059911     
   1.2262861712314577E-005   51.181127703350555     
   1.2370659715808814E-005   51.181127701287750     
   1.2479405329235379E-005   51.181127698706391     
   1.2589106882661200E-005   51.181127696304060     
   1.2699772779379553E-005   51.181127693614130     
   1.2811411496553767E-005   51.181127691101324     
   1.2924031585866586E-005   51.181127688298986     
   1.3037641674175241E-005   51.181127685904571     
   1.3152250464172279E-005   51.181127682985789     
   1.3267866735052196E-005   51.181127680240110     
   1.3384499343183948E-005   51.181127677433565     
   1.3502157222789348E-005   51.181127674565133     
   1.3620849386627446E-005   51.181127671633718     
   1.3740584926684923E-005   51.181127668638212     
   1.3861373014872545E-005   51.181127666043125     
   1.3983222903727741E-005   51.181127662683167     
   1.4106143927123366E-005   51.181127659255651     
   1.4230145500982693E-005   51.181127655992228     
   1.4355237124000669E-005   51.181127653008090     
   1.4481428378371552E-005   51.181127649603496     
   1.4608728930522899E-005   51.181127646359286     
   1.4737148531856041E-005   51.181127643041336     
   1.4866697019493048E-005   51.181127639415521     
   1.4997384317030272E-005   51.181127635946183     
   1.5129220435298502E-005   51.181127632515555     
   1.5262215473129814E-005   51.181127628656597     
   1.5396379618131146E-005   51.181127625182810     
   1.5531723147464694E-005   51.181127621045064     
   1.5668256428635155E-005   51.181127617406034     
   1.5805989920283886E-005   51.181127613449362     
   1.5944934172990057E-005   51.181127609406389     
   1.6085099830078834E-005   51.181127605275577     
   1.6226497628436681E-005   51.181127601288182     
   1.6369138399333811E-005   51.181127597093422     
   1.6513033069253888E-005   51.181127592806064     
   1.6658192660730999E-005   51.181127588308144     
   1.6804628293194005E-005   51.181127583830687     
   1.6952351183818299E-005   51.181127579255715     
   1.7101372648385061E-005   51.181127574581410     
   1.7251704102148064E-005   51.181127569806108     
   1.7403357060708084E-005   51.181127565393638     
   1.7556343140895038E-005   51.181127560527258     
   1.7710674061657827E-005   51.181127555205151     
   1.7866361644962029E-005   51.181127550473164     
   1.8023417816695487E-005   51.181127545165211     
   1.8181854607581839E-005   51.181127540094309     
   1.8341684154102094E-005   51.181127534676335     
   1.8502918699424298E-005   51.181127529607821     
   1.8665570594341383E-005   51.181127524071769     
   1.8829652298217254E-005   51.181127518415309     
   1.8995176379941191E-005   51.181127512636408     
   1.9162155518890653E-005   51.181127506965638     
   1.9330602505902510E-005   51.181127501051606     
   1.9500530244252883E-005   51.181127495008468     
   1.9671951750645514E-005   51.181127488950381     
   1.9844880156208880E-005   51.181127482758555     
   2.0019328707502047E-005   51.181127476314302     
   2.0195310767529395E-005   51.181127469847965     
   2.0372839816764217E-005   51.181127463589974     
   2.0551929454181372E-005   51.181127456955736     
   2.0732593398298947E-005   51.181127450175609     
   2.0914845488229152E-005   51.181127443246950     
   2.1098699684738398E-005   51.181127436050744     
   2.1284170071316708E-005   51.181127428933564     
   2.1471270855256533E-005   51.181127421659880     
   2.1660016368741072E-005   51.181127414459723     
   2.1850421069942100E-005   51.181127406748274     
   2.2042499544127519E-005   51.181127399337498     
   2.2236266504778591E-005   51.181127391409632     
   2.2431736794717014E-005   51.181127383543753     
   2.2628925387241909E-005   51.181127375620449     
   2.2827847387276789E-005   51.181127367287402     
   2.3028518032526618E-005   51.181127358774319     
   2.3230952694645046E-005   51.181127350427246     
   2.3435166880411899E-005   51.181127341777298     
   2.3641176232921010E-005   51.181127332937606     
   2.3848996532778513E-005   51.181127323904832     
   2.4058643699311660E-005   51.181127314908352     
   2.4270133791788246E-005   51.181127305595524     
   2.4483483010646801E-005   51.181127296311985     
   2.4698707698737546E-005   51.181127286588520     
   2.4915824342574275E-005   51.181127276887125     
   2.5134849573597260E-005   51.181127266854801     
   2.5355800169447239E-005   51.181127256953474     
   2.5578693055250591E-005   51.181127246480827     
   2.5803545304915856E-005   51.181127236014902     
   2.6030374142441583E-005   51.181127225318960     
   2.6259196943235737E-005   51.181127214505338     
   2.6490031235446682E-005   51.181127203569886     
   2.6722894701305840E-005   51.181127192159167     
   2.6957805178482200E-005   51.181127180734563     
   2.7194780661448687E-005   51.181127169175284     
   2.7433839302860582E-005   51.181127157127676     
   2.7674999414946031E-005   51.181127145052869     
   2.7918279470908779E-005   51.181127132946287     
   2.8163698106343273E-005   51.181127120570409     
   2.8411274120662140E-005   51.181127107804059     
   2.8661026478536268E-005   51.181127094933458     
   2.8912974311347514E-005   51.181127081604416     
   2.9167136918654220E-005   51.181127068277618     
   2.9423533769669556E-005   51.181127054598676     
   2.9682184504752908E-005   51.181127040853468     
   2.9943108936914351E-005   51.181127026687435     
   3.0206327053332352E-005   51.181127012386270     
   3.0471859016884812E-005   51.181126997711644     
   3.0739725167693592E-005   51.181126982890859     
   3.1009946024682569E-005   51.181126967685401     
   3.1282542287149426E-005   51.181126952264094     
   3.1557534836351249E-005   51.181126936621126     
   3.1834944737104045E-005   51.181126920750515     
   3.2114793239396380E-005   51.181126904413333     
   3.2397101780017094E-005   51.181126887836228     
   3.2681891984197449E-005   51.181126871012921     
   3.2969185667267601E-005   51.181126853995224     
   3.3259004836327730E-005   51.181126836485561     
   3.3551371691933787E-005   51.181126818710155     
   3.3846308629798104E-005   51.181126800778642     
   3.4143838242504896E-005   51.181126782451315     
   3.4443983321240977E-005   51.181126763837668     
   3.4746766857541473E-005   51.181126744755929     
   3.5052212045051110E-005   51.181126725373431     
   3.5360342281300837E-005   51.181126705741107     
   3.5671181169500095E-005   51.181126685676759     
   3.5984752520344893E-005   51.181126665405628     
   3.6301080353841694E-005   51.181126644512531     
   3.6620188901147449E-005   51.181126623571586     
   3.6942102606425661E-005   51.181126602050909     
   3.7266846128718907E-005   51.181126580116910     
   3.7594444343837698E-005   51.181126557935940     
   3.7924922346266066E-005   51.181126535266657     
   3.8258305451083757E-005   51.181126512216878     
   3.8594619195905490E-005   51.181126488777792     
   3.8933889342837100E-005   51.181126464940519     
   3.9276141880449001E-005   51.181126440637712     
   3.9621403025766906E-005   51.181126415860163     
   3.9969699226280124E-005   51.181126390831281     
   4.0321057161967463E-005   51.181126365134020     
   4.0675503747340953E-005   51.181126339166113     
   4.1033066133507509E-005   51.181126312626589     
   4.1393771710248806E-005   51.181126285679952     
   4.1757648108119303E-005   51.181126258141333     
   4.2124723200562836E-005   51.181126230291326     
   4.2495025106047753E-005   51.181126201944650     
   4.2868582190220800E-005   51.181126172915853     
   4.3245423068079982E-005   51.181126143543210     
   4.3625576606166551E-005   51.181126113582593     
   4.4009071924776165E-005   51.181126083080898     
   4.4395938400189569E-005   51.181126051910041     
   4.4786205666922886E-005   51.181126020465641     
   4.5179903619997610E-005   51.181125988328276     
   4.5577062417230632E-005   51.181125955543891     
   4.5977712481544409E-005   51.181125922332839     
   4.6381884503297321E-005   51.181125888507850     
   4.6789609442634673E-005   51.181125853997798     
   4.7200918531860234E-005   51.181125818906025     
   4.7615843277828714E-005   51.181125783219116     
   4.8034415464359199E-005   51.181125746923541     
   4.8456667154669859E-005   51.181125710005389     
   4.8882630693834022E-005   51.181125672392412     
   4.9312338711257865E-005   51.181125634070327     
   4.9745824123179861E-005   51.181125595082705     
   5.0183120135192230E-005   51.181125555472917     
   5.0624260244784492E-005   51.181125515109485     
   5.1069278243909468E-005   51.181125474035227     
   5.1518208221571757E-005   51.181125432292760     
   5.1971084566439037E-005   51.181125389749681     
   5.2427941969476234E-005   51.181125346564500     
   5.2888815426602948E-005   51.181125302546050     
   5.3353740241374181E-005   51.181125257677593     
   5.3822752027684599E-005   51.181125212116712     
   5.4295886712496663E-005   51.181125165729568     
   5.4773180538592640E-005   51.181125118440320     
   5.5254670067350872E-005   51.181125070405585     
   5.5740392181546432E-005   51.181125021548866     
   5.6230384088176393E-005   51.181124971676937     
   5.6724683321309917E-005   51.181124921120031     
   5.7223327744963456E-005   51.181124869538706     
   5.7726355556001141E-005   51.181124817088048     
   5.8233805287060765E-005   51.181124763689795     
   5.8745715809505407E-005   51.181124709352758     
   5.9262126336401033E-005   51.181124654114427     
   5.9783076425520291E-005   51.181124597808221     
   6.0308605982372652E-005   51.181124540616480     
   6.0838755263261297E-005   51.181124482313649     
   6.1373564878366722E-005   51.181124423052168     
   6.1913075794857629E-005   51.181124362722144     
   6.2457329340028964E-005   51.181124301300571     
   6.3006367204467746E-005   51.181124238793203     
   6.3560231445246535E-005   51.181124175234444     
   6.4118964489145151E-005   51.181124110512741     
   6.4682609135900549E-005   51.181124044632554     
   6.5251208561485372E-005   51.181123977568816     
   6.5824806321415302E-005   51.181123909354227     
   6.6403446354085469E-005   51.181123839991855     
   6.6987172984136171E-005   51.181123769338910     
   6.7576030925848232E-005   51.181123697484864     
   6.8170065286568109E-005   51.181123624373285     
   6.8769321570163352E-005   51.181123549918055     
   6.9373845680508031E-005   51.181123474149047     
   6.9983683924999219E-005   51.181123397066543     
   7.0598883018104116E-005   51.181123318582920     
   7.1219490084938476E-005   51.181123238726514     
   7.1845552664876429E-005   51.181123157496046     
   7.2477118715192100E-005   51.181123074831476     
   7.3114236614733183E-005   51.181122990643090     
   7.3756955167626813E-005   51.181122905044333     
   7.4405323607018071E-005   51.181122817915337     
   7.5059391598841273E-005   51.181122729251967     
   7.5719209245624474E-005   51.181122638933147     
   7.6384827090327398E-005   51.181122547128240     
   7.7056296120213056E-005   51.181122453685845     
   7.7733667770753511E-005   51.181122358541273     
   7.8416993929569822E-005   51.181122261774703     
   7.9106326940406806E-005   51.181122163232843     
   7.9801719607142568E-005   51.181122062994632     
   8.0503225197833388E-005   51.181121960963637     
   8.1210897448794075E-005   51.181121857159269     
   8.1924790568714372E-005   51.181121751512833     
   8.2644959242811244E-005   51.181121644013217     
   8.3371458637018011E-005   51.181121534619479     
   8.4104344402209977E-005   51.181121423231730     
   8.4843672678467494E-005   51.181121309923967     
   8.5589500099376349E-005   51.181121194594880     
   8.6341883796365890E-005   51.181121077258709     
   8.7100881403085449E-005   51.181120957841657     
   8.7866551059819170E-005   51.181120836327381     
   8.8638951417939591E-005   51.181120712698657     
   8.9418141644400463E-005   51.181120586821123     
   9.0204181426268952E-005   51.181120458704996     
   9.0997130975297878E-005   51.181120328388857     
   9.1797051032537858E-005   51.181120195677522     
   9.2604002872990321E-005   51.181120060753329     
   9.3418048310301132E-005   51.181119923361067     
   9.4239249701495649E-005   51.181119783564881     
   9.5067669951755384E-005   51.181119641282478     
   9.5903372519236588E-005   51.181119496517809     
   9.6746421419931285E-005   51.181119349244852     
   9.7596881232570929E-005   51.181119199261985     
   9.8454817103573228E-005   51.181119046686746     
   9.9320294752032519E-005   51.181118891402775     
   1.0019338047475388E-004   51.181118733380060     
   1.0107414115133159E-004   51.181118572587536     
   1.0196264424927217E-004   51.181118408934850     
   1.0285895782916250E-004   51.181118242388749     
   1.0376315054988338E-004   51.181118072885809     
   1.0467529167386889E-004   51.181117900419736     
   1.0559545107241196E-004   51.181117724924817     
   1.0652369923101660E-004   51.181117546305074     
   1.0746010725479729E-004   51.181117364521612     
   1.0840474687392558E-004   51.181117179563429     
   1.0935769044912487E-004   51.181116991330939     
   1.1031901097721321E-004   51.181116799694209     
   1.1128878209669507E-004   51.181116604725872     
   1.1226707809340207E-004   51.181116406351634     
   1.1325397390618345E-004   51.181116204495950     
   1.1424954513264646E-004   51.181115998994571     
   1.1525386803494717E-004   51.181115789885709     
   1.1626701954563241E-004   51.181115577118817     
   1.1728907727353278E-004   51.181115360569180     
   1.1832011950970766E-004   51.181115140198045     
   1.1936022523344242E-004   51.181114915935964     
   1.2040947411829827E-004   51.181114687697544     
   1.2146794653821548E-004   51.181114455454093     
   1.2253572357367003E-004   51.181114219102582     
   1.2361288701788459E-004   51.181113978582133     
   1.2469951938309386E-004   51.181113733801098     
   1.2579570390686530E-004   51.181113484709940     
   1.2690152455847509E-004   51.181113231199234     
   1.2801706604534036E-004   51.181112973259744     
   1.2914241381950791E-004   51.181112710720456     
   1.3027765408419993E-004   51.181112443568708     
   1.3142287380041729E-004   51.181112171673632     
   1.3257816069360093E-004   51.181111895033581     
   1.3374360326035158E-004   51.181111613441260     
   1.3491929077520901E-004   51.181111326891340     
   1.3610531329749030E-004   51.181111035274711     
   1.3730176167818869E-004   51.181110738553002     
   1.3850872756693286E-004   51.181110436569597     
   1.3972630341900730E-004   51.181110129253128     
   1.4095458250243476E-004   51.181109816486526     
   1.4219365890512039E-004   51.181109498208940     
   1.4344362754205935E-004   51.181109174313690     
   1.4470458416260715E-004   51.181108844721066     
   1.4597662535781431E-004   51.181108509290965     
   1.4725984856782542E-004   51.181108167968418     
   1.4855435208934310E-004   51.181107820536113     
   1.4986023508315764E-004   51.181107467021818     
   1.5117759758174302E-004   51.181107107276333     
   1.5250654049691931E-004   51.181106741177203     
   1.5384716562758286E-004   51.181106368599558     
   1.5519957566750419E-004   51.181105989430563     
   1.5656387421319429E-004   51.181105603584086     
   1.5794016577184061E-004   51.181105210913145     
   1.5932855576931209E-004   51.181104811326392     
   1.6072915055823515E-004   51.181104404657091     
   1.6214205742614050E-004   51.181103990837670     
   1.6356738460368125E-004   51.181103569666917     
   1.6500524127292381E-004   51.181103141100792     
   1.6645573757571129E-004   51.181102704946966     
   1.6791898462210038E-004   51.181102261097593     
   1.6939509449887284E-004   51.181101809427233     
   1.7088418027812115E-004   51.181101349763907     
   1.7238635602591029E-004   51.181100881976164     
   1.7390173681101518E-004   51.181100405944079     
   1.7543043871373520E-004   51.181099921457260     
   1.7697257883478608E-004   51.181099428462133     
   1.7852827530426992E-004   51.181098926741882     
   1.8009764729072427E-004   51.181098416192725     
   1.8168081501025043E-004   51.181097896605621     
   1.8327789973572226E-004   51.181097367840962     
   1.8488902380607586E-004   51.181096829740966     
   1.8651431063568098E-004   51.181096282173485     
   1.8815388472379454E-004   51.181095724886319     
   1.8980787166409752E-004   51.181095157769093     
   1.9147639815431580E-004   51.181094580649471     
   1.9315959200592509E-004   51.181093993336773     
   1.9485758215394169E-004   51.181093395650933     
   1.9657049866679901E-004   51.181092787422585     
   1.9829847275631095E-004   51.181092168420037     
   2.0004163678772303E-004   51.181091538509492     
   2.0180012428985158E-004   51.181090897480047     
   2.0357406996531245E-004   51.181090245131287     
   2.0536360970083923E-004   51.181089581243825     
   2.0716888057769250E-004   51.181088905652189     
   2.0899002088216033E-004   51.181088218113601     
   2.1082717011615130E-004   51.181087518438986     
   2.1268046900788050E-004   51.181086806405517     
   2.1455005952264954E-004   51.181086081814769     
   2.1643608487372122E-004   51.181085344419927     
   2.1833868953328992E-004   51.181084593998349     
   2.2025801924354846E-004   51.181083830322436     
   2.2219422102785191E-004   51.181083053188658     
   2.2414744320198003E-004   51.181082262315627     
   2.2611783538549842E-004   51.181081457474818     
   2.2810554851321948E-004   51.181080638403458     
   2.3011073484676428E-004   51.181079804898701     
   2.3213354798622612E-004   51.181078956664948     
   2.3417414288193629E-004   51.181078093444611     
   2.3623267584633374E-004   51.181077214989017     
   2.3830930456593868E-004   51.181076321007211     
   2.4040418811343159E-004   51.181075411260636     
   2.4251748695983846E-004   51.181074485424617     
   2.4464936298682305E-004   51.181073543263011     
   2.4679997949908727E-004   51.181072584453318     
   2.4896950123688060E-004   51.181071608688626     
   2.5115809438861945E-004   51.181070615728274     
   2.5336592660361721E-004   51.181069605215939     
   2.5559316700492663E-004   51.181068576861364     
   2.5783998620229485E-004   51.181067530352934     
   2.6010655630523237E-004   51.181066465372126     
   2.6239305093619675E-004   51.181065381571543     
   2.6469964524389241E-004   51.181064278640292     
   2.6702651591668732E-004   51.181063156216567     
   2.6937384119614757E-004   51.181062013996552     
   2.7174180089069083E-004   51.181060851581648     
   2.7413057638935999E-004   51.181059668652850     
   2.7654035067571783E-004   51.181058464832361     
   2.7897130834186380E-004   51.181057239749066     
   2.8142363560257398E-004   51.181055993045518     
   2.8389752030956553E-004   51.181054724305156     
   2.8639315196588629E-004   51.181053433175762     
   2.8891072174043095E-004   51.181052119245606     
   2.9145042248258506E-004   51.181050782108940     
   2.9401244873699712E-004   51.181049421372876     
   2.9659699675848162E-004   51.181048036591989     
   2.9920426452705181E-004   51.181046627355315     
   3.0183445176308566E-004   51.181045193227988     
   3.0448775994262455E-004   51.181043733809361     
   3.0716439231280661E-004   51.181042248594594     
   3.0986455390743590E-004   51.181040737170818     
   3.1258845156268794E-004   51.181039199027921     
   3.1533629393295414E-004   51.181037633740175     
   3.1810829150682454E-004   51.181036040806035     
   3.2090465662321197E-004   51.181034419735269     
   3.2372560348761694E-004   51.181032770048787     
   3.2657134818853681E-004   51.181031091227410     
   3.2944210871401793E-004   51.181029382770035     
   3.3233810496835389E-004   51.181027644127880     
   3.3525955878893073E-004   51.181025874784353     
   3.3820669396321986E-004   51.181024074203791     
   3.4117973624592045E-004   51.181022241824223     
   3.4417891337625272E-004   51.181020377093333     
   3.4720445509540287E-004   51.181018479431856     
   3.5025659316412162E-004   51.181016548240819     
   3.5333556138047762E-004   51.181014582959364     
   3.5644159559776657E-004   51.181012582991869     
   3.5957493374257771E-004   51.181010547671221     
   3.6273581583301984E-004   51.181008476440581     
   3.6592448399710634E-004   51.181006368620274     
   3.6914118249130323E-004   51.181004223574959     
   3.7238615771923914E-004   51.181002040655017     
   3.7565965825058027E-004   51.180999819181906     
   3.7896193484007111E-004   51.180997558484279     
   3.8229324044674283E-004   51.180995257861241     
   3.8565383025328996E-004   51.180992916618465     
   3.8904396168561802E-004   51.180990534039026     
   3.9246389443256270E-004   51.180988109361039     
   3.9591389046578218E-004   51.180985641879374     
   3.9939421405982452E-004   51.180983130821687     
   4.0290513181237195E-004   51.180980575428123     
   4.0644691266466203E-004   51.180977974900131     
   4.1001982792208909E-004   51.180975328465621     
   4.1362415127498692E-004   51.180972635276774     
   4.1726015881959346E-004   51.180969894533547     
   4.2092812907920028E-004   51.180967105388618     
   4.2462834302548787E-004   51.180964267012556     
   4.2836108410004853E-004   51.180961378499106     
   4.3212663823609832E-004   51.180958438966442     
   4.3592529388037987E-004   51.180955447535268     
   4.3975734201525806E-004   51.180952403277303     
   4.4362307618100934E-004   51.180949305258792     
   4.4752279249830754E-004   51.180946152525422     
   4.5145678969090727E-004   51.180942944131218     
   4.5542536910852610E-004   51.180939679072594     
   4.5942883474992896E-004   51.180936356349875     
   4.6346749328621430E-004   51.180932974963255     
   4.6754165408430611E-004   51.180929533861416     
   4.7165162923065138E-004   51.180926031992200     
   4.7579773355512655E-004   51.180922468283939     
   4.7998028465515402E-004   51.180918841637748     
   4.8419960292003035E-004   51.180915150948977     
   4.8845601155546878E-004   51.180911395084991     
   4.9274983660835671E-004   51.180907572902811     
   4.9708140699173244E-004   51.180903683216087     
   5.0145105450997887E-004   51.180899724849084     
   5.0585911388424166E-004   51.180895696574467     
   5.1030592277806822E-004   51.180891597167403     
   5.1479182182327383E-004   51.180887425361391     
   5.1931715464603441E-004   51.180883179898771     
   5.2388226789320841E-004   51.180878859450146     
   5.2848751125889114E-004   51.180874462715792     
   5.3313323751120112E-004   51.180869988337804     
   5.3781980251930311E-004   51.180865434939676     
   5.4254756528066786E-004   51.180860801132923     
   5.4731688794857193E-004   51.180856085502199     
   5.5212813585983947E-004   51.180851286597203     
   5.5698167756282682E-004   51.180846402943331     
   5.6187788484565466E-004   51.180841433044534     
   5.6681713276468656E-004   51.180836375379258     
   5.7179979967325991E-004   51.180831228410696     
   5.7682626725066757E-004   51.180825990549849     
   5.8189692053139507E-004   51.180820660187635     
   5.8701214793461522E-004   51.180815235687035     
   5.9217234129394088E-004   51.180809715407946     
   5.9737789588744101E-004   51.180804097644625     
   6.0262921046791830E-004   51.180798380668833     
   6.0792668729345528E-004   51.180792562729081     
   6.1327073215822702E-004   51.180786642064518     
   6.1866175442358594E-004   51.180780616838831     
   6.2410016704941970E-004   51.180774485204964     
   6.2958638662578403E-004   51.180768245300783     
   6.3512083340481410E-004   51.180761895201144     
   6.4070393133291699E-004   51.180755432953475     
   6.4633610808324598E-004   51.180748856598882     
   6.5201779508846129E-004   51.180742164105951     
   6.5774942757377826E-004   51.180735353428034     
   6.6353144459030595E-004   51.180728422480925     
   6.6936428904868016E-004   51.180721369134460     
   6.7524840775298940E-004   51.180714191230152     
   6.8118425143500188E-004   51.180706886569311     
   6.8717227478869180E-004   51.180699452912307     
   6.9321293650506980E-004   51.180691887981254     
   6.9930669930731867E-004   51.180684189459214     
   7.0545402998623940E-004   51.180676354985650     
   7.1165539943600776E-004   51.180668382166459     
   7.1791128269024502E-004   51.180660268547570     
   7.2422215895840672E-004   51.180652011639495     
   7.3058851166249081E-004   51.180643608927255     
   7.3701082847406785E-004   51.180635057825853     
   7.4348960135163825E-004   51.180626355715589     
   7.5002532657831580E-004   51.180617499930136     
   7.5661850479984496E-004   51.180608487759329     
   7.6326964106295002E-004   51.180599316436926     
   7.6997924485402308E-004   51.180589983154377     
   7.7674783013815076E-004   51.180580485052346     
   7.8357591539848510E-004   51.180570819219696     
   7.9046402367596023E-004   51.180560982688633     
   7.9741268260935744E-004   51.180550972451840     
   8.0442242447572383E-004   51.180540785435895     
   8.1149378623114490E-004   51.180530418529131     
   8.1862730955187604E-004   51.180519868540514     
   8.2582354087583636E-004   51.180509132249270     
   8.3308303144446604E-004   51.180498206360056     
   8.4040633734495235E-004   51.180487087527197     
   8.4779401955282672E-004   51.180475772331491     
   8.5524664397493635E-004   51.180464257326307     
   8.6276478149279346E-004   51.180452538967145     
   8.7034900800630544E-004   51.180440613661048     
   8.7799990447788947E-004   51.180428477765489     
   8.8571805697697551E-004   51.180416127543126     
   8.9350405672489999E-004   51.180403559233341     
   9.0135850014019358E-004   51.180390768970454     
   9.0928198888426881E-004   51.180377752833522     
   9.1727512990750647E-004   51.180364506835573     
   9.2533853549575109E-004   51.180351026923930     
   9.3347282331721060E-004   51.180337308956837     
   9.4167861646977252E-004   51.180323348734689     
   9.4995654352873294E-004   51.180309141985617     
   9.5830723859494646E-004   51.180294684345682     
   9.6673134134339970E-004   51.180279971386383     
   9.7522949707221096E-004   51.180264998605622     
   9.8380235675206060E-004   51.180249761409698     
   9.9245057707605727E-004   51.180234255125953     
   1.0011748205100402E-003   51.180218475008488     
   1.0099757553433267E-003   51.180202416219856     
   1.0188540557399025E-003   51.180186073836481     
   1.0278104017900640E-003   51.180169442848637     
   1.0368454795625158E-003   51.180152518158565     
   1.0459599811569213E-003   51.180135294591238     
   1.0551546047569214E-003   51.180117766856043     
   1.0644300546836154E-003   51.180099929582838     
   1.0737870414495128E-003   51.180081777311017     
   1.0832262818129593E-003   51.180063304472739     
   1.0927484988330421E-003   51.180044505407196     
   1.1023544219249770E-003   51.180025374351217     
   1.1120447869159826E-003   51.180005905446208     
   1.1218203361016460E-003   51.179986092726665     
   1.1316818183027828E-003   51.179965930114420     
   1.1416299889227988E-003   51.179945411430879     
   1.1516656100055550E-003   51.179924530396377     
   1.1617894502937401E-003   51.179903280606069     
   1.1720022852877584E-003   51.179881655541962     
   1.1823048973051335E-003   51.179859648585051     
   1.1926980755404362E-003   51.179837252983646     
   1.2031826161257358E-003   51.179814461885428     
   1.2137593221915868E-003   51.179791268289279     
   1.2244290039285489E-003   51.179767665102702     
   1.2351924786492487E-003   51.179743645080904     
   1.2460505708509876E-003   51.179719200867694     
   1.2570041122788994E-003   51.179694324972644     
   1.2680539419896626E-003   51.179669009770123     
   1.2792009064157733E-003   51.179643247499953     
   1.2904458594303835E-003   51.179617030271828     
   1.3017896624127089E-003   51.179590350045785     
   1.3132331843140124E-003   51.179563198645738     
   1.3247773017241657E-003   51.179535567750662     
   1.3364228989387976E-003   51.179507448895265     
   1.3481708680270336E-003   51.179478833459399     
   1.3600221088998282E-003   51.179449712675677     
   1.3719775293788994E-003   51.179420077615276     
   1.3840380452662703E-003   51.179389919197220     
   1.3962045804144197E-003   51.179359228175883     
   1.4084780667970513E-003   51.179327995153812     
   1.4208594445804829E-003   51.179296210550831     
   1.4333496621956659E-003   51.179263864627742     
   1.4459496764108364E-003   51.179230947475332     
   1.4586604524048036E-003   51.179197448997826     
   1.4714829638408852E-003   51.179163358936393     
   1.4844181929414906E-003   51.179128666837784     
   1.4974671305633611E-003   51.179093362067078     
   1.5106307762734706E-003   51.179057433814208     
   1.5239101384255938E-003   51.179020871055386     
   1.5373062342375475E-003   51.178983662596224     
   1.5508200898691116E-003   51.178945797027609     
   1.5644527405006331E-003   51.178907262742868     
   1.5782052304123230E-003   51.178868047935367     
   1.5920786130642507E-003   51.178828140584955     
   1.6060739511770384E-003   51.178787528456965     
   1.6201923168132689E-003   51.178746199112027     
   1.6344347914596055E-003   51.178704139879727     
   1.6488024661096374E-003   51.178661337868078     
   1.6632964413474489E-003   51.178617779960646     
   1.6779178274319278E-003   51.178573452809601     
   1.6926677443818115E-003   51.178528342827093     
   1.7075473220614830E-003   51.178482436185490     
   1.7225577002675193E-003   51.178435718817539     
   1.7377000288160008E-003   51.178388176405647     
   1.7529754676305913E-003   51.178339794374565     
   1.7683851868313869E-003   51.178290557902159     
   1.7839303668245507E-003   51.178240451893899     
   1.7996121983927331E-003   51.178189460995142     
   1.8154318827862874E-003   51.178137569576350     
   1.8313906318152859E-003   51.178084761733416     
   1.8474896679423498E-003   51.178031021279764     
   1.8637302243762874E-003   51.177976331749392     
   1.8801135451665624E-003   51.177920676375066     
   1.8966408852985890E-003   51.177864038101958     
   1.9133135107898653E-003   51.177806399572148     
   1.9301326987869523E-003   51.177747743116029     
   1.9470997376633051E-003   51.177688050762129     
   1.9642159271179641E-003   51.177627304207448     
   1.9814825782751132E-003   51.177565484839619     
   1.9989010137845160E-003   51.177502573709816     
   2.0164725679228286E-003   51.177438551534635     
   2.0341985866958114E-003   51.177373398694186     
   2.0520804279414318E-003   51.177307095218367     
   2.0701194614338790E-003   51.177239620785528     
   2.0883170689884878E-003   51.177170954714740     
   2.1066746445675901E-003   51.177101075963549     
   2.1251935943872938E-003   51.177029963110556     
   2.1438753370252002E-003   51.176957594361255     
   2.1627213035290689E-003   51.176883947535885     
   2.1817329375264389E-003   51.176809000062050     
   2.2009116953352129E-003   51.176732728967778     
   2.2202590460752123E-003   51.176655110875657     
   2.2397764717807128E-003   51.176576121996632     
   2.2594654675139737E-003   51.176495738123663     
   2.2793275414797580E-003   51.176413934616164     
   2.2993642151408664E-003   51.176330686402437     
   2.3195770233346807E-003   51.176245967969265     
   2.3399675143907350E-003   51.176159753344990     
   2.3605372502493228E-003   51.176072016112130     
   2.3812878065811388E-003   51.175982729374951     
   2.4022207729079820E-003   51.175891865767085     
   2.4233377527245140E-003   51.175799397443171     
   2.4446403636210865E-003   51.175705296055455     
   2.4661302374076547E-003   51.175609532771190     
   2.4878090202387743E-003   51.175512078228977     
   2.5096783727396985E-003   51.175412902563934     
   2.5317399701335866E-003   51.175311975379060     
   2.5539955023698257E-003   51.175209265740094     
   2.5764466742534860E-003   51.175104742166383     
   2.5990952055759088E-003   51.174998372619967     
   2.6219428312464466E-003   51.174890124498745     
   2.6449913014253575E-003   51.174779964628613     
   2.6682423816578736E-003   51.174667859241850     
   2.6916978530094416E-003   51.174553773977806     
   2.7153595122021536E-003   51.174437673870941     
   2.7392291717523820E-003   51.174319523337203     
   2.7633086601096188E-003   51.174199286160899     
   2.7875998217965371E-003   51.174076925491505     
   2.8121045175502853E-003   51.173952403823478     
   2.8368246244650222E-003   51.173825682991023     
   2.8617620361357033E-003   51.173696724159115     
   2.8869186628031340E-003   51.173565487794974     
   2.9122964315002990E-003   51.173431933675857     
   2.9378972861999701E-003   51.173296020871049     
   2.9637231879636227E-003   51.173157707719895     
   2.9897761150916545E-003   51.173016951828728     
   3.0160580632749229E-003   51.172873710060230     
   3.0425710457476223E-003   51.172727938505986     
   3.0693170934414978E-003   51.172579592487295     
   3.0962982551414192E-003   51.172428626539002     
   3.1235165976423182E-003   51.172274994387593     
   3.1509742059075102E-003   51.172118648945528     
   3.1786731832284046E-003   51.171959542294204     
   3.2066156513856211E-003   51.171797625664979     
   3.2348037508115181E-003   51.171632849429429     
   3.2632396407541548E-003   51.171465163088101     
   3.2919254994426940E-003   51.171294515241144     
   3.3208635242542544E-003   51.171120853589656     
   3.3500559318822357E-003   51.170944124901467     
   3.3795049585061171E-003   51.170764275010697     
   3.4092128599627564E-003   51.170581248797276     
   3.4391819119191864E-003   51.170394990157817     
   3.4694144100469340E-003   51.170205442009816     
   3.4999126701978764E-003   51.170012546255322     
   3.5306790285816333E-003   51.169816243773425     
   3.5617158419445263E-003   51.169616474393351     
   3.5930254877501095E-003   51.169413176893329     
   3.6246103643612858E-003   51.169206288958790     
   3.6564728912240243E-003   51.168995747181739     
   3.6886155090526938E-003   51.168781487029634     
   3.7210406800170254E-003   51.168563442835094     
   3.7537508879307191E-003   51.168341547769089     
   3.7867486384417027E-003   51.168115733821580     
   3.8200364592240752E-003   51.167885931781768     
   3.8536169001717230E-003   51.167652071217319     
   3.8874925335936508E-003   51.167414080452900     
   3.9216659544110220E-003   51.167171886545418     
   3.9561397803559318E-003   51.166925415263933     
   3.9909166521719325E-003   51.166674591070674     
   4.0259992338163141E-003   51.166419337087703     
   4.0613902126641725E-003   51.166159575085075     
   4.0970922997142596E-003   51.165895225447500     
   4.1331082297966547E-003   51.165626207156834     
   4.1694407617822570E-003   51.165352437761356     
   4.2060926787941136E-003   51.165073833357198     
   4.2430667884206137E-003   51.164790308555084     
   4.2803659229305561E-003   51.164501776458920     
   4.3179929394901026E-003   51.164208148642757     
   4.3559507203816388E-003   51.163909335111299     
   4.3942421732245662E-003   51.163605244286813     
   4.4328702311980245E-003   51.163295782971943     
   4.4718378532655817E-003   51.162980856323969     
   4.5111480244018915E-003   51.162660367824330     
   4.5508037558213499E-003   51.162334219253196     
   4.5908080852087542E-003   51.162002310654273     
   4.6311640769519978E-003   51.161664540309019     
   4.6718748223768050E-003   51.161320804697951     
   4.7129434399835312E-003   51.160970998478987     
   4.7543730756860452E-003   51.160615014447146     
   4.7961669030527065E-003   51.160252743506391     
   4.8383281235494704E-003   51.159884074634007     
   4.8808599667851237E-003   51.159508894846823     
   4.9237656907586743E-003   51.159127089166546     
   4.9670485821089209E-003   51.158738540585972     
   5.0107119563662147E-003   51.158343130033600     
   5.0547591582064313E-003   51.157940736330914     
   5.0991935617071800E-003   51.157531236164715     
   5.1440185706062612E-003   51.157114504044657     
   5.1892376185623985E-003   51.156690412262634     
   5.2348541694182630E-003   51.156258830857425     
   5.2808717174658033E-003   51.155819627573379     
   5.3272937877139187E-003   51.155372667819975     
   5.3741239361584803E-003   51.154917814632185     
   5.4213657500547189E-003   51.154454928624872     
   5.4690228481920206E-003   51.153983867955063     
   5.5170988811711280E-003   51.153504488271778     
   5.5655975316837815E-003   51.153016642682815     
   5.6145225147948181E-003   51.152520181697170     
   5.6638775782267533E-003   51.152014953185784     
   5.7136665026468582E-003   51.151500802337964     
   5.7638931019567659E-003   51.150977571608280     
   5.8145612235846224E-003   51.150445100670936     
   5.8656747487798059E-003   51.149903226369119     
   5.9172375929102310E-003   51.149351782668631     
   5.9692537057622758E-003   51.148790600603235     
   6.0217270718433396E-003   51.148219508225353     
   6.0746617106870650E-003   51.147638330553022     
   6.1280616771612331E-003   51.147046889516233     
   6.1819310617783774E-003   51.146445003900652     
   6.2362739910091225E-003   51.145832489296950     
   6.2910946275982751E-003   51.145209158040046     
   6.3463971708836971E-003   51.144574819152254     
   6.4021858571179820E-003   51.143929278287303     
   6.4584649597929566E-003   51.143272337667909     
   6.5152387899670367E-003   51.142603796030357     
   6.5725116965954589E-003   51.141923448555289     
   6.6302880668634235E-003   51.141231086812084     
   6.6885723265221447E-003   51.140526498693163     
   6.7473689402278878E-003   51.139809468344822     
   6.8066824118839511E-003   51.139079776109213     
   6.8665172849856834E-003   51.138337198450913     
   6.9268781429685155E-003   51.137581507891383     
   6.9877696095590608E-003   51.136812472939184     
   7.0491963491292981E-003   51.136029858017281     
   7.1111630670538679E-003   51.135233423396016     
   7.1736745100705141E-003   51.134422925114293     
   7.2367354666436883E-003   51.133598114908551     
   7.3003507673313518E-003   51.132758740135685     
   7.3645252851550075E-003   51.131904543696962     
   7.4292639359729738E-003   51.131035263958111     
   7.4945716788569518E-003   51.130150634670940     
   7.5604535164718982E-003   51.129250384890213     
   7.6269144954592260E-003   51.128334238893743     
   7.6939597068234004E-003   51.127401916095835     
   7.7615942863219021E-003   51.126453130962815     
   7.8298234148586436E-003   51.125487592926817     
   7.8986523188808253E-003   51.124505006293091     
   7.9680862707792992E-003   51.123505070155701     
   8.0381305892924318E-003   51.122487478302631     
   8.1087906399135313E-003   51.121451919121384     
   8.1800718353018508E-003   51.120398075505705     
   8.2519796356972097E-003   51.119325624759924     
   8.3245195493382457E-003   51.118234238498005     
   8.3976971328843641E-003   51.117123582545361     
   8.4715179918413847E-003   51.115993316835656     
   8.5459877809909227E-003   51.114843095308117     
   8.6211122048235628E-003   51.113672565804478     
   8.6968970179758243E-003   51.112481369956001     
   8.7733480256709812E-003   51.111269143079156     
   8.8504710841637389E-003   51.110035514063568     
   8.9282721011888482E-003   51.108780105257310     
   9.0067570364136280E-003   51.107502532354687     
   9.0859319018945020E-003   51.106202404276630     
   9.1658027625375182E-003   51.104879323054007     
   9.2463757365629264E-003   51.103532883705071     
   9.3276569959738608E-003   51.102162674111625     
   9.4096527670291027E-003   51.100768274897803     
   9.4923693307200352E-003   51.099349259295678     
   9.5758130232517693E-003   51.097905193022712     
   9.6599902365285088E-003   51.096435634144868     
   9.7449074186431763E-003   51.094940132943634     
   9.8305710743713508E-003   51.093418231781470     
   9.9169877656695368E-003   51.091869464958805     
   1.0004164112177825E-002   51.090293358575735     
   1.0092106791726963E-002   51.088689430388342     
   1.0180822540849887E-002   51.087057189658367     
   1.0270318155297749E-002   51.085396137010179     
   1.0360600490560482E-002   51.083705764274285     
   1.0451676462391942E-002   51.081985554334906     
   1.0543553047339659E-002   51.080234980973700     
   1.0636237283279254E-002   51.078453508709913     
   1.0729736269953554E-002   51.076640592637602     
   1.0824057169516434E-002   51.074795678260045     
   1.0919207207081451E-002   51.072918201323091     
   1.1015193671275306E-002   51.071007587642200     
   1.1112023914796151E-002   51.069063252931770     
   1.1209705354976816E-002   51.067084602623609     
   1.1308245474353005E-002   51.065071031692199     
   1.1407651821236446E-002   51.063021924466241     
   1.1507932010293116E-002   51.060936654447403     
   1.1609093723126528E-002   51.058814584117314     
   1.1711144708866163E-002   51.056655064743964     
   1.1814092784761053E-002   51.054457436190503     
   1.1917945836778594E-002   51.052221026710512     
   1.2022711820208630E-002   51.049945152748464     
   1.2128398760272840E-002   51.047629118730967     
   1.2235014752739465E-002   51.045272216857285     
   1.2342567964543477E-002   51.042873726887876     
   1.2451066634412160E-002   51.040432915922821     
   1.2560519073496217E-002   51.037949038185090     
   1.2670933666006421E-002   51.035421334791295     
   1.2782318869855841E-002   51.032849033527469     
   1.2894683217307747E-002   51.030231348612446     
   1.3008035315629182E-002   51.027567480462892     
   1.3122383847750293E-002   51.024856615453459     
   1.3237737572929465E-002   51.022097925668589     
   1.3354105327424278E-002   51.019290568656047     
   1.3471496025168384E-002   51.016433687173702     
   1.3589918658454332E-002   51.013526408929849     
   1.3709382298622378E-002   51.010567846321834     
   1.3829896096755376E-002   51.007557096168767     
   1.3951469284379750E-002   51.004493239442539     
   1.4074111174172656E-002   51.001375340988361     
   1.4197831160675333E-002   50.998202449246179     
   1.4322638721012748E-002   50.994973595965575     
   1.4448543415619552E-002   50.991687795913890     
   1.4575554888972424E-002   50.988344046582156     
   1.4703682870328853E-002   50.984941327883348     
   1.4832937174472410E-002   50.981478601848806     
   1.4963327702464573E-002   50.977954812315645     
   1.5094864442403171E-002   50.974368884611749     
   1.5227557470187473E-002   50.970719725234446     
   1.5361416950290030E-002   50.967006221523349     
   1.5496453136535276E-002   50.963227241327360     
   1.5632676372884995E-002   50.959381632668453     
   1.5770097094230672E-002   50.955468223395059     
   1.5908725827192830E-002   50.951485820835657     
   1.6048573190927385E-002   50.947433211440128     
   1.6189649897939078E-002   50.943309160420796     
   1.6331966754902078E-002   50.939112411382766     
   1.6475534663487786E-002   50.934841685950857     
   1.6620364621199903E-002   50.930495683389637     
   1.6766467722216891E-002   50.926073080215943     
   1.6913855158241755E-002   50.921572529806724     
   1.7062538219359394E-002   50.916992661997554     
   1.7212528294901386E-002   50.912332082678617     
   1.7363836874318469E-002   50.907589373378784     
   1.7516475548060621E-002   50.902763090847117     
   1.7670456008464931E-002   50.897851766624370     
   1.7825790050651220E-002   50.892853906609048     
   1.7982489573425575E-002   50.887767990614876     
   1.8140566580191836E-002   50.882592471923715     
   1.8300033179871028E-002   50.877325776825060     
   1.8460901587828968E-002   50.871966304155436     
   1.8623184126811944E-002   50.866512424824037     
   1.8786893227890684E-002   50.860962481334170     
   1.8952041431412568E-002   50.855314787293622     
   1.9118641387962248E-002   50.849567626920290     
   1.9286705859330705E-002   50.843719254537291     
   1.9456247719492809E-002   50.837767894059553     
   1.9627279955593498E-002   50.831711738474581     
   1.9799815668942587E-002   50.825548949310345     
   1.9973868076018381E-002   50.819277656098393     
   2.0149450509480048E-002   50.812895955826207     
   2.0326576419188922E-002   50.806401912380409     
   2.0505259373238813E-002   50.799793555981964     
   2.0685513058995283E-002   50.793068882610385     
   2.0867351284144187E-002   50.786225853419523     
   2.1050787977749296E-002   50.779262394145320     
   2.1235837191319329E-002   50.772176394500320     
   2.1422513099884296E-002   50.764965707561842     
   2.1610830003081342E-002   50.757628149147450     
   2.1800802326250094E-002   50.750161497181765     
   2.1992444621537686E-002   50.742563491053247     
   2.2185771569013465E-002   50.734831830959777     
   2.2380797977793496E-002   50.726964177243076     
   2.2577538787174983E-002   50.718958149714311     
   2.2776009067780618E-002   50.710811326966592     
   2.2976224022713026E-002   50.702521245678227     
   2.3178198988719336E-002   50.694085399903884     
   2.3381949437366000E-002   50.685501240353815     
   2.3587490976223945E-002   50.676766173664305     
   2.3794839350064115E-002   50.667877561651366     
   2.4004010442063559E-002   50.658832720558038     
   2.4215020275022106E-002   50.649628920286858     
   2.4427885012589728E-002   50.640263383619512     
   2.4642620960504694E-002   50.630733285426714     
   2.4859244567842616E-002   50.621035751863019     
   2.5077772428276475E-002   50.611167859550235     
   2.5298221281347722E-002   50.601126634748354     
   2.5520608013748541E-002   50.590909052512174     
   2.5744949660615395E-002   50.580512035836463     
   2.5971263406833950E-002   50.569932454785729     
   2.6199566588355452E-002   50.559167125612220     
   2.6429876693524694E-002   50.548212809859294     
   2.6662211364419642E-002   50.537066213451567     
   2.6896588398202838E-002   50.525723985770213     
   2.7133025748484703E-002   50.514182718714480     
   2.7371541526698781E-002   50.502438945749674     
   2.7612154003489150E-002   50.490489140937598     
   2.7854881610109915E-002   50.478329717957379     
   2.8099742939837122E-002   50.465957029105567     
   2.8346756749393003E-002   50.453367364285086     
   2.8595941960382766E-002   50.440556949978429     
   2.8847317660744023E-002   50.427521948203008     
   2.9100903106208970E-002   50.414258455453890     
   2.9356717721779356E-002   50.400762501629231     
   2.9614781103214523E-002   50.387030048939025     
   2.9875113018532424E-002   50.373056990799427     
   3.0137733409523904E-002   50.358839150709699     
   3.0402662393280263E-002   50.344372281112328     
   3.0669920263734253E-002   50.329652062237344     
   3.0939527493214623E-002   50.314674100929366     
   3.1211504734014323E-002   50.299433929457336     
   3.1485872819972512E-002   50.283927004307486     
   3.1762652768070443E-002   50.268148704959074     
   3.2041865780041402E-002   50.252094332641505     
   3.2323533243994791E-002   50.235759109075261     
   3.2607676736054497E-002   50.219138175193976     
   3.2894318022011620E-002   50.202226589848493     
   3.3183479058991786E-002   50.185019328493567     
   3.3475181997137136E-002   50.167511281854885     
   3.3769449181302952E-002   50.149697254579110     
   3.4066303152769407E-002   50.131571963863948     
   3.4365766650968223E-002   50.113130038070253     
   3.4667862615224518E-002   50.094366015314804     
   3.4972614186514019E-002   50.075274342044452     
   3.5280044709235688E-002   50.055849371590341     
   3.5590177732999953E-002   50.036085362703972     
   3.5903037014432586E-002   50.015976478072062     
   3.6218646518994549E-002   49.995516782813439     
   3.6537030422817786E-002   49.974700242955763     
   3.6858213114557080E-002   49.953520723891984     
   3.7182219197258351E-002   49.931971988817480     
   3.7509073490243197E-002   49.910047697146993     
   3.7838801031010165E-002   49.887741402911445     
   3.8171427077152598E-002   49.865046553134235     
   3.8506977108293435E-002   49.841956486188536     
   3.8845476828036983E-002   49.818464430132821     
   3.9186952165937837E-002   49.794563501026758     
   3.9531429279487135E-002   49.770246701227137     
   3.9878934556116241E-002   49.745506917662198     
   4.0229494615218082E-002   49.720336920086567     
   4.0583136310186216E-002   49.694729359315275     
   4.0939886730471824E-002   49.668676765437667     
   4.1299773203658845E-002   49.642171546009706     
   4.1662823297557279E-002   49.615205984227913     
   4.2029064822314895E-002   49.587772237080841     
   4.2398525832547579E-002   49.559862333481220     
   4.2771234629488321E-002   49.531468172377487     
   4.3147219763155158E-002   49.502581520845681     
   4.3526510034538099E-002   49.473194012160647     
   4.3909134497805369E-002   49.443297143847175     
   4.4295122462528973E-002   49.412882275711226     
   4.4684503495929874E-002   49.381940627852686     
   4.5077307425142855E-002   49.350463278656420     
   4.5473564339501324E-002   49.318441162765566     
   4.5873304592842216E-002   49.285865069035154     
   4.6276558805831147E-002   49.252725638467027     
   4.6683357868307955E-002   49.219013362124898     
   4.7093732941652942E-002   49.184718579033486     
   4.7507715461173904E-002   49.149831474056413     
   4.7925337138514032E-002   49.114342075758842     
   4.8346629964081171E-002   49.078240254251526     
   4.8771626209498251E-002   49.041515719017596     
   4.9200358430075405E-002   49.004158016723935     
   4.9632859467303683E-002   48.966156529014569     
   5.0069162451370823E-002   48.927500470289814     
   5.0509300803698996E-002   48.888178885469785     
   5.0953308239505023E-002   48.848180647742424     
   5.1401218770382923E-002   48.807494456298727     
   5.1853066706909312E-002   48.766108834053455     
   5.2308886661271606E-002   48.724012125353170     
   5.2768713549919376E-002   48.681192493672668     
   5.3232582596238989E-002   48.637637919299351     
   5.3700529333251784E-002   48.593336197006849     
   5.4172589606335926E-002   48.548274933719398     
   5.4648799575972247E-002   48.502441546166736     
   5.5129195720514154E-002   48.455823258531254     
   5.5613814838981958E-002   48.408407100087459     
   5.6102694053881706E-002   48.360179902836094     
   5.6595870814048807E-002   48.311128299132477     
   5.7093382897516698E-002   48.261238719311862     
   5.7595268414410677E-002   48.210497389310234     
   5.8101565809867181E-002   48.158890328286503     
   5.8612313866978773E-002   48.106403346241308     
   5.9127551709764935E-002   48.053022041639409     
   5.9647318806169053E-002   47.998731799033166     
   6.0171654971081713E-002   47.943517786690762     
   6.0700600369390581E-002   47.887364954230179     
   6.1234195519057066E-002   47.830258030259941     
   6.1772481294220076E-002   47.772181520029250     
   6.2315498928327051E-002   47.713119703088552     
   6.2863290017292461E-002   47.653056630963249     
   6.3415896522684118E-002   47.591976124841707     
   6.3973360774937538E-002   47.529861773279720     
   6.4535725476598457E-002   47.466696929924282     
   6.5103033705593921E-002   47.402464711257920     
   6.5675328918532158E-002   47.337147994366347     
   6.6252654954031320E-002   47.270729414732315     
   6.6835056036077714E-002   47.203191364057162     
   6.7422576777413298E-002   47.134515988113577     
   6.8015262182953118E-002   47.064685184631387     
   6.8613157653232851E-002   46.993680601220703     
   6.9216308987886346E-002   46.921483633333722     
   6.9824762389154138E-002   46.848075422268977     
   7.0438564465422501E-002   46.773436853221341     
   7.1057762234793695E-002   46.697548553381125     
   7.1682403128687719E-002   46.620390890085318     
   7.2312534995475547E-002   46.541943969024501     
   7.2948206104144361E-002   46.462187632509753     
   7.3589465147995123E-002   46.381101457803140     
   7.4236361248372448E-002   46.298664755514920     
   7.4888943958427420E-002   46.214856568072960     
   7.5547263266913411E-002   46.129655668268001     
   7.6211369602015341E-002   46.043040557878555     
   7.6881313835212434E-002   45.954989466381235     
   7.7557147285175196E-002   45.865480349751010     
   7.8238921721696386E-002   45.774490889354453     
   7.8926689369656661E-002   45.681998490944551     
   7.9620502913025179E-002   45.587980283759507     
   8.0320415498895084E-002   45.492413119731225     
   8.1026480741554857E-002   45.395273572810964     
   8.1738752726595060E-002   45.296537938416137     
   8.2457286015051520E-002   45.196182233004876     
   8.3182135647584657E-002   45.094182193784562     
   8.3913357148695744E-002   44.990513278561323     
   8.4651006530980191E-002   44.885150665735821     
   8.5395140299418082E-002   44.778069254453243     
   8.6145815455702643E-002   44.669243664914205     
   8.6903089502606570E-002   44.558648238853692     
   8.7667020448386909E-002   44.446257040196002     
   8.8437666811228513E-002   44.332043855892223     
   8.9215087623726569E-002   44.215982196949952     
   8.9999342437408730E-002   44.098045299661933     
   9.0790491327296663E-002   43.978206127042768     
   9.1588594896508016E-002   43.856437370482297     
   9.2393714280898639E-002   43.732711451624084     
   9.3205911153745699E-002   43.607000524479417     
   9.4025247730471953E-002   43.479276477784026     
   9.4851786773411453E-002   43.349510937610262     
   9.5685591596617353E-002   43.217675270241656     
   9.6526726070711777E-002   43.083740585322133     
   9.7375254627778407E-002   42.947677739289546     
   9.8231242266298091E-002   42.809457339104299     
   9.9094754556127790E-002   42.669049746284557     
   9.9965857643523365E-002   42.526425081258637     
  0.10084461825620640        42.381553228046883     
  0.10173110370847575        42.234403839284482     
  0.10262538190636381        42.084946341597885     
  0.10352752135283821        41.933149941346244     
  0.10443759115304936        41.778983630742175     
  0.10535566101962386        41.622416194363041     
  0.10628180127800467        41.463416216068069     
  0.10721608287183809        41.301952086333330     
  0.10815857736840821        41.137992010018564     
  0.10910935696411898        40.971504014581967     
  0.11006849449002459        40.802455958754237     
  0.11103606341740849        40.630815541689458     
  0.11201213786341127        40.456550312606254     
  0.11299679259670826        40.279627680935178     
  0.11399010304323687        40.100014926987299     
  0.11499214529197427        39.917679213160767     
  0.11600299610076598        39.732587595700096     
  0.11702273290220563        39.544707037026257     
  0.11805143380956637        39.354004418651868     
  0.11908917762278447        39.160446554700940     
  0.12013604383449547        38.964000206047672     
  0.12119211263612355        38.764632095093191     
  0.12225746492402413        38.562308921197442     
  0.12333218230568081        38.356997376782772     
  0.12441634710595650        38.148664164128526     
  0.12551004237339963        37.937276012873326     
  0.12661335188660591        37.722799698244003     
  0.12772636016063574        37.505202060028523     
  0.12884915245348819        37.284450022312143     
  0.12998181477263207        37.060510613994310     
  0.13112443388159395        36.833350990105131     
  0.13227709730660456        36.602938453939785     
  0.13343989334330336        36.369240480029070     
  0.13461291106350215        36.132224737965089     
  0.13579624032200799        35.891859117099187     
  0.13698997176350636        35.648111752132131     
  0.13819419682950448        35.400951049612466     
  0.13940900776533607        35.150345715362882     
  0.14063449762722732        34.896264782850956     
  0.14187076028942519        34.638677642522453     
  0.14311789045138826        34.377554072113767     
  0.14437598364504092        34.112864267960489     
  0.14564513624209119        33.844578877318718     
  0.14692544546141290        33.572669031714376     
  0.14821700937649290        33.297106381336235     
  0.14951992692294358        33.017863130487434     
  0.15083429790608135        32.734912074110042     
  0.15216022300857213        32.448226635394832     
  0.15349780379814348        32.157780904490323     
  0.15484714273536507        31.863549678322101     
  0.15620834318149723        31.565508501533621     
  0.15758150940640853        31.263633708557677     
  0.15896674659656299        30.957902466828450     
  0.16036416086307759        30.648292821140785     
  0.16177385924985044        30.334783739162987     
  0.16319594974176060        30.017355158108884     
  0.16463054127293977        29.695988032571869     
  0.16607774373511683        29.370664383522829     
  0.16753766798603578        29.041367348472733     
  0.16901042585794743        28.708081232797944     
  0.17049613016617607        28.370791562224547     
  0.17199489471776117        28.029485136466874     
  0.17350683432017527        27.684150084011790     
  0.17503206479011837        27.334775918039746     
  0.17657070296238944        26.981353593469436     
  0.17812286669883648        26.623875565111575     
  0.17968867489738471        26.262335846914702     
  0.18126824750114418        25.896730072281976     
  0.18286170550759795        25.527055555436078     
  0.18446917097787024        25.153311353805819     
  0.18609076704607694        24.775498331404897     
  0.18772661792875742        24.393619223169431     
  0.18937684893438997        24.007678700217951     
  0.19104158647299047        23.617683435993399     
  0.19272095806579573        23.223642173242936     
  0.19441509235503157        22.825565791786936     
  0.19612411911376723        22.423467377025240     
  0.19784816925585591        22.017362289123319     
  0.19958737484596331        21.607268232816601     
  0.20134186910968357        21.193205327767700     
  0.20311178644374486        20.775196179404197     
  0.20489726242630418        20.353265950161997     
  0.20669843382733286        19.927442431051716     
  0.20851543861909339        19.497756113462430     
  0.21034841598670823        19.064240261109255     
  0.21219750633882170        18.626930982027503     
  0.21406285131835531        18.185867300509244     
  0.21594459381335793        17.741091228871859     
  0.21784287796795110        17.292647838942962     
  0.21975784919337085        16.840585333138662     
  0.22168965417910627        16.384955115006733     
  0.22363844090413612        15.925811859098815     
  0.22560435864826436        15.463213580029304     
  0.22758755800355504        14.997221700572659     
  0.22958819088586793        14.527901118642276     
  0.23160641054649550        14.055320272989206     
  0.23364237158390225        13.579551207449825     
  0.23569622995556691        13.100669633566575     
  0.23776814298992938        12.618754991397196     
  0.23985826939844196        12.133890508321763     
  0.24196676928772717        11.646163255649412     
  0.24409380417184190        11.155664202819501     
  0.24623953698464970        10.662488268985456     
  0.24840413209230186        10.166734371762161     
  0.25058775530582783        9.6685054729112281     
  0.25279057389383686        9.1679086207320282     
  0.25501275659533085        8.6650549889197066     
  0.25725447363262999        8.1600599116452273     
  0.25951589672441205        7.6530429146069139     
  0.26179719909886640        7.1441277417964102     
  0.26409855550696332        6.6334423777181897     
  0.26642014223584026        6.1211190647947191     
  0.26876213712230579        5.6072943156869428     
  0.27112471956646189        5.0921089202543257     
  0.27350807054544668        4.5757079468753972     
  0.27591237262729701        4.0582407378474699     
  0.27833780998493374        3.5398608985806774     
  0.28078456841026961        3.0207262803007566     
  0.28325283532844109        2.5009989559735146     
  0.28574279981216560        1.9808451891640999     
  0.28825465259622440        1.4604353955445077     
  0.29078858609207342       0.93994409676436419     
  0.29334479440258210       0.41954986640288894     
  0.29592347333690222      -0.10056473227670182     
  0.29852482042546669      -0.62021321704472143     
  0.30114903493512107       -1.1392052661624064     
  0.30379631788438749       -1.6573468068407422     
  0.30646687205886303       -2.1744401129533699     
  0.30916090202675328       -2.6902839122472884     
  0.31187861415454271       -3.2046735032832885     
  0.31462021662280248       -3.7174008823258617     
  0.31738591944213740       -4.2282548803886186     
  0.32017593446927312       -4.7370213106248400     
  0.32299047542328468       -5.2434831262364909     
  0.32582975790196750       -5.7474205890551957     
  0.32869399939835259       -6.2486114489286777     
  0.33158341931736679       -6.7468311340233456     
  0.33449823899263964       -7.2418529521297685     
  0.33743868170345764       -7.7334483030313663     
  0.34040497269186792       -8.2213869019691117     
  0.34339733917993198       -8.7054370142046338     
  0.34641601038713127       -9.1853657006533780     
  0.34946121754792570       -9.6609390745246984     
  0.35253319392946653       -10.131922568871317     
  0.35563217484946508       -10.598081214912661     
  0.35875839769421819       -11.059179930957555     
  0.36191210193679252       -11.514983821711070     
  0.36509352915536836       -11.965258487707185     
  0.36830292305174511       -12.409770344565160     
  0.37154052947000876       -12.848286951720887     
  0.37480659641536451       -13.280577350237813     
  0.37810137407313366       -13.706412409252767     
  0.38142511482791863       -14.125565180562223     
  0.38477807328293567       -14.537811260803071     
  0.38816050627951809       -14.942929160630797     
  0.39157267291679043       -15.340700680243877     
  0.39501483457151615       -15.730911290550910     
  0.39848725491811882       -16.113350519222934     
  0.40199019994888069       -16.487812340819453     
  0.40552393799431768       -16.854095570123210     
  0.40908873974373394       -17.212004257765550     
  0.41268487826595696       -17.561348087171680     
  0.41631262903025523       -17.901942771803480     
  0.41997226992743925       -18.233610451628000     
  0.42366408129114874       -18.556180087690436     
  0.42738834591932634       -18.869487853624843     
  0.43114534909588031       -19.173377522891514     
  0.43493537861253789       -19.467700850488836     
  0.43875872479089029       -19.752317947849480     
  0.44261568050463201       -20.027097649596833     
  0.44650654120199501       -20.291917870806543     
  0.45043160492838097       -20.546665953393074     
  0.45439117234919141       -20.791239000219168     
  0.45838554677285959       -21.025544195511618     
  0.46241503417408403       -21.249499110155242     
  0.46647994321726666       -21.463031990434168     
  0.47058058528015717       -21.666082028791458     
  0.47471727447770468       -21.858599615187465     
  0.47889032768611961       -22.040546567654133     
  0.48310006456714666       -22.211896340666080     
  0.48734680759255150       -22.372634209982074     
  0.49163088206882249       -22.522757432649406     
  0.49595261616208963       -22.662275380913240     
  0.50031234092326260       -22.791209648829224     
  0.50471039031338949       -22.909594130443523     
  0.50914710122923912       -23.017475068479005     
  0.51362281352910744       -23.114911072549390     
  0.51813787005885126       -23.201973106015117     
  0.52269261667815070       -23.278744440695920     
  0.52728740228700255       -23.345320578763793     
  0.53192257885244665       -23.401809141258049     
  0.53659850143552679       -23.448329722789836     
  0.54131552821848883       -23.485013712136446     
  0.54607402053221887       -23.512004078566552     
  0.55087434288392001       -23.529455123884357     
  0.55571686298503586       -23.537532200333704     
  0.56060195177941663       -23.536411394661791     
  0.56552998347173422       -23.526279178804550     
  0.57050133555614702       -23.507332027822585     
  0.57551638884521672       -23.479776005885558     
  0.58057552749907804       -23.443826321273551     
  0.58567913905486746       -23.399706851535555     
  0.59082761445640741       -23.347649640115623     
  0.59602134808415475       -23.287894365926491     
  0.60126073778540989       -23.220687787516006     
  0.60654618490479240       -23.146283163633509     
  0.61187809431498530       -23.064939652158884     
  0.61725687444774802       -22.976921689506060     
  0.62268293732520352       -22.882498352752776     
  0.62815669859139944       -22.781942706879764     
  0.63367857754414714       -22.675531139621604     
  0.63924899716714012       -22.563542686539463     
  0.64486838416235603       -22.446258349019420     
  0.65053716898274172       -22.323960407979804     
  0.65625578586518696       -22.196931736134058     
  0.66202467286378763       -22.065455111702711     
  0.66784427188340101       -21.929812536497089     
  0.67371502871349709       -21.790284561308471     
  0.67963739306230542       -21.647149621528058     
  0.68561181859126430       -21.500683385895950     
  0.69163876294977178       -21.351158121230164     
  0.69771868781024204       -21.198842075919863     
  0.70385205890347013       -21.043998884880690     
  0.71003934605430774       -20.886886998563661     
  0.71628102321765252       -20.727759138485002     
  0.72257756851475341       -20.566861781600480     
  0.72892946426983563       -20.404434675687625     
  0.73533719704704736       -20.240710387722054     
  0.74180125768773120       -20.075913887042191     
  0.74832214134802300       -19.910262164890771     
  0.75490034753678259       -19.743963891703327     
  0.76153638015385527       -19.577219113285860     
  0.76823074752867249       -19.410218986786322     
  0.77498396245919021       -19.243145557121554     
  0.78179654225116990       -19.076171574272806     
  0.78866900875780444       -18.909460351612800     
  0.79560188841969426       -18.743165665176690     
  0.80259571230517124       -18.577431693540852     
  0.80965101615098156       -18.412392997729174     
  0.81676834040332236       -18.248174540328982     
  0.82394823025924091       -18.084891742769603     
  0.83119123570839826       -17.922650579498093     
  0.83849791157519815       -17.761547707580892     
  0.84586881756128818       -17.601670630068440     
  0.85330451828843357       -17.443097891284353     
  0.86080558334176704       -17.285899302042203     
  0.86837258731342160       -17.130136192653438     
  0.87600610984654370       -16.975861691469621     
  0.88370673567969504       -16.823121026602347     
  0.89147505469164445       -16.671951848384964     
  0.89931166194655388       -16.522384570082348     
  0.90721715773956046       -16.374442724318030     
  0.91519214764276002       -16.228143332671781     
  0.92323724255159545       -16.083497285905320     
  0.93135305873165097       -15.940509732297707     
  0.93954021786586051       -15.799180471615054     
  0.94779934710212776       -15.659504352299754     
  0.95613107910136830       -15.521471669541626     
  0.96453605208597060       -15.385068561985680     
  0.97301490988868633       -15.250277404936931     
  0.98156830200194778       -15.117077198040731     
  0.99019688362762015       -14.985443945544896     
  0.99890131572719121       -14.855351027386931     
   1.0076822650724020       -14.726769559492972     
   1.0165404042963218       -14.599668741824019     
   1.0254764119448729       -14.474016192857073     
   1.0344909725288092       -14.349778269343215     
   1.0435847765761492       -14.226920370339121     
   1.0527585206850727       -14.105407224662118     
   1.0620129075772804       -13.985203161070432     
   1.0713486461518233       -13.866272360618018     
   1.0807664515394062       -13.748579090777003     
   1.0902670451571670       -13.632087921058977     
   1.0998511547639385       -13.516763919998436     
   1.1095195145159957       -13.402572833487197     
   1.1192728650232933       -13.289481244566888     
   1.1291119534061966       -13.177456714897440     
   1.1390375333527143       -13.066467908222517     
   1.1490503651762289       -12.956484696247980     
   1.1591512158737405       -12.847478247436563     
   1.1693408591846186       -12.739421099301158     
   1.1796200756498711       -12.632287214850313     
   1.1899896526719362       -12.526052023902940     
   1.2004503845749972       -12.420692450045026     
   1.2110030726658303       -12.316186924049362     
   1.2216485252951843       -12.212515384620058     
   1.2323875579197023       -12.109659267357479     
   1.2432209931643872       -12.007601482865701     
   1.2541496608856144       -11.906326384944633     
   1.2651743982347015       -11.805819729821941     
   1.2762960497220346       -11.706068627386635     
   1.2875154672817595       -11.607061485386497     
   1.2988335103370399       -11.508787947545516     
   1.3102510458658911       -11.411238826545659     
   1.3217689484675934       -11.314406032799445     
   1.3333881004296839       -11.218282499916375     
   1.3451093917955443       -11.122862107737374     
   1.3569337204325782       -11.028139603777362     
   1.3688619921009890       -10.934110523877186     
   1.3808951205231621       -10.840771112822598     
   1.3930340274536583       -10.748118245640470     
   1.4052796427498206       -10.656149350230917     
   1.4176329044430029       -10.564862331939542     
   1.4300947588104245       -10.474255500616525     
   1.4426661604476561       -10.384327500649780     
   1.4553480723417438       -10.295077244398243     
   1.4681414659449743       -10.206503849389144     
   1.4810473212492907       -10.118606579580730     
   1.4940666268613596       -10.031384790929618     
   1.5072003800783016       -9.9448378814407619     
   1.5204495869640842       -9.8589652458184016     
   1.5338152624265886       -9.7737662347788046     
   1.5472984302953525       -9.6892401190310924     
   1.5609001233999977       -9.6053860578809225     
   1.5746213836493455       -9.5222030723643964     
   1.5884632621112280       -9.4396900227761424     
   1.6024268190930036       -9.3578455904167726     
   1.6165131242227744       -9.2766682633510129     
   1.6307232565313248       -9.1961563259389312     
   1.6450583045347749       -9.1163078518788900     
   1.6595193663179622       -9.0371207004823599     
   1.6741075496185578       -8.9585925158871849     
   1.6888239719119189       -8.8807207289075034     
   1.7036697604966908       -8.8035025612147404     
   1.7186460525811578       -8.7269350315449170     
   1.7337539953703562       -8.6510149636324165     
   1.7489947461539517       -8.5757389955790941     
   1.7643694723948888       -8.5011035903796142     
   1.7798793518188210       -8.4271050473388165     
   1.7955255725043244       -8.3537395141342117     
   1.8113093329739092       -8.2810029992959713     
   1.8272318422858254       -8.2088913848973455     
   1.8432943201266794       -8.1374004392700723     
   1.8594979969048644       -8.0665258295814031     
   1.8758441138448103       -7.9962631341315138     
   1.8923339230820637       -7.9266078542519001     
   1.9089686877592040       -7.8575554257064626     
   1.9257496821226001       -7.7891012295172510     
   1.9426781916200213       -7.7212406021556532     
   1.9597555129991031       -7.6539688450574666     
   1.9769829544066813       -7.5872812334361193     
   1.9943618354889954       -7.5211730243826072     
