   4.0351624297894465E-006   49.188328663745487     
   4.0706339586960673E-006   49.188328663635041     
   4.1064173038888636E-006   49.188328663522647     
   4.1425152064224035E-006   49.188328663408257     
   4.1789304314467894E-006   49.188328663291855     
   4.2156657684194715E-006   49.188328663173408     
   4.2527240313189270E-006   49.188328663052864     
   4.2901080588602128E-006   49.188328662930189     
   4.3278207147124155E-006   49.188328662805340     
   4.3658648877180122E-006   49.188328662678295     
   4.4042434921141596E-006   49.188328662549004     
   4.4429594677559338E-006   49.188328662417433     
   4.4820157803415140E-006   49.188328662283539     
   4.5214154216393764E-006   49.188328662147271     
   4.5611614097174544E-006   49.188328662008608     
   4.6012567891743356E-006   49.188328661867487     
   4.6417046313724746E-006   49.188328661723880     
   4.6825080346734706E-006   49.188328661577749     
   4.7236701246754019E-006   49.188328661429018     
   4.7651940544522524E-006   49.188328661277666     
   4.8070830047954434E-006   49.188328661123641     
   4.8493401844574846E-006   49.188328660966896     
   4.8919688303977655E-006   49.188328660807386     
   4.9349722080305213E-006   49.188328660645062     
   4.9783536114749568E-006   49.188328660479861     
   5.0221163638075882E-006   49.188328660311754     
   5.0662638173167916E-006   49.188328660140670     
   5.1107993537595945E-006   49.188328659966579     
   5.1557263846207248E-006   49.188328659789399     
   5.2010483513739307E-006   49.188328659609091     
   5.2467687257456061E-006   49.188328659425608     
   5.2928910099807300E-006   49.188328659238877     
   5.3394187371111389E-006   49.188328659048857     
   5.3863554712261711E-006   49.188328658855468     
   5.4337048077456680E-006   49.188328658658683     
   5.4814703736954021E-006   49.188328658458403     
   5.5296558279849008E-006   49.188328658254598     
   5.5782648616877314E-006   49.188328658047190     
   5.6273011983242389E-006   49.188328657836124     
   5.6767685941467754E-006   49.188328657621327     
   5.7266708384274298E-006   49.188328657402742     
   5.7770117537482982E-006   49.188328657180293     
   5.8277951962942934E-006   49.188328656953914     
   5.8790250561485368E-006   49.188328656723542     
   5.9307052575903410E-006   49.188328656489098     
   5.9828397593958215E-006   49.188328656250512     
   6.0354325551411372E-006   49.188328656007720     
   6.0884876735084094E-006   49.188328655760635     
   6.1420091785943222E-006   49.188328655509196     
   6.1960011702214367E-006   49.188328655253315     
   6.2504677842522461E-006   49.188328654992901     
   6.3054131929059875E-006   49.188328654727897     
   6.3608416050782398E-006   49.188328654458211     
   6.4167572666633275E-006   49.188328654183771     
   6.4731644608795696E-006   49.188328653904485     
   6.5300675085973740E-006   49.188328653620268     
   6.5874707686702249E-006   49.188328653331027     
   6.6453786382685736E-006   49.188328653036670     
   6.7037955532166756E-006   49.188328652737120     
   6.7627259883323710E-006   49.188328652432290     
   6.8221744577698721E-006   49.188328652122074     
   6.8821455153655436E-006   49.188328651806380     
   6.9426437549867412E-006   49.188328651485094     
   7.0036738108837070E-006   49.188328651158152     
   7.0652403580445529E-006   49.188328650825433     
   7.1273481125533780E-006   49.188328650486852     
   7.1900018319515290E-006   49.188328650142267     
   7.2532063156020257E-006   49.188328649791615     
   7.3169664050572065E-006   49.188328649434766     
   7.3812869844295975E-006   49.188328649071615     
   7.4461729807660377E-006   49.188328648702047     
   7.5116293644251025E-006   49.188328648325957     
   7.5776611494578381E-006   49.188328647943230     
   7.6442733939918444E-006   49.188328647553739     
   7.7114712006187367E-006   49.188328647157363     
   7.7792597167850108E-006   49.188328646754009     
   7.8476441351863411E-006   49.188328646343514     
   7.9166296941653545E-006   49.188328645925772     
   7.9862216781128874E-006   49.188328645500668     
   8.0564254178727877E-006   49.188328645068047     
   8.1272462911502537E-006   49.188328644627788     
   8.1986897229237806E-006   49.188328644179748     
   8.2707611858607216E-006   49.188328643723800     
   8.3434662007364977E-006   49.188328643259808     
   8.4168103368575013E-006   49.188328642787617     
   8.4907992124877108E-006   49.188328642307077     
   8.5654384952790581E-006   49.188328641818067     
   8.6407339027055772E-006   49.188328641320425     
   8.7166912025013689E-006   49.188328640813978     
   8.7933162131024287E-006   49.188328640298607     
   8.8706148040923335E-006   49.188328639774120     
   8.9485928966518637E-006   49.188328639240368     
   9.0272564640125789E-006   49.188328638697193     
   9.1066115319143701E-006   49.188328638144455     
   9.1866641790670455E-006   49.188328637581925     
   9.2674205376159622E-006   49.188328637009469     
   9.3488867936117613E-006   49.188328636426910     
   9.4310691874842262E-006   49.188328635834054     
   9.5139740145203059E-006   49.188328635230746     
   9.5976076253463546E-006   49.188328634616767     
   9.6819764264145774E-006   49.188328633991951     
   9.7670868804937981E-006   49.188328633356107     
   9.8529455071644940E-006   49.188328632709030     
   9.9395588833182215E-006   49.188328632050521     
   1.0026933643661408E-005   49.188328631380394     
   1.0115076481223578E-005   49.188328630698429     
   1.0203994147870055E-005   49.188328630004428     
   1.0293693454819156E-005   49.188328629298155     
   1.0384181273163946E-005   49.188328628579427     
   1.0475464534398573E-005   49.188328627848009     
   1.0567550230949230E-005   49.188328627103665     
   1.0660445416709780E-005   49.188328626346177     
   1.0754157207582102E-005   49.188328625575316     
   1.0848692782021169E-005   49.188328624790849     
   1.0944059381584941E-005   49.188328623992518     
   1.1040264311489072E-005   49.188328623180098     
   1.1137314941166488E-005   49.188328622353332     
   1.1235218704831916E-005   49.188328621511964     
   1.1333983102051348E-005   49.188328620655732     
   1.1433615698316511E-005   49.188328619784393     
   1.1534124125624403E-005   49.188328618897657     
   1.1635516083061910E-005   49.188328617995275     
   1.1737799337395570E-005   49.188328617076948     
   1.1840981723666515E-005   49.188328616142407     
   1.1945071145790651E-005   49.188328615191359     
   1.2050075577164101E-005   49.188328614223529     
   1.2156003061273992E-005   49.188328613238589     
   1.2262861712314577E-005   49.188328612236276     
   1.2370659715808814E-005   49.188328611216249     
   1.2479405329235379E-005   49.188328610178225     
   1.2589106882661200E-005   49.188328609121861     
   1.2699772779379553E-005   49.188328608046852     
   1.2811411496553767E-005   49.188328606952837     
   1.2924031585866586E-005   49.188328605839523     
   1.3037641674175241E-005   49.188328604706548     
   1.3152250464172279E-005   49.188328603553572     
   1.3267866735052196E-005   49.188328602380224     
   1.3384499343183948E-005   49.188328601186164     
   1.3502157222789348E-005   49.188328599971015     
   1.3620849386627446E-005   49.188328598734408     
   1.3740584926684923E-005   49.188328597475966     
   1.3861373014872545E-005   49.188328596195305     
   1.3983222903727741E-005   49.188328594892013     
   1.4106143927123366E-005   49.188328593565728     
   1.4230145500982693E-005   49.188328592216003     
   1.4355237124000669E-005   49.188328590842467     
   1.4481428378371552E-005   49.188328589444659     
   1.4608728930522899E-005   49.188328588022181     
   1.4737148531856041E-005   49.188328586574571     
   1.4866697019493048E-005   49.188328585101402     
   1.4997384317030272E-005   49.188328583602228     
   1.5129220435298502E-005   49.188328582076572     
   1.5262215473129814E-005   49.188328580523979     
   1.5396379618131146E-005   49.188328578943967     
   1.5531723147464694E-005   49.188328577336051     
   1.5668256428635155E-005   49.188328575699742     
   1.5805989920283886E-005   49.188328574034550     
   1.5944934172990057E-005   49.188328572339941     
   1.6085099830078834E-005   49.188328570615411     
   1.6226497628436681E-005   49.188328568860427     
   1.6369138399333811E-005   49.188328567074464     
   1.6513033069253888E-005   49.188328565256953     
   1.6658192660730999E-005   49.188328563407339     
   1.6804628293194005E-005   49.188328561525076     
   1.6952351183818299E-005   49.188328559609580     
   1.7101372648385061E-005   49.188328557660249     
   1.7251704102148064E-005   49.188328555676499     
   1.7403357060708084E-005   49.188328553657719     
   1.7556343140895038E-005   49.188328551603291     
   1.7710674061657827E-005   49.188328549512576     
   1.7866361644962029E-005   49.188328547384948     
   1.8023417816695487E-005   49.188328545219761     
   1.8181854607581839E-005   49.188328543016326     
   1.8341684154102094E-005   49.188328540773981     
   1.8502918699424298E-005   49.188328538492051     
   1.8665570594341383E-005   49.188328536169820     
   1.8829652298217254E-005   49.188328533806583     
   1.8995176379941191E-005   49.188328531401609     
   1.9162155518890653E-005   49.188328528954173     
   1.9330602505902510E-005   49.188328526463515     
   1.9500530244252883E-005   49.188328523928874     
   1.9671951750645514E-005   49.188328521349490     
   1.9844880156208880E-005   49.188328518724539     
   2.0019328707502047E-005   49.188328516053247     
   2.0195310767529395E-005   49.188328513334774     
   2.0372839816764217E-005   49.188328510568311     
   2.0551929454181372E-005   49.188328507752978     
   2.0732593398298947E-005   49.188328504887942     
   2.0914845488229152E-005   49.188328501972315     
   2.1098699684738398E-005   49.188328499005195     
   2.1284170071316708E-005   49.188328495985694     
   2.1471270855256533E-005   49.188328492912866     
   2.1660016368741072E-005   49.188328489785768     
   2.1850421069942100E-005   49.188328486603453     
   2.2042499544127519E-005   49.188328483364948     
   2.2236266504778591E-005   49.188328480069259     
   2.2431736794717014E-005   49.188328476715363     
   2.2628925387241909E-005   49.188328473302249     
   2.2827847387276789E-005   49.188328469828868     
   2.3028518032526618E-005   49.188328466294152     
   2.3230952694645046E-005   49.188328462697015     
   2.3435166880411899E-005   49.188328459036356     
   2.3641176232921010E-005   49.188328455311051     
   2.3848996532778513E-005   49.188328451519972     
   2.4058643699311660E-005   49.188328447661945     
   2.4270133791788246E-005   49.188328443735791     
   2.4483483010646801E-005   49.188328439740310     
   2.4698707698737546E-005   49.188328435674272     
   2.4915824342574275E-005   49.188328431536441     
   2.5134849573597260E-005   49.188328427325530     
   2.5355800169447239E-005   49.188328423040261     
   2.5578693055250591E-005   49.188328418679319     
   2.5803545304915856E-005   49.188328414241376     
   2.6030374142441583E-005   49.188328409725074     
   2.6259196943235737E-005   49.188328405129013     
   2.6490031235446682E-005   49.188328400451780     
   2.6722894701305840E-005   49.188328395691983     
   2.6957805178482200E-005   49.188328390848106     
   2.7194780661448687E-005   49.188328385918709     
   2.7433839302860582E-005   49.188328380902256     
   2.7674999414946031E-005   49.188328375797234     
   2.7918279470908779E-005   49.188328370602051     
   2.8163698106343273E-005   49.188328365315137     
   2.8411274120662140E-005   49.188328359934864     
   2.8661026478536268E-005   49.188328354459578     
   2.8912974311347514E-005   49.188328348887609     
   2.9167136918654220E-005   49.188328343217250     
   2.9423533769669556E-005   49.188328337446769     
   2.9682184504752908E-005   49.188328331574382     
   2.9943108936914351E-005   49.188328325598285     
   3.0206327053332352E-005   49.188328319516678     
   3.0471859016884812E-005   49.188328313327666     
   3.0739725167693592E-005   49.188328307029380     
   3.1009946024682569E-005   49.188328300619865     
   3.1282542287149426E-005   49.188328294097168     
   3.1557534836351249E-005   49.188328287459292     
   3.1834944737104045E-005   49.188328280704198     
   3.2114793239396380E-005   49.188328273829825     
   3.2397101780017094E-005   49.188328266834056     
   3.2681891984197449E-005   49.188328259714758     
   3.2969185667267601E-005   49.188328252469738     
   3.3259004836327730E-005   49.188328245096784     
   3.3551371691933787E-005   49.188328237593645     
   3.3846308629798104E-005   49.188328229957996     
   3.4143838242504896E-005   49.188328222187515     
   3.4443983321240977E-005   49.188328214279828     
   3.4746766857541473E-005   49.188328206232491     
   3.5052212045051110E-005   49.188328198043060     
   3.5360342281300837E-005   49.188328189709026     
   3.5671181169500095E-005   49.188328181227796     
   3.5984752520344893E-005   49.188328172596833     
   3.6301080353841694E-005   49.188328163813438     
   3.6620188901147449E-005   49.188328154874945     
   3.6942102606425661E-005   49.188328145778613     
   3.7266846128718907E-005   49.188328136521662     
   3.7594444343837698E-005   49.188328127101229     
   3.7924922346266066E-005   49.188328117514459     
   3.8258305451083757E-005   49.188328107758409     
   3.8594619195905490E-005   49.188328097830066     
   3.8933889342837100E-005   49.188328087726404     
   3.9276141880449001E-005   49.188328077444332     
   3.9621403025766906E-005   49.188328066980695     
   3.9969699226280124E-005   49.188328056332288     
   4.0321057161967463E-005   49.188328045495837     
   4.0675503747340953E-005   49.188328034468043     
   4.1033066133507509E-005   49.188328023245511     
   4.1393771710248806E-005   49.188328011824801     
   4.1757648108119303E-005   49.188328000202425     
   4.2124723200562836E-005   49.188327988374802     
   4.2495025106047753E-005   49.188327976338343     
   4.2868582190220800E-005   49.188327964089318     
   4.3245423068079982E-005   49.188327951624004     
   4.3625576606166551E-005   49.188327938938571     
   4.4009071924776165E-005   49.188327926029132     
   4.4395938400189569E-005   49.188327912891722     
   4.4786205666922886E-005   49.188327899522335     
   4.5179903619997610E-005   49.188327885916870     
   4.5577062417230632E-005   49.188327872071142     
   4.5977712481544409E-005   49.188327857980923     
   4.6381884503297321E-005   49.188327843641893     
   4.6789609442634673E-005   49.188327829049655     
   4.7200918531860234E-005   49.188327814199745     
   4.7615843277828714E-005   49.188327799087602     
   4.8034415464359199E-005   49.188327783708608     
   4.8456667154669859E-005   49.188327768058045     
   4.8882630693834022E-005   49.188327752131109     
   4.9312338711257865E-005   49.188327735922925     
   4.9745824123179861E-005   49.188327719428528     
   5.0183120135192230E-005   49.188327702642873     
   5.0624260244784492E-005   49.188327685560822     
   5.1069278243909468E-005   49.188327668177109     
   5.1518208221571757E-005   49.188327650486436     
   5.1971084566439037E-005   49.188327632483357     
   5.2427941969476234E-005   49.188327614162397     
   5.2888815426602948E-005   49.188327595517883     
   5.3353740241374181E-005   49.188327576544161     
   5.3822752027684599E-005   49.188327557235382     
   5.4295886712496663E-005   49.188327537585636     
   5.4773180538592640E-005   49.188327517588903     
   5.5254670067350872E-005   49.188327497239072     
   5.5740392181546432E-005   49.188327476529885     
   5.6230384088176393E-005   49.188327455455010     
   5.6724683321309917E-005   49.188327434007967     
   5.7223327744963456E-005   49.188327412182225     
   5.7726355556001141E-005   49.188327389971057     
   5.8233805287060765E-005   49.188327367367677     
   5.8745715809505407E-005   49.188327344365163     
   5.9262126336401033E-005   49.188327320956454     
   5.9783076425520291E-005   49.188327297134386     
   6.0308605982372652E-005   49.188327272891648     
   6.0838755263261297E-005   49.188327248220830     
   6.1373564878366722E-005   49.188327223114349     
   6.1913075794857629E-005   49.188327197564533     
   6.2457329340028964E-005   49.188327171563550     
   6.3006367204467746E-005   49.188327145103436     
   6.3560231445246535E-005   49.188327118176062     
   6.4118964489145151E-005   49.188327090773193     
   6.4682609135900549E-005   49.188327062886437     
   6.5251208561485372E-005   49.188327034507232     
   6.5824806321415302E-005   49.188327005626896     
   6.6403446354085469E-005   49.188326976236588     
   6.6987172984136171E-005   49.188326946327287     
   6.7576030925848232E-005   49.188326915889824     
   6.8170065286568109E-005   49.188326884914893     
   6.8769321570163352E-005   49.188326853392986     
   6.9373845680508031E-005   49.188326821314455     
   6.9983683924999219E-005   49.188326788669457     
   7.0598883018104116E-005   49.188326755448003     
   7.1219490084938476E-005   49.188326721639918     
   7.1845552664876429E-005   49.188326687234813     
   7.2477118715192100E-005   49.188326652222173     
   7.3114236614733183E-005   49.188326616591269     
   7.3756955167626813E-005   49.188326580331164     
   7.4405323607018071E-005   49.188326543430776     
   7.5059391598841273E-005   49.188326505878770     
   7.5719209245624474E-005   49.188326467663671     
   7.6384827090327398E-005   49.188326428773735     
   7.7056296120213056E-005   49.188326389197059     
   7.7733667770753511E-005   49.188326348921528     
   7.8416993929569822E-005   49.188326307934787     
   7.9106326940406806E-005   49.188326266224287     
   7.9801719607142568E-005   49.188326223777231     
   8.0503225197833388E-005   49.188326180580631     
   8.1210897448794075E-005   49.188326136621249     
   8.1924790568714372E-005   49.188326091885614     
   8.2644959242811244E-005   49.188326046360011     
   8.3371458637018011E-005   49.188326000030486     
   8.4104344402209977E-005   49.188325952882863     
   8.4843672678467494E-005   49.188325904902676     
   8.5589500099376349E-005   49.188325856075245     
   8.6341883796365890E-005   49.188325806385571     
   8.7100881403085449E-005   49.188325755818468     
   8.7866551059819170E-005   49.188325704358434     
   8.8638951417939591E-005   49.188325651989679     
   8.9418141644400463E-005   49.188325598696181     
   9.0204181426268952E-005   49.188325544461591     
   9.0997130975297878E-005   49.188325489269303     
   9.1797051032537858E-005   49.188325433102413     
   9.2604002872990321E-005   49.188325375943684     
   9.3418048310301132E-005   49.188325317775636     
   9.4239249701495649E-005   49.188325258580413     
   9.5067669951755384E-005   49.188325198339896     
   9.5903372519236588E-005   49.188325137035626     
   9.6746421419931285E-005   49.188325074648816     
   9.7596881232570929E-005   49.188325011160345     
   9.8454817103573228E-005   49.188324946550765     
   9.9320294752032519E-005   49.188324880800273     
   1.0019338047475388E-004   49.188324813888734     
   1.0107414115133159E-004   49.188324745795640     
   1.0196264424927217E-004   49.188324676500116     
   1.0285895782916250E-004   49.188324605980938     
   1.0376315054988338E-004   49.188324534216513     
   1.0467529167386889E-004   49.188324461184820     
   1.0559545107241196E-004   49.188324386863506     
   1.0652369923101660E-004   49.188324311229792     
   1.0746010725479729E-004   49.188324234260492     
   1.0840474687392558E-004   49.188324155932037     
   1.0935769044912487E-004   49.188324076220425     
   1.1031901097721321E-004   49.188323995101207     
   1.1128878209669507E-004   49.188323912549563     
   1.1226707809340207E-004   49.188323828540177     
   1.1325397390618345E-004   49.188323743047313     
   1.1424954513264646E-004   49.188323656044780     
   1.1525386803494717E-004   49.188323567505904     
   1.1626701954563241E-004   49.188323477403571     
   1.1728907727353278E-004   49.188323385710163     
   1.1832011950970766E-004   49.188323292397591     
   1.1936022523344242E-004   49.188323197437263     
   1.2040947411829827E-004   49.188323100800069     
   1.2146794653821548E-004   49.188323002456421     
   1.2253572357367003E-004   49.188322902376171     
   1.2361288701788459E-004   49.188322800528645     
   1.2469951938309386E-004   49.188322696882643     
   1.2579570390686530E-004   49.188322591406425     
   1.2690152455847509E-004   49.188322484067655     
   1.2801706604534036E-004   49.188322374833440     
   1.2914241381950791E-004   49.188322263670308     
   1.3027765408419993E-004   49.188322150544209     
   1.3142287380041729E-004   49.188322035420477     
   1.3257816069360093E-004   49.188321918263831     
   1.3374360326035158E-004   49.188321799038384     
   1.3491929077520901E-004   49.188321677707577     
   1.3610531329749030E-004   49.188321554234271     
   1.3730176167818869E-004   49.188321428580601     
   1.3850872756693286E-004   49.188321300708076     
   1.3972630341900730E-004   49.188321170577524     
   1.4095458250243476E-004   49.188321038149063     
   1.4219365890512039E-004   49.188320903382113     
   1.4344362754205935E-004   49.188320766235371     
   1.4470458416260715E-004   49.188320626666837     
   1.4597662535781431E-004   49.188320484633742     
   1.4725984856782542E-004   49.188320340092545     
   1.4855435208934310E-004   49.188320192998972     
   1.4986023508315764E-004   49.188320043307954     
   1.5117759758174302E-004   49.188319890973617     
   1.5250654049691931E-004   49.188319735949285     
   1.5384716562758286E-004   49.188319578187453     
   1.5519957566750419E-004   49.188319417639789     
   1.5656387421319429E-004   49.188319254257102     
   1.5794016577184061E-004   49.188319087989314     
   1.5932855576931209E-004   49.188318918785498     
   1.6072915055823515E-004   49.188318746593794     
   1.6214205742614050E-004   49.188318571361457     
   1.6356738460368125E-004   49.188318393034756     
   1.6500524127292381E-004   49.188318211559100     
   1.6645573757571129E-004   49.188318026878854     
   1.6791898462210038E-004   49.188317838937422     
   1.6939509449887284E-004   49.188317647677238     
   1.7088418027812115E-004   49.188317453039687     
   1.7238635602591029E-004   49.188317254965135     
   1.7390173681101518E-004   49.188317053392886     
   1.7543043871373520E-004   49.188316848261167     
   1.7697257883478608E-004   49.188316639507136     
   1.7852827530426992E-004   49.188316427066823     
   1.8009764729072427E-004   49.188316210875151     
   1.8168081501025043E-004   49.188315990865846     
   1.8327789973572226E-004   49.188315766971527     
   1.8488902380607586E-004   49.188315539123558     
   1.8651431063568098E-004   49.188315307252140     
   1.8815388472379454E-004   49.188315071286233     
   1.8980787166409752E-004   49.188314831153519     
   1.9147639815431580E-004   49.188314586780422     
   1.9315959200592509E-004   49.188314338092077     
   1.9485758215394169E-004   49.188314085012266     
   1.9657049866679901E-004   49.188313827463446     
   1.9829847275631095E-004   49.188313565366705     
   2.0004163678772303E-004   49.188313298641738     
   2.0180012428985158E-004   49.188313027206817     
   2.0357406996531245E-004   49.188312750978753     
   2.0536360970083923E-004   49.188312469872926     
   2.0716888057769250E-004   49.188312183803198     
   2.0899002088216033E-004   49.188311892681917     
   2.1082717011615130E-004   49.188311596419865     
   2.1268046900788050E-004   49.188311294926280     
   2.1455005952264954E-004   49.188310988108775     
   2.1643608487372122E-004   49.188310675873346     
   2.1833868953328992E-004   49.188310358124298     
   2.2025801924354846E-004   49.188310034764299     
   2.2219422102785191E-004   49.188309705694238     
   2.2414744320198003E-004   49.188309370813307     
   2.2611783538549842E-004   49.188309030018885     
   2.2810554851321948E-004   49.188308683206557     
   2.3011073484676428E-004   49.188308330270040     
   2.3213354798622612E-004   49.188307971101210     
   2.3417414288193629E-004   49.188307605589998     
   2.3623267584633374E-004   49.188307233624407     
   2.3830930456593868E-004   49.188306855090467     
   2.4040418811343159E-004   49.188306469872209     
   2.4251748695983846E-004   49.188306077851571     
   2.4464936298682305E-004   49.188305678908442     
   2.4679997949908727E-004   49.188305272920594     
   2.4896950123688060E-004   49.188304859763598     
   2.5115809438861945E-004   49.188304439310890     
   2.5336592660361721E-004   49.188304011433630     
   2.5559316700492663E-004   49.188303576000699     
   2.5783998620229485E-004   49.188303132878687     
   2.6010655630523237E-004   49.188302681931816     
   2.6239305093619675E-004   49.188302223021907     
   2.6469964524389241E-004   49.188301756008343     
   2.6702651591668732E-004   49.188301280748028     
   2.6937384119614757E-004   49.188300797095344     
   2.7174180089069083E-004   49.188300304902086     
   2.7413057638935999E-004   49.188299804017440     
   2.7654035067571783E-004   49.188299294287944     
   2.7897130834186380E-004   49.188298775557399     
   2.8142363560257398E-004   49.188298247666836     
   2.8389752030956553E-004   49.188297710454556     
   2.8639315196588629E-004   49.188297163755919     
   2.8891072174043095E-004   49.188296607403430     
   2.9145042248258506E-004   49.188296041226572     
   2.9401244873699712E-004   49.188295465051908     
   2.9659699675848162E-004   49.188294878702891     
   2.9920426452705181E-004   49.188294281999809     
   3.0183445176308566E-004   49.188293674759883     
   3.0448775994262455E-004   49.188293056797029     
   3.0716439231280661E-004   49.188292427921880     
   3.0986455390743590E-004   49.188291787941758     
   3.1258845156268794E-004   49.188291136660560     
   3.1533629393295414E-004   49.188290473878737     
   3.1810829150682454E-004   49.188289799393189     
   3.2090465662321197E-004   49.188289112997253     
   3.2372560348761694E-004   49.188288414480617     
   3.2657134818853681E-004   49.188287703629236     
   3.2944210871401793E-004   49.188286980225307     
   3.3233810496835389E-004   49.188286244047170     
   3.3525955878893073E-004   49.188285494869248     
   3.3820669396321986E-004   49.188284732461987     
   3.4117973624592045E-004   49.188283956591782     
   3.4417891337625272E-004   49.188283167020892     
   3.4720445509540287E-004   49.188282363507376     
   3.5025659316412162E-004   49.188281545805047     
   3.5333556138047762E-004   49.188280713663346     
   3.5644159559776657E-004   49.188279866827294     
   3.5957493374257771E-004   49.188279005037408     
   3.6273581583301984E-004   49.188278128029623     
   3.6592448399710634E-004   49.188277235535232     
   3.6914118249130323E-004   49.188276327280747     
   3.7238615771923914E-004   49.188275402987884     
   3.7565965825058027E-004   49.188274462373414     
   3.7896193484007111E-004   49.188273505149141     
   3.8229324044674283E-004   49.188272531021738     
   3.8565383025328996E-004   49.188271539692749     
   3.8904396168561802E-004   49.188270530858404     
   3.9246389443256270E-004   49.188269504209593     
   3.9591389046578218E-004   49.188268459431725     
   3.9939421405982452E-004   49.188267396204701     
   4.0290513181237195E-004   49.188266314202700     
   4.0644691266466203E-004   49.188265213094212     
   4.1001982792208909E-004   49.188264092541829     
   4.1362415127498692E-004   49.188262952202223     
   4.1726015881959346E-004   49.188261791725957     
   4.2092812907920028E-004   49.188260610757453     
   4.2462834302548787E-004   49.188259408934869     
   4.2836108410004853E-004   49.188258185889936     
   4.3212663823609832E-004   49.188256941247907     
   4.3592529388037987E-004   49.188255674627435     
   4.3975734201525806E-004   49.188254385640377     
   4.4362307618100934E-004   49.188253073891779     
   4.4752279249830754E-004   49.188251738979737     
   4.5145678969090727E-004   49.188250380495184     
   4.5542536910852610E-004   49.188248998021891     
   4.5942883474992896E-004   49.188247591136253     
   4.6346749328621430E-004   49.188246159407171     
   4.6754165408430611E-004   49.188244702395970     
   4.7165162923065138E-004   49.188243219656179     
   4.7579773355512655E-004   49.188241710733507     
   4.7998028465515402E-004   49.188240175165582     
   4.8419960292003035E-004   49.188238612481889     
   4.8845601155546878E-004   49.188237022203616     
   4.9274983660835671E-004   49.188235403843478     
   4.9708140699173244E-004   49.188233756905603     
   5.0145105450997887E-004   49.188232080885356     
   5.0585911388424166E-004   49.188230375269178     
   5.1030592277806822E-004   49.188228639534458     
   5.1479182182327383E-004   49.188226873149340     
   5.1931715464603441E-004   49.188225075572596     
   5.2388226789320841E-004   49.188223246253429     
   5.2848751125889114E-004   49.188221384631319     
   5.3313323751120112E-004   49.188219490135836     
   5.3781980251930311E-004   49.188217562186523     
   5.4254756528066786E-004   49.188215600192592     
   5.4731688794857193E-004   49.188213603552903     
   5.5212813585983947E-004   49.188211571655657     
   5.5698167756282682E-004   49.188209503878255     
   5.6187788484565466E-004   49.188207399587121     
   5.6681713276468656E-004   49.188205258137479     
   5.7179979967325991E-004   49.188203078873151     
   5.7682626725066757E-004   49.188200861126425     
   5.8189692053139507E-004   49.188198604217732     
   5.8701214793461522E-004   49.188196307455556     
   5.9217234129394088E-004   49.188193970136126     
   5.9737789588744101E-004   49.188191591543280     
   6.0262921046791830E-004   49.188189170948206     
   6.0792668729345528E-004   49.188186707609198     
   6.1327073215822702E-004   49.188184200771460     
   6.1866175442358594E-004   49.188181649666902     
   6.2410016704941970E-004   49.188179053513807     
   6.2958638662578403E-004   49.188176411516721     
   6.3512083340481410E-004   49.188173722866104     
   6.4070393133291699E-004   49.188170986738115     
   6.4633610808324598E-004   49.188168202294420     
   6.5201779508846129E-004   49.188165368681794     
   6.5774942757377826E-004   49.188162485032031     
   6.6353144459030595E-004   49.188159550461528     
   6.6936428904868016E-004   49.188156564071122     
   6.7524840775298940E-004   49.188153524945776     
   6.8118425143500188E-004   49.188150432154245     
   6.8717227478869180E-004   49.188147284748894     
   6.9321293650506980E-004   49.188144081765316     
   6.9930669930731867E-004   49.188140822222103     
   7.0545402998623940E-004   49.188137505120508     
   7.1165539943600776E-004   49.188134129444130     
   7.1791128269024502E-004   49.188130694158652     
   7.2422215895840672E-004   49.188127198211454     
   7.3058851166249081E-004   49.188123640531373     
   7.3701082847406785E-004   49.188120020028300     
   7.4348960135163825E-004   49.188116335592881     
   7.5002532657831580E-004   49.188112586096175     
   7.5661850479984496E-004   49.188108770389327     
   7.6326964106295002E-004   49.188104887303155     
   7.6997924485402308E-004   49.188100935647860     
   7.7674783013815076E-004   49.188096914212622     
   7.8357591539848510E-004   49.188092821765252     
   7.9046402367596023E-004   49.188088657051807     
   7.9741268260935744E-004   49.188084418796159     
   8.0442242447572383E-004   49.188080105699697     
   8.1149378623114490E-004   49.188075716440856     
   8.1862730955187604E-004   49.188071249674735     
   8.2582354087583636E-004   49.188066704032671     
   8.3308303144446604E-004   49.188062078121881     
   8.4040633734495235E-004   49.188057370524945     
   8.4779401955282672E-004   49.188052579799404     
   8.5524664397493635E-004   49.188047704477363     
   8.6276478149279346E-004   49.188042743065012     
   8.7034900800630544E-004   49.188037694042116     
   8.7799990447788947E-004   49.188032555861639     
   8.8571805697697551E-004   49.188027326949197     
   8.9350405672489999E-004   49.188022005702635     
   9.0135850014019358E-004   49.188016590491479     
   9.0928198888426881E-004   49.188011079656498     
   9.1727512990750647E-004   49.188005471509122     
   9.2533853549575109E-004   49.187999764330989     
   9.3347282331721060E-004   49.187993956373390     
   9.4167861646977252E-004   49.187988045856734     
   9.4995654352873294E-004   49.187982030970012     
   9.5830723859494646E-004   49.187975909870225     
   9.6673134134339970E-004   49.187969680681853     
   9.7522949707221096E-004   49.187963341496221     
   9.8380235675206060E-004   49.187956890370998     
   9.9245057707605727E-004   49.187950325329503     
   1.0011748205100402E-003   49.187943644360196     
   1.0099757553433267E-003   49.187936845415983     
   1.0188540557399025E-003   49.187929926413666     
   1.0278104017900640E-003   49.187922885233206     
   1.0368454795625158E-003   49.187915719717175     
   1.0459599811569213E-003   49.187908427670017     
   1.0551546047569214E-003   49.187901006857437     
   1.0644300546836154E-003   49.187893455005650     
   1.0737870414495128E-003   49.187885769800765     
   1.0832262818129593E-003   49.187877948888001     
   1.0927484988330421E-003   49.187869989871011     
   1.1023544219249770E-003   49.187861890311119     
   1.1120447869159826E-003   49.187853647726605     
   1.1218203361016460E-003   49.187845259591917     
   1.1316818183027828E-003   49.187836723336908     
   1.1416299889227988E-003   49.187828036346041     
   1.1516656100055550E-003   49.187819195957616     
   1.1617894502937401E-003   49.187810199462916     
   1.1720022852877584E-003   49.187801044105392     
   1.1823048973051335E-003   49.187791727079826     
   1.1926980755404362E-003   49.187782245531487     
   1.2031826161257358E-003   49.187772596555199     
   1.2137593221915868E-003   49.187762777194493     
   1.2244290039285489E-003   49.187752784440725     
   1.2351924786492487E-003   49.187742615232111     
   1.2460505708509876E-003   49.187732266452784     
   1.2570041122788994E-003   49.187721734931877     
   1.2680539419896626E-003   49.187711017442531     
   1.2792009064157733E-003   49.187700110700902     
   1.2904458594303835E-003   49.187689011365187     
   1.3017896624127089E-003   49.187677716034528     
   1.3132331843140124E-003   49.187666221248058     
   1.3247773017241657E-003   49.187654523483779     
   1.3364228989387976E-003   49.187642619157501     
   1.3481708680270336E-003   49.187630504621758     
   1.3600221088998282E-003   49.187618176164669     
   1.3719775293788994E-003   49.187605630008832     
   1.3840380452662703E-003   49.187592862310112     
   1.3962045804144197E-003   49.187579869156515     
   1.4084780667970513E-003   49.187566646566978     
   1.4208594445804829E-003   49.187553190490128     
   1.4333496621956659E-003   49.187539496803062     
   1.4459496764108364E-003   49.187525561310082     
   1.4586604524048036E-003   49.187511379741387     
   1.4714829638408852E-003   49.187496947751811     
   1.4844181929414906E-003   49.187482260919445     
   1.4974671305633611E-003   49.187467314744303     
   1.5106307762734706E-003   49.187452104646937     
   1.5239101384255938E-003   49.187436625967059     
   1.5373062342375475E-003   49.187420873962076     
   1.5508200898691116E-003   49.187404843805645     
   1.5644527405006331E-003   49.187388530586233     
   1.5782052304123230E-003   49.187371929305563     
   1.5920786130642507E-003   49.187355034877093     
   1.6060739511770384E-003   49.187337842124499     
   1.6201923168132689E-003   49.187320345780023     
   1.6344347914596055E-003   49.187302540482918     
   1.6488024661096374E-003   49.187284420777772     
   1.6632964413474489E-003   49.187265981112873     
   1.6779178274319278E-003   49.187247215838411     
   1.6926677443818115E-003   49.187228119204910     
   1.7075473220614830E-003   49.187208685361320     
   1.7225577002675193E-003   49.187188908353278     
   1.7377000288160008E-003   49.187168782121297     
   1.7529754676305913E-003   49.187148300498912     
   1.7683851868313869E-003   49.187127457210778     
   1.7839303668245507E-003   49.187106245870723     
   1.7996121983927331E-003   49.187084659979831     
   1.8154318827862874E-003   49.187062692924421     
   1.8313906318152859E-003   49.187040337974075     
   1.8474896679423498E-003   49.187017588279495     
   1.8637302243762874E-003   49.186994436870471     
   1.8801135451665624E-003   49.186970876653710     
   1.8966408852985890E-003   49.186946900410703     
   1.9133135107898653E-003   49.186922500795447     
   1.9301326987869523E-003   49.186897670332257     
   1.9470997376633051E-003   49.186872401413467     
   1.9642159271179641E-003   49.186846686297066     
   1.9814825782751132E-003   49.186820517104344     
   1.9989010137845160E-003   49.186793885817494     
   2.0164725679228286E-003   49.186766784277154     
   2.0341985866958114E-003   49.186739204179865     
   2.0520804279414318E-003   49.186711137075591     
   2.0701194614338790E-003   49.186682574365086     
   2.0883170689884878E-003   49.186653507297287     
   2.1066746445675901E-003   49.186623926966604     
   2.1251935943872938E-003   49.186593824310222     
   2.1438753370252002E-003   49.186563190105304     
   2.1627213035290689E-003   49.186532014966183     
   2.1817329375264389E-003   49.186500289341474     
   2.2009116953352129E-003   49.186468003511159     
   2.2202590460752123E-003   49.186435147583602     
   2.2397764717807128E-003   49.186401711492522     
   2.2594654675139737E-003   49.186367684993897     
   2.2793275414797580E-003   49.186333057662864     
   2.2993642151408664E-003   49.186297818890495     
   2.3195770233346807E-003   49.186261957880561     
   2.3399675143907350E-003   49.186225463646181     
   2.3605372502493228E-003   49.186188325006540     
   2.3812878065811388E-003   49.186150530583397     
   2.4022207729079820E-003   49.186112068797648     
   2.4233377527245140E-003   49.186072927865723     
   2.4446403636210865E-003   49.186033095796034     
   2.4661302374076547E-003   49.185992560385273     
   2.4878090202387743E-003   49.185951309214687     
   2.5096783727396985E-003   49.185909329646236     
   2.5317399701335866E-003   49.185866608818792     
   2.5539955023698257E-003   49.185823133644156     
   2.5764466742534860E-003   49.185778890803050     
   2.5990952055759088E-003   49.185733866741046     
   2.6219428312464466E-003   49.185688047664421     
   2.6449913014253575E-003   49.185641419535919     
   2.6682423816578736E-003   49.185593968070478     
   2.6916978530094416E-003   49.185545678730826     
   2.7153595122021536E-003   49.185496536723036     
   2.7392291717523820E-003   49.185446526992010     
   2.7633086601096188E-003   49.185395634216881     
   2.7875998217965371E-003   49.185343842806269     
   2.8121045175502853E-003   49.185291136893554     
   2.8368246244650222E-003   49.185237500331986     
   2.8617620361357033E-003   49.185182916689826     
   2.8869186628031340E-003   49.185127369245158     
   2.9122964315002990E-003   49.185070840980927     
   2.9378972861999701E-003   49.185013314579621     
   2.9637231879636227E-003   49.184954772418017     
   2.9897761150916545E-003   49.184895196561797     
   3.0160580632749229E-003   49.184834568760024     
   3.0425710457476223E-003   49.184772870439566     
   3.0693170934414978E-003   49.184710082699404     
   3.0962982551414192E-003   49.184646186304867     
   3.1235165976423182E-003   49.184581161681734     
   3.1509742059075102E-003   49.184514988910223     
   3.1786731832284046E-003   49.184447647718919     
   3.2066156513856211E-003   49.184379117478521     
   3.2348037508115181E-003   49.184309377195618     
   3.2632396407541548E-003   49.184238405506171     
   3.2919254994426940E-003   49.184166180669017     
   3.3208635242542544E-003   49.184092680559203     
   3.3500559318822357E-003   49.184017882661230     
   3.3795049585061171E-003   49.183941764062126     
   3.4092128599627564E-003   49.183864301444459     
   3.4391819119191864E-003   49.183785471079233     
   3.4694144100469340E-003   49.183705248818505     
   3.4999126701978764E-003   49.183623610088162     
   3.5306790285816333E-003   49.183540529880261     
   3.5617158419445263E-003   49.183455982745436     
   3.5930254877501095E-003   49.183369942785113     
   3.6246103643612858E-003   49.183282383643572     
   3.6564728912240243E-003   49.183193278499878     
   3.6886155090526938E-003   49.183102600059634     
   3.7210406800170254E-003   49.183010320546735     
   3.7537508879307191E-003   49.182916411694769     
   3.7867486384417027E-003   49.182820844738380     
   3.8200364592240752E-003   49.182723590404535     
   3.8536169001717230E-003   49.182624618903468     
   3.8874925335936508E-003   49.182523899919644     
   3.9216659544110220E-003   49.182421402602436     
   3.9561397803559318E-003   49.182317095556712     
   3.9909166521719325E-003   49.182210946833202     
   4.0259992338163141E-003   49.182102923918762     
   4.0613902126641725E-003   49.181992993726382     
   4.0970922997142596E-003   49.181881122585089     
   4.1331082297966547E-003   49.181767276229657     
   4.1694407617822570E-003   49.181651419790079     
   4.2060926787941136E-003   49.181533517780956     
   4.2430667884206137E-003   49.181413534090595     
   4.2803659229305561E-003   49.181291431969981     
   4.3179929394901026E-003   49.181167174021560     
   4.3559507203816388E-003   49.181040722187745     
   4.3942421732245662E-003   49.180912037739311     
   4.4328702311980245E-003   49.180781081263561     
   4.4718378532655817E-003   49.180647812652218     
   4.5111480244018915E-003   49.180512191089235     
   4.5508037558213499E-003   49.180374175038239     
   4.5908080852087542E-003   49.180233722229872     
   4.6311640769519978E-003   49.180090789648844     
   4.6718748223768050E-003   49.179945333520770     
   4.7129434399835312E-003   49.179797309298841     
   4.7543730756860452E-003   49.179646671650104     
   4.7961669030527065E-003   49.179493374441712     
   4.8383281235494704E-003   49.179337370726707     
   4.8808599667851237E-003   49.179178612729771     
   4.9237656907586743E-003   49.179017051832531     
   4.9670485821089209E-003   49.178852638558752     
   5.0107119563662147E-003   49.178685322559176     
   5.0547591582064313E-003   49.178515052596154     
   5.0991935617071800E-003   49.178341776527979     
   5.1440185706062612E-003   49.178165441292933     
   5.1892376185623985E-003   49.177985992893078     
   5.2348541694182630E-003   49.177803376377753     
   5.2808717174658033E-003   49.177617535826769     
   5.3272937877139187E-003   49.177428414333328     
   5.3741239361584803E-003   49.177235953986624     
   5.4213657500547189E-003   49.177040095854153     
   5.4690228481920206E-003   49.176840779963705     
   5.5170988811711280E-003   49.176637945285016     
   5.5655975316837815E-003   49.176431529711159     
   5.6145225147948181E-003   49.176221470039508     
   5.6638775782267533E-003   49.176007701952514     
   5.7136665026468582E-003   49.175790159997959     
   5.7638931019567659E-003   49.175568777569040     
   5.8145612235846224E-003   49.175343486883975     
   5.8656747487798059E-003   49.175114218965298     
   5.9172375929102310E-003   49.174880903618849     
   5.9692537057622758E-003   49.174643469412231     
   6.0217270718433396E-003   49.174401843653087     
   6.0746617106870650E-003   49.174155952366867     
   6.1280616771612331E-003   49.173905720274220     
   6.1819310617783774E-003   49.173651070768031     
   6.2362739910091225E-003   49.173391925890016     
   6.2910946275982751E-003   49.173128206306927     
   6.3463971708836971E-003   49.172859831286324     
   6.4021858571179820E-003   49.172586718671944     
   6.4584649597929566E-003   49.172308784858600     
   6.5152387899670367E-003   49.172025944766702     
   6.5725116965954589E-003   49.171738111816190     
   6.6302880668634235E-003   49.171445197900240     
   6.6885723265221447E-003   49.171147113358302     
   6.7473689402278878E-003   49.170843766948728     
   6.8066824118839511E-003   49.170535065820992     
   6.8665172849856834E-003   49.170220915487263     
   6.9268781429685155E-003   49.169901219793701     
   6.9877696095590608E-003   49.169575880891024     
   7.0491963491292981E-003   49.169244799204691     
   7.1111630670538679E-003   49.168907873404542     
   7.1736745100705141E-003   49.168565000373889     
   7.2367354666436883E-003   49.168216075178051     
   7.3003507673313518E-003   49.167860991032356     
   7.3645252851550075E-003   49.167499639269622     
   7.4292639359729738E-003   49.167131909306988     
   7.4945716788569518E-003   49.166757688612172     
   7.5604535164718982E-003   49.166376862669239     
   7.6269144954592260E-003   49.165989314943644     
   7.6939597068234004E-003   49.165594926846723     
   7.7615942863219021E-003   49.165193577699554     
   7.8298234148586436E-003   49.164785144696211     
   7.8986523188808253E-003   49.164369502866300     
   7.9680862707792992E-003   49.163946525036906     
   8.0381305892924318E-003   49.163516081793865     
   8.1087906399135313E-003   49.163078041442319     
   8.1800718353018508E-003   49.162632269966601     
   8.2519796356972097E-003   49.162178630989480     
   8.3245195493382457E-003   49.161716985730557     
   8.3976971328843641E-003   49.161247192964069     
   8.4715179918413847E-003   49.160769108975849     
   8.5459877809909227E-003   49.160282587519603     
   8.6211122048235628E-003   49.159787479772412     
   8.6968970179758243E-003   49.159283634289416     
   8.7733480256709812E-003   49.158770896957726     
   8.8504710841637389E-003   49.158249110949562     
   8.9282721011888482E-003   49.157718116674531     
   9.0067570364136280E-003   49.157177751731027     
   9.0859319018945020E-003   49.156627850856971     
   9.1658027625375182E-003   49.156068245879410     
   9.2463757365629264E-003   49.155498765663488     
   9.3276569959738608E-003   49.154919236060337     
   9.4096527670291027E-003   49.154329479854226     
   9.4923693307200352E-003   49.153729316708585     
   9.5758130232517693E-003   49.153118563111349     
   9.6599902365285088E-003   49.152497032319033     
   9.7449074186431763E-003   49.151864534300181     
   9.8305710743713508E-003   49.151220875677474     
   9.9169877656695368E-003   49.150565859669101     
   1.0004164112177825E-002   49.149899286028990     
   1.0092106791726963E-002   49.149220950985978     
   1.0180822540849887E-002   49.148530647181992     
   1.0270318155297749E-002   49.147828163609084     
   1.0360600490560482E-002   49.147113285545430     
   1.0451676462391942E-002   49.146385794490158     
   1.0543553047339659E-002   49.145645468097058     
   1.0636237283279254E-002   49.144892080107162     
   1.0729736269953554E-002   49.144125400280167     
   1.0824057169516434E-002   49.143345194324532     
   1.0919207207081451E-002   49.142551223826558     
   1.1015193671275306E-002   49.141743246178088     
   1.1112023914796151E-002   49.140921014502950     
   1.1209705354976816E-002   49.140084277582268     
   1.1308245474353005E-002   49.139232779778290     
   1.1407651821236446E-002   49.138366260956964     
   1.1507932010293116E-002   49.137484456409247     
   1.1609093723126528E-002   49.136587096770931     
   1.1711144708866163E-002   49.135673907941118     
   1.1814092784761053E-002   49.134744610999292     
   1.1917945836778594E-002   49.133798922120981     
   1.2022711820208630E-002   49.132836552491860     
   1.2128398760272840E-002   49.131857208220453     
   1.2235014752739465E-002   49.130860590249306     
   1.2342567964543477E-002   49.129846394264597     
   1.2451066634412160E-002   49.128814310604149     
   1.2560519073496217E-002   49.127764024163959     
   1.2670933666006421E-002   49.126695214303005     
   1.2782318869855841E-002   49.125607554746402     
   1.2894683217307747E-002   49.124500713487016     
   1.3008035315629182E-002   49.123374352685182     
   1.3122383847750293E-002   49.122228128566846     
   1.3237737572929465E-002   49.121061691319845     
   1.3354105327424278E-002   49.119874684988496     
   1.3471496025168384E-002   49.118666747366248     
   1.3589918658454332E-002   49.117437509886578     
   1.3709382298622378E-002   49.116186597511920     
   1.3829896096755376E-002   49.114913628620805     
   1.3951469284379750E-002   49.113618214892853     
   1.4074111174172656E-002   49.112299961192036     
   1.4197831160675333E-002   49.110958465447716     
   1.4322638721012748E-002   49.109593318533690     
   1.4448543415619552E-002   49.108204104145294     
   1.4575554888972424E-002   49.106790398674150     
   1.4703682870328853E-002   49.105351771081004     
   1.4832937174472410E-002   49.103887782766151     
   1.4963327702464573E-002   49.102397987437840     
   1.5094864442403171E-002   49.100881930978282     
   1.5227557470187473E-002   49.099339151307390     
   1.5361416950290030E-002   49.097769178244235     
   1.5496453136535276E-002   49.096171533366054     
   1.5632676372884995E-002   49.094545729864898     
   1.5770097094230672E-002   49.092891272401765     
   1.5908725827192830E-002   49.091207656958353     
   1.6048573190927385E-002   49.089494370686090     
   1.6189649897939078E-002   49.087750891752798     
   1.6331966754902078E-002   49.085976689186559     
   1.6475534663487786E-002   49.084171222717032     
   1.6620364621199903E-002   49.082333942613985     
   1.6766467722216891E-002   49.080464289523142     
   1.6913855158241755E-002   49.078561694299196     
   1.7062538219359394E-002   49.076625577835934     
   1.7212528294901386E-002   49.074655350893586     
   1.7363836874318469E-002   49.072650413923114     
   1.7516475548060621E-002   49.070610156887639     
   1.7670456008464931E-002   49.068533959080661     
   1.7825790050651220E-002   49.066421188941419     
   1.7982489573425575E-002   49.064271203866930     
   1.8140566580191836E-002   49.062083350020949     
   1.8300033179871028E-002   49.059856962139627     
   1.8460901587828968E-002   49.057591363333920     
   1.8623184126811944E-002   49.055285864888738     
   1.8786893227890684E-002   49.052939766058465     
   1.8952041431412568E-002   49.050552353859310     
   1.9118641387962248E-002   49.048122902857955     
   1.9286705859330705E-002   49.045650674956732     
   1.9456247719492809E-002   49.043134919175188     
   1.9627279955593498E-002   49.040574871427900     
   1.9799815668942587E-002   49.037969754298629     
   1.9973868076018381E-002   49.035318776810740     
   2.0149450509480048E-002   49.032621134193562     
   2.0326576419188922E-002   49.029876007645029     
   2.0505259373238813E-002   49.027082564090342     
   2.0685513058995283E-002   49.024239955936409     
   2.0867351284144187E-002   49.021347320822443     
   2.1050787977749296E-002   49.018403781366146     
   2.1235837191319329E-002   49.015408444905894     
   2.1422513099884296E-002   49.012360403238446     
   2.1610830003081342E-002   49.009258732352372     
   2.1800802326250094E-002   49.006102492157048     
   2.1992444621537686E-002   49.002890726207156     
   2.2185771569013465E-002   48.999622461422597     
   2.2380797977793496E-002   48.996296707803786     
   2.2577538787174983E-002   48.992912458142214     
   2.2776009067780618E-002   48.989468687726273     
   2.2976224022713026E-002   48.985964354042189     
   2.3178198988719336E-002   48.982398396470025     
   2.3381949437366000E-002   48.978769735974737     
   2.3587490976223945E-002   48.975077274792106     
   2.3794839350064115E-002   48.971319896109506     
   2.4004010442063559E-002   48.967496463741504     
   2.4215020275022106E-002   48.963605821800094     
   2.4427885012589728E-002   48.959646794359571     
   2.4642620960504694E-002   48.955618185115924     
   2.4859244567842616E-002   48.951518777040725     
   2.5077772428276475E-002   48.947347332029338     
   2.5298221281347722E-002   48.943102590543425     
   2.5520608013748541E-002   48.938783271247672     
   2.5744949660615395E-002   48.934388070640686     
   2.5971263406833950E-002   48.929915662679832     
   2.6199566588355452E-002   48.925364698400074     
   2.6429876693524694E-002   48.920733805526694     
   2.6662211364419642E-002   48.916021588081783     
   2.6896588398202838E-002   48.911226625984376     
   2.7133025748484703E-002   48.906347474644264     
   2.7371541526698781E-002   48.901382664549267     
   2.7612154003489150E-002   48.896330700845894     
   2.7854881610109915E-002   48.891190062913445     
   2.8099742939837122E-002   48.885959203931215     
   2.8346756749393003E-002   48.880636550438986     
   2.8595941960382766E-002   48.875220501890389     
   2.8847317660744023E-002   48.869709430199428     
   2.9100903106208970E-002   48.864101679279692     
   2.9356717721779356E-002   48.858395564576433     
   2.9614781103214523E-002   48.852589372591297     
   2.9875113018532424E-002   48.846681360399586     
   3.0137733409523904E-002   48.840669755160036     
   3.0402662393280263E-002   48.834552753616983     
   3.0669920263734253E-002   48.828328521594763     
   3.0939527493214623E-002   48.821995193484341     
   3.1211504734014323E-002   48.815550871721982     
   3.1485872819972512E-002   48.808993626259955     
   3.1762652768070443E-002   48.802321494029023     
   3.2041865780041402E-002   48.795532478392829     
   3.2323533243994791E-002   48.788624548593887     
   3.2607676736054497E-002   48.781595639191210     
   3.2894318022011620E-002   48.774443649489328     
   3.3183479058991786E-002   48.767166442958754     
   3.3475181997137136E-002   48.759761846647748     
   3.3769449181302952E-002   48.752227650585169     
   3.4066303152769407E-002   48.744561607174454     
   3.4365766650968223E-002   48.736761430578589     
   3.4667862615224518E-002   48.728824796095878     
   3.4972614186514019E-002   48.720749339526570     
   3.5280044709235688E-002   48.712532656530072     
   3.5590177732999953E-002   48.704172301972818     
   3.5903037014432586E-002   48.695665789266485     
   3.6218646518994549E-002   48.687010589696683     
   3.6537030422817786E-002   48.678204131741936     
   3.6858213114557080E-002   48.669243800382681     
   3.7182219197258351E-002   48.660126936400488     
   3.7509073490243197E-002   48.650850835667242     
   3.7838801031010165E-002   48.641412748424138     
   3.8171427077152598E-002   48.631809878550492     
   3.8506977108293435E-002   48.622039382822273     
   3.8845476828036983E-002   48.612098370160282     
   3.9186952165937837E-002   48.601983900867666     
   3.9531429279487135E-002   48.591692985857080     
   3.9878934556116241E-002   48.581222585867046     
   4.0229494615218082E-002   48.570569610667611     
   4.0583136310186216E-002   48.559730918255127     
   4.0939886730471824E-002   48.548703314036217     
   4.1299773203658845E-002   48.537483550000658     
   4.1662823297557279E-002   48.526068323883194     
   4.2029064822314895E-002   48.514454278314318     
   4.2398525832547579E-002   48.502637999959710     
   4.2771234629488321E-002   48.490616018648481     
   4.3147219763155158E-002   48.478384806489998     
   4.3526510034538099E-002   48.465940776979423     
   4.3909134497805369E-002   48.453280284091633     
   4.4295122462528973E-002   48.440399621363781     
   4.4684503495929874E-002   48.427295020966156     
   4.5077307425142855E-002   48.413962652761498     
   4.5473564339501324E-002   48.400398623352658     
   4.5873304592842216E-002   48.386598975118559     
   4.6276558805831147E-002   48.372559685238400     
   4.6683357868307955E-002   48.358276664704213     
   4.7093732941652942E-002   48.343745757321479     
   4.7507715461173904E-002   48.328962738698166     
   4.7925337138514032E-002   48.313923315221800     
   4.8346629964081171E-002   48.298623123024853     
   4.8771626209498251E-002   48.283057726938274     
   4.9200358430075405E-002   48.267222619433291     
   4.9632859467303683E-002   48.251113219551428     
   5.0069162451370823E-002   48.234724871822792     
   5.0509300803698996E-002   48.218052845172650     
   5.0953308239505023E-002   48.201092331816433     
   5.1401218770382923E-002   48.183838446142964     
   5.1853066706909312E-002   48.166286223586404     
   5.2308886661271606E-002   48.148430619486440     
   5.2768713549919376E-002   48.130266507937392     
   5.3232582596238989E-002   48.111788680625764     
   5.3700529333251784E-002   48.092991845656748     
   5.4172589606335926E-002   48.073870626369668     
   5.4648799575972247E-002   48.054419560142421     
   5.5129195720514154E-002   48.034633097185157     
   5.5613814838981958E-002   48.014505599323293     
   5.6102694053881706E-002   47.994031338770007     
   5.6595870814048807E-002   47.973204496888613     
   5.7093382897516698E-002   47.952019162944538     
   5.7595268414410677E-002   47.930469332847714     
   5.8101565809867181E-002   47.908548907885098     
   5.8612313866978773E-002   47.886251693443924     
   5.9127551709764935E-002   47.863571397725721     
   5.9647318806169053E-002   47.840501630451449     
   6.0171654971081713E-002   47.817035901558249     
   6.0700600369390581E-002   47.793167619887640     
   6.1234195519057066E-002   47.768890091866133     
   6.1772481294220076E-002   47.744196520178079     
   6.2315498928327051E-002   47.719080002431504     
   6.2863290017292461E-002   47.693533529817110     
   6.3415896522684118E-002   47.667549985761028     
   6.3973360774937538E-002   47.641122144571611     
   6.4535725476598457E-002   47.614242670080984     
   6.5103033705593921E-002   47.586904114281623     
   6.5675328918532158E-002   47.559098915958685     
   6.6252654954031320E-002   47.530819399318460     
   6.6835056036077714E-002   47.502057772613760     
   6.7422576777413298E-002   47.472806126766713     
   6.8015262182953118E-002   47.443056433989632     
   6.8613157653232851E-002   47.412800546404767     
   6.9216308987886346E-002   47.382030194663500     
   6.9824762389154138E-002   47.350736986565863     
   7.0438564465422501E-002   47.318912405681097     
   7.1057762234793695E-002   47.286547809970159     
   7.1682403128687719E-002   47.253634430410983     
   7.2312534995475547E-002   47.220163369627414     
   7.2948206104144361E-002   47.186125600522821     
   7.3589465147995123E-002   47.151511964919358     
   7.4236361248372448E-002   47.116313172203839     
   7.4888943958427420E-002   47.080519797981431     
   7.5547263266913411E-002   47.044122282738250     
   7.6211369602015341E-002   47.007110930513960     
   7.6881313835212434E-002   46.969475907585839     
   7.7557147285175196E-002   46.931207241165268     
   7.8238921721696386E-002   46.892294818108233     
   7.8926689369656661E-002   46.852728383641157     
   7.9620502913025179E-002   46.812497540103529     
   8.0320415498895084E-002   46.771591745708676     
   8.1026480741554857E-002   46.730000313324588     
   8.1738752726595060E-002   46.687712409276088     
   8.2457286015051520E-002   46.644717052170094     
   8.3182135647584657E-002   46.601003111746074     
   8.3913357148695744E-002   46.556559307752998     
   8.4651006530980191E-002   46.511374208854996     
   8.5395140299418082E-002   46.465436231567793     
   8.6145815455702643E-002   46.418733639227561     
   8.6903089502606570E-002   46.371254540994698     
   8.7667020448386909E-002   46.322986890894562     
   8.8437666811228513E-002   46.273918486897351     
   8.9215087623726569E-002   46.224036970039691     
   8.9999342437408730E-002   46.173329823590109     
   9.0790491327296663E-002   46.121784372261239     
   9.1588594896508016E-002   46.069387781470986     
   9.2393714280898639E-002   46.016127056655748     
   9.3205911153745699E-002   45.961989042638045     
   9.4025247730471953E-002   45.906960423052006     
   9.4851786773411453E-002   45.851027719829098     
   9.5685591596617353E-002   45.794177292747563     
   9.6526726070711777E-002   45.736395339048727     
   9.7375254627778407E-002   45.677667893123257     
   9.8231242266298091E-002   45.617980826270951     
   9.9094754556127790E-002   45.557319846537510     
   9.9965857643523365E-002   45.495670498631874     
  0.10084461825620640        45.433018163927827     
  0.10173110370847575        45.369348060553826     
  0.10262538190636381        45.304645243574861     
  0.10352752135283821        45.238894605270502     
  0.10443759115304936        45.172080875513309     
  0.10535566101962386        45.104188622251947     
  0.10628180127800467        45.035202252103360     
  0.10721608287183809        44.965106011058758     
  0.10815857736840821        44.893883985307816     
  0.10910935696411898        44.821520102186284     
  0.11006849449002459        44.747998131251634     
  0.11103606341740849        44.673301685492063     
  0.11201213786341127        44.597414222673990     
  0.11299679259670826        44.520319046833421     
  0.11399010304323687        44.441999309916724     
  0.11499214529197427        44.362438013576401     
  0.11600299610076598        44.281618011127790     
  0.11702273290220563        44.199522009672407     
  0.11805143380956637        44.116132572394228     
  0.11908917762278447        44.031432121034982     
  0.12013604383449547        43.945402938554864     
  0.12119211263612355        43.858027171985292     
  0.12225746492402413        43.769286835480081     
  0.12333218230568081        43.679163813572181     
  0.12441634710595650        43.587639864642668     
  0.12551004237339963        43.494696624609176     
  0.12661335188660591        43.400315610841027     
  0.12772636016063574        43.304478226308348     
  0.12884915245348819        43.207165763972775     
  0.12998181477263207        43.108359411427351     
  0.13112443388159395        43.008040255793432     
  0.13227709730660456        42.906189288882466     
  0.13343989334330336        42.802787412630806     
  0.13461291106350215        42.697815444815582     
  0.13579624032200799        42.591254125060146     
  0.13698997176350636        42.483084121137267     
  0.13819419682950448        42.373286035578865     
  0.13940900776533607        42.261840412600648     
  0.14063449762722732        42.148727745350733     
  0.14187076028942519        42.033928483490762     
  0.14311789045138826        41.917423041118667     
  0.14437598364504092        41.799191805042035     
  0.14564513624209119        41.679215143411156     
  0.14692544546141290        41.557473414720832     
  0.14821700937649290        41.433946977190281     
  0.14951992692294358        41.308616198530309     
  0.15083429790608135        41.181461466107024     
  0.15216022300857213        41.052463197511308     
  0.15349780379814348        40.921601851543564     
  0.15484714273536507        40.788857939622751     
  0.15620834318149723        40.654212037629208     
  0.15758150940640853        40.517644798190275     
  0.15896674659656299        40.379136963417999     
  0.16036416086307759        40.238669378108099     
  0.16177385924985044        40.096223003408795     
  0.16319594974176060        39.951778930968935     
  0.16463054127293977        39.805318397573551     
  0.16607774373511683        39.656822800275876     
  0.16753766798603578        39.506273712033924     
  0.16901042585794743        39.353652897859867     
  0.17049613016617607        39.198942331490130     
  0.17199489471776117        39.042124212583857     
  0.17350683432017527        38.883180984457006     
  0.17503206479011837        38.722095352359197     
  0.17657070296238944        38.558850302299895     
  0.17812286669883648        38.393429120430071     
  0.17968867489738471        38.225815412985277     
  0.18126824750114418        38.055993126795471     
  0.18286170550759795        37.883946570366113     
  0.18446917097787024        37.709660435535156     
  0.18609076704607694        37.533119819709249     
  0.18772661792875742        37.354310248682332     
  0.18937684893438997        37.173217700038776     
  0.19104158647299047        36.989828627142735     
  0.19272095806579573        36.804129983714290     
  0.19441509235503157        36.616109248992437     
  0.19612411911376723        36.425754453483805     
  0.19784816925585591        36.233054205295254     
  0.19958737484596331        36.037997717047041     
  0.20134186910968357        35.840574833363029     
  0.20311178644374486        35.640776058932133     
  0.20489726242630418        35.438592587135005     
  0.20669843382733286        35.234016329228112     
  0.20851543861909339        35.027039944076122     
  0.21034841598670823        34.817656868422354     
  0.21219750633882170        34.605861347685092     
  0.21406285131835531        34.391648467266705     
  0.21594459381335793        34.175014184360080     
  0.21784287796795110        33.955955360235855     
  0.21975784919337085        33.734469792991916     
  0.22168965417910627        33.510556250744578     
  0.22363844090413612        33.284214505239298     
  0.22560435864826436        33.055445365856585     
  0.22758755800355504        32.824250713986679     
  0.22958819088586793        32.590633537744438     
  0.23160641054649550        32.354597966993694     
  0.23364237158390225        32.116149308647842     
  0.23569622995556691        31.875294082211422     
  0.23776814298992938        31.632040055524371     
  0.23985826939844196        31.386396280668794     
  0.24196676928772717        31.138373129994786     
  0.24409380417184190        30.887982332219710     
  0.24623953698464970        30.635237008552227     
  0.24840413209230186        30.380151708789612     
  0.25058775530582783        30.122742447334144     
  0.25279057389383686        29.863026739071149     
  0.25501275659533085        29.601023635048449     
  0.25725447363262999        29.336753757893842     
  0.25951589672441205        29.070239336904020     
  0.26179719909886640        28.801504242735373     
  0.26409855550696332        28.530574021623732     
  0.26642014223584026        28.257475929056941     
  0.26876213712230579        27.982238962820905     
  0.27112471956646189        27.704893895336578     
  0.27350807054544668        27.425473305201784     
  0.27591237262729701        27.144011607848920     
  0.27833780998493374        26.860545085226033     
  0.28078456841026961        26.575111914405497     
  0.28325283532844109        26.287752195021650     
  0.28574279981216560        25.998507975435217     
  0.28825465259622440        25.707423277519592     
  0.29078858609207342        25.414544119960819     
  0.29334479440258210        25.119918539960249     
  0.29592347333690222        24.823596613226304     
  0.29852482042546669        24.525630472138705     
  0.30114903493512107        24.226074321966323     
  0.30379631788438749        23.924984455017224     
  0.30646687205886303        23.622419262597649     
  0.30916090202675328        23.318439244654183     
  0.31187861415454271        23.013107016972164     
  0.31462021662280248        22.706487315801525     
  0.31738591944213740        22.398646999780205     
  0.32017593446927312        22.089655049024373     
  0.32299047542328468        21.779582561253910     
  0.32582975790196750        21.468502744821766     
  0.32869399939835259        21.156490908515330     
  0.33158341931736679        20.843624447999080     
  0.33449823899263964        20.529982828768354     
  0.33743868170345764        20.215647565485618     
  0.34040497269186792        19.900702197572528     
  0.34339733917993198        19.585232260933434     
  0.34641601038713127        19.269325255688909     
  0.34946121754792570        18.953070609801486     
  0.35253319392946653        18.636559638479788     
  0.35563217484946508        18.319885499251967     
  0.35875839769421819        18.003143142604891     
  0.36191210193679252        17.686429258091316     
  0.36509352915536836        17.369842215814156     
  0.36830292305174511        17.053482003204579     
  0.37154052947000876        16.737450157018444     
  0.37480659641536451        16.421849690484954     
  0.37810137407313366        16.106785015551026     
  0.38142511482791863        15.792361860175134     
  0.38477807328293567        15.478687180636292     
  0.38816050627951809        15.165869068835274     
  0.39157267291679043        14.854016654578791     
  0.39501483457151615        14.543240002850697     
  0.39848725491811882        14.233650006089210     
  0.40199019994888069        13.925358271504182     
  0.40552393799431768        13.618477003485207     
  0.40908873974373394        13.313118881167881     
  0.41268487826595696        13.009396931243709     
  0.41631262903025523        12.707424396117341     
  0.41997226992743925        12.407314597534487     
  0.42366408129114874        12.109180795823338     
  0.42738834591932634        11.813136044913255     
  0.43114534909588031        11.519293043315370     
  0.43493537861253789        11.227763981271526     
  0.43875872479089029        10.938660384300000     
  0.44261568050463201        10.652092953389010     
  0.44650654120199501        10.368171402111725     
  0.45043160492838097        10.087004290959486     
  0.45439117234919141        9.8086988592131323     
  0.45838554677285959        9.5333608546951840     
  0.46241503417408403        9.2610943617690378     
  0.46647994321726666        8.9920016279735879     
  0.47058058528015717        8.7261828897045390     
  0.47471727447770468        8.4637361973753400     
  0.47889032768611961        8.2047572405120093     
  0.48310006456714666        7.9493391732566554     
  0.48734680759255150        7.6975724407739925     
  0.49163088206882249        7.4495446070736744     
  0.49595261616208963        7.2053401847784038     
  0.50031234092326260        6.9650404673835622     
  0.50471039031338949        6.7287233645682658     
  0.50914710122923912        6.4964632411300602     
  0.51362281352910744        6.2683307601259450     
  0.51813787005885126        6.0443927308106735     
  0.52269261667815070        5.8247119619691805     
  0.52728740228700255        5.6093471212435988     
  0.53192257885244665        5.3983526010560112     
  0.53659850143552679        5.1917783917263503     
  0.54131552821848883        4.9896699623796943     
  0.54607402053221887        4.7920681502293716     
  0.55087434288392001        4.5990090588111174     
  0.55571686298503586        4.4105239657286166     
  0.56060195177941663        4.2266392404532498     
  0.56552998347173422        4.0473762726988687     
  0.57050133555614702        3.8727514118675899     
  0.57551638884521672        3.7027759180336672     
  0.58057552749907804        3.5374559249002915     
  0.58567913905486746        3.3767924151278241     
  0.59082761445640741        3.2207812083926948     
  0.59602134808415475        3.0694129624926063     
  0.60126073778540989        2.9226731877674004     
  0.60654618490479240        2.7805422750547168     
  0.61187809431498530        2.6429955373464988     
  0.61725687444774802        2.5100032652564108     
  0.62268293732520352        2.3815307963491490     
  0.62815669859139944        2.2575385983214633     
  0.63367857754414714        2.1379823659610215     
  0.63924899716714012        2.0228131317438987     
  0.64486838416235603        1.9119773898644636     
  0.65053716898274172        1.8054172334235001     
  0.65625578586518696        1.7030705044315135     
  0.66202467286378763        1.6048709562153047     
  0.66784427188340101        1.5107484277471144     
  0.67371502871349709        1.4206290293475818     
  0.67963739306230542        1.3344353391471275     
  0.68561181859126430        1.2520866096252425     
  0.69163876294977178        1.1734989834846898     
  0.69771868781024204        1.0985857180577951     
  0.70385205890347013        1.0272574173857052     
  0.71003934605430774       0.95942227105918132     
  0.71628102321765252       0.89498629886167647     
  0.72257756851475341       0.83385360021268684     
  0.72892946426983563       0.77592660737208852     
  0.73533719704704736       0.72110634133499174     
  0.74180125768773120       0.66929266932175968     
  0.74832214134802300       0.62038456274989096     
  0.75490034753678259       0.57428035456358795     
  0.76153638015385527       0.53087799479344377     
  0.76823074752867249       0.49007530322288262     
  0.77498396245919021       0.45177021805010764     
  0.78179654225116990       0.41586103945421454     
  0.78866900875780444       0.38224666700204546     
  0.79560188841969426       0.35082682986802993     
  0.80259571230517124       0.32150230888272896     
  0.80965101615098156       0.29417514947661116     
  0.81676834040332236       0.26874886464370501     
  0.82394823025924091       0.24512862711450106     
  0.83119123570839826       0.22322144999861590     
  0.83849791157519815       0.20293635523454426     
  0.84586881756128818       0.18418452926575260     
  0.85330451828843357       0.16687946544875737     
  0.86080558334176704       0.15093709278884671     
  0.86837258731342160       0.13627589069199667     
  0.87600610984654370       0.12281698951646214     
  0.88370673567969504       0.11048425680352174     
  0.89147505469164445        9.9204369163118158E-002
  0.89931166194655388        8.8906869885651871E-002
  0.90721715773956046        7.9524212445077083E-002
  0.91519214764276002        7.0991790149770514E-002
  0.92323724255159545        6.3247952285521158E-002
  0.93135305873165097        5.6234007178557303E-002
  0.93954021786586051        4.9894212684958764E-002
  0.94779934710212776        4.4175754685382339E-002
  0.95613107910136830        3.9028714230024637E-002
  0.96453605208597060        3.4406024037608583E-002
  0.97301490988868633        3.0263415103348266E-002
  0.98156830200194778        2.6559354213945893E-002
  0.99019688362762015        2.3254973202360234E-002
  0.99890131572719121        2.0313990801175352E-002
   1.0076822650724020        1.7702627970790346E-002
   1.0165404042963218        1.5389517587363644E-002
   1.0254764119448729        1.3345609375613863E-002
   1.0344909725288092        1.1544070963441367E-002
   1.0435847765761492        9.9601859192360673E-003
   1.0527585206850727        8.5712496091167132E-003
   1.0620129075772804        7.3564636807416251E-003
   1.0713486461518233        6.2968299433521380E-003
   1.0807664515394062        5.3750443710368833E-003
   1.0902670451571670        4.5753919085837506E-003
   1.0998511547639385        3.8836427074944798E-003
   1.1095195145159957        3.2869503645936013E-003
   1.1192728650232933        2.7737526779989968E-003
   1.1291119534061966        2.3336753758685762E-003
   1.1390375333527143        1.9574392131217122E-003
   1.1490503651762289        1.6367707710510831E-003
   1.1591512158737405        1.3643172351524068E-003
   1.1693408591846186        1.1335653683193269E-003
   1.1796200756498711        9.3876484043059147E-004
   1.1899896526719362        7.7485602188428701E-004
   1.2004503845749972        6.3740229832043673E-004
   1.2110030726658303        5.2252691705062862E-004
   1.2216485252951843        4.2685433293080229E-004
   1.2323875579197023        3.4745598283439507E-004
   1.2432209931643872        2.8180038368757853E-004
   1.2541496608856144        2.2770741931263624E-004
   1.2651743982347015        1.8330665610746160E-004
   1.2762960497220346        1.4699950681215169E-004
   1.2875154672817595        1.1742504515341028E-004
   1.2988335103370399        9.3429261829265818E-005
   1.3102510458658911        7.4037543863459730E-005
   1.3217689484675934        5.8430154540294015E-005
   1.3333881004296839        4.5920489611795599E-005
   1.3451093917955443        3.5935886909550868E-005
   1.3569337204325782        2.8000770537078488E-005
   1.3688619921009890        2.1721917100891523E-005
   1.3808951205231621        1.6775639595809568E-005
   1.3930340274536583        1.2896694236546715E-005
   1.4052796427498206        9.8687263813294678E-006
   1.4176329044430029        7.5160834021570379E-006
   1.4300947588104245        5.6968346224043225E-006
   1.4426661604476561        4.2968509955043587E-006
   1.4553480723417438        3.2248097982405927E-006
   1.4681414659449743        2.4080020500125400E-006
   1.4810473212492907        1.7888324685738368E-006
   1.4940666268613596        1.3219133880634320E-006
   1.5072003800783016        9.7166508206133060E-007
   1.5204495869640842        7.1034526711656422E-007
   1.5338152624265886        5.1644015151214397E-007
   1.5472984302953525        3.7335820474825461E-007
   1.5609001233999977        2.6837584128359889E-007
   1.5746213836493455        1.9179144159491937E-007
   1.5884632621112280        1.3625059387348158E-007
   1.6024268190930036        9.6211162169175077E-008
   1.6165131242227744        6.7521812420114624E-008
   1.6307232565313248        4.7092004278377309E-008
   1.6450583045347749        3.2635236127730500E-008
   1.6595193663179622        2.2470567741088956E-008
   1.6741075496185578        1.5370194816898013E-008
   1.6888239719119189        1.0443166489133441E-008
   1.7036697604966908        7.0472731311905767E-009
   1.7186460525811578        4.7227367667289156E-009
   1.7337539953703562        3.1426560145793296E-009
   1.7489947461539517        2.0762336354538303E-009
   1.7643694723948888        1.3616851631444026E-009
   1.7798793518188210        8.8642533804432586E-010
   1.7955255725043244        5.7268454819895901E-010
   1.8113093329739092        3.6714573055599299E-010
   1.8272318422858254        2.3353503953162706E-010
   1.8432943201266794        1.4736554905617778E-010
   1.8594979969048644        9.2237804996451229E-011
   1.8758441138448103        5.7257011837506668E-011
   1.8923339230820637        3.5244525964550039E-011
   1.9089686877592040        2.1509651359432404E-011
   1.9257496821226001        1.3013318488661782E-011
   1.9426781916200213        7.8034897449552482E-012
   1.9597555129991031        4.6373271239333122E-012
   1.9769829544066813        2.7305831737768689E-012
   1.9943618354889954        1.5928739742624602E-012
