   4.0351624297894465E-006   3717260.8080947078     
   4.0706339586960673E-006   3684868.0375709087     
   4.1064173038888636E-006   3652757.5378451375     
   4.1425152064224035E-006   3620926.8492079568     
   4.1789304314467894E-006   3589373.5333838463     
   4.2156657684194715E-006   3558095.1733444412     
   4.2527240313189270E-006   3527089.3731233692     
   4.2901080588602128E-006   3496353.7576327287     
   4.3278207147124155E-006   3465885.9724811474     
   4.3658648877180122E-006   3435683.6837934311     
   4.4042434921141596E-006   3405744.5780317918     
   4.4429594677559338E-006   3376066.3618186167     
   4.4820157803415140E-006   3346646.7617608123     
   4.5214154216393764E-006   3317483.5242756312     
   4.5611614097174544E-006   3288574.4154180717     
   4.6012567891743356E-006   3259917.2207097351     
   4.6417046313724746E-006   3231509.7449692041     
   4.6825080346734706E-006   3203349.8121438846     
   4.7236701246754019E-006   3175435.2651433176     
   4.7651940544522524E-006   3147763.9656739463     
   4.8070830047954434E-006   3120333.7940753093     
   4.8493401844574846E-006   3093142.6491576880     
   4.8919688303977655E-006   3066188.4480411424     
   4.9349722080305213E-006   3039469.1259959531     
   4.9783536114749568E-006   3012982.6362844761     
   5.0221163638075882E-006   2986726.9500043490     
   5.0662638173167916E-006   2960700.0559330769     
   5.1107993537595945E-006   2934899.9603739702     
   5.1557263846207248E-006   2909324.6870034211     
   5.2010483513739307E-006   2883972.2767195227     
   5.2467687257456061E-006   2858840.7874919917     
   5.2928910099807300E-006   2833928.2942134081     
   5.3394187371111389E-006   2809232.8885517488     
   5.3863554712261711E-006   2784752.6788042090     
   5.4337048077456680E-006   2760485.7897522934     
   5.4814703736954021E-006   2736430.3625181718     
   5.5296558279849008E-006   2712584.5544222863     
   5.5782648616877314E-006   2688946.5388421994     
   5.6273011983242389E-006   2665514.5050726752     
   5.6767685941467754E-006   2642286.6581869698     
   5.7266708384274298E-006   2619261.2188993450     
   5.7770117537482982E-006   2596436.4234287674     
   5.8277951962942934E-006   2573810.5233638054     
   5.8790250561485368E-006   2551381.7855286915     
   5.9307052575903410E-006   2529148.4918505629     
   5.9828397593958215E-006   2507108.9392278562     
   6.0354325551411372E-006   2485261.4393998454     
   6.0884876735084094E-006   2463604.3188173147     
   6.1420091785943222E-006   2442135.9185143695     
   6.1960011702214367E-006   2420854.5939813545     
   6.2504677842522461E-006   2399758.7150388802     
   6.3054131929059875E-006   2378846.6657129498     
   6.3608416050782398E-006   2358116.8441111734     
   6.4167572666633275E-006   2337567.6623000642     
   6.4731644608795696E-006   2317197.5461833938     
   6.5300675085973740E-006   2297004.9353816188     
   6.5874707686702249E-006   2276988.2831123527     
   6.6453786382685736E-006   2257146.0560718821     
   6.7037955532166756E-006   2237476.7343177078     
   6.7627259883323710E-006   2217978.8111521206     
   6.8221744577698721E-006   2198650.7930067843     
   6.8821455153655436E-006   2179491.1993283276     
   6.9426437549867412E-006   2160498.5624649264     
   7.0036738108837070E-006   2141671.4275538870     
   7.0652403580445529E-006   2123008.3524101959     
   7.1273481125533780E-006   2104507.9074160499     
   7.1900018319515290E-006   2086168.6754113438     
   7.2532063156020257E-006   2067989.2515851131     
   7.3169664050572065E-006   2049968.2433679253     
   7.3812869844295975E-006   2032104.2703252065     
   7.4461729807660377E-006   2014395.9640514972     
   7.5116293644251025E-006   1996841.9680656323     
   7.5776611494578381E-006   1979440.9377068314     
   7.6442733939918444E-006   1962191.5400316960     
   7.7114712006187367E-006   1945092.4537121048     
   7.7792597167850108E-006   1928142.3689339976     
   7.8476441351863411E-006   1911339.9872970411     
   7.9166296941653545E-006   1894684.0217151719     
   7.9862216781128874E-006   1878173.1963180013     
   8.0564254178727877E-006   1861806.2463530828     
   8.1272462911502537E-006   1845581.9180890303     
   8.1986897229237806E-006   1829498.9687194817     
   8.2707611858607216E-006   1813556.1662678961     
   8.3434662007364977E-006   1797752.2894931829     
   8.4168103368575013E-006   1782086.1277961556     
   8.4907992124877108E-006   1766556.4811267946     
   8.5654384952790581E-006   1751162.1598923244     
   8.6407339027055772E-006   1735901.9848660878     
   8.7166912025013689E-006   1720774.7870972168     
   8.7933162131024287E-006   1705779.4078210858     
   8.8706148040923335E-006   1690914.6983705538     
   8.9485928966518637E-006   1676179.5200879704     
   9.0272564640125789E-006   1661572.7442379566     
   9.1066115319143701E-006   1647093.2519209387     
   9.1866641790670455E-006   1632739.9339874412     
   9.2674205376159622E-006   1618511.6909531243     
   9.3488867936117613E-006   1604407.4329145607     
   9.4310691874842262E-006   1590426.0794657480     
   9.5139740145203059E-006   1576566.5596153496     
   9.5976076253463546E-006   1562827.8117046519     
   9.6819764264145774E-006   1549208.7833262440     
   9.7670868804937981E-006   1535708.4312433968     
   9.8529455071644940E-006   1522325.7213101555     
   9.9395588833182215E-006   1509059.6283921164     
   1.0026933643661408E-005   1495909.1362879048     
   1.0115076481223578E-005   1482873.2376513314     
   1.0203994147870055E-005   1469950.9339142260     
   1.0293693454819156E-005   1457141.2352099493     
   1.0384181273163946E-005   1444443.1602975647     
   1.0475464534398573E-005   1431855.7364866750     
   1.0567550230949230E-005   1419377.9995629133     
   1.0660445416709780E-005   1407008.9937140828     
   1.0754157207582102E-005   1394747.7714569401     
   1.0848692782021169E-005   1382593.3935646159     
   1.0944059381584941E-005   1370544.9289946693     
   1.1040264311489072E-005   1358601.4548177691     
   1.1137314941166488E-005   1346762.0561469968     
   1.1235218704831916E-005   1335025.8260677629     
   1.1333983102051348E-005   1323391.8655683377     
   1.1433615698316511E-005   1311859.2834709850     
   1.1534124125624403E-005   1300427.1963636964     
   1.1635516083061910E-005   1289094.7285325213     
   1.1737799337395570E-005   1277861.0118944864     
   1.1840981723666515E-005   1266725.1859310973     
   1.1945071145790651E-005   1255686.3976224249     
   1.2050075577164101E-005   1244743.8013817586     
   1.2156003061273992E-005   1233896.5589908375     
   1.2262861712314577E-005   1223143.8395356387     
   1.2370659715808814E-005   1212484.8193427296     
   1.2479405329235379E-005   1201918.6819161719     
   1.2589106882661200E-005   1191444.6178749790     
   1.2699772779379553E-005   1181061.8248911141     
   1.2811411496553767E-005   1170769.5076280332     
   1.2924031585866586E-005   1160566.8776797580     
   1.3037641674175241E-005   1150453.1535104862     
   1.3152250464172279E-005   1140427.5603947216     
   1.3267866735052196E-005   1130489.3303579323     
   1.3384499343183948E-005   1120637.7021177197     
   1.3502157222789348E-005   1110871.9210255058     
   1.3620849386627446E-005   1101191.2390087245     
   1.3740584926684923E-005   1091594.9145135176     
   1.3861373014872545E-005   1082082.2124479336     
   1.3983222903727741E-005   1072652.4041256143     
   1.4106143927123366E-005   1063304.7672099811     
   1.4230145500982693E-005   1054038.5856588993     
   1.4355237124000669E-005   1044853.1496698307     
   1.4481428378371552E-005   1035747.7556254594     
   1.4608728930522899E-005   1026721.7060397962     
   1.4737148531856041E-005   1017774.3095047487     
   1.4866697019493048E-005   1008904.8806371582     
   1.4997384317030272E-005   1000112.7400263000     
   1.5129220435298502E-005   991397.21418183786     
   1.5262215473129814E-005   982757.63548223407     
   1.5396379618131146E-005   974193.34212361067     
   1.5531723147464694E-005   965703.67806905042     
   1.5668256428635155E-005   957287.99299834785     
   1.5805989920283886E-005   948945.64225818985     
   1.5944934172990057E-005   940675.98681277747     
   1.6085099830078834E-005   932478.39319487312     
   1.6226497628436681E-005   924352.23345727660     
   1.6369138399333811E-005   916296.88512472343     
   1.6513033069253888E-005   908311.73114620207     
   1.6658192660730999E-005   900396.15984768758     
   1.6804628293194005E-005   892549.56488528603     
   1.6952351183818299E-005   884771.34519878787     
   1.7101372648385061E-005   877060.90496562584     
   1.7251704102148064E-005   869417.65355523385     
   1.7403357060708084E-005   861841.00548380520     
   1.7556343140895038E-005   854330.38036944089     
   1.7710674061657827E-005   846885.20288769423     
   1.7866361644962029E-005   839504.90272750030     
   1.8023417816695487E-005   832188.91454748588     
   1.8181854607581839E-005   824936.67793266813     
   1.8341684154102094E-005   817747.63735152222     
   1.8502918699424298E-005   810621.24211342947     
   1.8665570594341383E-005   803556.94632649142     
   1.8829652298217254E-005   796554.20885571593     
   1.8995176379941191E-005   789612.49328156409     
   1.9162155518890653E-005   782731.26785886008     
   1.9330602505902510E-005   775910.00547605904     
   1.9500530244252883E-005   769148.18361486844     
   1.9671951750645514E-005   762445.28431022435     
   1.9844880156208880E-005   755800.79411061271     
   2.0019328707502047E-005   749214.20403873979     
   2.0195310767529395E-005   742685.00955254247     
   2.0372839816764217E-005   736212.71050654096     
   2.0551929454181372E-005   729796.81111352483     
   2.0732593398298947E-005   723436.81990657782     
   2.0914845488229152E-005   717132.24970142869     
   2.1098699684738398E-005   710882.61755913263     
   2.1284170071316708E-005   704687.44474907848     
   2.1471270855256533E-005   698546.25671231619     
   2.1660016368741072E-005   692458.58302520495     
   2.1850421069942100E-005   686423.95736337837     
   2.2042499544127519E-005   680441.91746602440     
   2.2236266504778591E-005   674512.00510047295     
   2.2431736794717014E-005   668633.76602709759     
   2.2628925387241909E-005   662806.74996451777     
   2.2827847387276789E-005   657030.51055510796     
   2.3028518032526618E-005   651304.60533080576     
   2.3230952694645046E-005   645628.59567921853     
   2.3435166880411899E-005   640002.04681002360     
   2.3641176232921010E-005   634424.52772166464     
   2.3848996532778513E-005   628895.61116833531     
   2.4058643699311660E-005   623414.87362725183     
   2.4270133791788246E-005   617981.89526621019     
   2.4483483010646801E-005   612596.25991142739     
   2.4698707698737546E-005   607257.55501566036     
   2.4915824342574275E-005   601965.37162660621     
   2.5134849573597260E-005   596719.30435557407     
   2.5355800169447239E-005   591518.95134643326     
   2.5578693055250591E-005   586363.91424482909     
   2.5803545304915856E-005   581253.79816766980     
   2.6030374142441583E-005   576188.21167287685     
   2.6259196943235737E-005   571166.76672940084     
   2.6490031235446682E-005   566189.07868749660     
   2.6722894701305840E-005   561254.76624925947     
   2.6957805178482200E-005   556363.45143941732     
   2.7194780661448687E-005   551514.75957637664     
   2.7433839302860582E-005   546708.31924352096     
   2.7674999414946031E-005   541943.76226076158     
   2.7918279470908779E-005   537220.72365633270     
   2.8163698106343273E-005   532538.84163883456     
   2.8411274120662140E-005   527897.75756951980     
   2.8661026478536268E-005   523297.11593482189     
   2.8912974311347514E-005   518736.56431912101     
   2.9167136918654220E-005   514215.75337774964     
   2.9423533769669556E-005   509734.33681023150     
   2.9682184504752908E-005   505291.97133375501     
   2.9943108936914351E-005   500888.31665687659     
   3.0206327053332352E-005   496523.03545345494     
   3.0471859016884812E-005   492195.79333681049     
   3.0739725167693592E-005   487906.25883411133     
   3.1009946024682569E-005   483654.10336098156     
   3.1282542287149426E-005   479439.00119633193     
   3.1557534836351249E-005   475260.62945740845     
   3.1834944737104045E-005   471118.66807505954     
   3.2114793239396380E-005   467012.79976921767     
   3.2397101780017094E-005   462942.71002459654     
   3.2681891984197449E-005   458908.08706659736     
   3.2969185667267601E-005   454908.62183742749     
   3.3259004836327730E-005   450944.00797242508     
   3.3551371691933787E-005   447013.94177659258     
   3.3846308629798104E-005   443118.12220133207     
   3.4143838242504896E-005   439256.25082138518     
   3.4443983321240977E-005   435428.03181197244     
   3.4746766857541473E-005   431633.17192613403     
   3.5052212045051110E-005   427871.38047226553     
   3.5360342281300837E-005   424142.36929185106     
   3.5671181169500095E-005   420445.85273738956     
   3.5984752520344893E-005   416781.54765051440     
   3.6301080353841694E-005   413149.17334030219     
   3.6620188901147449E-005   409548.45156177256     
   3.6942102606425661E-005   405979.10649457283     
   3.7266846128718907E-005   402440.86472185102     
   3.7594444343837698E-005   398933.45520931139     
   3.7924922346266066E-005   395456.60928445210     
   3.8258305451083757E-005   392010.06061598589     
   3.8594619195905490E-005   388593.54519343720     
   3.8933889342837100E-005   385206.80130691984     
   3.9276141880449001E-005   381849.56952708884     
   3.9621403025766906E-005   378521.59268526838     
   3.9969699226280124E-005   375222.61585375207     
   4.0321057161967463E-005   371952.38632627449     
   4.0675503747340953E-005   368710.65359865496     
   4.1033066133507509E-005   365497.16934960725     
   4.1393771710248806E-005   362311.68742171844     
   4.1757648108119303E-005   359153.96380259271     
   4.2124723200562836E-005   356023.75660616008     
   4.2495025106047753E-005   352920.82605414680     
   4.2868582190220800E-005   349844.93445770838     
   4.3245423068079982E-005   346795.84619922313     
   4.3625576606166551E-005   343773.32771424181     
   4.4009071924776165E-005   340777.14747359772     
   4.4395938400189569E-005   337807.07596567052     
   4.4786205666922886E-005   334862.88567880588     
   4.5179903619997610E-005   331944.35108388681     
   4.5577062417230632E-005   329051.24861705879     
   4.5977712481544409E-005   326183.35666260414     
   4.6381884503297321E-005   323340.45553596568     
   4.6789609442634673E-005   320522.32746691868     
   4.7200918531860234E-005   317728.75658288988     
   4.7615843277828714E-005   314959.52889242052     
   4.8034415464359199E-005   312214.43226877501     
   4.8456667154669859E-005   309493.25643369119     
   4.8882630693834022E-005   306795.79294127302     
   4.9312338711257865E-005   304121.83516202326     
   4.9745824123179861E-005   301471.17826701538     
   5.0183120135192230E-005   298843.61921220343     
   5.0624260244784492E-005   296238.95672286837     
   5.1069278243909468E-005   293656.99127820024     
   5.1518208221571757E-005   291097.52509601484     
   5.1971084566439037E-005   288560.36211760278     
   5.2427941969476234E-005   286045.30799271195     
   5.2888815426602948E-005   283552.17006465897     
   5.3353740241374181E-005   281080.75735557219     
   5.3822752027684599E-005   278630.88055176253     
   5.4295886712496663E-005   276202.35198922112     
   5.4773180538592640E-005   273794.98563924455     
   5.5254670067350872E-005   271408.59709418489     
   5.5740392181546432E-005   269043.00355332327     
   5.6230384088176393E-005   266698.02380886738     
   5.6724683321309917E-005   264373.47823207109     
   5.7223327744963456E-005   262069.18875947368     
   5.7726355556001141E-005   259784.97887926101     
   5.8233805287060765E-005   257520.67361774365     
   5.8745715809505407E-005   255276.09952595408     
   5.9262126336401033E-005   253051.08466636014     
   5.9783076425520291E-005   250845.45859969416     
   6.0308605982372652E-005   248659.05237189773     
   6.0838755263261297E-005   246491.69850117856     
   6.1373564878366722E-005   244343.23096518224     
   6.1913075794857629E-005   242213.48518827368     
   6.2457329340028964E-005   240102.29802893123     
   6.3006367204467746E-005   238009.50776724922     
   6.3560231445246535E-005   235934.95409255047     
   6.4118964489145151E-005   233878.47809110567     
   6.4682609135900549E-005   231839.92223396097     
   6.5251208561485372E-005   229819.13036487071     
   6.5824806321415302E-005   227815.94768833570     
   6.6403446354085469E-005   225830.22075774561     
   6.6987172984136171E-005   223861.79746362477     
   6.7576030925848232E-005   221910.52702198052     
   6.8170065286568109E-005   219976.25996275290     
   6.8769321570163352E-005   218058.84811836455     
   6.9373845680508031E-005   216158.14461237172     
   6.9983683924999219E-005   214274.00384821268     
   7.0598883018104116E-005   212406.28149805500     
   7.1219490084938476E-005   210554.83449173995     
   7.1845552664876429E-005   208719.52100582302     
   7.2477118715192100E-005   206900.20045270992     
   7.3114236614733183E-005   205096.73346988755     
   7.3756955167626813E-005   203308.98190924880     
   7.4405323607018071E-005   201536.80882650972     
   7.5059391598841273E-005   199780.07847071983     
   7.5719209245624474E-005   198038.65627386313     
   7.6384827090327398E-005   196312.40884055034     
   7.7056296120213056E-005   194601.20393780025     
   7.7733667770753511E-005   192904.91048491056     
   7.8416993929569822E-005   191223.39854341731     
   7.9106326940406806E-005   189556.53930714069     
   7.9801719607142568E-005   187904.20509231911     
   8.0503225197833388E-005   186266.26932782776     
   8.1210897448794075E-005   184642.60654548366     
   8.1924790568714372E-005   183033.09237043397     
   8.2644959242811244E-005   181437.60351162939     
   8.3371458637018011E-005   179856.01775237938     
   8.4104344402209977E-005   178288.21394099048     
   8.4843672678467494E-005   176734.07198148582     
   8.5589500099376349E-005   175193.47282440544     
   8.6341883796365890E-005   173666.29845768734     
   8.7100881403085449E-005   172152.43189762719     
   8.7866551059819170E-005   170651.75717991739     
   8.8638951417939591E-005   169164.15935076404     
   8.9418141644400463E-005   167689.52445808117     
   9.0204181426268952E-005   166227.73954276217     
   9.0997130975297878E-005   164778.69263002669     
   9.1797051032537858E-005   163342.27272084320     
   9.2604002872990321E-005   161918.36978342663     
   9.3418048310301132E-005   160506.87474480926     
   9.4239249701495649E-005   159107.67948248610     
   9.5067669951755384E-005   157720.67681613218     
   9.5903372519236588E-005   156345.76049939264     
   9.6746421419931285E-005   154982.82521174394     
   9.7596881232570929E-005   153631.76655042608     
   9.8454817103573228E-005   152292.48102244569     
   9.9320294752032519E-005   150964.86603664764     
   1.0019338047475388E-004   149648.81989585693     
   1.0107414115133159E-004   148344.24178908824     
   1.0196264424927217E-004   147051.03178382386     
   1.0285895782916250E-004   145769.09081835864     
   1.0376315054988338E-004   144498.32069421172     
   1.0467529167386889E-004   143238.62406860437     
   1.0559545107241196E-004   141989.90444700344     
   1.0652369923101660E-004   140752.06617572976     
   1.0746010725479729E-004   139525.01443463081     
   1.0840474687392558E-004   138308.65522981755     
   1.0935769044912487E-004   137102.89538646420     
   1.1031901097721321E-004   135907.64254167091     
   1.1128878209669507E-004   134722.80513738890     
   1.1226707809340207E-004   133548.29241340666     
   1.1325397390618345E-004   132384.01440039766     
   1.1424954513264646E-004   131229.88191302860     
   1.1525386803494717E-004   130085.80654312788     
   1.1626701954563241E-004   128951.70065291316     
   1.1728907727353278E-004   127827.47736827821     
   1.1832011950970766E-004   126713.05057213835     
   1.1936022523344242E-004   125608.33489783366     
   1.2040947411829827E-004   124513.24572258985     
   1.2146794653821548E-004   123427.69916103597     
   1.2253572357367003E-004   122351.61205877872     
   1.2361288701788459E-004   121284.90198603262     
   1.2469951938309386E-004   120227.48723130596     
   1.2579570390686530E-004   119179.28679514134     
   1.2690152455847509E-004   118140.22038391118     
   1.2801706604534036E-004   117110.20840366711     
   1.2914241381950791E-004   116089.17195404276     
   1.3027765408419993E-004   115077.03282221018     
   1.3142287380041729E-004   114073.71347688838     
   1.3257816069360093E-004   113079.13706240449     
   1.3374360326035158E-004   112093.22739280637     
   1.3491929077520901E-004   111115.90894602676     
   1.3610531329749030E-004   110147.10685809817     
   1.3730176167818869E-004   109186.74691741819     
   1.3850872756693286E-004   108234.75555906467     
   1.3972630341900730E-004   107291.05985916074     
   1.4095458250243476E-004   106355.58752928850     
   1.4219365890512039E-004   105428.26691095198     
   1.4344362754205935E-004   104509.02697008758     
   1.4470458416260715E-004   103597.79729162305     
   1.4597662535781431E-004   102694.50807408348     
   1.4725984856782542E-004   101799.09012424447     
   1.4855435208934310E-004   100911.47485183162     
   1.4986023508315764E-004   100031.59426426693     
   1.5117759758174302E-004   99159.380961459858     
   1.5250654049691931E-004   98294.768130644778     
   1.5384716562758286E-004   97437.689541262851     
   1.5519957566750419E-004   96588.079539888728     
   1.5656387421319429E-004   95745.873045201501     
   1.5794016577184061E-004   94911.005542999148     
   1.5932855576931209E-004   94083.413081256949     
   1.6072915055823515E-004   93263.032265228365     
   1.6214205742614050E-004   92449.800252589164     
   1.6356738460368125E-004   91643.654748623419     
   1.6500524127292381E-004   90844.534001451873     
   1.6645573757571129E-004   90052.376797301346     
   1.6791898462210038E-004   89267.122455816003     
   1.6939509449887284E-004   88488.710825408896     
   1.7088418027812115E-004   87717.082278654387     
   1.7238635602591029E-004   86952.177707720621     
   1.7390173681101518E-004   86193.938519841744     
   1.7543043871373520E-004   85442.306632829539     
   1.7697257883478608E-004   84697.224470624482     
   1.7852827530426992E-004   83958.634958885043     
   1.8009764729072427E-004   83226.481520615926     
   1.8168081501025043E-004   82500.708071834029     
   1.8327789973572226E-004   81781.259017272547     
   1.8488902380607586E-004   81068.079246122070     
   1.8651431063568098E-004   80361.114127809138     
   1.8815388472379454E-004   79660.309507811398     
   1.8980787166409752E-004   78965.611703509465     
   1.9147639815431580E-004   78276.967500074476     
   1.9315959200592509E-004   77594.324146391999     
   1.9485758215394169E-004   76917.629351021111     
   1.9657049866679901E-004   76246.831278188780     
   1.9829847275631095E-004   75581.878543819272     
   2.0004163678772303E-004   74922.720211597974     
   2.0180012428985158E-004   74269.305789069651     
   2.0357406996531245E-004   73621.585223770599     
   2.0536360970083923E-004   72979.508899394583     
   2.0716888057769250E-004   72343.027631992198     
   2.0899002088216033E-004   71712.092666203243     
   2.1082717011615130E-004   71086.655671522036     
   2.1268046900788050E-004   70466.668738595195     
   2.1455005952264954E-004   69852.084375551771     
   2.1643608487372122E-004   69242.855504365216     
   2.1833868953328992E-004   68638.935457247251     
   2.2025801924354846E-004   68040.277973072909     
   2.2219422102785191E-004   67446.837193837055     
   2.2414744320198003E-004   66858.567661141395     
   2.2611783538549842E-004   66275.424312712406     
   2.2810554851321948E-004   65697.362478949508     
   2.3011073484676428E-004   65124.337879503364     
   2.3213354798622612E-004   64556.306619883726     
   2.3417414288193629E-004   63993.225188097305     
   2.3623267584633374E-004   63435.050451314564     
   2.3830930456593868E-004   62881.739652565666     
   2.4040418811343159E-004   62333.250407465348     
   2.4251748695983846E-004   61789.540700966034     
   2.4464936298682305E-004   61250.568884139640     
   2.4679997949908727E-004   60716.293670987012     
   2.4896950123688060E-004   60186.674135275462     
   2.5115809438861945E-004   59661.669707403780     
   2.5336592660361721E-004   59141.240171294448     
   2.5559316700492663E-004   58625.345661313149     
   2.5783998620229485E-004   58113.946659214926     
   2.6010655630523237E-004   57607.003991117024     
   2.6239305093619675E-004   57104.478824498161     
   2.6469964524389241E-004   56606.332665223905     
   2.6702651591668732E-004   56112.527354597900     
   2.6937384119614757E-004   55623.025066438960     
   2.7174180089069083E-004   55137.788304183392     
   2.7413057638935999E-004   54656.779898012879     
   2.7654035067571783E-004   54179.963002007062     
   2.7897130834186380E-004   53707.301091321177     
   2.8142363560257398E-004   53238.757959388204     
   2.8389752030956553E-004   52774.297715145316     
   2.8639315196588629E-004   52313.884780284687     
   2.8891072174043095E-004   51857.483886528040     
   2.9145042248258506E-004   51405.060072925087     
   2.9401244873699712E-004   50956.578683175547     
   2.9659699675848162E-004   50512.005362974225     
   2.9920426452705181E-004   50071.306057379668     
   3.0183445176308566E-004   49634.447008205330     
   3.0448775994262455E-004   49201.394751433763     
   3.0716439231280661E-004   48772.116114653087     
   3.0986455390743590E-004   48346.578214516092     
   3.1258845156268794E-004   47924.748454221219     
   3.1533629393295414E-004   47506.594521015671     
   3.1810829150682454E-004   47092.084383720161     
   3.2090465662321197E-004   46681.186290275262     
   3.2372560348761694E-004   46273.868765309271     
   3.2657134818853681E-004   45870.100607726985     
   3.2944210871401793E-004   45469.850888319772     
   3.3233810496835389E-004   45073.088947396303     
   3.3525955878893073E-004   44679.784392434005     
   3.3820669396321986E-004   44289.907095750925     
   3.4117973624592045E-004   43903.427192197916     
   3.4417891337625272E-004   43520.315076870909     
   3.4720445509540287E-004   43140.541402843170     
   3.5025659316412162E-004   42764.077078917253     
   3.5333556138047762E-004   42390.893267396612     
   3.5644159559776657E-004   42020.961381876550     
   3.5957493374257771E-004   41654.253085054443     
   3.6273581583301984E-004   41290.740286559165     
   3.6592448399710634E-004   40930.395140799206     
   3.6914118249130323E-004   40573.190044829731     
   3.7238615771923914E-004   40219.097636238141     
   3.7565965825058027E-004   39868.090791048046     
   3.7896193484007111E-004   39520.142621641600     
   3.8229324044674283E-004   39175.226474699768     
   3.8565383025328996E-004   38833.315929160766     
   3.8904396168561802E-004   38494.384794196063     
   3.9246389443256270E-004   38158.407107204141     
   3.9591389046578218E-004   37825.357131821838     
   3.9939421405982452E-004   37495.209355952771     
   4.0290513181237195E-004   37167.938489813117     
   4.0644691266466203E-004   36843.519463994395     
   4.1001982792208909E-004   36521.927427543138     
   4.1362415127498692E-004   36203.137746057175     
   4.1726015881959346E-004   35887.125999798722     
   4.2092812907920028E-004   35573.867981823736     
   4.2462834302548787E-004   35263.339696127652     
   4.2836108410004853E-004   34955.517355807177     
   4.3212663823609832E-004   34650.377381238286     
   4.3592529388037987E-004   34347.896398269972     
   4.3975734201525806E-004   34048.051236433668     
   4.4362307618100934E-004   33750.818927168461     
   4.4752279249830754E-004   33456.176702061603     
   4.5145678969090727E-004   33164.101991104442     
   4.5542536910852610E-004   32874.572420963515     
   4.5942883474992896E-004   32587.565813266745     
   4.6346749328621430E-004   32303.060182904537     
   4.6754165408430611E-004   32021.033736345642     
   4.7165162923065138E-004   31741.464869967811     
   4.7579773355512655E-004   31464.332168402892     
   4.7998028465515402E-004   31189.614402896375     
   4.8419960292003035E-004   30917.290529681271     
   4.8845601155546878E-004   30647.339688366090     
   4.9274983660835671E-004   30379.741200336968     
   4.9708140699173244E-004   30114.474567173540     
   5.0145105450997887E-004   29851.519469078892     
   5.0585911388424166E-004   29590.855763322885     
   5.1030592277806822E-004   29332.463482699295     
   5.1479182182327383E-004   29076.322833996248     
   5.1931715464603441E-004   28822.414196480062     
   5.2388226789320841E-004   28570.718120392226     
   5.2848751125889114E-004   28321.215325459580     
   5.3313323751120112E-004   28073.886699417373     
   5.3781980251930311E-004   27828.713296545247     
   5.4254756528066786E-004   27585.676336215995     
   5.4731688794857193E-004   27344.757201456912     
   5.5212813585983947E-004   27105.937437523698     
   5.5698167756282682E-004   26869.198750486834     
   5.6187788484565466E-004   26634.523005830200     
   5.6681713276468656E-004   26401.892227062010     
   5.7179979967325991E-004   26171.288594337715     
   5.7682626725066757E-004   25942.694443095002     
   5.8189692053139507E-004   25716.092262700688     
   5.8701214793461522E-004   25491.464695109349     
   5.9217234129394088E-004   25268.794533533728     
   5.9737789588744101E-004   25048.064721126560     
   6.0262921046791830E-004   24829.258349674103     
   6.0792668729345528E-004   24612.358658300884     
   6.1327073215822702E-004   24397.349032185844     
   6.1866175442358594E-004   24184.213001289550     
   6.2410016704941970E-004   23972.934239092607     
   6.2958638662578403E-004   23763.496561345044     
   6.3512083340481410E-004   23555.883924826539     
   6.4070393133291699E-004   23350.080426117489     
   6.4633610808324598E-004   23146.070300380830     
   6.5201779508846129E-004   22943.837920154368     
   6.5774942757377826E-004   22743.367794153732     
   6.6353144459030595E-004   22544.644566085717     
   6.6936428904868016E-004   22347.653013471936     
   6.7524840775298940E-004   22152.378046482820     
   6.8118425143500188E-004   21958.804706781655     
   6.8717227478869180E-004   21766.918166378789     
   6.9321293650506980E-004   21576.703726495769     
   6.9930669930731867E-004   21388.146816439410     
   7.0545402998623940E-004   21201.232992485646     
   7.1165539943600776E-004   21015.947936773118     
   7.1791128269024502E-004   20832.277456206419     
   7.2422215895840672E-004   20650.207481368871     
   7.3058851166249081E-004   20469.724065444807     
   7.3701082847406785E-004   20290.813383151202     
   7.4348960135163825E-004   20113.461729678642     
   7.5002532657831580E-004   19937.655519641539     
   7.5661850479984496E-004   19763.381286037438     
   7.6326964106295002E-004   19590.625679215453     
   7.6997924485402308E-004   19419.375465853642     
   7.7674783013815076E-004   19249.617527945338     
   7.8357591539848510E-004   19081.338861794287     
   7.9046402367596023E-004   18914.526577018521     
   7.9741268260935744E-004   18749.167895562983     
   8.0442242447572383E-004   18585.250150720658     
   8.1149378623114490E-004   18422.760786162333     
   8.1862730955187604E-004   18261.687354974732     
   8.2582354087583636E-004   18102.017518707085     
   8.3308303144446604E-004   17943.739046425970     
   8.4040633734495235E-004   17786.839813778421     
   8.4779401955282672E-004   17631.307802063162     
   8.5524664397493635E-004   17477.131097310004     
   8.6276478149279346E-004   17324.297889367157     
   8.7034900800630544E-004   17172.796470996596     
   8.7799990447788947E-004   17022.615236977286     
   8.8571805697697551E-004   16873.742683216144     
   8.9350405672489999E-004   16726.167405866880     
   9.0135850014019358E-004   16579.878100456401     
   9.0928198888426881E-004   16434.863561018865     
   9.1727512990750647E-004   16291.112679237347     
   9.2533853549575109E-004   16148.614443592864     
   9.3347282331721060E-004   16007.357938520905     
   9.4167861646977252E-004   15867.332343575283     
   9.4995654352873294E-004   15728.526932599276     
   9.5830723859494646E-004   15590.931072903975     
   9.6673134134339970E-004   15454.534224453817     
   9.7522949707221096E-004   15319.325939059207     
   9.8380235675206060E-004   15185.295859576159     
   9.9245057707605727E-004   15052.433719112929     
   1.0011748205100402E-003   14920.729340243577     
   1.0099757553433267E-003   14790.172634228320     
   1.0188540557399025E-003   14660.753600240761     
   1.0278104017900640E-003   14532.462324601796     
   1.0368454795625158E-003   14405.288980020194     
   1.0459599811569213E-003   14279.223824839870     
   1.0551546047569214E-003   14154.257202293586     
   1.0644300546836154E-003   14030.379539763277     
   1.0737870414495128E-003   13907.581348046770     
   1.0832262818129593E-003   13785.853220630883     
   1.0927484988330421E-003   13665.185832970892     
   1.1023544219249770E-003   13545.569941776239     
   1.1120447869159826E-003   13426.996384302500     
   1.1218203361016460E-003   13309.456077649496     
   1.1316818183027828E-003   13192.940018065528     
   1.1416299889227988E-003   13077.439280257689     
   1.1516656100055550E-003   12962.945016708169     
   1.1617894502937401E-003   12849.448456996517     
   1.1720022852877584E-003   12736.940907127817     
   1.1823048973051335E-003   12625.413748866731     
   1.1926980755404362E-003   12514.858439077301     
   1.2031826161257358E-003   12405.266509068571     
   1.2137593221915868E-003   12296.629563945829     
   1.2244290039285489E-003   12188.939281967594     
   1.2351924786492487E-003   12082.187413908121     
   1.2460505708509876E-003   11976.365782425522     
   1.2570041122788994E-003   11871.466281435358     
   1.2680539419896626E-003   11767.480875489706     
   1.2792009064157733E-003   11664.401599161636     
   1.2904458594303835E-003   11562.220556435050     
   1.3017896624127089E-003   11460.929920099825     
   1.3132331843140124E-003   11360.521931152247     
   1.3247773017241657E-003   11260.988898200660     
   1.3364228989387976E-003   11162.323196876301     
   1.3481708680270336E-003   11064.517269249247     
   1.3600221088998282E-003   10967.563623249482     
   1.3719775293788994E-003   10871.454832092990     
   1.3840380452662703E-003   10776.183533712849     
   1.3962045804144197E-003   10681.742430195292     
   1.4084780667970513E-003   10588.124287220682     
   1.4208594445804829E-003   10495.321933509338     
   1.4333496621956659E-003   10403.328260272219     
   1.4459496764108364E-003   10312.136220666380     
   1.4586604524048036E-003   10221.738829255159     
   1.4714829638408852E-003   10132.129161473111     
   1.4844181929414906E-003   10043.300353095554     
   1.4974671305633611E-003   9955.2455997127654     
   1.5106307762734706E-003   9867.9581562087678     
   1.5239101384255938E-003   9781.4313362446210     
   1.5373062342375475E-003   9695.6585117462673     
   1.5508200898691116E-003   9610.6331123967848     
   1.5644527405006331E-003   9526.3486251331124     
   1.5782052304123230E-003   9442.7985936471377     
   1.5920786130642507E-003   9359.9766178911232     
   1.6060739511770384E-003   9277.8763535874623     
   1.6201923168132689E-003   9196.4915117427136     
   1.6344347914596055E-003   9115.8158581658281     
   1.6488024661096374E-003   9035.8432129906178     
   1.6632964413474489E-003   8956.5674502023776     
   1.6779178274319278E-003   8877.9824971686048     
   1.6926677443818115E-003   8800.0823341738451     
   1.7075473220614830E-003   8722.8609939585585     
   1.7225577002675193E-003   8646.3125612620388     
   1.7377000288160008E-003   8570.4311723692881     
   1.7529754676305913E-003   8495.2110146618343     
   1.7683851868313869E-003   8420.6463261725094     
   1.7839303668245507E-003   8346.7313951440410     
   1.7996121983927331E-003   8273.4605595915491     
   1.8154318827862874E-003   8200.8282068688168     
   1.8313906318152859E-003   8128.8287732383687     
   1.8474896679423498E-003   8057.4567434452574     
   1.8637302243762874E-003   7986.7066502946227     
   1.8801135451665624E-003   7916.5730742328633     
   1.8966408852985890E-003   7847.0506429325151     
   1.9133135107898653E-003   7778.1340308807157     
   1.9301326987869523E-003   7709.8179589712618     
   1.9470997376633051E-003   7642.0971941002335     
   1.9642159271179641E-003   7574.9665487651127     
   1.9814825782751132E-003   7508.4208806674405     
   1.9989010137845160E-003   7442.4550923188835     
   2.0164725679228286E-003   7377.0641306507823     
   2.0341985866958114E-003   7312.2429866270677     
   2.0520804279414318E-003   7247.9866948605668     
   2.0701194614338790E-003   7184.2903332326450     
   2.0883170689884878E-003   7121.1490225161751     
   2.1066746445675901E-003   7058.5579260017748     
   2.1251935943872938E-003   6996.5122491273032     
   2.1438753370252002E-003   6935.0072391106060     
   2.1627213035290689E-003   6874.0381845854436     
   2.1817329375264389E-003   6813.6004152405867     
   2.2009116953352129E-003   6753.6893014620682     
   2.2202590460752123E-003   6694.3002539785539     
   2.2397764717807128E-003   6635.4287235098000     
   2.2594654675139737E-003   6577.0702004181676     
   2.2793275414797580E-003   6519.2202143631803     
   2.2993642151408664E-003   6461.8743339590919     
   2.3195770233346807E-003   6405.0281664354425     
   2.3399675143907350E-003   6348.6773573005585     
   2.3605372502493228E-003   6292.8175900080014     
   2.3812878065811388E-003   6237.4445856259126     
   2.4022207729079820E-003   6182.5541025092407     
   2.4233377527245140E-003   6128.1419359748343     
   2.4446403636210865E-003   6074.2039179793455     
   2.4661302374076547E-003   6020.7359167999757     
   2.4878090202387743E-003   5967.7338367179482     
   2.5096783727396985E-003   5915.1936177048083     
   2.5317399701335866E-003   5863.1112351113961     
   2.5539955023698257E-003   5811.4826993595671     
   2.5764466742534860E-003   5760.3040556365759     
   2.5990952055759088E-003   5709.5713835921415     
   2.6219428312464466E-003   5659.2807970381455     
   2.6449913014253575E-003   5609.4284436509488     
   2.6682423816578736E-003   5560.0105046762828     
   2.6916978530094416E-003   5511.0231946367476     
   2.7153595122021536E-003   5462.4627610418374     
   2.7392291717523820E-003   5414.3254841004946     
   2.7633086601096188E-003   5366.6076764361624     
   2.7875998217965371E-003   5319.3056828043455     
   2.8121045175502853E-003   5272.4158798125982     
   2.8368246244650222E-003   5225.9346756429823     
   2.8617620361357033E-003   5179.8585097769273     
   2.8869186628031340E-003   5134.1838527224827     
   2.9122964315002990E-003   5088.9072057439671     
   2.9378972861999701E-003   5044.0251005939654     
   2.9637231879636227E-003   4999.5340992476440     
   2.9897761150916545E-003   4955.4307936394034     
   3.0160580632749229E-003   4911.7118054018283     
   3.0425710457476223E-003   4868.3737856068792     
   3.0693170934414978E-003   4825.4134145093813     
   3.0962982551414192E-003   4782.8274012927250     
   3.1235165976423182E-003   4740.6124838167816     
   3.1509742059075102E-003   4698.7654283680304     
   3.1786731832284046E-003   4657.2830294118467     
   3.2066156513856211E-003   4616.1621093469566     
   3.2348037508115181E-003   4575.3995182620356     
   3.2632396407541548E-003   4534.9921336944244     
   3.2919254994426940E-003   4494.9368603909370     
   3.3208635242542544E-003   4455.2306300707760     
   3.3500559318822357E-003   4415.8704011904865     
   3.3795049585061171E-003   4376.8531587109846     
   3.4092128599627564E-003   4338.1759138666030     
   3.4391819119191864E-003   4299.8357039361354     
   3.4694144100469340E-003   4261.8295920159189     
   3.4999126701978764E-003   4224.1546667948360     
   3.5306790285816333E-003   4186.8080423313295     
   3.5617158419445263E-003   4149.7868578323223     
   3.5930254877501095E-003   4113.0882774340989     
   3.6246103643612858E-003   4076.7094899850567     
   3.6564728912240243E-003   4040.6477088303855     
   3.6886155090526938E-003   4004.9001715986037     
   3.7210406800170254E-003   3969.4641399899638     
   3.7537508879307191E-003   3934.3368995666924     
   3.7867486384417027E-003   3899.5157595450723     
   3.8200364592240752E-003   3864.9980525893193     
   3.8536169001717230E-003   3830.7811346072722     
   3.8874925335936508E-003   3796.8623845478523     
   3.9216659544110220E-003   3763.2392042002884     
   3.9561397803559318E-003   3729.9090179950990     
   3.9909166521719325E-003   3696.8692728068036     
   4.0259992338163141E-003   3664.1174377583488     
   4.0613902126641725E-003   3631.6510040272497     
   4.0970922997142596E-003   3599.4674846534112     
   4.1331082297966547E-003   3567.5644143486311     
   4.1694407617822570E-003   3535.9393493077532     
   4.2060926787941136E-003   3504.5898670214833     
   4.2430667884206137E-003   3473.5135660908172     
   4.2803659229305561E-003   3442.7080660430966     
   4.3179929394901026E-003   3412.1710071496732     
   4.3559507203816388E-003   3381.9000502451436     
   4.3942421732245662E-003   3351.8928765481801     
   4.4328702311980245E-003   3322.1471874839108     
   4.4718378532655817E-003   3292.6607045078485     
   4.5111480244018915E-003   3263.4311689313595     
   4.5508037558213499E-003   3234.4563417486484     
   4.5908080852087542E-003   3205.7340034652534     
   4.6311640769519978E-003   3177.2619539280354     
   4.6718748223768050E-003   3149.0380121566445     
   4.7129434399835312E-003   3121.0600161764673     
   4.7543730756860452E-003   3093.3258228530149     
   4.7961669030527065E-003   3065.8333077277680     
   4.8383281235494704E-003   3038.5803648554424     
   4.8808599667851237E-003   3011.5649066426763     
   4.9237656907586743E-003   2984.7848636881254     
   4.9670485821089209E-003   2958.2381846239509     
   5.0107119563662147E-003   2931.9228359586887     
   5.0547591582064313E-003   2905.8368019214813     
   5.0991935617071800E-003   2879.9780843076824     
   5.1440185706062612E-003   2854.3447023257950     
   5.1892376185623985E-003   2828.9346924457432     
   5.2348541694182630E-003   2803.7461082484733     
   5.2808717174658033E-003   2778.7770202768643     
   5.3272937877139187E-003   2754.0255158879322     
   5.3741239361584803E-003   2729.4896991063279     
   5.4213657500547189E-003   2705.1676904791107     
   5.4690228481920206E-003   2681.0576269317871     
   5.5170988811711280E-003   2657.1576616256002     
   5.5655975316837815E-003   2633.4659638160770     
   5.6145225147948181E-003   2609.9807187127885     
   5.6638775782267533E-003   2586.7001273403457     
   5.7136665026468582E-003   2563.6224064006083     
   5.7638931019567659E-003   2540.7457881360842     
   5.8145612235846224E-003   2518.0685201945289     
   5.8656747487798059E-003   2495.5888654947157     
   5.9172375929102310E-003   2473.3051020933917     
   5.9692537057622758E-003   2451.2155230533754     
   6.0217270718433396E-003   2429.3184363128148     
   6.0746617106870650E-003   2407.6121645555827     
   6.1280616771612331E-003   2386.0950450828009     
   6.1819310617783774E-003   2364.7654296854848     
   6.2362739910091225E-003   2343.6216845182989     
   6.2910946275982751E-003   2322.6621899744109     
   6.3463971708836971E-003   2301.8853405614382     
   6.4021858571179820E-003   2281.2895447784758     
   6.4584649597929566E-003   2260.8732249941927     
   6.5152387899670367E-003   2240.6348173260008     
   6.5725116965954589E-003   2220.5727715202620     
   6.6302880668634235E-003   2200.6855508335511     
   6.6885723265221447E-003   2180.9716319149557     
   6.7473689402278878E-003   2161.4295046893835     
   6.8066824118839511E-003   2142.0576722419155     
   6.8665172849856834E-003   2122.8546507031424     
   6.9268781429685155E-003   2103.8189691355128     
   6.9877696095590608E-003   2084.9491694206699     
   7.0491963491292981E-003   2066.2438061477692     
   7.1111630670538679E-003   2047.7014465027733     
   7.1736745100705141E-003   2029.3206701587051     
   7.2367354666436883E-003   2011.1000691668662     
   7.3003507673313518E-003   1993.0382478489964     
   7.3645252851550075E-003   1975.1338226903774     
   7.4292639359729738E-003   1957.3854222338691     
   7.4945716788569518E-003   1939.7916869748658     
   7.5604535164718982E-003   1922.3512692571699     
   7.6269144954592260E-003   1905.0628331697797     
   7.6939597068234004E-003   1887.9250544445636     
   7.7615942863219021E-003   1870.9366203548416     
   7.8298234148586436E-003   1854.0962296148402     
   7.8986523188808253E-003   1837.4025922800267     
   7.9680862707792992E-003   1820.8544296483174     
   8.0381305892924318E-003   1804.4504741621411     
   8.1087906399135313E-003   1788.1894693113579     
   8.1800718353018508E-003   1772.0701695370278     
   8.2519796356972097E-003   1756.0913401360151     
   8.3245195493382457E-003   1740.2517571664262     
   8.3976971328843641E-003   1724.5502073538707     
   8.4715179918413847E-003   1708.9854879985403     
   8.5459877809909227E-003   1693.5564068831006     
   8.6211122048235628E-003   1678.2617821813849     
   8.6968970179758243E-003   1663.1004423678789     
   8.7733480256709812E-003   1648.0712261280034     
   8.8504710841637389E-003   1633.1729822691764     
   8.9282721011888482E-003   1618.4045696326443     
   9.0067570364136280E-003   1603.7648570060956     
   9.0859319018945020E-003   1589.2527230370220     
   9.1658027625375182E-003   1574.8670561468462     
   9.2463757365629264E-003   1560.6067544457953     
   9.3276569959738608E-003   1546.4707256485112     
   9.4096527670291027E-003   1532.4578869904096     
   9.4923693307200352E-003   1518.5671651447528     
   9.5758130232517693E-003   1504.7974961404616     
   9.6599902365285088E-003   1491.1478252806319     
   9.7449074186431763E-003   1477.6171070617688     
   9.8305710743713508E-003   1464.2043050937248     
   9.9169877656695368E-003   1450.9083920203320     
   1.0004164112177825E-002   1437.7283494407329     
   1.0092106791726963E-002   1424.6631678313947     
   1.0180822540849887E-002   1411.7118464688010     
   1.0270318155297749E-002   1398.8733933528254     
   1.0360600490560482E-002   1386.1468251307665     
   1.0451676462391942E-002   1373.5311670220490     
   1.0543553047339659E-002   1361.0254527435834     
   1.0636237283279254E-002   1348.6287244357736     
   1.0729736269953554E-002   1336.3400325891728     
   1.0824057169516434E-002   1324.1584359717779     
   1.0919207207081451E-002   1312.0830015569607     
   1.1015193671275306E-002   1300.1128044520242     
   1.1112023914796151E-002   1288.2469278273884     
   1.1209705354976816E-002   1276.4844628463879     
   1.1308245474353005E-002   1264.8245085956869     
   1.1407651821236446E-002   1253.2661720162985     
   1.1507932010293116E-002   1241.8085678352104     
   1.1609093723126528E-002   1230.4508184976025     
   1.1711144708866163E-002   1219.1920540996573     
   1.1814092784761053E-002   1208.0314123219630     
   1.1917945836778594E-002   1196.9680383634900     
   1.2022711820208630E-002   1186.0010848761485     
   1.2128398760272840E-002   1175.1297118999155     
   1.2235014752739465E-002   1164.3530867985307     
   1.2342567964543477E-002   1153.6703841957528     
   1.2451066634412160E-002   1143.0807859121708     
   1.2560519073496217E-002   1132.5834809025712     
   1.2670933666006421E-002   1122.1776651938465     
   1.2782318869855841E-002   1111.8625418234544     
   1.2894683217307747E-002   1101.6373207784063     
   1.3008035315629182E-002   1091.5012189347933     
   1.3122383847750293E-002   1081.4534599978419     
   1.3237737572929465E-002   1071.4932744424871     
   1.3354105327424278E-002   1061.6198994544732     
   1.3471496025168384E-002   1051.8325788719640     
   1.3589918658454332E-002   1042.1305631276637     
   1.3709382298622378E-002   1032.5131091914457     
   1.3829896096755376E-002   1022.9794805134806     
   1.3951469284379750E-002   1013.5289469678656     
   1.4074111174172656E-002   1004.1607847967399     
   1.4197831160675333E-002   994.87427655489523     
   1.4322638721012748E-002   985.66871105486837     
   1.4448543415619552E-002   976.54338331251165     
   1.4575554888972424E-002   967.49759449304361     
   1.4703682870328853E-002   958.53065185756759     
   1.4832937174472410E-002   949.64186871006223     
   1.4963327702464573E-002   940.83056434483137     
   1.5094864442403171E-002   932.09606399441736     
   1.5227557470187473E-002   923.43769877796819     
   1.5361416950290030E-002   914.85480565005719     
   1.5496453136535276E-002   906.34672734994990     
   1.5632676372884995E-002   897.91281235131714     
   1.5770097094230672E-002   889.55241481238443     
   1.5908725827192830E-002   881.26489452652334     
   1.6048573190927385E-002   873.04961687326886     
   1.6189649897939078E-002   864.90595276977274     
   1.6331966754902078E-002   856.83327862267572     
   1.6475534663487786E-002   848.83097628040605     
   1.6620364621199903E-002   840.89843298589403     
   1.6766467722216891E-002   833.03504132969886     
   1.6913855158241755E-002   825.24019920355170     
   1.7062538219359394E-002   817.51330975429869     
   1.7212528294901386E-002   809.85378133825554     
   1.7363836874318469E-002   802.26102747595496     
   1.7516475548060621E-002   794.73446680729660     
   1.7670456008464931E-002   787.27352304708609     
   1.7825790050651220E-002   779.87762494096751     
   1.7982489573425575E-002   772.54620622174014     
   1.8140566580191836E-002   765.27870556606001     
   1.8300033179871028E-002   758.07456655151896     
   1.8460901587828968E-002   750.93323761410443     
   1.8623184126811944E-002   743.85417200602922     
   1.8786893227890684E-002   736.83682775393265     
   1.8952041431412568E-002   729.88066761744938     
   1.9118641387962248E-002   722.98515904814190     
   1.9286705859330705E-002   716.14977414879331     
   1.9456247719492809E-002   709.37398963305816     
   1.9627279955593498E-002   702.65728678546839     
   1.9799815668942587E-002   695.99915142179032     
   1.9973868076018381E-002   689.39907384972958     
   2.0149450509480048E-002   682.85654882998392     
   2.0326576419188922E-002   676.37107553763633     
   2.0505259373238813E-002   669.94215752388845     
   2.0685513058995283E-002   663.56930267813232     
   2.0867351284144187E-002   657.25202319035247     
   2.1050787977749296E-002   650.98983551386505     
   2.1235837191319329E-002   644.78226032837790     
   2.1422513099884296E-002   638.62882250338271     
   2.1610830003081342E-002   632.52905106186449     
   2.1800802326250094E-002   626.48247914433489     
   2.1992444621537686E-002   620.48864397318061     
   2.2185771569013465E-002   614.54708681732745     
   2.2380797977793496E-002   608.65735295721424     
   2.2577538787174983E-002   602.81899165007849     
   2.2776009067780618E-002   597.03155609554631     
   2.2976224022713026E-002   591.29460340152775     
   2.3178198988719336E-002   585.60769455041282     
   2.3381949437366000E-002   579.97039436556565     
   2.3587490976223945E-002   574.38227147811699     
   2.3794839350064115E-002   568.84289829404690     
   2.4004010442063559E-002   563.35185096156226     
   2.4215020275022106E-002   557.90870933876113     
   2.4427885012589728E-002   552.51305696158283     
   2.4642620960504694E-002   547.16448101204423     
   2.4859244567842616E-002   541.86257228675481     
   2.5077772428276475E-002   536.60692516571248     
   2.5298221281347722E-002   531.39713758137566     
   2.5520608013748541E-002   526.23281098800965     
   2.5744949660615395E-002   521.11355033130576     
   2.5971263406833950E-002   516.03896401826853     
   2.6199566588355452E-002   511.00866388737239     
   2.6429876693524694E-002   506.02226517898220     
   2.6662211364419642E-002   501.07938650603796     
   2.6896588398202838E-002   496.17964982499899     
   2.7133025748484703E-002   491.32268040704764     
   2.7371541526698781E-002   486.50810680955027     
   2.7612154003489150E-002   481.73556084776851     
   2.7854881610109915E-002   477.00467756682963     
   2.8099742939837122E-002   472.31509521393968     
   2.8346756749393003E-002   467.66645521084894     
   2.8595941960382766E-002   463.05840212656301     
   2.8847317660744023E-002   458.49058365029543     
   2.9100903106208970E-002   453.96265056466393     
   2.9356717721779356E-002   449.47425671912703     
   2.9614781103214523E-002   445.02505900365566     
   2.9875113018532424E-002   440.61471732264368     
   3.0137733409523904E-002   436.24289456905024     
   3.0402662393280263E-002   431.90925659877462     
   3.0669920263734253E-002   427.61347220526113     
   3.0939527493214623E-002   423.35521309433210     
   3.1211504734014323E-002   419.13415385924668     
   3.1485872819972512E-002   414.94997195598393     
   3.1762652768070443E-002   410.80234767874936     
   3.2041865780041402E-002   406.69096413570014     
   3.2323533243994791E-002   402.61550722489108     
   3.2607676736054497E-002   398.57566561043603     
   3.2894318022011620E-002   394.57113069888572     
   3.3183479058991786E-002   390.60159661581821     
   3.3475181997137136E-002   386.66676018264036     
   3.3769449181302952E-002   382.76632089360186     
   3.4066303152769407E-002   378.89998089301378     
   3.4365766650968223E-002   375.06744495267634     
   3.4667862615224518E-002   371.26842044951070     
   3.4972614186514019E-002   367.50261734339364     
   3.5280044709235688E-002   363.76974815519367     
   3.5590177732999953E-002   360.06952794500739     
   3.5903037014432586E-002   356.40167429059375     
   3.6218646518994549E-002   352.76590726600477     
   3.6537030422817786E-002   349.16194942041136     
   3.6858213114557080E-002   345.58952575712328     
   3.7182219197258351E-002   342.04836371279913     
   3.7509073490243197E-002   338.53819313684892     
   3.7838801031010165E-002   335.05874627102321     
   3.8171427077152598E-002   331.60975772919073     
   3.8506977108293435E-002   328.19096447730180     
   3.8845476828036983E-002   324.80210581353509     
   3.9186952165937837E-002   321.44292334862757     
   3.9531429279487135E-002   318.11316098638622     
   3.9878934556116241E-002   314.81256490437829     
   4.0229494615218082E-002   311.54088353480097     
   4.0583136310186216E-002   308.29786754552759     
   4.0939886730471824E-002   305.08326982132985     
   4.1299773203658845E-002   301.89684544527222     
   4.1662823297557279E-002   298.73835168028211     
   4.2029064822314895E-002   295.60754795088894     
   4.2398525832547579E-002   292.50419582513382     
   4.2771234629488321E-002   289.42805899664791     
   4.3147219763155158E-002   286.37890326689842     
   4.3526510034538099E-002   283.35649652760014     
   4.3909134497805369E-002   280.36060874329149     
   4.4295122462528973E-002   277.39101193407339     
   4.4684503495929874E-002   274.44748015851189     
   4.5077307425142855E-002   271.52978949669932     
   4.5473564339501324E-002   268.63771803347652     
   4.5873304592842216E-002   265.77104584181217     
   4.6276558805831147E-002   262.92955496633982     
   4.6683357868307955E-002   260.11302940704985     
   4.7093732941652942E-002   257.32125510313716     
   4.7507715461173904E-002   254.55401991699975     
   4.7925337138514032E-002   251.81111361839234     
   4.8346629964081171E-002   249.09232786872820     
   4.8771626209498251E-002   246.39745620553174     
   4.9200358430075405E-002   243.72629402703996     
   4.9632859467303683E-002   241.07863857695006     
   5.0069162451370823E-002   238.45428892931363     
   5.0509300803698996E-002   235.85304597357680     
   5.0953308239505023E-002   233.27471239976160     
   5.1401218770382923E-002   230.71909268379321     
   5.1853066706909312E-002   228.18599307296608     
   5.2308886661271606E-002   225.67522157155170     
   5.2768713549919376E-002   223.18658792654571     
   5.3232582596238989E-002   220.71990361355270     
   5.3700529333251784E-002   218.27498182280809     
   5.4172589606335926E-002   215.85163744533651     
   5.4648799575972247E-002   213.44968705924441     
   5.5129195720514154E-002   211.06894891614732     
   5.5613814838981958E-002   208.70924292772850     
   5.6102694053881706E-002   206.37039065243104     
   5.6595870814048807E-002   204.05221528227895     
   5.7093382897516698E-002   201.75454162982894     
   5.7595268414410677E-002   199.47719611524951     
   5.8101565809867181E-002   197.22000675352950     
   5.8612313866978773E-002   194.98280314181034     
   5.9127551709764935E-002   192.76541644684633     
   5.9647318806169053E-002   190.56767939258739     
   6.0171654971081713E-002   188.38942624788586     
   6.0700600369390581E-002   186.23049281432586     
   6.1234195519057066E-002   184.09071641417347     
   6.1772481294220076E-002   181.96993587844725     
   6.2315498928327051E-002   179.86799153510799     
   6.2863290017292461E-002   177.78472519736695     
   6.3415896522684118E-002   175.71998015211139     
   6.3973360774937538E-002   173.67360114844527     
   6.4535725476598457E-002   171.64543438634681     
   6.5103033705593921E-002   169.63532750543899     
   6.5675328918532158E-002   167.64312957387341     
   6.6252654954031320E-002   165.66869107732720     
   6.6835056036077714E-002   163.71186390810982     
   6.7422576777413298E-002   161.77250135438126     
   6.8015262182953118E-002   159.85045808947834     
   6.8613157653232851E-002   157.94559016134983     
   6.9216308987886346E-002   156.05775498209894     
   6.9824762389154138E-002   154.18681131763108     
   7.0438564465422501E-002   152.33261927740730     
   7.1057762234793695E-002   150.49504030430211     
   7.1682403128687719E-002   148.67393716456371     
   7.2312534995475547E-002   146.86917393787658     
   7.2948206104144361E-002   145.08061600752541     
   7.3589465147995123E-002   143.30813005065855     
   7.4236361248372448E-002   141.55158402865050     
   7.4888943958427420E-002   139.81084717756255     
   7.5547263266913411E-002   138.08578999870031     
   7.6211369602015341E-002   136.37628424926635     
   7.6881313835212434E-002   134.68220293310850     
   7.7557147285175196E-002   133.00342029156133     
   7.8238921721696386E-002   131.33981179437984     
   7.8926689369656661E-002   129.69125413076543     
   7.9620502913025179E-002   128.05762520048174     
   8.0320415498895084E-002   126.43880410505972     
   8.1026480741554857E-002   124.83467113909064     
   8.1738752726595060E-002   123.24510778160712     
   8.2457286015051520E-002   121.66999668754846     
   8.3182135647584657E-002   120.10922167931167     
   8.3913357148695744E-002   118.56266773838607     
   8.4651006530980191E-002   117.03022099706936     
   8.5395140299418082E-002   115.51176873026560     
   8.6145815455702643E-002   114.00719934736259     
   8.6903089502606570E-002   112.51640238418803     
   8.7667020448386909E-002   111.03926849504325     
   8.8437666811228513E-002   109.57568944481235     
   8.9215087623726569E-002   108.12555810114711     
   8.9999342437408730E-002   106.68876842672444     
   9.0790491327296663E-002   105.26521547157667     
   9.1588594896508016E-002   103.85479536549212     
   9.2393714280898639E-002   102.45740531048526     
   9.3205911153745699E-002   101.07294357333517     
   9.4025247730471953E-002   99.701309478189529     
   9.4851786773411453E-002   98.342403399235280     
   9.5685591596617353E-002   96.996126753431241     
   9.6526726070711777E-002   95.662381993304024     
   9.7375254627778407E-002   94.341072599804008     
   9.8231242266298091E-002   93.032103075220135     
   9.9094754556127790E-002   91.735378936152756     
   9.9965857643523365E-002   90.450806706541329     
  0.10084461825620640        89.178293910747016     
  0.10173110370847575        87.917749066687065     
  0.10262538190636381        86.669081679020479     
  0.10352752135283821        85.432202232381854     
  0.10443759115304936        84.207022184663032     
  0.10535566101962386        82.993453960339181     
  0.10628180127800467        81.791410943839253     
  0.10721608287183809        80.600807472957001     
  0.10815857736840821        79.421558832301656     
  0.10910935696411898        78.253581246786780     
  0.11006849449002459        77.096791875153428     
  0.11103606341740849        75.951108803527404     
  0.11201213786341127        74.816451039007504     
  0.11299679259670826        73.692738503282698     
  0.11399010304323687        72.579892026276084     
  0.11499214529197427        71.477833339813344     
  0.11600299610076598        70.386485071313217     
  0.11702273290220563        69.305770737497966     
  0.11805143380956637        68.235614738120745     
  0.11908917762278447        67.175942349708109     
  0.12013604383449547        66.126679719314666     
  0.12119211263612355        65.087753858286973     
  0.12225746492402413        64.059092636035231     
  0.12333218230568081        63.040624773808204     
  0.12441634710595650        62.032279838470266     
  0.12551004237339963        61.033988236276684     
  0.12661335188660591        60.045681206644730     
  0.12772636016063574        59.067290815917175     
  0.12884915245348819        58.098749951115892     
  0.12998181477263207        57.139992313681333     
  0.13112443388159395        56.190952413195987     
  0.13227709730660456        55.251565561087361     
  0.13343989334330336        54.321767864307894     
  0.13461291106350215        53.401496218988441     
  0.13579624032200799        52.490688304061237     
  0.13698997176350636        51.589282574849726     
  0.13819419682950448        50.697218256620509     
  0.13940900776533607        49.814435338094889     
  0.14063449762722732        48.940874564915411     
  0.14187076028942519        48.076477433064085     
  0.14311789045138826        47.221186182227854     
  0.14437598364504092        46.374943789107846     
  0.14564513624209119        45.537693960668214     
  0.14692544546141290        44.709381127320064     
  0.14821700937649290        43.889950436036685     
  0.14951992692294358        43.079347743395367     
  0.15083429790608135        42.277519608542335     
  0.15216022300857213        41.484413286074798     
  0.15349780379814348        40.699976718837121     
  0.15484714273536507        39.924158530625618     
  0.15620834318149723        39.156908018797544     
  0.15758150940640853        38.398175146779508     
  0.15896674659656299        37.647910536470526     
  0.16036416086307759        36.906065460534720     
  0.16177385924985044        36.172591834578640     
  0.16319594974176060        35.447442209208361     
  0.16463054127293977        34.730569761961128     
  0.16607774373511683        34.021928289106036     
  0.16753766798603578        33.321472197309163     
  0.16901042585794743        32.629156495157325     
  0.17049613016617607        31.944936784535095     
  0.17199489471776117        31.268769251850003     
  0.17350683432017527        30.600610659099800     
  0.17503206479011837        29.940418334777171     
  0.17657070296238944        29.288150164605455     
  0.17812286669883648        28.643764582099891     
  0.17968867489738471        28.007220558949264     
  0.18126824750114418        27.378477595211756     
  0.18286170550759795        26.757495709319116     
  0.18446917097787024        26.144235427884027     
  0.18609076704607694        25.538657775304223     
  0.18772661792875742        24.940724263158181     
  0.18937684893438997        24.350396879385926     
  0.19104158647299047        23.767638077249899     
  0.19272095806579573        23.192410764069479     
  0.19441509235503157        22.624678289723711     
  0.19612411911376723        22.064404434916689     
  0.19784816925585591        21.511553399199506     
  0.19958737484596331        20.966089788743254     
  0.20134186910968357        20.427978603857838     
  0.20311178644374486        19.897185226250492     
  0.20489726242630418        19.373675406019302     
  0.20669843382733286        18.857415248375489     
  0.20851543861909339        18.348371200090313     
  0.21034841598670823        17.846510035660408     
  0.21219750633882170        17.351798843187396     
  0.21406285131835531        16.864205009966611     
  0.21594459381335793        16.383696207780211     
  0.21784287796795110        15.910240377890496     
  0.21975784919337085        15.443805715728786     
  0.22168965417910627        14.984360655276262     
  0.22363844090413612        14.531873853132623     
  0.22560435864826436        14.086314172268999     
  0.22758755800355504        13.647650665462187     
  0.22958819088586793        13.215852558406866     
  0.23160641054649550        12.790889232503403     
  0.23364237158390225        12.372730207318781     
  0.23569622995556691        11.961345122718882     
  0.23776814298992938        11.556703720670470     
  0.23985826939844196        11.158775826711889     
  0.24196676928772717        10.767531331091710     
  0.24409380417184190        10.382940169575271     
  0.24623953698464970        10.004972303919331     
  0.24840413209230186        9.6335977020158623     
  0.25058775530582783        9.2687863177062511     
  0.25279057389383686        8.9105080702681079     
  0.25501275659533085        8.5587328235772944     
  0.25725447363262999        8.2134303649484934     
  0.25951589672441205        7.8745703836584724     
  0.26179719909886640        7.5421224491566221     
  0.26409855550696332        7.2160559889687192     
  0.26642014223584026        6.8963402662997311     
  0.26876213712230579        6.5829443573433934     
  0.27112471956646189        6.2758371283064136     
  0.27350807054544668        5.9749872121562433     
  0.27591237262729701        5.6803629851028035     
  0.27833780998493374        5.3919325428246481     
  0.28078456841026961        5.1096636764519872     
  0.28325283532844109        4.8335238483195013     
  0.28574279981216560        4.5634801675033572     
  0.28825465259622440        4.2994993651578142     
  0.29078858609207342        4.0415477696678366     
  0.29334479440258210        3.7895912816359143     
  0.29592347333690222        3.5435953487221354     
  0.29852482042546669        3.3035249403579883     
  0.30114903493512107        3.0693445223558342     
  0.30379631788438749        2.8410180314372866     
  0.30646687205886303        2.6185088497054636     
  0.30916090202675328        2.4017797790869793     
  0.31187861415454271        2.1907930157718241     
  0.31462021662280248        1.9855101246802818     
  0.31738591944213740        1.7858920139878194     
  0.32017593446927312        1.5918989097406353     
  0.32299047542328468        1.4034903305959432     
  0.32582975790196750        1.2206250627230162     
  0.32869399939835259        1.0432611349026431     
  0.33158341931736679       0.87135579386426087     
  0.33449823899263964       0.70486547990200421     
  0.33743868170345764       0.54374580281250928     
  0.34040497269186792       0.38795151819923746     
  0.34339733917993198       0.23743650418975193     
  0.34641601038713127        9.2153738614200620E-002
  0.34946121754792570       -4.7944723304709669E-002
  0.35253319392946653      -0.18290777069868369     
  0.35563217484946508      -0.31278525818380842     
  0.35875839769421819      -0.43762802631816555     
  0.36191210193679252      -0.55748792133001501     
  0.36509352915536836      -0.67241781405748213     
  0.36830292305174511      -0.78247161803951570     
  0.37154052947000876      -0.88770430669543998     
  0.37480659641536451      -0.98817192952977706     
  0.37810137407313366       -1.0839316272969128     
  0.38142511482791863       -1.1750416460588440     
  0.38477807328293567       -1.2615613500679146     
  0.38816050627951809       -1.3435512334054280     
  0.39157267291679043       -1.4210729303052503     
  0.39501483457151615       -1.4941892240911301     
  0.39848725491811882       -1.5629640546551258     
  0.40199019994888069       -1.6274625244037679     
  0.40552393799431768       -1.6877509025981041     
  0.40908873974373394       -1.7438966280130330     
  0.41268487826595696       -1.7959683098413421     
  0.41631262903025523       -1.8440357267671921     
  0.41997226992743925       -1.8881698241346925     
  0.42366408129114874       -1.9284427091364478     
  0.42738834591932634       -1.9649276439483501     
  0.43114534909588031       -1.9976990367371492     
  0.43493537861253789       -2.0268324304684775     
  0.43875872479089029       -2.0524044894442071     
  0.44261568050463201       -2.0744929834997592     
  0.44650654120199501       -2.0931767697935442     
  0.45043160492838097       -2.1085357721231439     
  0.45439117234919141       -2.1206509577050987     
  0.45838554677285959       -2.1296043113584062     
  0.46241503417408403       -2.1354788070344668     
  0.46647994321726666       -2.1383583766402232     
  0.47058058528015717       -2.1383278761051052     
  0.47471727447770468       -2.1354730486464852     
  0.47889032768611961       -2.1298804851935387     
  0.48310006456714666       -2.1216375819339568     
  0.48734680759255150       -2.1108324949543302     
  0.49163088206882249       -2.0975540919502400     
  0.49595261616208963       -2.0818919009891488     
  0.50031234092326260       -2.0639360563158036     
  0.50471039031338949       -2.0437772411972439     
  0.50914710122923912       -2.0215066278124425     
  0.51362281352910744       -1.9972158141997411     
  0.51813787005885126       -1.9709967582838530     
  0.52269261667815070       -1.9429417090137093     
  0.52728740228700255       -1.9131431346515448     
  0.53192257885244665       -1.8816936482639228     
  0.53659850143552679       -1.8486859304758489     
  0.54131552821848883       -1.8142126495595399     
  0.54607402053221887       -1.7783663789411968     
  0.55087434288392001       -1.7412395122201723     
  0.55571686298503586       -1.7029241758069347     
  0.56060195177941663       -1.6635121392986747     
  0.56552998347173422       -1.6230947237233018     
  0.57050133555614702       -1.5817627077957326     
  0.57551638884521672       -1.5396062323429440     
  0.58057552749907804       -1.4967147030672905     
  0.58567913905486746       -1.4531766918307127     
  0.59082761445640741       -1.4090798366555006     
  0.59602134808415475       -1.3645107406504007     
  0.60126073778540989       -1.3195548700837580     
  0.60654618490479240       -1.2742964518383886     
  0.61187809431498530       -1.2288183704952864     
  0.61725687444774802       -1.1832020653057285     
  0.62268293732520352       -1.1375274273230982     
  0.62815669859139944       -1.0918726969774735     
  0.63367857754414714       -1.0463143623865712     
  0.63924899716714012       -1.0009270587072923     
  0.64486838416235603      -0.95578346884123455     
  0.65053716898274172      -0.91095422581667052     
  0.65625578586518696      -0.86650781717683856     
  0.66202467286378763      -0.82251049171154200     
  0.66784427188340101      -0.77902616887428167     
  0.67371502871349709      -0.73611635123195285     
  0.67963739306230542      -0.69384004029689272     
  0.68561181859126430      -0.65225365609285824     
  0.69163876294977178      -0.61141096080672064     
  0.69771868781024204      -0.57136298687603571     
  0.70385205890347013      -0.53215796985971942     
  0.71003934605430774      -0.49384128643376535     
  0.71628102321765252      -0.45645539784761446     
  0.72257756851475341      -0.42003979916754020     
  0.72892946426983563      -0.38463097462314089     
  0.73533719704704736      -0.35026235935988126     
  0.74180125768773120      -0.31696430788606200     
  0.74832214134802300      -0.28476406948534638     
  0.75490034753678259      -0.25368577084702260     
  0.76153638015385527      -0.22375040614479058     
  0.76823074752867249      -0.19497583477138924     
  0.77498396245919021      -0.16737678691100388     
  0.78179654225116990      -0.14096487710348349     
  0.78866900875780444      -0.11574862592500335     
  0.79560188841969426       -9.1733489878051522E-002
  0.80259571230517124       -6.8921899550210775E-002
  0.80965101615098156       -4.7313306066080862E-002
  0.81676834040332236       -2.6904235819815270E-002
  0.82394823025924091       -7.6883534376923635E-003
  0.83119123570839826        1.0343467119518834E-002
  0.83849791157519815        2.7203063444932063E-002
  0.84586881756128818        4.2904897736745440E-002
  0.85330451828843357        5.7465962226216583E-002
  0.86080558334176704        7.0905677238675580E-002
  0.86837258731342160        8.3245782186254225E-002
  0.87600610984654370        9.4510219833080722E-002
  0.88370673567969504       0.10472501421538727     
  0.89147505469164445       0.11391814263970179     
  0.89931166194655388       0.12211940222184658     
  0.90721715773956046       0.12936027146757345     
  0.91519214764276002       0.13567376743183779     
  0.92323724255159545       0.14109429902761583     
  0.93135305873165097       0.14565751708670982     
  0.93954021786586051       0.14940016180332671     
  0.94779934710212776       0.15235990821658696     
  0.95613107910136830       0.15457521040973043     
  0.96453605208597060       0.15608514512163563     
  0.97301490988868633       0.15692925547989844     
  0.98156830200194778       0.15714739557391244     
  0.99019688362762015       0.15677957659101094     
  0.99890131572719121       0.15586581523831478     
   1.0076822650724020       0.15444598516769137     
   1.0165404042963218       0.15255967211065524     
   1.0254764119448729       0.15024603341431142     
   1.0344909725288092       0.14754366264842766     
   1.0435847765761492       0.14449045992743326     
   1.0527585206850727       0.14112350855965827     
   1.0620129075772804       0.13747895859958081     
   1.0713486461518233       0.13359191783742430     
   1.0807664515394062       0.12949635071432031     
   1.0902670451571670       0.12522498560082451     
   1.0998511547639385       0.12080923082205886     
   1.1095195145159957       0.11627909975469564     
   1.1192728650232933       0.11166314525969745     
   1.1291119534061966       0.10698840365085649     
   1.1390375333527143       0.10228034833309840     
   1.1490503651762289        9.7562853177008413E-002
   1.1591512158737405        9.2858165627529243E-002
   1.1693408591846186        8.8186889476091268E-002
   1.1796200756498711        8.3567977157110562E-002
   1.1899896526719362        7.9018731362565486E-002
   1.2004503845749972        7.4554815702924215E-002
   1.2110030726658303        7.0190274079686699E-002
   1.2216485252951843        6.5937558374936700E-002
   1.2323875579197023        6.1807564007166138E-002
   1.2432209931643872        5.7809672850890670E-002
   1.2541496608856144        5.3951802970743562E-002
   1.2651743982347015        5.0240464579363237E-002
   1.2762960497220346        4.6680821592921251E-002
   1.2875154672817595        4.3276758128947074E-002
   1.2988335103370399        4.0030949268542337E-002
   1.3102510458658911        3.6944935389322975E-002
   1.3217689484675934        3.4019199366686403E-002
   1.3333881004296839        3.1253245939281304E-002
   1.3451093917955443        2.8645682539857276E-002
   1.3569337204325782        2.6194300904856582E-002
   1.3688619921009890        2.3896158794955519E-002
   1.3808951205231621        2.1747661183976530E-002
   1.3930340274536583        1.9744640304763292E-002
   1.4052796427498206        1.7882433977287934E-002
   1.4176329044430029        1.6155961685877358E-002
   1.4300947588104245        1.4559797918406225E-002
   1.4426661604476561        1.3088242329936009E-002
   1.4553480723417438        1.1735386345872914E-002
   1.4681414659449743        1.0495175874529319E-002
   1.4810473212492907        9.3614698552377702E-003
   1.4940666268613596        8.3280944251139105E-003
   1.5072003800783016        7.3888925444227302E-003
   1.5204495869640842        6.5377689765305468E-003
   1.5338152624265886        5.7687305728919280E-003
   1.5472984302953525        5.0759218657666517E-003
   1.5609001233999977        4.4536560207467067E-003
   1.5746213836493455        3.8964412471540425E-003
   1.5884632621112280        3.3990028064494193E-003
   1.6024268190930036        2.9563007965689265E-003
   1.6165131242227744        2.5635439232540233E-003
   1.6307232565313248        2.2161994977277950E-003
   1.6450583045347749        1.9099999233523181E-003
   1.6595193663179622        1.6409459521221532E-003
   1.6741075496185578        1.4053070050422311E-003
   1.6888239719119189        1.1996188587192814E-003
   1.7036697604966908        1.0206790040599085E-003
   1.7186460525811578        8.6553998208066117E-004
   1.7337539953703562        7.3150099682325605E-004
   1.7489947461539517        6.1609809661291866E-004
   1.7643694723948888        5.1709320282298263E-004
   1.7798793518188210        4.3246225036950540E-004
   1.7955255725043244        3.6038268683225125E-004
   1.8113093329739092        2.9922055786879066E-004
   1.8272318422858254        2.4751738594133357E-004
   1.8432943201266794        2.0397702778556643E-004
   1.8594979969048644        1.6745267397031820E-004
   1.8758441138448103        1.3693413175154879E-004
   1.8923339230820637        1.1153551060292779E-004
   1.9089686877592040        9.0483408656223560E-005
   1.9257496821226001        7.3105678109835034E-005
   1.9426781916200213        5.8820828716677430E-005
   1.9597555129991031        4.7128110946818274E-005
   1.9769829544066813        3.7598304488998998E-005
   1.9943618354889954        2.9865223513024583E-005
