                                                  
                                                                                                                                                                                                                                                                
         SCF,CCSD
   -1794.316619,   -1795.822444
   -1794.030344,   -1795.476987
   -1793.776786,   -1795.187769
   -1793.411395,   -1794.816479
   -1792.046359,   -1793.353345
   -1789.947814,   -1791.161617
   -1786.968373,   -1788.101453
   -1783.028479,   -1784.090362
   -1778.133713,   -1779.119822
   -1771.774281,   -1772.727614
   -1764.303771,   -1765.217202
   -1755.577768,   -1756.458720
   -1745.533074,   -1746.389121
   -1734.202610,   -1735.026841
   -1620.875934,   -1621.373318
                                                  
