                                                  
                                                                                                                                                                                                                                                                
        SCF,CCSD
   -763.2921900,   -763.6871395
   -763.2507404,   -763.6332228
   -763.1211886,   -763.5273432
   -763.0946005,   -763.4469260
   -763.0597438,   -763.4222990
   -762.6453912,   -762.9765897
   -761.7732011,   -762.0724261
   -734.4005729,   -734.4752796
   -763.2405199,   -763.6673831
                                                  
