                                                  
                                                                                                                                                                                                                                                                
         SCF,CCSD
   -1391.902955,   -1393.123703
   -1391.835353,   -1393.107216
   -1391.625946,   -1393.000141
   -1391.656079,   -1392.819347
   -1391.600786,   -1392.833373
   -1391.078062,   -1392.206481
   -1389.933412,   -1390.977997
   -1388.127817,   -1389.089691
   -1385.238713,   -1386.162999
   -1381.504265,   -1382.386333
   -1376.792326,   -1377.639510
   -1371.034820,   -1371.854261
   -1364.243558,   -1365.029295
   -1285.720818,   -1286.200937
   -1391.828774,   -1393.145861
                                                  
