                                                  
                                                                                                                                                                                                                                                                
         SCF,CCSD
   -1391.902580,   -1393.092125
   -1391.834975,   -1393.074423
   -1391.625563,   -1392.966486
   -1391.655701,   -1392.787944
   -1391.600407,   -1392.800596
   -1391.077685,   -1392.175093
   -1389.933031,   -1390.948768
   -1388.127430,   -1389.063114
   -1385.238330,   -1386.138298
   -1381.503882,   -1382.363699
   -1376.791943,   -1377.619119
   -1371.034444,   -1371.836294
   -1364.243193,   -1365.013962
   -1285.720471,   -1286.190968
   -1391.828298,   -1393.112821
                                                  
