                                                  
                                                                                                                                                                                                                                                                
         SCF,CCSD
   -1391.900599,   -1393.037770
   -1391.832903,   -1393.017362
   -1391.623457,   -1392.907305
   -1391.653692,   -1392.734254
   -1391.598278,   -1392.744002
   -1391.075576,   -1392.121626
   -1389.930838,   -1390.899080
   -1388.125416,   -1389.018073
   -1385.236507,   -1386.097246
   -1381.502187,   -1382.326827
   -1376.790393,   -1377.586953
   -1371.033145,   -1371.809468
   -1364.242261,   -1364.992745
   -1285.719547,   -1286.179756
   -1391.826224,   -1393.054992
                                                  
