   3.4787173769606630E-006   316.25809858287835     
   3.5094276307427419E-006   316.25809857927027     
   3.5404089958526930E-006   316.25809857747743     
   3.5716638656719776E-006   316.25809857749880     
   3.6031946547109249E-006   316.25809857560841     
   3.6350037987952546E-006   316.25809857366801     
   3.6670937552542512E-006   316.25809857167678     
   3.6994670031105998E-006   316.25809857056493     
   3.7321260432718950E-006   316.25809856753767     
   3.7650733987238409E-006   316.25809856538802     
   3.7983116147251607E-006   316.25809856504645     
   3.8318432590042197E-006   316.25809856371802     
   3.8656709219573920E-006   316.25809856047022     
   3.8997972168491696E-006   316.25809855902753     
   3.9342247800140506E-006   316.25809855659486     
   3.9689562710601951E-006   316.25809855410250     
   4.0039943730748878E-006   316.25809855248093     
   4.0393417928318147E-006   316.25809855079740     
   4.0750012610001662E-006   316.25809854811973     
   4.1109755323555885E-006   316.25809854630938     
   4.1472673859929943E-006   316.25809854536521     
   4.1838796255412566E-006   316.25809854062936     
   4.2208150793797914E-006   316.25809853955144     
   4.2580766008570624E-006   316.25809853747353     
   4.2956670685110063E-006   316.25809853346306     
   4.3335893862914036E-006   316.25809853217550     
   4.3718464837842174E-006   316.25809852895287     
   4.4104413164379140E-006   316.25809852658784     
   4.4493768657917712E-006   316.25809852601049     
   4.4886561397062156E-006   316.25809852349420     
   4.5282821725951826E-006   316.25809851996905     
   4.5682580256605329E-006   316.25809851636473     
   4.6085867871285388E-006   316.25809851361140     
   4.6492715724884546E-006   316.25809851124177     
   4.6903155247331957E-006   316.25809850925458     
   4.7317218146021435E-006   316.25809850671681     
   4.7734936408260917E-006   316.25809850223021     
   4.8156342303743538E-006   316.25809849951838     
   4.8581468387040572E-006   316.25809849671725     
   4.9010347500116317E-006   316.25809849382506     
   4.9443012774865210E-006   316.25809849037466     
   4.9879497635671380E-006   316.25809848776146     
   5.0319835801990710E-006   316.25809848458658     
   5.0764061290955791E-006   316.25809848038284     
   5.1212208420003771E-006   316.25809847747666     
   5.1664311809527505E-006   316.25809847400393     
   5.2120406385550027E-006   316.25809847089380     
   5.2580527382422666E-006   316.25809846674770     
   5.3044710345547011E-006   316.25809846342639     
   5.3512991134120828E-006   316.25809845953091     
   5.3985405923908328E-006   316.25809845599082     
   5.4461991210034747E-006   316.25809845187268     
   5.4942783809805761E-006   316.25809844764018     
   5.5427820865551633E-006   316.25809844329149     
   5.5917139847496615E-006   316.25809843975554     
   5.6410778556653528E-006   316.25809843563343     
   5.6908775127744072E-006   316.25809843138882     
   5.7411168032144722E-006   316.25809842748487     
   5.7917996080858794E-006   316.25809842298833     
   5.8429298427514682E-006   316.25809841836235     
   5.8945114571390544E-006   316.25809841407067     
   5.9465484360465704E-006   316.25809840964496     
   5.9990447994499025E-006   316.25809840415167     
   6.0520046028134424E-006   316.25809839945083     
   6.1054319374033801E-006   316.25809839414342     
   6.1593309306037666E-006   316.25809838962351     
   6.2137057462353572E-006   316.25809838495741     
   6.2685605848772862E-006   316.25809837921111     
   6.3238996841915597E-006   316.25809837424475     
   6.3797273192504361E-006   316.25809836958985     
   6.4360478028666751E-006   316.25809836384684     
   6.4928654859267211E-006   316.25809835794416     
   6.5501847577268128E-006   316.25809835281024     
   6.6080100463120684E-006   316.25809834751107     
   6.6663458188185642E-006   316.25809834111215     
   6.7251965818184276E-006   316.25809833593905     
   6.7845668816679827E-006   316.25809832966030     
   6.8444613048589656E-006   316.25809832366974     
   6.9048844783728431E-006   316.25809831749871     
   6.9658410700382566E-006   316.25809831207511     
   7.0273357888916185E-006   316.25809830506762     
   7.0893733855409040E-006   316.25809829833537     
   7.1519586525326412E-006   316.25809829187511     
   7.2150964247221434E-006   316.25809828568333     
   7.2787915796470262E-006   316.25809827835957     
   7.3430490379039880E-006   316.25809827176295     
   7.4078737635289539E-006   316.25809826495856     
   7.4732707643805561E-006   316.25809825701134     
   7.5392450925269937E-006   316.25809824978012     
   7.6058018446363246E-006   316.25809824186416     
   7.6729461623701968E-006   316.25809823419104     
   7.7406832327810410E-006   316.25809822675654     
   7.8090182887127998E-006   316.25809821815972     
   7.8779566092051618E-006   316.25809821119066     
   7.9475035199013874E-006   316.25809820258530     
   8.0176643934597291E-006   316.25809819420226     
   8.0884446499684678E-006   316.25809818557138     
   8.1598497573646453E-006   316.25809817668829     
   8.2318852318564674E-006   316.25809816847999     
   8.3045566383494330E-006   316.25809815907917     
   8.3778695908762589E-006   316.25809815080942     
   8.4518297530305524E-006   316.25809814133800     
   8.5264428384043532E-006   316.25809813112551     
   8.6017146110295165E-006   316.25809812249548     
   8.6776508858229937E-006   316.25809811264890     
   8.7542575290360563E-006   316.25809810251212     
   8.8315404587074683E-006   316.25809809254565     
   8.9095056451206760E-006   316.25809808227848     
   8.9881591112650207E-006   316.25809807123977     
   9.0675069333010292E-006   316.25809806105389     
   9.1475552410298190E-006   316.25809805008538     
   9.2283102183666253E-006   316.25809803879434     
   9.3097781038185312E-006   316.25809802810647     
   9.3919651909664106E-006   316.25809801638599     
   9.4748778289511131E-006   316.25809800525678     
   9.5585224229639509E-006   316.25809799308325     
   9.6429054347415211E-006   316.25809798079024     
   9.7280333830648848E-006   316.25809796860460     
   9.8139128442631602E-006   316.25809795582137     
   9.9005504527215526E-006   316.25809794383105     
   9.9879529013938839E-006   316.25809793076445     
   1.0076126942319637E-005   316.25809791731336     
   1.0165079387145561E-005   316.25809790463518     
   1.0254817107651893E-005   316.25809789016165     
   1.0345347036283216E-005   316.25809787691264     
   1.0436676166684006E-005   316.25809786231980     
   1.0528811554238907E-005   316.25809784800566     
   1.0621760316617776E-005   316.25809783372983     
   1.0715529634325541E-005   316.25809781878650     
   1.0810126751256905E-005   316.25809780316763     
   1.0905558975255968E-005   316.25809778802972     
   1.1001833678680755E-005   316.25809777266625     
   1.1098958298972759E-005   316.25809775637060     
   1.1196940339231507E-005   316.25809774029869     
   1.1295787368794173E-005   316.25809772397633     
   1.1395507023820346E-005   316.25809770692939     
   1.1496107007881925E-005   316.25809768961483     
   1.1597595092558252E-005   316.25809767248933     
   1.1699979118036468E-005   316.25809765461253     
   1.1803266993717202E-005   316.25809763644099     
   1.1907466698825579E-005   316.25809761819824     
   1.2012586283027637E-005   316.25809759964170     
   1.2118633867052186E-005   316.25809758052912     
   1.2225617643318147E-005   316.25809756154888     
   1.2333545876567436E-005   316.25809754152698     
   1.2442426904503432E-005   316.25809752138434     
   1.2552269138435099E-005   316.25809750134363     
   1.2663081063926756E-005   316.25809748022982     
   1.2774871241453622E-005   316.25809745896373     
   1.2887648307063126E-005   316.25809743730144     
   1.3001420973042068E-005   316.25809741593042     
   1.3116198028589653E-005   316.25809739320925     
   1.3231988340496484E-005   316.25809737098928     
   1.3348800853829541E-005   316.25809734762873     
   1.3466644592623206E-005   316.25809732451279     
   1.3585528660576390E-005   316.25809730023218     
   1.3705462241755821E-005   316.25809727617155     
   1.3826454601305521E-005   316.25809725115414     
   1.3948515086162576E-005   316.25809722609836     
   1.4071653125779200E-005   316.25809720052553     
   1.4195878232851167E-005   316.25809717418940     
   1.4321200004052725E-005   316.25809714754240     
   1.4447628120777927E-005   316.25809712080331     
   1.4575172349888550E-005   316.25809709325972     
   1.4703842544468624E-005   316.25809706513019     
   1.4833648644585584E-005   316.25809703663299     
   1.4964600678058169E-005   316.25809700798618     
   1.5096708761231097E-005   316.25809697777777     
   1.5229983099756580E-005   316.25809694762233     
   1.5364433989382724E-005   316.25809691773702     
   1.5500071816748912E-005   316.25809688601049     
   1.5636907060188174E-005   316.25809685475497     
   1.5774950290536689E-005   316.25809682232421     
   1.5914212171950386E-005   316.25809678963276     
   1.6054703462728782E-005   316.25809675619809     
   1.6196435016146090E-005   316.25809672223556     
   1.6339417781289653E-005   316.25809668772769     
   1.6483662803905779E-005   316.25809665242360     
   1.6629181227253076E-005   316.25809661677079     
   1.6775984292963261E-005   316.25809657981932     
   1.6924083341909626E-005   316.25809654341305     
   1.7073489815083137E-005   316.25809650520415     
   1.7224215254476275E-005   316.25809646680318     
   1.7376271303974686E-005   316.25809642772435     
   1.7529669710256701E-005   316.25809638818032     
   1.7684422323700783E-005   316.25809634768473     
   1.7840541099301005E-005   316.25809630644949     
   1.7998038097590593E-005   316.25809626445300     
   1.8156925485573642E-005   316.25809622167384     
   1.8317215537665035E-005   316.25809617832249     
   1.8478920636638672E-005   316.25809613391073     
   1.8642053274584063E-005   316.25809608888142     
   1.8806626053871382E-005   316.25809604321108     
   1.8972651688125021E-005   316.25809599652678     
   1.9140143003205743E-005   316.25809594915364     
   1.9309112938201520E-005   316.25809590083418     
   1.9479574546427102E-005   316.25809585189262     
   1.9651540996432408E-005   316.25809580160478     
   1.9825025573019838E-005   316.25809575076005     
   2.0000041678270554E-005   316.25809569898240     
   2.0176602832579812E-005   316.25809564624524     
   2.0354722675701445E-005   316.25809559263740     
   2.0534414967801580E-005   316.25809553789844     
   2.0715693590521619E-005   316.25809548234912     
   2.0898572548050649E-005   316.25809542584437     
   2.1083065968207294E-005   316.25809536812181     
   2.1269188103531103E-005   316.25809530950107     
   2.1456953332383609E-005   316.25809524983526     
   2.1646376160059091E-005   316.25809518944260     
   2.1837471219905128E-005   316.25809512736038     
   2.2030253274453077E-005   316.25809506460439     
   2.2224737216558493E-005   316.25809500079276     
   2.2420938070551652E-005   316.25809493565930     
   2.2618870993398203E-005   316.25809486951982     
   2.2818551275870087E-005   316.25809480187388     
   2.3019994343726780E-005   316.25809473326899     
   2.3223215758906971E-005   316.25809466343651     
   2.3428231220730754E-005   316.25809459234029     
   2.3635056567112434E-005   316.25809451994343     
   2.3843707775784055E-005   316.25809444632489     
   2.4054200965529700E-005   316.25809437144636     
   2.4266552397430713E-005   316.25809429503624     
   2.4480778476121910E-005   316.25809421752081     
   2.4696895751058860E-005   316.25809413862657     
   2.4914920917796379E-005   316.25809405808013     
   2.5134870819278304E-005   316.25809397630530     
   2.5356762447138627E-005   316.25809389314315     
   2.5580612943014170E-005   316.25809380831788     
   2.5806439599868788E-005   316.25809372178526     
   2.6034259863329306E-005   316.25809363419938     
   2.6264091333033223E-005   316.25809354504872     
   2.6495951763988341E-005   316.25809345405446     
   2.6729859067944352E-005   316.25809336151849     
   2.6965831314776593E-005   316.25809326704359     
   2.7203886733881963E-005   316.25809317139584     
   2.7444043715587204E-005   316.25809307371065     
   2.7686320812569570E-005   316.25809297475246     
   2.7930736741290091E-005   316.25809287342184     
   2.8177310383439455E-005   316.25809277071431     
   2.8426060787396626E-005   316.25809266599430     
   2.8677007169700462E-005   316.25809255932415     
   2.8930168916534124E-005   316.25809245099776     
   2.9185565585222807E-005   316.25809234072597     
   2.9443216905744501E-005   316.25809222845180     
   2.9703142782254255E-005   316.25809211411695     
   2.9965363294621754E-005   316.25809199777859     
   3.0229898699982574E-005   316.25809187937631     
   3.0496769434303083E-005   316.25809175908171     
   3.0765996113959154E-005   316.25809163636666     
   3.1037599537328841E-005   316.25809151163310     
   3.1311600686399092E-005   316.25809138470004     
   3.1588020728386682E-005   316.25809125550160     
   3.1866881017373384E-005   316.25809112397081     
   3.2148203095955666E-005   316.25809098980665     
   3.2432008696908852E-005   316.25809085375442     
   3.2718319744866083E-005   316.25809071492881     
   3.3007158358012031E-005   316.25809057395634     
   3.3298546849791563E-005   316.25809043029813     
   3.3592507730633503E-005   316.25809028422907     
   3.3889063709689651E-005   316.25809013544040     
   3.4188237696589068E-005   316.25808998408786     
   3.4490052803207936E-005   316.25808982974382     
   3.4794532345454976E-005   316.25808967314322     
   3.5101699845072683E-005   316.25808951338973     
   3.5411579031454407E-005   316.25808935121569     
   3.5724193843477523E-005   316.25808918572187     
   3.6039568431352747E-005   316.25808901752112     
   3.6357727158489825E-005   316.25808884635148     
   3.6678694603379626E-005   316.25808867194968     
   3.7002495561492892E-005   316.25808849469087     
   3.7329155047195787E-005   316.25808831419232     
   3.7658698295682255E-005   316.25808813053465     
   3.7991150764923545E-005   316.25808794350661     
   3.8326538137634855E-005   316.25808775318569     
   3.8664886323259416E-005   316.25808755964789     
   3.9006221459970051E-005   316.25808736250173     
   3.9350569916688381E-005   316.25808716205256     
   3.9697958295121922E-005   316.25808695784713     
   4.0048413431819087E-005   316.25808675007056     
   4.0401962400242420E-005   316.25808653861520     
   4.0758632512860046E-005   316.25808632342967     
   4.1118451323255625E-005   316.25808610434404     
   4.1481446628256946E-005   316.25808588153592     
   4.1847646470083284E-005   316.25808565471505     
   4.2217079138511729E-005   316.25808542388035     
   4.2589773173062631E-005   316.25808518891205     
   4.2965757365204351E-005   316.25808494974643     
   4.3345060760577463E-005   316.25808470637617     
   4.3727712661238612E-005   316.25808445867483     
   4.4113742627924130E-005   316.25808420657251     
   4.4503180482333699E-005   316.25808395017094     
   4.4896056309434144E-005   316.25808368892996     
   4.5292400459783565E-005   316.25808342329617     
   4.5692243551875962E-005   316.25808315278255     
   4.6095616474506607E-005   316.25808287748180     
   4.6502550389158304E-005   316.25808259742570     
   4.6913076732408604E-005   316.25808231229450     
   4.7327227218358443E-005   316.25808202211499     
   4.7745033841082061E-005   316.25808172691126     
   4.8166528877098650E-005   316.25808142635572     
   4.8591744887865788E-005   316.25808112058354     
   4.9020714722294865E-005   316.25808080926157     
   4.9453471519288772E-005   316.25808049240300     
   4.9890048710301944E-005   316.25808016996001     
   5.0330480021922962E-005   316.25807984182359     
   5.0774799478480121E-005   316.25807950788192     
   5.1223041404669780E-005   316.25807916802012     
   5.1675240428208080E-005   316.25807882206169     
   5.2131431482506008E-005   316.25807847000215     
   5.2591649809368069E-005   316.25807811171705     
   5.3055930961714801E-005   316.25807774707908     
   5.3524310806329334E-005   316.25807737601525     
   5.3996825526628159E-005   316.25807699827533     
   5.4473511625456402E-005   316.25807661389604     
   5.4954405927907718E-005   316.25807622267814     
   5.5439545584169160E-005   316.25807582447720     
   5.5928968072391087E-005   316.25807541926122     
   5.6422711201582458E-005   316.25807500687836     
   5.6920813114531595E-005   316.25807458705674     
   5.7423312290752918E-005   316.25807415992784     
   5.7930247549459490E-005   316.25807372527032     
   5.8441658052561896E-005   316.25807328268405     
   5.8957583307693628E-005   316.25807283252186     
   5.9478063171263131E-005   316.25807237414278     
   6.0003137851532755E-005   316.25807190777488     
   6.0532847911724993E-005   316.25807143311829     
   6.1067234273156067E-005   316.25807094998487     
   6.1606338218397170E-005   316.25807045824070     
   6.2150201394463666E-005   316.25806995792198     
   6.2698865816032424E-005   316.25806944865286     
   6.3252373868687498E-005   316.25806893022747     
   6.3810768312194560E-005   316.25806840284281     
   6.4374092283804192E-005   316.25806786599253     
   6.4942389301584299E-005   316.25806731951479     
   6.5515703267782007E-005   316.25806676353386     
   6.6094078472215211E-005   316.25806619758674     
   6.6677559595694041E-005   316.25806562161290     
   6.7266191713472601E-005   316.25806503543015     
   6.7860020298731111E-005   316.25806443885108     
   6.8459091226088766E-005   316.25806383162461     
   6.9063450775147772E-005   316.25806321372693     
   6.9673145634068439E-005   316.25806258489604     
   7.0288222903175994E-005   316.25806194480583     
   7.0908730098599205E-005   316.25806129347387     
   7.1534715155941082E-005   316.25806063044581     
   7.2166226433982011E-005   316.25805995572750     
   7.2803312718415644E-005   316.25805926908549     
   7.3446023225617584E-005   316.25805857019282     
   7.4094407606447563E-005   316.25805785894920     
   7.4748515950085088E-005   316.25805713507327     
   7.5408398787898856E-005   316.25805639836437     
   7.6074107097350509E-005   316.25805564858609     
   7.6745692305932713E-005   316.25805488558268     
   7.7423206295142068E-005   316.25805410887119     
   7.8106701404487063E-005   316.25805331848562     
   7.8796230435531411E-005   316.25805251407445     
   7.9491846655973142E-005   316.25805169542440     
   8.0193603803759564E-005   316.25805086219839     
   8.0901556091238775E-005   316.25805001425567     
   8.1615758209347517E-005   316.25804915124371     
   8.2336265331836356E-005   316.25804827289011     
   8.3063133119531851E-005   316.25804737900125     
   8.3796417724636533E-005   316.25804646923041     
   8.4536175795066809E-005   316.25804554330938     
   8.5282464478829070E-005   316.25804460096219     
   8.6035341428434623E-005   316.25804364193323     
   8.6794864805353356E-005   316.25804266589989     
   8.7561093284506907E-005   316.25804167253091     
   8.8334086058801454E-005   316.25804066160237     
   8.9113902843700462E-005   316.25803963264855     
   8.9900603881837849E-005   316.25803858548505     
   9.0694249947671904E-005   316.25803751977315     
   9.1494902352180175E-005   316.25803643510579     
   9.2302622947595985E-005   316.25803533121183     
   9.3117474132186552E-005   316.25803420775179     
   9.3939518855073485E-005   316.25803306437632     
   9.4768820621095705E-005   316.25803190069644     
   9.5605443495715362E-005   316.25803071637085     
   9.6449452109966988E-005   316.25802951104771     
   9.7300911665450441E-005   316.25802828430591     
   9.8159887939367914E-005   316.25802703585890     
   9.9026447289605253E-005   316.25802576526320     
   9.9900656659858395E-005   316.25802447206411     
   1.0078258358480481E-004   316.25802315594041     
   1.0167229619532078E-004   316.25802181655939     
   1.0256986322374461E-004   316.25802045337224     
   1.0347535400918646E-004   316.25801906599241     
   1.0438883850288481E-004   316.25801765402122     
   1.0531038727361044E-004   316.25801621701754     
   1.0624007151311804E-004   316.25801475444052     
   1.0717796304164591E-004   316.25801326599770     
   1.0812413431346418E-004   316.25801175112127     
   1.0907865842247220E-004   316.25801020937558     
   1.1004160910784505E-004   316.25800864028128     
   1.1101306075973028E-004   316.25800704334551     
   1.1199308842499444E-004   316.25800541808985     
   1.1298176781302085E-004   316.25800376402105     
   1.1397917530155828E-004   316.25800208054386     
   1.1498538794262114E-004   316.25800036728060     
   1.1600048346844217E-004   316.25799862360509     
   1.1702454029747729E-004   316.25799684899215     
   1.1805763754046359E-004   316.25799504287107     
   1.1909985500653091E-004   316.25799320471339     
   1.2015127320936721E-004   316.25799133400290     
   1.2121197337343843E-004   316.25798943006134     
   1.2228203744026327E-004   316.25798749236731     
   1.2336154807474352E-004   316.25798552032421     
   1.2445058867154973E-004   316.25798351325921     
   1.2554924336156414E-004   316.25798147056884     
   1.2665759701837952E-004   316.25797939165977     
   1.2777573526485619E-004   316.25797727589156     
   1.2890374447973636E-004   316.25797512254576     
   1.3004171180431724E-004   316.25797293103039     
   1.3118972514918279E-004   316.25797070064635     
   1.3234787320099507E-004   316.25796843070344     
   1.3351624542934552E-004   316.25796612049089     
   1.3469493209366661E-004   316.25796376924785     
   1.3588402425020459E-004   316.25796137633819     
   1.3708361375905394E-004   316.25795894092920     
   1.3829379329125357E-004   316.25795646239908     
   1.3951465633594602E-004   316.25795393981252     
   1.4074629720759965E-004   316.25795137253192     
   1.4198881105329460E-004   316.25794875966324     
   1.4324229386007323E-004   316.25794610049280     
   1.4450684246235530E-004   316.25794339407912     
   1.4578255454941860E-004   316.25794063971841     
   1.4706952867294567E-004   316.25793783644872     
   1.4836786425463728E-004   316.25793498345791     
   1.4967766159389276E-004   316.25793207986419     
   1.5099902187555857E-004   316.25792912474492     
   1.5233204717774498E-004   316.25792611722369     
   1.5367684047971176E-004   316.25792305630955     
   1.5503350566982367E-004   316.25791994112956     
   1.5640214755357606E-004   316.25791677068048     
   1.5778287186169130E-004   316.25791354395994     
   1.5917578525828671E-004   316.25791025999433     
   1.6058099534911464E-004   316.25790691778064     
   1.6199861068987530E-004   316.25790351622720     
   1.6342874079460285E-004   316.25790005437193     
   1.6487149614412562E-004   316.25789653113412     
   1.6632698819460108E-004   316.25789294531387     
   1.6779532938612603E-004   316.25788929592619     
   1.6927663315142289E-004   316.25788558173531     
   1.7077101392460256E-004   316.25788180173339     
   1.7227858715000482E-004   316.25787795458746     
   1.7379946929111658E-004   316.25787403925040     
   1.7533377783956900E-004   316.25787005436263     
   1.7688163132421406E-004   316.25786599883463     
   1.7844314932028094E-004   316.25786187135105     
   1.8001845245861378E-004   316.25785767064633     
   1.8160766243499057E-004   316.25785339540278     
   1.8321090201952426E-004   316.25784904427832     
   1.8482829506614740E-004   316.25784461599369     
   1.8645996652217971E-004   316.25784010911320     
   1.8810604243798090E-004   316.25783552226216     
   1.8976664997668815E-004   316.25783085406852     
   1.9144191742403988E-004   316.25782610301565     
   1.9313197419828601E-004   316.25782126767558     
   1.9483695086018583E-004   316.25781634654720     
   1.9655697912309415E-004   316.25781133811432     
   1.9829219186313655E-004   316.25780624078618     
   2.0004272312947415E-004   316.25780105302806     
   2.0180870815465941E-004   316.25779577321470     
   2.0359028336508302E-004   316.25779039976055     
   2.0538758639151333E-004   316.25778493092957     
   2.0720075607972836E-004   316.25777936508194     
   2.0902993250124222E-004   316.25777370045489     
   2.1087525696412588E-004   316.25776793530713     
   2.1273687202392341E-004   316.25776206791818     
   2.1461492149466493E-004   316.25775609636918     
   2.1650955045997641E-004   316.25775001886183     
   2.1842090528428781E-004   316.25774383352854     
   2.2034913362413999E-004   316.25773753843117     
   2.2229438443959168E-004   316.25773113167674     
   2.2425680800572661E-004   316.25772461121267     
   2.2623655592426316E-004   316.25771797504387     
   2.2823378113526543E-004   316.25771122114429     
   2.3024863792895853E-004   316.25770434735438     
   2.3228128195764767E-004   316.25769735162709     
   2.3433187024774279E-004   316.25769023173575     
   2.3640056121188914E-004   316.25768298554976     
   2.3848751466120494E-004   316.25767561075622     
   2.4059289181762740E-004   316.25766810507810     
   2.4271685532636721E-004   316.25766046621379     
   2.4485956926847345E-004   316.25765269185138     
   2.4702119917350906E-004   316.25764477944836     
   2.4920191203233860E-004   316.25763672669677     
   2.5140187631002850E-004   316.25762853102628     
   2.5362126195886128E-004   316.25762018993851     
   2.5586024043146505E-004   316.25761170081631     
   2.5811898469405849E-004   316.25760306103814     
   2.6039766923981276E-004   316.25759426794849     
   2.6269647010233155E-004   316.25758531884173     
   2.6501556486925040E-004   316.25757621090202     
   2.6735513269595502E-004   316.25756694133338     
   2.6971535431942240E-004   316.25755750727075     
   2.7209641207218225E-004   316.25754790577844     
   2.7449848989640331E-004   316.25753813390691     
   2.7692177335810299E-004   316.25752818860394     
   2.7936644966148260E-004   316.25751806681461     
   2.8183270766338967E-004   316.25750776539314     
   2.8432073788790737E-004   316.25749728114397     
   2.8683073254107296E-004   316.25748661086459     
   2.8936288552572619E-004   316.25747575118334     
   2.9191739245648858E-004   316.25746469878322     
   2.9449445067487536E-004   316.25745345024779     
   2.9709425926454042E-004   316.25744200205173     
   2.9971701906665582E-004   316.25743035069706     
   3.0236293269542749E-004   316.25741849255951     
   3.0503220455374759E-004   316.25740642395095     
   3.0772504084898496E-004   316.25739414116913     
   3.1044164960891517E-004   316.25738164037193     
   3.1318224069779130E-004   316.25736891772794     
   3.1594702583255622E-004   316.25735596926216     
   3.1873621859919828E-004   316.25734279099902     
   3.2155003446925144E-004   316.25732937884408     
   3.2438869081644062E-004   316.25731572861815     
   3.2725240693347486E-004   316.25730183612842     
   3.3014140404898746E-004   316.25728769705620     
   3.3305590534462719E-004   316.25727330702841     
   3.3599613597229888E-004   316.25725866160769     
   3.3896232307155741E-004   316.25724375621701     
   3.4195469578715451E-004   316.25722858626153     
   3.4497348528674069E-004   316.25721314706033     
   3.4801892477872383E-004   316.25719743382973     
   3.5109124953028461E-004   316.25718144166603     
   3.5419069688555165E-004   316.25716516565967     
   3.5731750628393687E-004   316.25714860074697     
   3.6047191927863277E-004   316.25713174179464     
   3.6365417955527292E-004   316.25711458358325     
   3.6686453295075731E-004   316.25709712081823     
   3.7010322747224351E-004   316.25707934806223     
   3.7337051331630638E-004   316.25706125983413     
   3.7666664288826568E-004   316.25704285054047     
   3.7999187082168547E-004   316.25702411442899     
   3.8334645399804468E-004   316.25700504573871     
   3.8673065156658238E-004   316.25698563855110     
   3.9014472496431691E-004   316.25696588684531     
   3.9358893793624327E-004   316.25694578453164     
   3.9706355655570735E-004   316.25692532536090     
   4.0056884924496121E-004   316.25690450298680     
   4.0410508679589895E-004   316.25688331096950     
   4.0767254239097630E-004   316.25686174273676     
   4.1127149162431428E-004   316.25683979162335     
   4.1490221252298980E-004   316.25681745081738     
   4.1856498556851364E-004   316.25679471338515     
   4.2226009371849844E-004   316.25677157230461     
   4.2598782242851782E-004   316.25674802038134     
   4.2974845967415825E-004   316.25672405036141     
   4.3354229597326622E-004   316.25669965475294     
   4.3736962440839088E-004   316.25667482605513     
   4.4123074064942610E-004   316.25664955654321     
   4.4512594297645082E-004   316.25662383838846     
   4.4905553230277235E-004   316.25659766363179     
   4.5301981219817258E-004   316.25657102415147     
   4.5701908891235932E-004   316.25654391171611     
   4.6105367139862480E-004   316.25651631789378     
   4.6512387133771320E-004   316.25648823414178     
   4.6923000316189832E-004   316.25645965175204     
   4.7337238407927474E-004   316.25643056187459     
   4.7755133409826229E-004   316.25640095548522     
   4.8176717605232796E-004   316.25637082343076     
   4.8602023562492499E-004   316.25634015633716     
   4.9031084137465331E-004   316.25630894472914     
   4.9463932476064075E-004   316.25627717890768     
   4.9900602016814957E-004   316.25624484902607     
   5.0341126493440823E-004   316.25621194509176     
   5.0785539937467144E-004   316.25617845688822     
   5.1233876680851045E-004   316.25614437402800     
   5.1686171358633496E-004   316.25610968594771     
   5.2142458911615000E-004   316.25607438187313     
   5.2602774589054831E-004   316.25603845090814     
   5.3067153951394050E-004   316.25600188186951     
   5.3535632873002732E-004   316.25596466342608     
   5.4008247544951320E-004   316.25592678405701     
   5.4485034477806411E-004   316.25588823200189     
   5.4966030504451340E-004   316.25584899531316     
   5.5451272782931576E-004   316.25580906181312     
   5.5940798799325279E-004   316.25576841913187     
   5.6434646370639183E-004   316.25572705464958     
   5.6932853647730032E-004   316.25568495557013     
   5.7435459118251853E-004   316.25564210879111     
   5.7942501609629167E-004   316.25559850106765     
   5.8454020292056570E-004   316.25555411884920     
   5.8970054681524637E-004   316.25550894837858     
   5.9490644642872664E-004   316.25546297564773     
   6.0015830392868349E-004   316.25541618639465     
   6.0545652503314542E-004   316.25536856611041     
   6.1080151904183632E-004   316.25532010000290     
   6.1619369886779351E-004   316.25527077305787     
   6.2163348106926712E-004   316.25522056998045     
   6.2712128588189998E-004   316.25516947517650     
   6.3265753725119146E-004   316.25511747280240     
   6.3824266286524882E-004   316.25506454672484     
   6.4387709418782611E-004   316.25501068053370     
   6.4956126649165719E-004   316.25495585749371     
   6.5529561889208013E-004   316.25490006060176     
   6.6108059438096066E-004   316.25484327255191     
   6.6691663986091407E-004   316.25478547573107     
   6.7280420617982966E-004   316.25472665217967     
   6.7874374816569931E-004   316.25466678365291     
   6.8473572466175477E-004   316.25460585159180     
   6.9078059856191357E-004   316.25454383705659     
   6.9687883684653874E-004   316.25448072081076     
   7.0303091061851483E-004   316.25441648327887     
   7.0923729513964074E-004   316.25435110450354     
   7.1549846986734551E-004   316.25428456419343     
   7.2181491849172700E-004   316.25421684170561     
   7.2818712897291843E-004   316.25414791600571     
   7.3461559357878409E-004   316.25407776571171     
   7.4110080892294855E-004   316.25400636902850     
   7.4764327600316085E-004   316.25393370380198     
   7.5424350023999790E-004   316.25385974746769     
   7.6090199151590912E-004   316.25378447705765     
   7.6761926421460667E-004   316.25370786922434     
   7.7439583726080213E-004   316.25362990014594     
   7.8123223416029454E-004   316.25355054565125     
   7.8812898304041331E-004   316.25346978105540     
   7.9508661669081622E-004   316.25338758129942     
   8.0210567260464917E-004   316.25330392086488     
   8.0918669302006889E-004   316.25321877374950     
   8.1633022496213159E-004   316.25313211352000     
   8.2353682028505259E-004   316.25304391326114     
   8.3080703571483748E-004   316.25295414555904     
   8.3814143289229106E-004   316.25286278255243     
   8.4554057841640547E-004   316.25276979584163     
   8.5300504388813076E-004   316.25267515654343     
   8.6053540595453263E-004   316.25257883527246     
   8.6813224635333994E-004   316.25248080208235     
   8.7579615195788505E-004   316.25238102652361     
   8.8352771482244098E-004   316.25227947760169     
   8.9132753222795943E-004   316.25217612374365     
   8.9919620672821170E-004   316.25207093284729     
   9.0713434619633720E-004   316.25196387221308     
   9.1514256387180382E-004   316.25185490858303     
   9.2322147840778149E-004   316.25174400808635     
   9.3137171391893434E-004   316.25163113624785     
   9.3959390002963520E-004   316.25151625799248     
   9.4788867192260634E-004   316.25139933761562     
   9.5625667038798726E-004   316.25128033876183     
   9.6469854187283843E-004   316.25115922444212     
   9.7321493853108035E-004   316.25103595700079     
   9.8180651827387412E-004   316.25091049812494     
   9.9047394482044602E-004   316.25078280879234     
   9.9921788774936203E-004   316.25065284931293     
   1.0080390225502541E-003   316.25052057927246     
   1.0169380306760030E-003   316.25038595752255     
   1.0259155995953825E-003   316.25024894222872     
   1.0349724228461675E-003   316.25010949075789     
   1.0441092000887122E-003   316.24996755975474     
   1.0533266371599993E-003   316.24982310505084     
   1.0626254461281682E-003   316.24967608172136     
   1.0720063453475244E-003   316.24952644404459     
   1.0814700595140325E-003   316.24937414545229     
   1.0910173197213027E-003   316.24921913857952     
   1.1006488635170674E-003   316.24906137518485     
   1.1103654349601600E-003   316.24890080619895     
   1.1201677846779941E-003   316.24873738164132     
   1.1300566699245515E-003   316.24857105066383     
   1.1400328546388829E-003   316.24840176150610     
   1.1500971095041220E-003   316.24822946148743     
   1.1602502120070237E-003   316.24805409697302     
   1.1704929464980266E-003   316.24787561338394     
   1.1808261042518461E-003   316.24769395515710     
   1.1912504835286015E-003   316.24750906575110     
   1.2017668896354839E-003   316.24732088760805     
   1.2123761349889684E-003   316.24712936213024     
   1.2230790391775737E-003   316.24693442969851     
   1.2338764290251794E-003   316.24673602960593     
   1.2447691386548978E-003   316.24653410007949     
   1.2557580095535134E-003   316.24632857823337     
   1.2668438906364890E-003   316.24611940005957     
   1.2780276383135461E-003   316.24590650040170     
   1.2893101165548258E-003   316.24568981295329     
   1.3006921969576303E-003   316.24546927021572     
   1.3121747588137585E-003   316.24524480349208     
   1.3237586891774306E-003   316.24501634283490     
   1.3354448829338171E-003   316.24478381707667     
   1.3472342428681695E-003   316.24454715376339     
   1.3591276797355637E-003   316.24430627914785     
   1.3711261123312561E-003   316.24406111816558     
   1.3832304675616650E-003   316.24381159441151     
   1.3954416805159742E-003   316.24355763011931     
   1.4077606945383716E-003   316.24329914611991     
   1.4201884613009249E-003   316.24303606184412     
   1.4327259408771003E-003   316.24276829527685     
   1.4453741018159304E-003   316.24249576293516     
   1.4581339212168364E-003   316.24221837984703     
   1.4710063848051118E-003   316.24193605951587     
   1.4839924870080716E-003   316.24164871390911     
   1.4970932310318741E-003   316.24135625340932     
   1.5103096289390218E-003   316.24105858679980     
   1.5236427017265438E-003   316.24075562123983     
   1.5370934794048719E-003   316.24044726222121     
   1.5506630010774099E-003   316.24013341354146     
   1.5643523150208076E-003   316.23981397729005     
   1.5781624787659420E-003   316.23948885379087     
   1.5920945591796148E-003   316.23915794160047     
   1.6061496325469691E-003   316.23882113744617     
   1.6203287846546361E-003   316.23847833621812     
   1.6346331108746139E-003   316.23812943091826     
   1.6490637162488878E-003   316.23777431263670     
   1.6636217155747968E-003   316.23741287051979     
   1.6783082334911549E-003   316.23704499172305     
   1.6931244045651319E-003   316.23667056138083     
   1.7080713733799008E-003   316.23628946257935     
   1.7231502946230604E-003   316.23590157630775     
   1.7383623331758366E-003   316.23550678142828     
   1.7537086642030726E-003   316.23510495462654     
   1.7691904732440131E-003   316.23469597038644     
   1.7848089563038902E-003   316.23427970094463     
   1.8005653199463165E-003   316.23385601624750     
   1.8164607813864961E-003   316.23342478390936     
   1.8324965685852569E-003   316.23298586918793     
   1.8486739203439127E-003   316.23253913490788     
   1.8649940863999649E-003   316.23208444144842     
   1.8814583275236457E-003   316.23162164667718     
   1.8980679156153171E-003   316.23115060593898     
   1.9148241338037277E-003   316.23067117196160     
   1.9317282765451359E-003   316.23018319484385     
   1.9487816497233130E-003   316.22968652199677     
   1.9659855707504213E-003   316.22918099809334     
   1.9833413686687913E-003   316.22866646503667     
   2.0008503842535896E-003   316.22814276187870     
   2.0185139701164008E-003   316.22760972479477     
   2.0363334908097162E-003   316.22706718702091     
   2.0543103229323503E-003   316.22651497880537     
   2.0724458552357867E-003   316.22595292735070     
   2.0907414887314617E-003   316.22538085675831     
   2.1091986367989951E-003   316.22479858798005     
   2.1278187252953781E-003   316.22420593875307     
   2.1466031926651225E-003   316.22360272354547     
   2.1655534900513855E-003   316.22298875349600     
   2.1846710814080739E-003   316.22236383635772     
   2.2039574436129358E-003   316.22172777643078     
   2.2234140665816546E-003   316.22108037450153     
   2.2430424533829486E-003   316.22042142779424     
   2.2628441203546850E-003   316.21975072987505     
   2.2828205972210210E-003   316.21906807061504     
   2.3029734272105805E-003   316.21837323611658     
   2.3233041671756687E-003   316.21766600863100     
   2.3438143877125444E-003   316.21694616650603     
   2.3645056732827532E-003   316.21621348411236     
   2.3853796223355277E-003   316.21546773176203     
   2.4064378474312740E-003   316.21470867564392     
   2.4276819753661456E-003   316.21393607774667     
   2.4491136472977156E-003   316.21314969578651     
   2.4707345188717611E-003   316.21234928312157     
   2.4925462603501637E-003   316.21153458868025     
   2.5145505567399449E-003   316.21070535688148     
   2.5367491079234332E-003   316.20986132754524     
   2.5591436287895849E-003   316.20900223582231     
   2.5817358493664642E-003   316.20812781209167     
   2.6045275149548905E-003   316.20723778189921     
   2.6275203862632674E-003   316.20633186584314     
   2.6507162395436024E-003   316.20540977950179     
   2.6741168667287242E-003   316.20447123334429     
   2.6977240755707158E-003   316.20351593262183     
   2.7215396897805671E-003   316.20254357729129     
   2.7455655491690593E-003   316.20155386190822     
   2.7698035097888955E-003   316.20054647553445     
   2.7942554440780871E-003   316.19952110163280     
   2.8189232410045983E-003   316.19847741797503     
   2.8438088062122807E-003   316.19741509652596     
   2.8689140621680816E-003   316.19633380335318     
   2.8942409483105635E-003   316.19523319850953     
   2.9197914211997284E-003   316.19411293592100     
   2.9455674546681682E-003   316.19297266329374     
   2.9715710399735445E-003   316.19181202197456     
   2.9978041859524207E-003   316.19063064686588     
   3.0242689191754494E-003   316.18942816628203     
   3.0509672841039265E-003   316.18820420184329     
   3.0779013432477346E-003   316.18695836835229     
   3.1050731773246730E-003   316.18569027367539     
   3.1324848854212013E-003   316.18439951860171     
   3.1601385851545956E-003   316.18308569673218     
   3.1880364128365410E-003   316.18174839433868     
   3.2161805236381653E-003   316.18038719022996     
   3.2445730917565335E-003   316.17900165562810     
   3.2732163105826063E-003   316.17759135401860     
   3.3021123928706872E-003   316.17615584100554     
   3.3312635709093603E-003   316.17469466418470     
   3.3606720966939422E-003   316.17320736299263     
   3.3903402421004516E-003   316.17169346854246     
   3.4202702990611200E-003   316.17015250350238     
   3.4504645797414448E-003   316.16858398190698     
   3.4809254167188120E-003   316.16698740903183     
   3.5116551631626928E-003   316.16536228121606     
   3.5426561930164305E-003   316.16370808570315     
   3.5739309011806335E-003   316.16202430047707     
   3.6054817036981881E-003   316.16031039409381     
   3.6373110379409003E-003   316.15856582551015     
   3.6694213627977922E-003   316.15679004390449     
   3.7018151588650533E-003   316.15498248850514     
   3.7344949286376751E-003   316.15314258840630     
   3.7674631967027712E-003   316.15126976237849     
   3.8007225099346126E-003   316.14936341869065     
   3.8342754376913739E-003   316.14742295490873     
   3.8681245720136258E-003   316.14544775770662     
   3.9022725278245744E-003   316.14343720267061     
   3.9367219431320722E-003   316.14139065408330     
   3.9714754792324067E-003   316.13930746473017     
   4.0065358209158955E-003   316.13718697569271     
   4.0419056766742888E-003   316.13502851611798     
   4.0775877789100108E-003   316.13283140301485     
   4.1135848841472398E-003   316.13059494103175     
   4.1498997732448582E-003   316.12831842222789     
   4.1865352516112803E-003   316.12600112583300     
   4.2234941494211772E-003   316.12364231803787     
   4.2607793218341116E-003   316.12124125173290     
   4.2983936492151072E-003   316.11879716627237     
   4.3363400373571661E-003   316.11630928723469     
   4.3746214177057411E-003   316.11377682615972     
   4.4132407475852026E-003   316.11119898029443     
   4.4522010104272982E-003   316.10857493233880     
   4.4915052160016261E-003   316.10590385017002     
   4.5311564006481507E-003   316.10318488657811     
   4.5711576275117632E-003   316.10041717898514     
   4.6115119867789203E-003   316.09759984916889     
   4.6522225959163633E-003   316.09473200296770     
   4.6932925999119569E-003   316.09181273000161     
   4.7347251715176373E-003   316.08884110336396     
   4.7765235114945225E-003   316.08581617932214     
   4.8186908488601762E-003   316.08273699701084     
   4.8612304411380551E-003   316.07960257811578     
   4.9041455746091592E-003   316.07641192655728     
   4.9474395645659084E-003   316.07316402815968     
   4.9911157555682555E-003   316.06985785032322     
   5.0351775217020566E-003   316.06649234168356     
   5.0796282668397344E-003   316.06306643176805     
   5.1244714249032274E-003   316.05957903064564     
   5.1697104601292759E-003   316.05602902857140     
   5.2153488673370345E-003   316.05241529561789     
   5.2613901721980617E-003   316.04873668130955     
   5.3078379315086811E-003   316.04499201424142     
   5.3546957334647538E-003   316.04118010169418     
   5.4019671979388794E-003   316.03729972925066     
   5.4496559767600299E-003   316.03334966038256     
   5.4977657539956679E-003   316.02932863605531     
   5.5463002462363513E-003   316.02523537431335     
   5.5952632028828430E-003   316.02106856985131     
   5.6446584064357656E-003   316.01682689359217     
   5.6944896727878025E-003   316.01250899224362     
   5.7447608515184909E-003   316.00811348785601     
   5.7954758261916052E-003   316.00363897736781     
   5.8466385146551756E-003   315.99908403214351     
   5.8982528693441467E-003   315.99444719749886     
   5.9503228775857168E-003   315.98972699222600     
   6.0028525619073621E-003   315.98492190810083     
   6.0558459803475920E-003   315.98003040938795     
   6.1093072267694387E-003   315.97505093232905     
   6.1632404311767197E-003   315.96998188463198     
   6.2176497600330847E-003   315.96482164493989     
   6.2725394165838921E-003   315.95956856229498     
   6.3279136411809149E-003   315.95422095559519     
   6.3837767116099150E-003   315.94877711303479     
   6.4401329434211211E-003   315.94323529153939     
   6.4969866902626038E-003   315.93759371618887     
   6.5543423442166121E-003   315.93185057962302     
   6.6122043361388702E-003   315.92600404145384     
   6.6705771360008707E-003   315.92005222764192     
   6.7294652532351885E-003   315.91399322988366     
   6.7888732370838490E-003   315.90782510497542     
   6.8488056769497631E-003   315.90154587416589     
   6.9092672027512743E-003   315.89515352249930     
   6.9702624852798220E-003   315.88864599814701     
   7.0317962365607795E-003   315.88202121172503     
   7.0938732102174672E-003   315.87527703559687     
   7.1564982018383749E-003   315.86841130316509     
   7.2196760493476383E-003   315.86142180815364     
   7.2834116333787783E-003   315.85430630386787     
   7.3477098776517378E-003   315.84706250244994     
   7.4125757493532568E-003   315.83968807410855     
   7.4780142595205898E-003   315.83218064635582     
   7.5440304634286307E-003   315.82453780319696     
   7.6106294609804368E-003   315.81675708433966     
   7.6778163971012083E-003   315.80883598436355     
   7.7455964621357494E-003   315.80077195188539     
   7.8139748922494319E-003   315.79256238870431     
   7.8829569698327037E-003   315.78420464893810     
   7.9525480239091579E-003   315.77569603812935     
   8.0227534305472199E-003   315.76703381235058     
   8.0935786132754605E-003   315.75821517728201     
   8.1650290435015746E-003   315.74923728727691     
   8.2371102409350520E-003   315.74009724440805     
   8.3098277740136055E-003   315.73079209749187     
   8.3831872603333281E-003   315.72131884110422     
   8.4571943670826728E-003   315.71167441456799     
   8.5318548114802547E-003   315.70185570092588     
   8.6071743612165224E-003   315.69185952589612     
   8.6831588348993214E-003   315.68168265680151     
   8.7598141025033924E-003   315.67132180148712     
   8.8371460858238521E-003   315.66077360720976     
   8.9151607589336487E-003   315.65003465951207     
   8.9938641486450848E-003   315.63910148107215     
   9.0732623349754002E-003   315.62797053053231     
   9.1533614516164652E-003   315.61663820131008     
   9.2341676864086224E-003   315.60510082037581     
   9.3156872818187103E-003   315.59335464702156     
   9.3979265354223150E-003   315.58139587159627     
   9.4808918003902662E-003   315.56922061421835     
   9.5645894859794304E-003   315.55682492347159     
   9.6490260580278479E-003   315.54420477506642     
   9.7342080394542414E-003   315.53135607048307     
   9.8201420107618988E-003   315.51827463558561     
   9.9068346105470641E-003   315.50495621921181     
   9.9942925360117646E-003   315.49139649173588     
   1.0082522543481187E-002   315.47759104360216     
   1.0171531448925632E-002   315.46353538383630     
   1.0261326128487045E-002   315.44922493852073     
   1.0351913519010226E-002   315.43465504925081     
   1.0443300618578715E-002   315.41982097155341     
   1.0535494487055408E-002   315.40471787328050     
   1.0628502246627944E-002   315.38934083297045     
   1.0722331082358920E-002   315.37368483817988     
   1.0816988242740948E-002   315.35774478378482     
   1.0912481040256616E-002   315.34151547024658     
   1.1008816851943392E-002   315.32499160184727     
   1.1106003119963530E-002   315.30816778489594     
   1.1204047352178975E-002   315.29103852588742     
   1.1302957122731380E-002   315.27359822964922     
   1.1402740072627215E-002   315.25584119742837     
   1.1503403910328055E-002   315.23776162496267     
   1.1604956412346079E-002   315.21935360050259     
   1.1707405423844817E-002   315.20061110280398     
   1.1810758859245221E-002   315.18152799907779     
   1.1915024702837049E-002   315.16209804290452     
   1.2020211009395692E-002   315.14231487210776     
   1.2126325904804412E-002   315.12217200658989     
   1.2233377586682088E-002   315.10166284612512     
   1.2341374325016504E-002   315.08078066810862     
   1.2450324462803213E-002   315.05951862527405     
   1.2560236416690070E-002   315.03786974335310     
   1.2671118677627425E-002   315.01582691870419     
   1.2782979811524068E-002   314.99338291588850     
   1.2895828459908974E-002   314.97053036520674     
   1.3009673340598870E-002   314.94726176018349     
   1.3124523248371718E-002   314.92356945500961     
   1.3240387055646121E-002   314.89944566193617     
   1.3357273713166744E-002   314.87488244861407     
   1.3475192250695779E-002   314.84987173539457     
   1.3594151777710509E-002   314.82440529256888     
   1.3714161484107049E-002   314.79847473756286     
   1.3835230640910268E-002   314.77207153207462     
   1.3957368600990016E-002   314.74518697916517     
   1.4080584799783641E-002   314.71781222028892     
   1.4204888756024901E-002   314.68993823227095     
   1.4330290072479318E-002   314.66155582422948     
   1.4456798436685998E-002   314.63265563443872     
   1.4584423621706024E-002   314.60322812713605     
   1.4713175486877450E-002   314.57326358926707     
   1.4843063978576950E-002   314.54275212717408     
   1.4974099130988209E-002   314.51168366321826     
   1.5106291066877072E-002   314.48004793234520     
   1.5239649998373560E-002   314.44783447858083     
   1.5374186227760786E-002   314.41503265146912     
   1.5509910148270816E-002   314.38163160243511     
   1.5646832244887582E-002   314.34762028109441     
   1.5784963095156868E-002   314.31298743147806     
   1.5924313370003440E-002   314.27772158820244     
   1.6064893834555415E-002   314.24181107256152     
   1.6206715348975879E-002   314.20524398854838     
   1.6349788869301871E-002   314.16800821880207     
   1.6494125448290747E-002   314.13009142048833     
   1.6639736236274051E-002   314.09148102109208     
   1.6786632482018882E-002   314.05216421414536     
   1.6934825533596903E-002   314.01212795486958     
   1.7084326839260994E-002   313.97135895574115     
   1.7235147948329671E-002   313.92984368197654     
   1.7387300512079280E-002   313.88756834693550     
   1.7540796284644094E-002   313.84451890743918     
   1.7695647123924348E-002   313.80068105900671     
   1.7851864992502284E-002   313.75604023100198     
   1.8009461958566297E-002   313.71058158169569     
   1.8168450196843208E-002   313.66428999323779     
   1.8328841989538824E-002   313.61715006653787     
   1.8490649727286739E-002   313.56914611605748     
   1.8653885910105542E-002   313.52026216450463     
   1.8818563148364487E-002   313.47048193743683     
   1.8984694163757660E-002   313.41978885776587     
   1.9152291790286761E-002   313.36816604016769     
   1.9321368975252561E-002   313.31559628538815     
   1.9491938780255121E-002   313.26206207445307     
   1.9664014382202805E-002   313.20754556277382     
   1.9837609074330253E-002   313.15202857414687     
   2.0012736267225304E-002   313.09549259465120     
   2.0189409489864984E-002   313.03791876643822     
   2.0367642390660672E-002   312.97928788140950     
   2.0547448738512452E-002   312.91958037479026     
   2.0728842423872799E-002   312.85877631858438     
   2.0911837459819647E-002   312.79685541492211     
   2.1096447983138943E-002   312.73379698928733     
   2.1282688255416734E-002   312.66957998363279     
   2.1470572664140892E-002   312.60418294937375     
   2.1660115723812618E-002   312.53758404026291     
   2.1851332077067694E-002   312.46976100514314     
   2.2044236495807661E-002   312.40069118057960     
   2.2238843882341000E-002   312.33035148336245     
   2.2435169270534339E-002   312.25871840288647     
   2.2633227826973887E-002   312.18576799340315     
   2.2833034852137068E-002   312.11147586613845     
   2.3034605781574520E-002   312.03581718128538     
   2.3237956187102532E-002   311.95876663985962     
   2.3443101778005997E-002   311.88029847541969     
   2.3650058402251994E-002   311.80038644565582     
   2.3858842047714077E-002   311.71900382383581     
   2.4069468843407375E-002   311.63612339011502     
   2.4281955060734606E-002   311.55171742270386     
   2.4496317114743062E-002   311.46575768889352     
   2.4712571565392718E-002   311.37821543593850     
   2.4930735118835527E-002   311.28906138179144     
   2.5150824628706013E-002   311.19826570569381     
   2.5372857097423249E-002   311.10579803861850     
   2.5596849677504325E-002   311.01162745355919     
   2.5822819672889429E-002   310.91572245567329     
   2.6050784540278610E-002   310.81805097226970     
   2.6280761890480366E-002   310.71858034264454     
   2.6512769489772086E-002   310.61727730776136     
   2.6746825261272568E-002   310.51410799977532     
   2.6982947286326598E-002   310.40903793140211     
   2.7221153805901788E-002   310.30203198512550     
   2.7461463221997738E-002   310.19305440224963     
   2.7703894099067605E-002   310.08206877178804     
   2.7948465165452289E-002   309.96903801919444     
   2.8195195314827209E-002   309.85392439493069     
   2.8444103607661891E-002   309.73668946287108     
   2.8695209272692437E-002   309.61729408854706     
   2.8948531708406996E-002   309.49569842722639     
   2.9204090484544327E-002   309.37186191182707     
   2.9461905343605609E-002   309.24574324067135     
   2.9721996202379607E-002   309.11730036507078     
   2.9984383153481259E-002   308.98649047675019     
   3.0249086466903930E-002   308.85326999510602     
   3.0516126591585247E-002   308.71759455429975     
   3.0785524156986901E-002   308.57941899018920     
   3.1057299974688250E-002   308.43869732709561     
   3.1331475039994117E-002   308.29538276440707     
   3.1608070533556673E-002   308.14942766302147     
   3.1887107823011747E-002   308.00078353162814     
   3.2168608464629482E-002   307.84940101282831     
   3.2452594204979632E-002   307.69522986909885     
   3.2739086982611514E-002   307.53821896859790     
   3.3028108929748813E-002   307.37831627081590     
   3.3319682373999390E-002   307.21546881207331     
   3.3613829840080059E-002   307.04962269086661     
   3.3910574051556751E-002   306.88072305306650     
   3.4209937932599924E-002   306.70871407696978     
   3.4511944609755520E-002   306.53353895820936     
   3.4816617413731515E-002   306.35513989452272     
   3.5123979881200321E-002   306.17345807038726     
   3.5434055756616997E-002   305.98843364151952     
   3.5746868994053604E-002   305.80000571925058     
   3.6062443759049677E-002   305.60811235477564     
   3.6380804430479086E-002   305.41269052328568     
   3.6701975602433365E-002   305.21367610798609     
   3.7025982086121664E-002   305.01100388400704     
   3.7352848911787438E-002   304.80460750221386     
   3.7682601330642128E-002   304.59441947292049     
   3.8015264816815872E-002   304.38037114951675     
   3.8350865069325425E-002   304.16239271201340     
   3.8689428014059446E-002   303.94041315051510     
   3.9030979805781407E-002   303.71436024862942     
   3.9375546830150022E-002   303.48416056681862     
   3.9723155705757664E-002   303.24973942570784     
   4.0073833286186647E-002   303.01102088935482     
   4.0427606662083816E-002   302.76792774849559     
   4.0784503163253272E-002   302.52038150377473     
   4.1144550360767716E-002   302.26830234897420     
   4.1507776069098376E-002   302.01160915425163     
   4.1874208348263692E-002   301.75021944940107     
   4.2243875505997092E-002   301.48404940715255     
   4.2616806099933749E-002   301.21301382652126     
   4.2993028939816783E-002   300.93702611622501     
   4.3372573089722859E-002   300.65599827818437     
   4.3755467870307450E-002   300.36984089112366     
   4.4141742861069921E-002   300.07846309428930     
   4.4531427902638636E-002   299.78177257130466     
   4.4924553099076184E-002   299.47967553418226     
   4.5321148820205007E-002   299.17207670751270     
   4.5721245703953549E-002   298.85887931285185     
   4.6124874658723065E-002   298.53998505332862     
   4.6532066865775414E-002   298.21529409849927     
   4.6942853781641841E-002   297.88470506946959     
   4.7357267140553098E-002   297.54811502431232     
   4.7775338956890977E-002   297.20541944380875     
   4.8197101527661483E-002   296.85651221753767     
   4.8622587434989858E-002   296.50128563034673     
   4.9051829548637634E-002   296.13963034923330     
   4.9484861028541889E-002   295.77143541066630     
   4.9921715327376937E-002   295.39658820838611     
   5.0362426193138583E-002   295.01497448171290     
   5.0807027671751312E-002   294.62647830440176     
   5.1255554109698336E-002   294.23098207408111     
   5.1708040156674982E-002   293.82836650231530     
   5.2164520768265457E-002   293.41851060532889     
   5.2625031208643223E-002   293.00129169543754     
   5.3089607053295268E-002   292.57658537322698     
   5.3558284191770368E-002   292.14426552052771     
   5.4031098830451652E-002   291.70420429423052     
   5.4508087495353616E-002   291.25627212099226     
   5.4989287034943872E-002   290.80033769288383     
   5.5474734622989699E-002   290.33626796402933     
   5.5964467761429930E-002   289.86392814829458     
   5.6458524283271916E-002   289.38318171807958     
   5.6956942355514337E-002   288.89389040427068     
   5.7459760482095605E-002   288.39591419741663     
   5.7967017506868439E-002   287.88911135018702     
   5.8478752616600599E-002   287.37333838117945     
   5.8995005344002170E-002   286.84845008013917     
   5.9515815570779576E-002   286.31429951466248     
   6.0041223530716503E-002   285.77073803845030     
   6.0571269812782054E-002   285.21761530118908     
   6.1105995364266349E-002   284.65477926012761     
   6.1645441493943812E-002   284.08207619343307     
   6.2189649875264319E-002   283.49935071540000     
   6.2738662549572638E-002   282.90644579359594     
   6.3292521929356152E-002   282.30320276802740     
   6.3851270801521379E-002   281.68946137240971     
   6.4414952330699285E-002   281.06505975763139     
   6.4983610062579938E-002   280.42983451749990     
   6.5557287927276470E-002   279.78362071686541     
   6.6136030242718732E-002   279.12625192221299     
   6.6719881718077051E-002   278.45756023482170     
   6.7308887457216054E-002   277.77737632659046     
   6.7903092962179057E-002   277.08552947863092     
   6.8502544136703203E-002   276.38184762272920     
   6.9107287289765618E-002   275.66615738578503     
   6.9717369139160906E-002   274.93828413733263     
   7.0332836815110239E-002   274.19805204025374     
   7.0953737863902161E-002   273.44528410479484     
   7.1580120251565765E-002   272.67980224599933     
   7.2212032367576159E-002   271.90142734467230     
   7.2849523028592572E-002   271.10997931199211     
   7.3492641482229670E-002   270.30527715788674     
   7.4141437410862002E-002   269.48713906329550     
   7.4795960935462036E-002   268.65538245643648     
   7.5456262619472178E-002   267.80982409319927     
   7.6122393472710909E-002   266.95028014178865     
   7.6794404955313339E-002   266.07656627174134     
   7.7472348981706740E-002   265.18849774743882     
   7.8156277924620945E-002   264.28588952624284     
   7.8846244619134323E-002   263.36855636137653     
   7.9542302366755371E-002   262.43631290967693     
   8.0244504939540440E-002   261.48897384434207     
   8.0952906584247669E-002   260.52635397279732     
   8.1667562026527737E-002   259.54826835980350     
   8.2388526475151491E-002   258.55453245592804     
   8.3115855626275006E-002   257.54496223150039     
   8.3849605667742189E-002   256.51937431616790     
   8.4589833283425481E-002   255.47758614417117     
   8.5336595657604708E-002   254.41941610544924     
   8.6089950479384864E-002   253.34468370268692     
   8.6849955947152530E-002   252.25320971441096     
   8.7616670773071989E-002   251.14481636423574     
   8.8390154187620820E-002   250.01932749636003     
   8.9170465944165556E-002   248.87656875740606     
   8.9957666323577851E-002   247.71636778468900     
   9.0751816138891189E-002   246.53855440099861     
   9.1552976739998973E-002   245.34296081596892     
   9.2361210018393841E-002   244.12942183410232     
   9.3176578411948971E-002   242.89777506950782     
   9.3999144909741553E-002   241.64786116740632     
   9.4828973056918800E-002   240.37952403244100     
   9.5666126959607009E-002   239.09261106382763     
   9.6510671289863834E-002   237.78697339736499     
   9.7362671290674482E-002   236.46246615431062     
   9.8222192780991729E-002   235.11894869712404     
   9.9089302160820680E-002   233.75628489205644     
   9.9964066416348266E-002   232.37434337855754     
  0.10084655312511814        230.97299784545243     
  0.10173683046125119        229.55212731382872     
  0.10263496720071207        228.11161642655085     
  0.10354103272662238        226.65135574431031     
  0.10445509703462065        225.17124204809073     
  0.10537723073826964        223.67117864791567     
  0.10630750507451145        222.15107569772283     
  0.10724599190917068        220.61085051618466     
  0.10819276374250626        219.05042791327713     
  0.10914789371481226        217.46974052237016     
  0.11011145561206814        215.86872913759072     
  0.11108352387163890        214.24734305618426     
  0.11206417358802552        212.60554042557123     
  0.11305348051866615        210.94328859476929     
  0.11405152108978864        209.26056446982147     
  0.11505837240231453        207.55735487284349     
  0.11607411223781539        205.83365690426990     
  0.11709881906452151        204.08947830784629     
  0.11813257204338383        202.32483783788948     
  0.11917545103418925        200.53976562829212     
  0.12022753660173002        198.73430356272738     
  0.12128891002202757        196.90850564546409     
  0.12235965328861123        195.06243837217437     
  0.12343984911885240        193.19618110007562     
  0.12452958096035473        191.30982641671454     
  0.12562893299740055        189.40348050666412     
  0.12673799015745441        187.47726351536616     
  0.12785683811772375        185.53130990931615     
  0.12898556331177791        183.56576883175086     
  0.13012425293622507        181.58080445295843     
  0.13127299495744849        179.57659631429945     
  0.13243187811840218        177.55333966498546     
  0.13360099194546646        175.51124579063037     
  0.13478042675536395        173.45054233255291     
  0.13597027366213693        171.37147359677365     
  0.13717062458418605        169.27430085161868     
  0.13838157225137110        167.15930261281062     
  0.13960321021217478        165.02677491489612     
  0.14083563284092956        162.87703156783201     
  0.14207893534510813        160.71040439752625     
  0.14333321377267846        158.52724346910631     
  0.14459856501952384        156.32791729166348     
  0.14587508683692821        154.11281300320883     
  0.14716287783912768        151.88233653455490     
  0.14846203751092865        149.63691275083104     
  0.14977266621539345        147.37698556932637     
  0.15109486520159335        145.10301805235574     
  0.15242873661243039        142.81549247383992     
  0.15377438349252828        140.51491035829662     
  0.15513190979619260        138.20179249095008     
  0.15650142039544168        135.87667889767894     
  0.15788302108810817        133.54012879354366     
  0.15927681860601212        131.19272049865990     
  0.16068292062320627        128.83505132021517     
  0.16210143576429417        126.46773739946477     
  0.16353247361282161        124.09141352258693     
  0.16497614471974223        121.70673289432746     
  0.16643256061195788        119.31436687342290     
  0.16790183380093424        116.91500466885648     
  0.16938407779139261        114.50935299607124     
  0.17087940709007851        112.09813569234673     
  0.17238793721460746        109.68209329063247     
  0.17390978470238902        107.26198255122445     
  0.17544506711962962        104.83857595077480     
  0.17699390307041474        102.41266112823472     
  0.17855641220587148        99.985040287446111     
  0.18013271523341168        97.556529556226380     
  0.18172293392605701        95.127958301917545     
  0.18332719113184617        92.700168403514013     
  0.18494561078332517        90.274013480628597     
  0.18657831790712143        87.850358079706908     
  0.18822543863360230        85.430076818060343     
  0.18988710020661900        83.014053486451260     
  0.19156343099333650        80.603180111132701     
  0.19325456049415007        78.198355976419705     
  0.19496061935268971        75.800486609043730     
  0.19668173936591235        73.410482725726027     
  0.19841805349428374        71.029259145584291     
  0.20016969587204977        68.657733669173652     
  0.20193680181759888        66.296825926146951     
  0.20371950784391540        63.947456193701612     
  0.20551795166912576        61.610544188164994     
  0.20733227222713735        59.287007832247724     
  0.20916260967837155        56.977762000671760     
  0.21100910542059159        54.683717247049003     
  0.21287190209982554        52.405778515052717     
  0.21475114362138631        50.144843837078227     
  0.21664697516098858        47.901803023739461     
  0.21855954317596382        45.677536347684168     
  0.22048899541657480        43.472913225337280     
  0.22243548093742924        41.288790900295695     
  0.22439915010899480        39.126013132196150     
  0.22638015462921568        36.985408894962006     
  0.22837864753523138        34.867791088403152     
  0.23039478321519932        32.773955267191823     
  0.23242871742022164        30.704678391268658     
  0.23448060727637732        28.660717601744437     
  0.23655061129686056        26.642809026354755     
  0.23863888939422626        24.651666618492428     
  0.24074560289274369        22.687981033792326     
  0.24287091454085902        20.752418548166744     
  0.24501498852376818        18.845620021092188     
  0.24717799047610042        16.968199907829799     
  0.24936008749471403        15.120745324115973     
  0.25156144815160497        13.303815166696040     
  0.25378224250692938        11.517939292885941     
  0.25602264212214099        9.7636177621361639     
  0.25828282007324516        8.0413201423450005     
  0.26056295096416865        6.3514848834168873     
  0.26286321094024873        4.6945187602948693     
  0.26518377770184065        3.0707963874124147     
  0.26752483051804532        1.4806598062106247     
  0.26988655024055830       -7.5581852946569938E-002
  0.27226911931764120       -1.5976526334481491     
  0.27467272180821584       -3.0853099390247252     
  0.27709754339608345       -4.5383446439114294     
  0.27954377140426945       -5.9565811265877073     
  0.28201159480949384       -7.3398772274399278     
  0.28450120425677095       -8.6881241310378527     
  0.28701279207413655       -10.001246174050479     
  0.28954655228750598       -11.279200580161145     
  0.29210268063566291       -12.521977123662097     
  0.29468137458538074       -13.729597723718150     
  0.29728283334667727       -14.902115971584124     
  0.29990725788820427       -16.039616593336902     
  0.30255485095277246       -17.142214850941393     
  0.30522581707301438       -18.210055884704524     
  0.30792036258718436       -19.243314000382696     
  0.31063869565509922       -20.242191904396279     
  0.31338102627421860       -21.206919890761959     
  0.31614756629586821       -22.137754983488009     
  0.31893852944160533       -23.034980038278640     
  0.32175413131972985       -23.898902807470314     
  0.32459458944193992       -24.729854972165938     
  0.32746012324013568       -25.528191145552320     
  0.33035095408337062       -26.294287851372779     
  0.33326730529495308       -27.028542481491229     
  0.33620940216969819       -27.731372236418697     
  0.33917747199133269       -28.403213052587702     
  0.34217174405005285       -29.044518520049749     
  0.34519244966023804       -29.655758794143438     
  0.34823982217831978       -30.237419504534245     
  0.35131409702080951       -30.790000664867478     
  0.35441551168248497       -31.314015586103242     
  0.35754430575473689       -31.809989796421526     
  0.36070072094407851       -32.278459970398316     
  0.36388500109081734       -32.719972869963108     
  0.36709739218789306       -33.135084299456999     
  0.37033814239988044       -33.524358076921331     
  0.37360750208216104       -33.888365023562081     
  0.37690572380026338       -34.227681973156564     
  0.38023306234937454       -34.542890802999082     
  0.38358977477402356       -34.834577487821349     
  0.38697612038793855       -35.103331177974653     
  0.39039236079407957       -35.349743303023033     
  0.39383875990484768       -35.574406701770812     
  0.39731558396247335       -35.777914779635992     
  0.40082310155958345       -35.960860694178564     
  0.40436158365995156       -36.123836569504192     
  0.40793130361942981       -36.267432740183317     
  0.41153253720706673       -36.392237025256009     
  0.41516556262641069       -36.498834032829194     
  0.41883066053700213       -36.587804495716355     
  0.42252811407605478       -36.659724638515712     
  0.42625820888032878       -36.715165576472238     
  0.43002123310819701       -36.754692746416964     
  0.43381747746190563       -36.778865370024526     
  0.43764723521003190       -36.788235949572567     
  0.44151080221013922       -36.783349796325737     
  0.44540847693163349       -36.764744591598252     
  0.44934056047882026       -36.732949980474224     
  0.45330735661416549       -36.688487198081127     
  0.45730917178176256       -36.631868728220645     
  0.46134631513100471       -36.563597994060991     
  0.46541909854046892       -36.484169080487916     
  0.46952783664200792       -36.394066487597343     
  0.47367284684505706       -36.293764914693504     
  0.47785444936115473       -36.183729074033387     
  0.48207296722867926       -36.064413533433431     
  0.48632872633780450       -35.936262586730649     
  0.49062205545567544       -35.799710150968679     
  0.49495328625180673       -35.655179689063750     
  0.49932275332370407       -35.503084156597993     
  0.50373079422271350       -35.343825971290251     
  0.50817774948009731       -35.177797003611019     
  0.51266396263334135       -35.005378586939557     
  0.51718978025269369       -34.826941545610126     
  0.52175555196793855       -34.642846239162751     
  0.52636163049540530       -34.453442621101836     
  0.53100837166521708       -34.259070310476332     
  0.53569613444877917       -34.060058674626127     
  0.54042528098651088       -33.856726921492360     
  0.54519617661582109       -33.649384199963180     
  0.55000918989933167       -33.438329706820035     
  0.55486469265335003       -33.223852798960912     
  0.55976305997659237       -33.006233109705221     
  0.56470467027916116       -32.785740668125790     
  0.56968990531177832       -32.562636020505501     
  0.57471915019527575       -32.337170353176461     
  0.57979279345034762       -32.109585616162562     
  0.58491122702756371       -31.880114647212665     
  0.59007484633764895       -31.648981295973009     
  0.59528405028203002       -31.416400548205271     
  0.60053924128365066       -31.182578650103839     
  0.60584082531806027       -30.947713232901730     
  0.61118921194477649       -30.711993438075634     
  0.61658481433892431       -30.475600043564377     
  0.62202804932315525       -30.238705591499958     
  0.62751933739984733       -30.001474518014934     
  0.63305910278359001       -29.764063285732938     
  0.63864777343395629       -29.526620519570358     
  0.64428578108856260       -29.289287146477189     
  0.64997356129642236       -29.052196539722996     
  0.65571155345159260       -28.815474668292886     
  0.66150020082711847       -28.579240251897929     
  0.66733995060927687       -28.343604922027978     
  0.67323125393212291       -28.108673389383625     
  0.67917456591234093       -27.874543617921084     
  0.68517034568440283       -27.641307005631891     
  0.69121905643603820       -27.409048572060819     
  0.69732116544401568       -27.177847152444070     
  0.70347714411024209       -26.947775598227487     
  0.70968746799817828       -26.718900983605295     
  0.71595261686957834       -26.491284817605070     
  0.72227307472155200       -26.264983261137949     
  0.72864932982395425       -26.040047348335833     
  0.73508187475710596       -25.816523211411688     
  0.74157120644984620       -25.594452308207092     
  0.74811782621792133       -25.373871651532834     
  0.75472223980271291       -25.154814039366126     
  0.76138495741030721       -24.937308284940737     
  0.76810649375091011       -24.721379445755261     
  0.77488736807860914       -24.507049050529098     
  0.78172810423148753       -24.294335323154719     
  0.78862923067209156       -24.083253402728175     
  0.79559128052825601       -23.873815558785729     
  0.80261479163428862       -23.666031400932162     
  0.80970030657251979       -23.459908082113568     
  0.81684837271521815       -23.255450494863453     
  0.82405954226687617       -23.052661459933045     
  0.83133437230686924       -22.851541906803899     
  0.83867342483249152       -22.652091045670701     
  0.84607726680237105       -22.454306530573611     
  0.85354647018026952       -22.258184613450172     
  0.86108161197926647       -22.063720288965811     
  0.86868327430633618       -21.870907430067536     
  0.87635204440731607       -21.679738914286474     
  0.88408851471227246       -21.490206740890507     
  0.89189328288126823       -21.302302139057158     
  0.89976695185053235       -21.116015667299060     
  0.90771012987903876       -20.931337304428592     
  0.91572343059549521       -20.748256532395033     
  0.92380747304574840       -20.566762411365982     
  0.93196288174060560       -20.386843647455837     
  0.94019028670408022       -20.208488653526874     
  0.94849032352206242       -20.031685603504496     
  0.95686363339141933       -19.856422480656772     
  0.96531086316952985       -19.682687120291082     
  0.97383266542425473       -19.510467247317216     
  0.98242969848434947       -19.339750509118026     
  0.99110262649032188       -19.170524504155882     
  0.99985211944573849       -19.002776806726700     
   1.0086788532689832       -18.836494988253783     
   1.0175835098454744       -18.671666635491878     
   1.0265667770803413       -18.508279365988205     
   1.0356293489515669       -18.346320841122608     
   1.0447719255635997       -18.185778777023557     
   1.0539952132014363       -18.026640953631457     
   1.0632999243851866       -17.868895222155615     
   1.0726867779251150       -17.712529511146784     
   1.0821564989771721       -17.557531831383741     
   1.0917098190990127       -17.403890279750406     
   1.1013474763065119       -17.251593042258691     
   1.1110702151307781       -17.100628396353407     
   1.1208787866756693       -16.950984712617487     
   1.1307739486758182       -16.802650455979656     
   1.1407564655551681       -16.655614186512246     
   1.1508271084860273       -16.509864559893607     
   1.1609866554486439       -16.365390327598210     
   1.1712358912913052       -16.222180336867339     
   1.1815756077909714       -16.080223530504391     
   1.1920066037144394       -15.939508946531383     
   1.2025296848800520       -15.800025717736476     
   1.2131456642199476       -15.661763071137075     
   1.2238553618428609       -15.524710327378225     
   1.2346596050974796       -15.388856900082130     
   1.2455592286363577       -15.254192295161582     
   1.2565550744803948       -15.120706110107220     
   1.2676479920838841       -14.988388033256506     
   1.2788388384001352       -14.857227843050534     
   1.2901284779476745       -14.727215407283420     
   1.3015177828770321       -14.598340682347835     
   1.3130076330381175       -14.470593712479468     
   1.3245989160481897       -14.343964629002441     
   1.3362925273604276       -14.218443649577221     
   1.3480893703331067       -14.094021077452133     
   1.3599903562993834       -13.970687300719323     
   1.3719964046377007       -13.848432791575666     
   1.3841084428428096       -13.727248105589146     
   1.3963274065974212       -13.607123880970839     
   1.4086542398444912       -13.488050837852805     
   1.4210898948601400       -13.370019777571926     
   1.4336353323272193       -13.253021581959770     
   1.4462915214095271       -13.137047212638498     
   1.4590594398266770       -13.022087710322850     
   1.4719400739296300       -12.908134194128145     
   1.4849344187768923       -12.795177860884298     
   1.4980434782113856       -12.683209984455800     
   1.5112682649379963       -12.572221915067651     
   1.5246098006018096       -12.462205078637160     
   1.5380691158670334       -12.353150976111584     
   1.5516472504966199       -12.245051182811572     
   1.5653452534325896       -12.137897347780344     
   1.5791641828770642       -12.031681193138557     
   1.5931051063740156       -11.926394513444825     
   1.6071691008917355       -11.822029175061836     
   1.6213572529060341       -11.718577115528001     
   1.6356706584841734       -11.616030342934614     
   1.6501104233695392       -11.514380935308465     
   1.6646776630670643       -11.413621039999834     
   1.6793735029294024       -11.313742873075880     
   1.6941990782438652       -11.214738718719286     
   1.7091555343201248       -11.116600928632222     
   1.7242440265786925       -11.019321921445474     
   1.7394657206401769       -10.922894182132785     
   1.7548217924153315       -10.827310261430283     
   1.7703134281958968       -10.732562775261018     
   1.7859418247462417       -10.638644404164532     
   1.8017081893958200       -10.545547892731403     
   1.8176137401324357       -10.453266049042750     
   1.8336597056963386       -10.361791744114639     
   1.8498473256751440       -10.271117911347368     
   1.8661778505995967       -10.181237545979535     
   1.8826525420401761       -10.092143704546910     
   1.8992726727045541       -10.003829504346051     
   1.9160395265359176       -9.9162881229025786     
   1.9329543988121534       -9.8295127974441368     
   1.9500185962459131       -9.7434968243779494     
   1.9672334370855582       -9.6582335587729542     
   1.9846002512169987       -9.5737164138464657     
