   3.4787173769606630E-006   5461628.5128327888     
   3.5094276307427419E-006   5413833.6115833912     
   3.5404089958526930E-006   5366456.9533357890     
   3.5716638656719776E-006   5319494.8781345487     
   3.6031946547109249E-006   5272943.7580517214     
   3.6350037987952546E-006   5226799.9969065906     
   3.6670937552542512E-006   5181060.0299878502     
   3.6994670031105998E-006   5135720.3237782232     
   3.7321260432718950E-006   5090777.3756814850     
   3.7650733987238409E-006   5046227.7137518935     
   3.7983116147251607E-006   5002067.8964259578     
   3.8318432590042197E-006   4958294.5122565767     
   3.8656709219573920E-006   4914904.1796494955     
   3.8997972168491696E-006   4871893.5466020778     
   3.9342247800140506E-006   4829259.2904443368     
   3.9689562710601951E-006   4786998.1175822727     
   4.0039943730748878E-006   4745106.7632434210     
   4.0393417928318147E-006   4703581.9912246484     
   4.0750012610001662E-006   4662420.5936421407     
   4.1109755323555885E-006   4621619.3906835979     
   4.1472673859929943E-006   4581175.2303625774     
   4.1838796255412566E-006   4541084.9882749934     
   4.2208150793797914E-006   4501345.5673577692     
   4.2580766008570624E-006   4461953.8976495545     
   4.2956670685110063E-006   4422906.9360535769     
   4.3335893862914036E-006   4384201.6661025668     
   4.3718464837842174E-006   4345835.0977257062     
   4.4104413164379140E-006   4307804.2670176551     
   4.4493768657917712E-006   4270106.2360095782     
   4.4886561397062156E-006   4232738.0924421763     
   4.5282821725951826E-006   4195696.9495407129     
   4.5682580256605329E-006   4158979.9457920040     
   4.6085867871285388E-006   4122584.2447233573     
   4.6492715724884546E-006   4086507.0346834483     
   4.6903155247331957E-006   4050745.5286251153     
   4.7317218146021435E-006   4015296.9638900510     
   4.7734936408260917E-006   3980158.6019953820     
   4.8156342303743538E-006   3945327.7284221207     
   4.8581468387040572E-006   3910801.6524054506     
   4.9010347500116317E-006   3876577.7067268682     
   4.9443012774865210E-006   3842653.2475081310     
   4.9879497635671380E-006   3809025.6540070116     
   5.0319835801990710E-006   3775692.3284148397     
   5.0764061290955791E-006   3742650.6956558134     
   5.1212208420003771E-006   3709898.2031880761     
   5.1664311809527505E-006   3677432.3208065154     
   5.2120406385550027E-006   3645250.5404473082     
   5.2580527382422666E-006   3613350.3759941622     
   5.3044710345547011E-006   3581729.3630862618     
   5.3512991134120828E-006   3550385.0589278857     
   5.3985405923908328E-006   3519315.0420996980     
   5.4461991210034747E-006   3488516.9123716881     
   5.4942783809805761E-006   3457988.2905177469     
   5.5427820865551633E-006   3427726.8181318673     
   5.5917139847496615E-006   3397730.1574459495     
   5.6410778556653528E-006   3367995.9911492052     
   5.6908775127744072E-006   3338522.0222091381     
   5.7411168032144722E-006   3309305.9736940968     
   5.7917996080858794E-006   3280345.5885973708     
   5.8429298427514682E-006   3251638.6296628360     
   5.8945114571390544E-006   3223182.8792121201     
   5.9465484360465704E-006   3194976.1389732822     
   5.9990447994499025E-006   3167016.2299109898     
   6.0520046028134424E-006   3139300.9920581868     
   6.1054319374033801E-006   3111828.2843492269     
   6.1593309306037666E-006   3084595.9844544735     
   6.2137057462353572E-006   3057601.9886163459     
   6.2685605848772862E-006   3030844.2114867945     
   6.3238996841915597E-006   3004320.5859662117     
   6.3797273192504361E-006   2978029.0630437345     
   6.4360478028666751E-006   2951967.6116389581     
   6.4928654859267211E-006   2926134.2184450300     
   6.5501847577268128E-006   2900526.8877731184     
   6.6080100463120684E-006   2875143.6413982380     
   6.6663458188185642E-006   2849982.5184064279     
   6.7251965818184276E-006   2825041.5750432722     
   6.7845668816679827E-006   2800318.8845637306     
   6.8444613048589656E-006   2775812.5370833022     
   6.9048844783728431E-006   2751520.6394304759     
   6.9658410700382566E-006   2727441.3150004828     
   7.0273357888916185E-006   2703572.7036103220     
   7.0893733855409040E-006   2679912.9613550585     
   7.1519586525326412E-006   2656460.2604653765     
   7.2150964247221434E-006   2633212.7891663811     
   7.2787915796470262E-006   2610168.7515376299     
   7.3430490379039880E-006   2587326.3673744029     
   7.4078737635289539E-006   2564683.8720501703     
   7.4732707643805561E-006   2542239.5163802705     
   7.5392450925269937E-006   2519991.5664867889     
   7.6058018446363246E-006   2497938.3036646056     
   7.6729461623701968E-006   2476078.0242486210     
   7.7406832327810410E-006   2454409.0394821507     
   7.8090182887127998E-006   2432929.6753864540     
   7.8779566092051618E-006   2411638.2726314287     
   7.9475035199013874E-006   2390533.1864074101     
   8.0176643934597291E-006   2369612.7862981171     
   8.0884446499684678E-006   2348875.4561546934     
   8.1598497573646453E-006   2328319.5939708562     
   8.2318852318564674E-006   2307943.6117591392     
   8.3045566383494330E-006   2287745.9354282161     
   8.3778695908762589E-006   2267725.0046612984     
   8.4518297530305524E-006   2247879.2727955971     
   8.5264428384043532E-006   2228207.2067028405     
   8.6017146110295165E-006   2208707.2866708371     
   8.6776508858229937E-006   2189378.0062860702     
   8.7542575290360563E-006   2170217.8723173286     
   8.8315404587074683E-006   2151225.4046003502     
   8.9095056451206760E-006   2132399.1359234736     
   8.9881591112650207E-006   2113737.6119142948     
   9.0675069333010292E-006   2095239.3909273143     
   9.1475552410298190E-006   2076903.0439325620     
   9.2283102183666253E-006   2058727.1544052076     
   9.3097781038185312E-006   2040710.3182161285     
   9.3919651909664106E-006   2022851.1435234332     
   9.4748778289511131E-006   2005148.2506649462     
   9.5585224229639509E-006   1987600.2720516191     
   9.6429054347415211E-006   1970205.8520618859     
   9.7280333830648848E-006   1952963.6469369356     
   9.8139128442631602E-006   1935872.3246769032     
   9.9005504527215526E-006   1918930.5649379734     
   9.9879529013938839E-006   1902137.0589303754     
   1.0076126942319637E-005   1885490.5093172805     
   1.0165079387145561E-005   1868989.6301145796     
   1.0254817107651893E-005   1852633.1465915330     
   1.0345347036283216E-005   1836419.7951723030     
   1.0436676166684006E-005   1820348.3233383303     
   1.0528811554238907E-005   1804417.4895315820     
   1.0621760316617776E-005   1788626.0630586343     
   1.0715529634325541E-005   1772972.8239955981     
   1.0810126751256905E-005   1757456.5630938802     
   1.0905558975255968E-005   1742076.0816867638     
   1.1001833678680755E-005   1726830.1915968084     
   1.1098958298972759E-005   1711717.7150440624     
   1.1196940339231507E-005   1696737.4845550749     
   1.1295787368794173E-005   1681888.3428727074     
   1.1395507023820346E-005   1667169.1428667307     
   1.1496107007881925E-005   1652578.7474452092     
   1.1597595092558252E-005   1638116.0294666567     
   1.1699979118036468E-005   1623779.8716529612     
   1.1803266993717202E-005   1609569.1665030743     
   1.1907466698825579E-005   1595482.8162074529     
   1.2012586283027637E-005   1581519.7325632519     
   1.2118633867052186E-005   1567678.8368902567     
   1.2225617643318147E-005   1553959.0599475545     
   1.2333545876567436E-005   1540359.3418509308     
   1.2442426904503432E-005   1526878.6319909941     
   1.2552269138435099E-005   1513515.8889520103     
   1.2663081063926756E-005   1500270.0804314523     
   1.2774871241453622E-005   1487140.1831602540     
   1.2887648307063126E-005   1474125.1828237583     
   1.3001420973042068E-005   1461224.0739833601     
   1.3116198028589653E-005   1448435.8599988313     
   1.3231988340496484E-005   1435759.5529513336     
   1.3348800853829541E-005   1423194.1735670927     
   1.3466644592623206E-005   1410738.7511417533     
   1.3585528660576390E-005   1398392.3234653850     
   1.3705462241755821E-005   1386153.9367481533     
   1.3826454601305521E-005   1374022.6455466342     
   1.3948515086162576E-005   1361997.5126907786     
   1.4071653125779200E-005   1350077.6092115119     
   1.4195878232851167E-005   1338262.0142689710     
   1.4321200004052725E-005   1326549.8150813659     
   1.4447628120777927E-005   1314940.1068544663     
   1.4575172349888550E-005   1303431.9927117019     
   1.4703842544468624E-005   1292024.5836248798     
   1.4833648644585584E-005   1280716.9983455027     
   1.4964600678058169E-005   1269508.3633366921     
   1.5096708761231097E-005   1258397.8127057026     
   1.5229983099756580E-005   1247384.4881370352     
   1.5364433989382724E-005   1236467.5388261245     
   1.5500071816748912E-005   1225646.1214136137     
   1.5636907060188174E-005   1214919.3999202077     
   1.5774950290536689E-005   1204286.5456820847     
   1.5914212171950386E-005   1193746.7372868860     
   1.6054703462728782E-005   1183299.1605102560     
   1.6196435016146090E-005   1172943.0082529432     
   1.6339417781289653E-005   1162677.4804784504     
   1.6483662803905779E-005   1152501.7841512293     
   1.6629181227253076E-005   1142415.1331754162     
   1.6775984292963261E-005   1132416.7483341047     
   1.6924083341909626E-005   1122505.8572291515     
   1.7073489815083137E-005   1112681.6942215019     
   1.7224215254476275E-005   1102943.5003720485     
   1.7376271303974686E-005   1093290.5233829967     
   1.7529669710256701E-005   1083722.0175397499     
   1.7684422323700783E-005   1074237.2436533011     
   1.7840541099301005E-005   1064835.4690031295     
   1.7998038097590593E-005   1055515.9672805949     
   1.8156925485573642E-005   1046278.0185328294     
   1.8317215537665035E-005   1037120.9091071197     
   1.8478920636638672E-005   1028043.9315957744     
   1.8642053274584063E-005   1019046.3847814776     
   1.8806626053871382E-005   1010127.5735831162     
   1.8972651688125021E-005   1001286.8090020829     
   1.9140143003205743E-005   992523.40806905227     
   1.9309112938201520E-005   983836.69379121647     
   1.9479574546427102E-005   975225.99509998830     
   1.9651540996432408E-005   966690.64679915830     
   1.9825025573019838E-005   958229.98951350851     
   2.0000041678270554E-005   949843.36963787163     
   2.0176602832579812E-005   941530.13928664068     
   2.0354722675701445E-005   933289.65624371811     
   2.0534414967801580E-005   925121.28391290153     
   2.0715693590521619E-005   917024.39126870770     
   2.0898572548050649E-005   908998.35280762182     
   2.1083065968207294E-005   901042.54849977733     
   2.1269188103531103E-005   893156.36374105769     
   2.1456953332383609E-005   885339.18930561549     
   2.1646376160059091E-005   877590.42129880935     
   2.1837471219905128E-005   869909.46111055044     
   2.2030253274453077E-005   862295.71536906040     
   2.2224737216558493E-005   854748.59589503065     
   2.2420938070551652E-005   847267.51965618366     
   2.2618870993398203E-005   839851.90872223431     
   2.2818551275870087E-005   832501.19022024132     
   2.3019994343726780E-005   825214.79629035376     
   2.3223215758906971E-005   817992.16404193989     
   2.3428231220730754E-005   810832.73551010503     
   2.3635056567112434E-005   803735.95761258609     
   2.3843707775784055E-005   796701.28210702515     
   2.4054200965529700E-005   789728.16554861632     
   2.4266552397430713E-005   782816.06924812333     
   2.4480778476121910E-005   775964.45923026535     
   2.4696895751058860E-005   769172.80619246454     
   2.4914920917796379E-005   762440.58546395774     
   2.5134870819278304E-005   755767.27696526411     
   2.5356762447138627E-005   749152.36516800721     
   2.5580612943014170E-005   742595.33905508951     
   2.5806439599868788E-005   736095.69208121556     
   2.6034259863329306E-005   729652.92213376029     
   2.6264091333033223E-005   723266.53149397857     
   2.6495951763988341E-005   716936.02679855586     
   2.6729859067944352E-005   710660.91900149570     
   2.6965831314776593E-005   704440.72333633841     
   2.7203886733881963E-005   698274.95927871321     
   2.7444043715587204E-005   692163.15050921415     
   2.7686320812569570E-005   686104.82487660681     
   2.7930736741290091E-005   680099.51436134975     
   2.8177310383439455E-005   674146.75503944268     
   2.8426060787396626E-005   668246.08704658458     
   2.8677007169700462E-005   662397.05454264837     
   2.8930168916534124E-005   656599.20567646844     
   2.9185565585222807E-005   650852.09255093092     
   2.9443216905744501E-005   645155.27118837519     
   2.9703142782254255E-005   639508.30149629386     
   2.9965363294621754E-005   633910.74723333598     
   3.0229898699982574E-005   628362.17597560561     
   3.0496769434303083E-005   622862.15908325592     
   3.0765996113959154E-005   617410.27166737616     
   3.1037599537328841E-005   612006.09255716845     
   3.1311600686399092E-005   606649.20426741045     
   3.1588020728386682E-005   601339.19296620379     
   3.1866881017373384E-005   596075.64844300540     
   3.2148203095955666E-005   590858.16407693678     
   3.2432008696908852E-005   585686.33680537343     
   3.2718319744866083E-005   580559.76709280442     
   3.3007158358012031E-005   575478.05889997014     
   3.3298546849791563E-005   570440.81965326518     
   3.3592507730633503E-005   565447.66021441331     
   3.3889063709689651E-005   560498.19485040335     
   3.4188237696589068E-005   555592.04120369244     
   3.4490052803207936E-005   550728.82026266621     
   3.4794532345454976E-005   545908.15633236174     
   3.5101699845072683E-005   541129.67700544093     
   3.5411579031454407E-005   536393.01313342445     
   3.5724193843477523E-005   531697.79879817145     
   3.6039568431352747E-005   527043.67128361389     
   3.6357727158489825E-005   522430.27104773407     
   3.6678694603379626E-005   517857.24169478996     
   3.7002495561492892E-005   513324.22994778363     
   3.7329155047195787E-005   508830.88562116766     
   3.7658698295682255E-005   504376.86159379466     
   3.7991150764923545E-005   499961.81378209981     
   3.8326538137634855E-005   495585.40111352113     
   3.8664886323259416E-005   491247.28550014948     
   3.9006221459970051E-005   486947.13181261066     
   3.9350569916688381E-005   482684.60785417719     
   3.9697958295121922E-005   478459.38433510333     
   4.0048413431819087E-005   474271.13484718866     
   4.0401962400242420E-005   470119.53583856090     
   4.0758632512860046E-005   466004.26658868155     
   4.1118451323255625E-005   461925.00918356900     
   4.1481446628256946E-005   457881.44849123951     
   4.1847646470083284E-005   453873.27213736193     
   4.2217079138511729E-005   449900.17048112646     
   4.2589773173062631E-005   445961.83659132401     
   4.2965757365204351E-005   442057.96622263535     
   4.3345060760577463E-005   438188.25779212709     
   4.3727712661238612E-005   434352.41235595371     
   4.4113742627924130E-005   430550.13358626392     
   4.4503180482333699E-005   426781.12774830835     
   4.4896056309434144E-005   423045.10367774725     
   4.5292400459783565E-005   419341.77275815891     
   4.5692243551875962E-005   415670.84889874177     
   4.6095616474506607E-005   412032.04851221445     
   4.6502550389158304E-005   408425.09049290698     
   4.6913076732408604E-005   404849.69619504560     
   4.7327227218358443E-005   401305.58941122622     
   4.7745033841082061E-005   397792.49635107705     
   4.8166528877098650E-005   394310.14562010724     
   4.8591744887865788E-005   390858.26819874172     
   4.9020714722294865E-005   387436.59742153814     
   4.9453471519288772E-005   384044.86895658675     
   4.9890048710301944E-005   380682.82078509004     
   5.0330480021922962E-005   377350.19318112131     
   5.0774799478480121E-005   374046.72869155993     
   5.1223041404669780E-005   370772.17211620283     
   5.1675240428208080E-005   367526.27048804943     
   5.2131431482506008E-005   364308.77305375971     
   5.2591649809368069E-005   361119.43125428254     
   5.3055930961714801E-005   357957.99870565429     
   5.3524310806329334E-005   354824.23117996479     
   5.3996825526628159E-005   351717.88658649020     
   5.4473511625456402E-005   348638.72495299130     
   5.4954405927907718E-005   345586.50840717473     
   5.5439545584169160E-005   342561.00115831679     
   5.5928968072391087E-005   339561.96947904839     
   5.6422711201582458E-005   336589.18168729864     
   5.6920813114531595E-005   333642.40812839736     
   5.7423312290752918E-005   330721.42115733342     
   5.7930247549459490E-005   327825.99512116850     
   5.8441658052561896E-005   324955.90634160518     
   5.8957583307693628E-005   322110.93309770757     
   5.9478063171263131E-005   319290.85560877167     
   6.0003137851532755E-005   316495.45601734851     
   6.0532847911724993E-005   313724.51837241260     
   6.1067234273156067E-005   310977.82861268014     
   6.1606338218397170E-005   308255.17455007200     
   6.2150201394463666E-005   305556.34585332201     
   6.2698865816032424E-005   302881.13403172750     
   6.3252373868687498E-005   300229.33241904405     
   6.3810768312194560E-005   297600.73615751963     
   6.4374092283804192E-005   294995.14218206826     
   6.4942389301584299E-005   292412.34920458344     
   6.5515703267782007E-005   289852.15769838856     
   6.6094078472215211E-005   287314.36988282169     
   6.6677559595694041E-005   284798.78970795794     
   6.7266191713472601E-005   282305.22283946315     
   6.7860020298731111E-005   279833.47664358176     
   6.8459091226088766E-005   277383.36017225520     
   6.9063450775147772E-005   274954.68414837064     
   6.9673145634068439E-005   272547.26095113892     
   7.0288222903175994E-005   270160.90460160043     
   7.0908730098599205E-005   267795.43074825802     
   7.1534715155941082E-005   265450.65665283491     
   7.2166226433982011E-005   263126.40117615840     
   7.2803312718415644E-005   260822.48476416594     
   7.3446023225617584E-005   258538.72943403429     
   7.4094407606447563E-005   256274.95876043025     
   7.4748515950085088E-005   254030.99786188075     
   7.5408398787898856E-005   251806.67338726364     
   7.6074107097350509E-005   249601.81350241529     
   7.6745692305932713E-005   247416.24787685639     
   7.7423206295142068E-005   245249.80767063302     
   7.8106701404487063E-005   243102.32552127430     
   7.8796230435531411E-005   240973.63553086238     
   7.9491846655973142E-005   238863.57325321675     
   8.0193603803759564E-005   236771.97568119044     
   8.0901556091238775E-005   234698.68123407735     
   8.1615758209347517E-005   232643.52974512972     
   8.2336265331836356E-005   230606.36244918482     
   8.3063133119531851E-005   228587.02197040015     
   8.3796417724636533E-005   226585.35231009568     
   8.4536175795066809E-005   224601.19883470255     
   8.5282464478829070E-005   222634.40826381740     
   8.6035341428434623E-005   220684.82865836099     
   8.6794864805353356E-005   218752.30940884064     
   8.7561093284506907E-005   216836.70122371527     
   8.8334086058801454E-005   214937.85611786231     
   8.9113902843700462E-005   213055.62740114529     
   8.9900603881837849E-005   211189.86966708227     
   9.0694249947671904E-005   209340.43878161212     
   9.1494902352180175E-005   207507.19187196030     
   9.2302622947595985E-005   205689.98731560158     
   9.3117474132186552E-005   203888.68472931924     
   9.3939518855073485E-005   202103.14495836021     
   9.4768820621095705E-005   200333.23006568491     
   9.5605443495715362E-005   198578.80332131157     
   9.6449452109966988E-005   196839.72919175334     
   9.7300911665450441E-005   195115.87332954808     
   9.8159887939367914E-005   193407.10256287965     
   9.9026447289605253E-005   191713.28488529008     
   9.9900656659858395E-005   190034.28944548182     
   1.0078258358480481E-004   188369.98653720922     
   1.0167229619532078E-004   186720.24758925845     
   1.0256986322374461E-004   185084.94515551478     
   1.0347535400918646E-004   183463.95290511736     
   1.0438883850288481E-004   181857.14561269994     
   1.0531038727361044E-004   180264.39914871668     
   1.0624007151311804E-004   178685.59046985288     
   1.0717796304164591E-004   177120.59760951993     
   1.0812413431346418E-004   175569.29966843265     
   1.0907865842247220E-004   174031.57680526990     
   1.1004160910784505E-004   172507.31022741637     
   1.1101306075973028E-004   170996.38218178554     
   1.1199308842499444E-004   169498.67594572331     
   1.1298176781302085E-004   168014.07581799052     
   1.1397917530155828E-004   166542.46710982482     
   1.1498538794262114E-004   165083.73613608113     
   1.1600048346844217E-004   163637.77020644853     
   1.1702454029747729E-004   162204.45761674523     
   1.1805763754046359E-004   160783.68764028884     
   1.1909985500653091E-004   159375.35051934264     
   1.2015127320936721E-004   157979.33745663657     
   1.2121197337343843E-004   156595.54060696217     
   1.2228203744026327E-004   155223.85306884162     
   1.2336154807474352E-004   153864.16887626893     
   1.2445058867154973E-004   152516.38299052441     
   1.2554924336156414E-004   151180.39129205942     
   1.2665759701837952E-004   149856.09057245377     
   1.2777573526485619E-004   148543.37852644190     
   1.2890374447973636E-004   147242.15374400991     
   1.3004171180431724E-004   145952.31570256138     
   1.3118972514918279E-004   144673.76475915176     
   1.3234787320099507E-004   143406.40214279064     
   1.3351624542934552E-004   142150.12994681150     
   1.3469493209366661E-004   140904.85112130825     
   1.3588402425020459E-004   139670.46946563799     
   1.3708361375905394E-004   138446.88962098892     
   1.3829379329125357E-004   137234.01706301424     
   1.3951465633594602E-004   136031.75809452921     
   1.4074629720759965E-004   134840.01983827353     
   1.4198881105329460E-004   133658.71022973582     
   1.4324229386007323E-004   132487.73801004188     
   1.4450684246235530E-004   131327.01271890418     
   1.4578255454941860E-004   130176.44468763423     
   1.4706952867294567E-004   129035.94503221494     
   1.4836786425463728E-004   127905.42564643441     
   1.4967766159389276E-004   126784.79919507953     
   1.5099902187555857E-004   125673.97910718890     
   1.5233204717774498E-004   124572.87956936529     
   1.5367684047971176E-004   123481.41551914621     
   1.5503350566982367E-004   122399.50263843272     
   1.5640214755357606E-004   121327.05734697556     
   1.5778287186169130E-004   120263.99679591847     
   1.5917578525828671E-004   119210.23886139793     
   1.6058099534911464E-004   118165.70213819890     
   1.6199861068987530E-004   117130.30593346593     
   1.6342874079460285E-004   116103.97026046977     
   1.6487149614412562E-004   115086.61583242792     
   1.6632698819460108E-004   114078.16405637955     
   1.6779532938612603E-004   113078.53702711432     
   1.6927663315142289E-004   112087.65752115360     
   1.7077101392460256E-004   111105.44899078524     
   1.7227858715000482E-004   110131.83555814953     
   1.7379946929111658E-004   109166.74200937808     
   1.7533377783956900E-004   108210.09378878282     
   1.7688163132421406E-004   107261.81699309681     
   1.7844314932028094E-004   106321.83836576485     
   1.8001845245861378E-004   105390.08529128421     
   1.8160766243499057E-004   104466.48578959501     
   1.8321090201952426E-004   103550.96851051958     
   1.8482829506614740E-004   102643.46272825051     
   1.8645996652217971E-004   101743.89833588684     
   1.8810604243798090E-004   100852.20584001823     
   1.8976664997668815E-004   99968.316355356408     
   1.9144191742403988E-004   99092.161599413550     
   1.9313197419828601E-004   98223.673887227415     
   1.9483695086018583E-004   97362.786126132487     
   1.9655697912309415E-004   96509.431810576905     
   1.9829219186313655E-004   95663.545016984674     
   2.0004272312947415E-004   94825.060398663132     
   2.0180870815465941E-004   93993.913180754535     
   2.0359028336508302E-004   93170.039155232240     
   2.0538758639151333E-004   92353.374675940242     
   2.0720075607972836E-004   91543.856653676732     
   2.0902993250124222E-004   90741.422551319920     
   2.1087525696412588E-004   89946.010378997147     
   2.1273687202392341E-004   89157.558689296071     
   2.1461492149466493E-004   88376.006572517377     
   2.1650955045997641E-004   87601.293651969740     
   2.1842090528428781E-004   86833.360079305436     
   2.2034913362413999E-004   86072.146529896854     
   2.2229438443959168E-004   85317.594198253661     
   2.2425680800572661E-004   84569.644793479834     
   2.2623655592426316E-004   83828.240534770594     
   2.2823378113526543E-004   83093.324146948798     
   2.3024863792895853E-004   82364.838856040064     
   2.3228128195764767E-004   81642.728384887188     
   2.3433187024774279E-004   80926.936948802278     
   2.3640056121188914E-004   80217.409251257515     
   2.3848751466120494E-004   79514.090479613151     
   2.4059289181762740E-004   78816.926300883264     
   2.4271685532636721E-004   78125.862857538377     
   2.4485956926847345E-004   77440.846763344845     
   2.4702119917350906E-004   76761.825099240494     
   2.4920191203233860E-004   76088.745409246840     
   2.5140187631002850E-004   75421.555696416341     
   2.5362126195886128E-004   74760.204418815891     
   2.5586024043146505E-004   74104.640485544747     
   2.5811898469405849E-004   73454.813252787892     
   2.6039766923981276E-004   72810.672519903586     
   2.6269647010233155E-004   72172.168525545305     
   2.6501556486925040E-004   71539.251943817362     
   2.6735513269595502E-004   70911.873880464729     
   2.6971535431942240E-004   70289.985869095501     
   2.7209641207218225E-004   69673.539867436950     
   2.7449848989640331E-004   69062.488253624120     
   2.7692177335810299E-004   68456.783822520811     
   2.7936644966148260E-004   67856.379782073083     
   2.8183270766338967E-004   67261.229749694307     
   2.8432073788790737E-004   66671.287748682007     
   2.8683073254107296E-004   66086.508204666170     
   2.8936288552572619E-004   65506.845942088345     
   2.9191739245648858E-004   64932.256180711956     
   2.9449445067487536E-004   64362.694532162714     
   2.9709425926454042E-004   63798.116996499586     
   2.9971701906665582E-004   63238.479958815798     
   3.0236293269542749E-004   62683.740185869356     
   3.0503220455374759E-004   62133.854822743167     
   3.0772504084898496E-004   61588.781389534561     
   3.1044164960891517E-004   61048.477778073429     
   3.1318224069779130E-004   60512.902248669423     
   3.1594702583255622E-004   59982.013426887337     
   3.1873621859919828E-004   59455.770300350974     
   3.2155003446925144E-004   58934.132215574733     
   3.2438869081644062E-004   58417.058874823088     
   3.2725240693347486E-004   57904.510332997481     
   3.3014140404898746E-004   57396.446994550526     
   3.3305590534462719E-004   56892.829610427048     
   3.3599613597229888E-004   56393.619275032142     
   3.3896232307155741E-004   55898.777423225474     
   3.4195469578715451E-004   55408.265827342184     
   3.4497348528674069E-004   54922.046594239677     
   3.4801892477872383E-004   54440.082162370170     
   3.5109124953028461E-004   53962.335298879101     
   3.5419069688555165E-004   53488.769096728836     
   3.5731750628393687E-004   53019.346971847379     
   3.6047191927863277E-004   52554.032660302277     
   3.6365417955527292E-004   52092.790215499117     
   3.6686453295075731E-004   51635.584005404584     
   3.7010322747224351E-004   51182.378709793767     
   3.7337051331630638E-004   50733.139317521629     
   3.7666664288826568E-004   50287.831123818331     
   3.7999187082168547E-004   49846.419727608089     
   3.8334645399804468E-004   49408.871028851841     
   3.8673065156658238E-004   48975.151225912712     
   3.9014472496431691E-004   48545.226812944886     
   3.9358893793624327E-004   48119.064577305187     
   3.9706355655570735E-004   47696.631596987303     
   4.0056884924496121E-004   47277.895238078469     
   4.0410508679589895E-004   46862.823152238503     
   4.0767254239097630E-004   46451.383274200743     
   4.1127149162431428E-004   46043.543819294980     
   4.1490221252298980E-004   45639.273280991991     
   4.1856498556851364E-004   45238.540428469591     
   4.2226009371849844E-004   44841.314304200023     
   4.2598782242851782E-004   44447.564221558336     
   4.2974845967415825E-004   44057.259762451911     
   4.3354229597326622E-004   43670.370774970383     
   4.3736962440839088E-004   43286.867371056607     
   4.4123074064942610E-004   42906.719924197474     
   4.4512594297645082E-004   42529.899067135375     
   4.4905553230277235E-004   42156.375689599467     
   4.5301981219817258E-004   41786.120936056795     
   4.5701908891235932E-004   41419.106203483199     
   4.6105367139862480E-004   41055.303139153613     
   4.6512387133771320E-004   40694.683638451788     
   4.6923000316189832E-004   40337.219842699138     
   4.7337238407927474E-004   39982.884137002598     
   4.7755133409826229E-004   39631.649148121309     
   4.8176717605232796E-004   39283.487742351972     
   4.8602023562492499E-004   38938.373023432694     
   4.9031084137465331E-004   38596.278330465233     
   4.9463932476064075E-004   38257.177235855321     
   4.9900602016814957E-004   37921.043543271131     
   5.0341126493440823E-004   37587.851285619559     
   5.0785539937467144E-004   37257.574723040132     
   5.1233876680851045E-004   36930.188340916611     
   5.1686171358633496E-004   36605.666847905930     
   5.2142458911615000E-004   36283.985173984314     
   5.2602774589054831E-004   35965.118468510693     
   5.3067153951394050E-004   35649.042098306803     
   5.3535632873002732E-004   35335.731645754298     
   5.4008247544951320E-004   35025.162906908387     
   5.4485034477806411E-004   34717.311889628072     
   5.4966030504451340E-004   34412.154811722670     
   5.5451272782931576E-004   34109.668099114584     
   5.5940798799325279E-004   33809.828384018176     
   5.6434646370639183E-004   33512.612503134536     
   5.6932853647730032E-004   33217.997495862095     
   5.7435459118251853E-004   32925.960602522784     
   5.7942501609629167E-004   32636.479262603945     
   5.8454020292056570E-004   32349.531113015317     
   5.8970054681524637E-004   32065.093986361557     
   5.9490644642872664E-004   31783.145909229726     
   6.0015830392868349E-004   31503.665100491755     
   6.0545652503314542E-004   31226.629969621888     
   6.1080151904183632E-004   30952.019115028641     
   6.1619369886779351E-004   30679.811322401642     
   6.2163348106926712E-004   30409.985563072667     
   6.2712128588189998E-004   30142.520992391124     
   6.3265753725119146E-004   29877.396948113837     
   6.3824266286524882E-004   29614.592948808768     
   6.4387709418782611E-004   29354.088692272850     
   6.4956126649165719E-004   29095.864053963502     
   6.5529561889208013E-004   28839.899085444067     
   6.6108059438096066E-004   28586.174012842705     
   6.6691663986091407E-004   28334.669235324818     
   6.7280420617982966E-004   28085.365323578819     
   6.7874374816569931E-004   27838.243018315239     
   6.8473572466175477E-004   27593.283228778866     
   6.9078059856191357E-004   27350.467031273911     
   6.9687883684653874E-004   27109.775667702193     
   7.0303091061851483E-004   26871.190544113979     
   7.0923729513964074E-004   26634.693229271554     
   7.1549846986734551E-004   26400.265453225398     
   7.2181491849172700E-004   26167.889105902803     
   7.2818712897291843E-004   25937.546235708782     
   7.3461559357878409E-004   25709.219048139334     
   7.4110080892294855E-004   25482.889904406708     
   7.4764327600316085E-004   25258.541320076845     
   7.5424350023999790E-004   25036.155963718615     
   7.6090199151590912E-004   24815.716655564946     
   7.6761926421460667E-004   24597.206366185674     
   7.7439583726080213E-004   24380.608215171902     
   7.8123223416029454E-004   24165.905469832098     
   7.8812898304041331E-004   23953.081543899279     
   7.9508661669081622E-004   23742.119996249858     
   8.0210567260464917E-004   23533.004529633432     
   8.0918669302006889E-004   23325.718989413795     
   8.1633022496213159E-004   23120.247362321003     
   8.2353682028505259E-004   22916.573775214270     
   8.3080703571483748E-004   22714.682493855747     
   8.3814143289229106E-004   22514.557921695072     
   8.4554057841640547E-004   22316.184598664400     
   8.5300504388813076E-004   22119.547199984179     
   8.6053540595453263E-004   21924.630534979256     
   8.6813224635333994E-004   21731.419545905312     
   8.7579615195788505E-004   21539.899306785694     
   8.8352771482244098E-004   21350.055022258322     
   8.9132753222795943E-004   21161.872026432691     
   8.9919620672821170E-004   20975.335781756963     
   9.0713434619633720E-004   20790.431877894869     
   9.1514256387180382E-004   20607.146030612490     
   9.2322147840778149E-004   20425.464080674770     
   9.3137171391893434E-004   20245.371992751701     
   9.3959390002963520E-004   20066.855854334062     
   9.4788867192260634E-004   19889.901874658637     
   9.5625667038798726E-004   19714.496383642869     
   9.6469854187283843E-004   19540.625830828812     
   9.7321493853108035E-004   19368.276784336333     
   9.8180651827387412E-004   19197.435929825482     
   9.9047394482044602E-004   19028.090069467915     
   9.9921788774936203E-004   18860.226120927371     
   1.0080390225502541E-003   18693.831116349003     
   1.0169380306760030E-003   18528.892201357583     
   1.0259155995953825E-003   18365.396634064546     
   1.0349724228461675E-003   18203.331784083563     
   1.0441092000887122E-003   18042.685131554885     
   1.0533266371599993E-003   17883.444266178118     
   1.0626254461281682E-003   17725.596886253556     
   1.0720063453475244E-003   17569.130797731817     
   1.0814700595140325E-003   17414.033913271833     
   1.0910173197213027E-003   17260.294251307103     
   1.1006488635170674E-003   17107.899935120058     
   1.1103654349601600E-003   16956.839191924621     
   1.1201677846779941E-003   16807.100351956680     
   1.1300566699245515E-003   16658.671847572623     
   1.1400328546388829E-003   16511.542212355693     
   1.1500971095041220E-003   16365.700080230210     
   1.1602502120070237E-003   16221.134184583501     
   1.1704929464980266E-003   16077.833357395555     
   1.1808261042518461E-003   15935.786528376251     
   1.1912504835286015E-003   15794.982724110201     
   1.2017668896354839E-003   15655.411067209005     
   1.2123761349889684E-003   15517.060775470945     
   1.2230790391775737E-003   15379.921161048098     
   1.2338764290251794E-003   15243.981629620615     
   1.2447691386548978E-003   15109.231679578355     
   1.2557580095535134E-003   14975.660901209585     
   1.2668438906364890E-003   14843.258975896819     
   1.2780276383135461E-003   14712.015675319697     
   1.2893101165548258E-003   14581.920860664837     
   1.3006921969576303E-003   14452.964481842600     
   1.3121747588137585E-003   14325.136576710689     
   1.3237586891774306E-003   14198.427270304568     
   1.3354448829338171E-003   14072.826774074629     
   1.3472342428681695E-003   13948.325385129991     
   1.3591276797355637E-003   13824.913485488940     
   1.3711261123312561E-003   13702.581541335949     
   1.3832304675616650E-003   13581.320102285157     
   1.3954416805159742E-003   13461.119800650331     
   1.4077606945383716E-003   13341.971350721191     
   1.4201884613009249E-003   13223.865548046093     
   1.4327259408771003E-003   13106.793268720963     
   1.4453741018159304E-003   12990.745468684470     
   1.4581339212168364E-003   12875.713183019367     
   1.4710063848051118E-003   12761.687525259935     
   1.4839924870080716E-003   12648.659686705512     
   1.4970932310318741E-003   12536.620935739997     
   1.5103096289390218E-003   12425.562617157320     
   1.5236427017265438E-003   12315.476151492852     
   1.5370934794048719E-003   12206.353034360600     
   1.5506630010774099E-003   12098.184835796252     
   1.5643523150208076E-003   11990.963199605967     
   1.5781624787659420E-003   11884.679842720834     
   1.5920945591796148E-003   11779.326554557014     
   1.6061496325469691E-003   11674.895196381465     
   1.6203287846546361E-003   11571.377700683217     
   1.6346331108746139E-003   11468.766070550155     
   1.6490637162488878E-003   11367.052379051256     
   1.6636217155747968E-003   11266.228768624238     
   1.6783082334911549E-003   11166.287450468548     
   1.6931244045651319E-003   11067.220703943676     
   1.7080713733799008E-003   10969.020875972748     
   1.7231502946230604E-003   10871.680380451313     
   1.7383623331758366E-003   10775.191697661323     
   1.7537086642030726E-003   10679.547373690220     
   1.7691904732440131E-003   10584.740019855144     
   1.7848089563038902E-003   10490.762312132141     
   1.8005653199463165E-003   10397.606990590391     
   1.8164607813864961E-003   10305.266858831374     
   1.8324965685852569E-003   10213.734783432967     
   1.8486739203439127E-003   10123.003693398361     
   1.8649940863999649E-003   10033.066579609856     
   1.8814583275236457E-003   9943.9164942873922     
   1.8980679156153171E-003   9855.5465504518634     
   1.9148241338037277E-003   9767.9499213930667     
   1.9317282765451359E-003   9681.1198401423735     
   1.9487816497233130E-003   9595.0495989499650     
   1.9659855707504213E-003   9509.7325487666840     
   1.9833413686687913E-003   9425.1620987303959     
   2.0008503842535896E-003   9341.3317156568446     
   2.0185139701164008E-003   9258.2349235349739     
   2.0363334908097162E-003   9175.8653030266705     
   2.0543103229323503E-003   9094.2164909708772     
   2.0724458552357867E-003   9013.2821798920359     
   2.0907414887314617E-003   8933.0561175128569     
   2.1091986367989951E-003   8853.5321062713410     
   2.1278187252953781E-003   8774.7040028420197     
   2.1466031926651225E-003   8696.5657176614059     
   2.1655534900513855E-003   8619.1112144575727     
   2.1846710814080739E-003   8542.3345097838774     
   2.2039574436129358E-003   8466.2296725567412     
   2.2234140665816546E-003   8390.7908235974955     
   2.2430424533829486E-003   8316.0121351782309     
   2.2628441203546850E-003   8241.8878305716025     
   2.2828205972210210E-003   8168.4121836046170     
   2.3029734272105805E-003   8095.5795182162838     
   2.3233041671756687E-003   8023.3842080191625     
   2.3438143877125444E-003   7951.8206758647402     
   2.3645056732827532E-003   7880.8833934126151     
   2.3853796223355277E-003   7810.5668807034499     
   2.4064378474312740E-003   7740.8657057356631     
   2.4276819753661456E-003   7671.7744840458236     
   2.4491136472977156E-003   7603.2878782927282     
   2.4707345188717611E-003   7535.4005978451050     
   2.4925462603501637E-003   7468.1073983729411     
   2.5145505567399449E-003   7401.4030814423722     
   2.5367491079234332E-003   7335.2824941141271     
   2.5591436287895849E-003   7269.7405285454988     
   2.5817358493664642E-003   7204.7721215957627     
   2.6045275149548905E-003   7140.3722544351067     
   2.6275203862632674E-003   7076.5359521569198     
   2.6507162395436024E-003   7013.2582833935239     
   2.6741168667287242E-003   6950.5343599352600     
   2.6977240755707158E-003   6888.3593363528762     
   2.7215396897805671E-003   6826.7284096232697     
   2.7455655491690593E-003   6765.6368187584731     
   2.7698035097888955E-003   6705.0798444379006     
   2.7942554440780871E-003   6645.0528086438007     
   2.8189232410045983E-003   6585.5510742999322     
   2.8438088062122807E-003   6526.5700449133537     
   2.8689140621680816E-003   6468.1051642194061     
   2.8942409483105635E-003   6410.1519158297579     
   2.9197914211997284E-003   6352.7058228835440     
   2.9455674546681682E-003   6295.7624477015834     
   2.9715710399735445E-003   6239.3173914435811     
   2.9978041859524207E-003   6183.3662937683803     
   3.0242689191754494E-003   6127.9048324971382     
   3.0509672841039265E-003   6072.9287232794923     
   3.0779013432477346E-003   6018.4337192626290     
   3.1050731773246730E-003   5964.4156107632616     
   3.1324848854212013E-003   5910.8702249424550     
   3.1601385851545956E-003   5857.7934254833381     
   3.1880364128365410E-003   5805.1811122716063     
   3.2161805236381653E-003   5753.0292210788266     
   3.2445730917565335E-003   5701.3337232485355     
   3.2732163105826063E-003   5650.0906253850590     
   3.3021123928706872E-003   5599.2959690450652     
   3.3312635709093603E-003   5548.9458304318423     
   3.3606720966939422E-003   5499.0363200922202     
   3.3903402421004516E-003   5449.5635826161561     
   3.4202702990611200E-003   5400.5237963389718     
   3.4504645797414448E-003   5351.9131730461604     
   3.4809254167188120E-003   5303.7279576808205     
   3.5116551631626928E-003   5255.9644280536204     
   3.5426561930164305E-003   5208.6188945553149     
   3.5739309011806335E-003   5161.6876998717835     
   3.6054817036981881E-003   5115.1672187015547     
   3.6373110379409003E-003   5069.0538574758184     
   3.6694213627977922E-003   5023.3440540808715     
   3.7018151588650533E-003   4978.0342775830150     
   3.7344949286376751E-003   4933.1210279558454     
   3.7674631967027712E-003   4888.6008358099443     
   3.8007225099346126E-003   4844.4702621249280     
   3.8342754376913739E-003   4800.7258979838534     
   3.8681245720136258E-003   4757.3643643099422     
   3.9022725278245744E-003   4714.3823116056246     
   3.9367219431320722E-003   4671.7764196938406     
   3.9714754792324067E-003   4629.5433974616444     
   4.0065358209158955E-003   4587.6799826060351     
   4.0419056766742888E-003   4546.1829413820069     
   4.0775877789100108E-003   4505.0490683528242     
   4.1135848841472398E-003   4464.2751861424822     
   4.1498997732448582E-003   4423.8581451903246     
   4.1865352516112803E-003   4383.7948235078102     
   4.2234941494211772E-003   4344.0821264374435     
   4.2607793218341116E-003   4304.7169864137695     
   4.2983936492151072E-003   4265.6963627264977     
   4.3363400373571661E-003   4227.0172412856928     
   4.3746214177057411E-003   4188.6766343890195     
   4.4132407475852026E-003   4150.6715804910255     
   4.4522010104272982E-003   4112.9991439744581     
   4.4915052160016261E-003   4075.6564149235728     
   4.5311564006481507E-003   4038.6405088994356     
   4.5711576275117632E-003   4001.9485667171930     
   4.6115119867789203E-003   3965.5777542252954     
   4.6522225959163633E-003   3929.5252620866531     
   4.6932925999119569E-003   3893.7883055617153     
   4.7347251715176373E-003   3858.3641242934509     
   4.7765235114945225E-003   3823.2499820942039     
   4.8186908488601762E-003   3788.4431667344329     
   4.8612304411380551E-003   3753.9409897332930     
   4.9041455746091592E-003   3719.7407861510624     
   4.9474395645659084E-003   3685.8399143833749     
   4.9911157555682555E-003   3652.2357559572724     
   5.0351775217020566E-003   3618.9257153290373     
   5.0796282668397344E-003   3585.9072196837978     
   5.1244714249032274E-003   3553.1777187368989     
   5.1697104601292759E-003   3520.7346845370048     
   5.2153488673370345E-003   3488.5756112709369     
   5.2613901721980617E-003   3456.6980150702170     
   5.3078379315086811E-003   3425.0994338193154     
   5.3546957334647538E-003   3393.7774269655720     
   5.4019671979388794E-003   3362.7295753307967     
   5.4496559767600299E-003   3331.9534809245083     
   5.4977657539956679E-003   3301.4467667588283     
   5.5463002462363513E-003   3271.2070766649867     
   5.5952632028828430E-003   3241.2320751114421     
   5.6446584064357656E-003   3211.5194470236006     
   5.6944896727878025E-003   3182.0668976051143     
   5.7447608515184909E-003   3152.8721521607481     
   5.7954758261916052E-003   3123.9329559208045     
   5.8466385146551756E-003   3095.2470738670863     
   5.8982528693441467E-003   3066.8122905603873     
   5.9503228775857168E-003   3038.6264099695018     
   6.0028525619073621E-003   3010.6872553017324     
   6.0558459803475920E-003   2982.9926688348855     
   6.1093072267694387E-003   2955.5405117507421     
   6.1632404311767197E-003   2928.3286639699959     
   6.2176497600330847E-003   2901.3550239886381     
   6.2725394165838921E-003   2874.6175087157740     
   6.3279136411809149E-003   2848.1140533128751     
   6.3837767116099150E-003   2821.8426110344362     
   6.4401329434211211E-003   2795.8011530700337     
   6.4969866902626038E-003   2769.9876683877756     
   6.5543423442166121E-003   2744.4001635791183     
   6.6122043361388702E-003   2719.0366627050616     
   6.6705771360008707E-003   2693.8952071436793     
   6.7294652532351885E-003   2668.9738554390033     
   6.7888732370838490E-003   2644.2706831512310     
   6.8488056769497631E-003   2619.7837827082471     
   6.9092672027512743E-003   2595.5112632584537     
   6.9702624852798220E-003   2571.4512505248999     
   7.0317962365607795E-003   2547.6018866606842     
   7.0938732102174672E-003   2523.9613301056347     
   7.1564982018383749E-003   2500.5277554442496     
   7.2196760493476383E-003   2477.2993532648884     
   7.2834116333787783E-003   2454.2743300201996     
   7.3477098776517378E-003   2431.4509078887791     
   7.4125757493532568E-003   2408.8273246380381     
   7.4780142595205898E-003   2386.4018334883008     
   7.5440304634286307E-003   2364.1727029780618     
   7.6106294609804368E-003   2342.1382168304672     
   7.6778163971012083E-003   2320.2966738209470     
   7.7455964621357494E-003   2298.6463876460230     
   7.8139748922494319E-003   2277.1856867932656     
   7.8829569698327037E-003   2255.9129144124095     
   7.9525480239091579E-003   2234.8264281875863     
   8.0227534305472199E-003   2213.9246002106984     
   8.0935786132754605E-003   2193.2058168558988     
   8.1650290435015746E-003   2172.6684786551837     
   8.2371102409350520E-003   2152.3110001750811     
   8.3098277740136055E-003   2132.1318098944157     
   8.3831872603333281E-003   2112.1293500831703     
   8.4571943670826728E-003   2092.3020766823984     
   8.5318548114802547E-003   2072.6484591852054     
   8.6071743612165224E-003   2053.1669805187780     
   8.6831588348993214E-003   2033.8561369274496     
   8.7598141025033924E-003   2014.7144378568059     
   8.8371460858238521E-003   1995.7404058388038     
   8.9151607589336487E-003   1976.9325763779127     
   8.9938641486450848E-003   1958.2894978382544     
   9.0732623349754002E-003   1939.8097313317423     
   9.1533614516164652E-003   1921.4918506072115     
   9.2341676864086224E-003   1903.3344419405178     
   9.3156872818187103E-003   1885.3361040256214     
   9.3979265354223150E-003   1867.4954478666214     
   9.4808918003902662E-003   1849.8110966707468     
   9.5645894859794304E-003   1832.2816857423015     
   9.6490260580278479E-003   1814.9058623775329     
   9.7342080394542414E-003   1797.6822857604384     
   9.8201420107618988E-003   1780.6096268594956     
   9.9068346105470641E-003   1763.6865683252961     
   9.9942925360117646E-003   1746.9118043890937     
   1.0082522543481187E-002   1730.2840407622448     
   1.0171531448925632E-002   1713.8019945365406     
   1.0261326128487045E-002   1697.4643940854201     
   1.0351913519010226E-002   1681.2699789660599     
   1.0443300618578715E-002   1665.2174998223263     
   1.0535494487055408E-002   1649.3057182885900     
   1.0628502246627944E-002   1633.5334068943916     
   1.0722331082358920E-002   1617.8993489699496     
   1.0816988242740948E-002   1602.4023385525095     
   1.0912481040256616E-002   1587.0411802935180     
   1.1008816851943392E-002   1571.8146893666210     
   1.1106003119963530E-002   1556.7216913764810     
   1.1204047352178975E-002   1541.7610222683920     
   1.1302957122731380E-002   1526.9315282387117     
   1.1402740072627215E-002   1512.2320656460699     
   1.1503403910328055E-002   1497.6615009233794     
   1.1604956412346079E-002   1483.2187104906170     
   1.1707405423844817E-002   1468.9025806683840     
   1.1810758859245221E-002   1454.7120075922282     
   1.1915024702837049E-002   1440.6458971277341     
   1.2020211009395692E-002   1426.7031647863555     
   1.2126325904804412E-002   1412.8827356420061     
   1.2233377586682088E-002   1399.1835442483825     
   1.2341374325016504E-002   1385.6045345570221     
   1.2450324462803213E-002   1372.1446598360960     
   1.2560236416690070E-002   1358.8028825899100     
   1.2671118677627425E-002   1345.5781744791320     
   1.2782979811524068E-002   1332.4695162417206     
   1.2895828459908974E-002   1319.4758976145599     
   1.3009673340598870E-002   1306.5963172557870     
   1.3124523248371718E-002   1293.8297826678115     
   1.3240387055646121E-002   1281.1753101210197     
   1.3357273713166744E-002   1268.6319245781513     
   1.3475192250695779E-002   1256.1986596193558     
   1.3594151777710509E-002   1243.8745573679082     
   1.3714161484107049E-002   1231.6586684165866     
   1.3835230640910268E-002   1219.5500517547034     
   1.3957368600990016E-002   1207.5477746957865     
   1.4080584799783641E-002   1195.6509128059015     
   1.4204888756024901E-002   1183.8585498326086     
   1.4330290072479318E-002   1172.1697776345543     
   1.4456798436685998E-002   1160.5836961116854     
   1.4584423621706024E-002   1149.0994131360842     
   1.4713175486877450E-002   1137.7160444834171     
   1.4843063978576950E-002   1126.4327137649927     
   1.4974099130988209E-002   1115.2485523604205     
   1.5106291066877072E-002   1104.1626993508712     
   1.5239649998373560E-002   1093.1743014529259     
   1.5374186227760786E-002   1082.2825129530131     
   1.5509910148270816E-002   1071.4864956424256     
   1.5646832244887582E-002   1060.7854187529199     
   1.5784963095156868E-002   1050.1784588928751     
   1.5924313370003440E-002   1039.6647999840295     
   1.6064893834555415E-002   1029.2436331987697     
   1.6206715348975879E-002   1018.9141568979767     
   1.6349788869301871E-002   1008.6755765694219     
   1.6494125448290747E-002   998.52710476671257     
   1.6639736236274051E-002   988.46796104876717     
   1.6786632482018882E-002   978.49737191983695     
   1.6934825533596903E-002   968.61457077004775     
   1.7084326839260994E-002   958.81879781647285     
   1.7235147948329671E-002   949.10930004472084     
   1.7387300512079280E-002   939.48533115104260     
   1.7540796284644094E-002   929.94615148494483     
   1.7695647123924348E-002   920.49102799230980     
   1.7851864992502284E-002   911.11923415901481     
   1.8009461958566297E-002   901.83004995504723     
   1.8168450196843208E-002   892.62276177910951     
   1.8328841989538824E-002   883.49666240370914     
   1.8490649727286739E-002   874.45105092073140     
   1.8653885910105542E-002   865.48523268748534     
   1.8818563148364487E-002   856.59851927322234     
   1.8984694163757660E-002   847.79022840612174     
   1.9152291790286761E-002   839.05968392073726     
   1.9321368975252561E-002   830.40621570590031     
   1.9491938780255121E-002   821.82915965307598     
   1.9664014382202805E-002   813.32785760516890     
   1.9837609074330253E-002   804.90165730576746     
   2.0012736267225304E-002   796.54991234883005     
   2.0189409489864984E-002   788.27198212880580     
   2.0367642390660672E-002   780.06723179118023     
   2.0547448738512452E-002   771.93503218345154     
   2.0728842423872799E-002   763.87475980652027     
   2.0911837459819647E-002   755.88579676650147     
   2.1096447983138943E-002   747.96753072694048     
   2.1282688255416734E-002   740.11935486144193     
   2.1470572664140892E-002   732.34066780669684     
   2.1660115723812618E-002   724.63087361590647     
   2.1851332077067694E-002   716.98938171260102     
   2.2044236495807661E-002   709.41560684484762     
   2.2238843882341000E-002   701.90896903983719     
   2.2435169270534339E-002   694.46889355885651     
   2.2633227826973887E-002   687.09481085263235     
   2.2833034852137068E-002   679.78615651704376     
   2.3034605781574520E-002   672.54237124920553     
   2.3237956187102532E-002   665.36290080390916     
   2.3443101778005997E-002   658.24719595042006     
   2.3650058402251994E-002   651.19471242963220     
   2.3858842047714077E-002   644.20491091156418     
   2.4069468843407375E-002   637.27725695320532     
   2.4281955060734606E-002   630.41122095669516     
   2.4496317114743062E-002   623.60627812784173     
   2.4712571565392718E-002   616.86190843496934     
   2.4930735118835527E-002   610.17759656808892     
   2.5150824628706013E-002   603.55283189839395     
   2.5372857097423249E-002   596.98710843807191     
   2.5596849677504325E-002   590.47992480042615     
   2.5822819672889429E-002   584.03078416030883     
   2.6050784540278610E-002   577.63919421485514     
   2.6280761890480366E-002   571.30466714451711     
   2.6512769489772086E-002   565.02671957439418     
   2.6746825261272568E-002   558.80487253584988     
   2.6982947286326598E-002   552.63865142841917     
   2.7221153805901788E-002   546.52758598199216     
   2.7461463221997738E-002   540.47121021927933     
   2.7703894099067605E-002   534.46906241854595     
   2.7948465165452289E-002   528.52068507661613     
   2.8195195314827209E-002   522.62562487214075     
   2.8444103607661891E-002   516.78343262912222     
   2.8695209272692437E-002   510.99366328069794     
   2.8948531708406996E-002   505.25587583317059     
   2.9204090484544327E-002   499.56963333028500     
   2.9461905343605609E-002   493.93450281774943     
   2.9721996202379607E-002   488.35005530798929     
   2.9984383153481259E-002   482.81586574513790     
   3.0249086466903930E-002   477.33151297025233     
   3.0516126591585247E-002   471.89657968675562     
   3.0785524156986901E-002   466.51065242609627     
   3.1057299974688250E-002   461.17332151362569     
   3.1331475039994117E-002   455.88418103468422     
   3.1608070533556673E-002   450.64282880089434     
   3.1887107823011747E-002   445.44886631665713     
   3.2168608464629482E-002   440.30189874584522     
   3.2452594204979632E-002   435.20153487869078     
   3.2739086982611514E-002   430.14738709886160     
   3.3028108929748813E-002   425.13907135072469     
   3.3319682373999390E-002   420.17620710678824     
   3.3613829840080059E-002   415.25841733532286     
   3.3910574051556751E-002   410.38532846815389     
   3.4209937932599924E-002   405.55657036862368     
   3.4511944609755520E-002   400.77177629971879     
   3.4816617413731515E-002   396.03058289235673     
   3.5123979881200321E-002   391.33263011383110     
   3.5434055756616997E-002   386.67756123640800     
   3.5746868994053604E-002   382.06502280607339     
   3.6062443759049677E-002   377.49466461142498     
   3.6380804430479086E-002   372.96613965270598     
   3.6701975602433365E-002   368.47910411097712     
   3.7025982086121664E-002   364.03321731742273     
   3.7352848911787438E-002   359.62814172278956     
   3.7682601330642128E-002   355.26354286695192     
   3.8015264816815872E-002   350.93908934860167     
   3.8350865069325425E-002   346.65445279506082     
   3.8689428014059446E-002   342.40930783221131     
   3.9030979805781407E-002   338.20333205454074     
   3.9375546830150022E-002   334.03620599530080     
   3.9723155705757664E-002   329.90761309677646     
   4.0073833286186647E-002   325.81723968066200     
   4.0427606662083816E-002   321.76477491854160     
   4.0784503163253272E-002   317.74991080247509     
   4.1144550360767716E-002   313.77234211568253     
   4.1507776069098376E-002   309.83176640332880     
   4.1874208348263692E-002   305.92788394340624     
   4.2243875505997092E-002   302.06039771771225     
   4.2616806099933749E-002   298.22901338292240     
   4.2993028939816783E-002   294.43343924175656     
   4.3372573089722859E-002   290.67338621423875     
   4.3755467870307450E-002   286.94856780904917     
   4.4141742861069921E-002   283.25870009496788     
   4.4531427902638636E-002   279.60350167241074     
   4.4924553099076184E-002   275.98269364505779     
   4.5321148820205007E-002   272.39599959157488     
   4.5721245703953549E-002   268.84314553742803     
   4.6124874658723065E-002   265.32385992679355     
   4.6532066865775414E-002   261.83787359456466     
   4.6942853781641841E-002   258.38491973845595     
   4.7357267140553098E-002   254.96473389120871     
   4.7775338956890977E-002   251.57705389290024     
   4.8197101527661483E-002   248.22161986335823     
   4.8622587434989858E-002   244.89817417468618     
   4.9051829548637634E-002   241.60646142390237     
   4.9484861028541889E-002   238.34622840569600     
   4.9921715327376937E-002   235.11722408530804     
   5.0362426193138583E-002   231.91919957153968     
   5.0807027671751312E-002   228.75190808989433     
   5.1255554109698336E-002   225.61510495586180     
   5.1708040156674982E-002   222.50854754834916     
   5.2164520768265457E-002   219.43199528326716     
   5.2625031208643223E-002   216.38520958727983     
   5.3089607053295268E-002   213.36795387172637     
   5.3558284191770368E-002   210.37999350672396     
   5.4031098830451652E-002   207.42109579546317     
   5.4508087495353616E-002   204.49102994870407     
   5.4989287034943872E-002   201.58956705948708     
   5.5474734622989699E-002   198.71648007806908     
   5.5964467761429930E-002   195.87154378709721     
   5.6458524283271916E-002   193.05453477703685     
   5.6956942355514337E-002   190.26523142186329     
   5.7459760482095605E-002   187.50341385503731     
   5.7967017506868439E-002   184.76886394577664     
   5.8478752616600599E-002   182.06136527564323     
   5.8995005344002170E-002   179.38070311546053     
   5.9515815570779576E-002   176.72666440258345     
   6.0041223530716503E-002   174.09903771853564     
   6.0571269812782054E-002   171.49761326703918     
   6.1105995364266349E-002   168.92218285245309     
   6.1645441493943812E-002   166.37253985864680     
   6.2189649875264319E-002   163.84847922832921     
   6.2738662549572638E-002   161.34979744285684     
   6.3292521929356152E-002   158.87629250254921     
   6.3851270801521379E-002   156.42776390753201     
   6.4414952330699285E-002   154.00401263914060     
   6.4983610062579938E-002   151.60484114190621     
   6.5557287927276470E-002   149.23005330615774     
   6.6136030242718732E-002   146.87945445126635     
   6.6719881718077051E-002   144.55285130956352     
   6.7308887457216054E-002   142.25005201096477     
   6.7903092962179057E-002   139.97086606833170     
   6.8502544136703203E-002   137.71510436360379     
   6.9107287289765618E-002   135.48257913473657     
   6.9717369139160906E-002   133.27310396347869     
   7.0332836815110239E-002   131.08649376402522     
   7.0953737863902161E-002   128.92256477258400     
   7.1580120251565765E-002   126.78113453789018     
   7.2212032367576159E-002   124.66202191270982     
   7.2849523028592572E-002   122.56504704636929     
   7.3492641482229670E-002   120.49003137834956     
   7.4141437410862002E-002   118.43679763298631     
   7.4795960935462036E-002   116.40516981531577     
   7.5456262619472178E-002   114.39497320810545     
   7.6122393472710909E-002   112.40603437011245     
   7.6794404955313339E-002   110.43818113560958     
   7.7472348981706740E-002   108.49124261521952     
   7.8156277924620945E-002   106.56504919810014     
   7.8846244619134323E-002   104.65943255551984     
   7.9542302366755371E-002   102.77422564586500     
   8.0244504939540440E-002   100.90926272111911     
   8.0952906584247669E-002   99.064379334853371     
   8.1667562026527737E-002   97.239412351768152     
   8.2388526475151491E-002   95.434199958822873     
   8.3115855626275006E-002   93.648581677991899     
   8.3849605667742189E-002   91.882398380681551     
   8.4589833283425481E-002   90.135492303842994     
   8.5336595657604708E-002   88.407707067813874     
   8.6089950479384864E-002   86.698887695918501     
   8.6849955947152530E-002   85.008880635856499     
   8.7616670773071989E-002   83.337533782904174     
   8.8390154187620820E-002   81.684696504954047     
   8.9170465944165556E-002   80.050219669411689     
   8.9957666323577851E-002   78.433955671967908     
   9.0751816138891189E-002   76.835758467259012     
   9.1552976739998973E-002   75.255483601426050     
   9.2361210018393841E-002   73.692988246577869     
   9.3176578411948971E-002   72.148131237158978     
   9.3999144909741553E-002   70.620773108219026     
   9.4828973056918800E-002   69.110776135573346     
   9.5666126959607009E-002   67.618004377840762     
   9.6510671289863834E-002   66.142323720337870     
   9.7362671290674482E-002   64.683601920800086     
   9.8222192780991729E-002   63.241708656898439     
   9.9089302160820680E-002   61.816515575506955     
   9.9964066416348266E-002   60.407896343673592     
  0.10084655312511814        59.015726701235465     
  0.10173683046125119        57.639884515012390     
  0.10263496720071207        56.280249834503053     
  0.10354103272662238        54.936704948999036     
  0.10445509703462065        53.609134446020533     
  0.10537723073826964        52.297425270968382     
  0.10630750507451145        51.001466787876389     
  0.10724599190917068        49.721150841134460     
  0.10819276374250626        48.456371818043195     
  0.10914789371481226        47.207026712047721     
  0.11011145561206814        45.973015186484943     
  0.11108352387163890        44.754239638666391     
  0.11206417358802552        43.550605264105016     
  0.11305348051866615        42.362020120679517     
  0.11405152108978864        41.188395192516751     
  0.11505837240231453        40.029644453357584     
  0.11607411223781539        38.885684929156589     
  0.11709881906452151        37.756436759651280     
  0.11813257204338383        36.641823258621685     
  0.11917545103418925        35.541770972543745     
  0.12022753660173002        34.456209737327832     
  0.12128891002202757        33.385072732814798     
  0.12235965328861123        32.328296534689024     
  0.12343984911885240        31.285821163451175     
  0.12452958096035473        30.257590130078487     
  0.12562893299740055        29.243550477986297     
  0.12673799015745441        28.243652820889000     
  0.12785683811772375        27.257851376145194     
  0.12898556331177791        26.286103993158271     
  0.13012425293622507        25.328372176390495     
  0.13127299495744849        24.384621102538034     
  0.13243187811840218        23.454819631400426     
  0.13360099194546646        22.538940309971910     
  0.13478042675536395        21.636959369270414     
  0.13597027366213693        20.748856713412799     
  0.13717062458418605        19.874615900440457     
  0.13838157225137110        19.014224114393738     
  0.13960321021217478        18.167672128131635     
  0.14083563284092956        17.334954256392358     
  0.14207893534510813        16.516068298592483     
  0.14333321377267846        15.711015470865755     
  0.14459856501952384        14.919800326848842     
  0.14587508683692821        14.142430666731466     
  0.14716287783912768        13.378917434098451     
  0.14846203751092865        12.629274600107703     
  0.14977266621539345        11.893519034565017     
  0.15109486520159335        11.171670363478853     
  0.15242873661243039        10.463750812702111     
  0.15377438349252828        9.7697850372979023     
  0.15513190979619260        9.0897999362971245     
  0.15650142039544168        8.4238244525533990     
  0.15788302108810817        7.7718893574405099     
  0.15927681860601212        7.1340270201825531     
  0.16068292062320627        6.5102711616560862     
  0.16210143576429417        5.9006565925565662     
  0.16353247361282161        5.3052189358800321     
  0.16497614471974223        4.7239943337321195     
  0.16643256061195788        4.1570191385447890     
  0.16790183380093424        3.6043295888516313     
  0.16938407779139261        3.0659614698486561     
  0.17087940709007851        2.5419497590477924     
  0.17238793721460746        2.0323282574147403     
  0.17390978470238902        1.5371292064714934     
  0.17544506711962962        1.0563828919361695     
  0.17699390307041474       0.59011723456912890     
  0.17855641220587148       0.13835736899354234     
  0.18013271523341168      -0.29887478863815919     
  0.18172293392605701      -0.72156098315602635     
  0.18332719113184617       -1.1296870719787466     
  0.18494561078332517       -1.5232434846211651     
  0.18657831790712143       -1.9022256887997455     
  0.18822543863360230       -2.2666346617218922     
  0.18988710020661900       -2.6164773650335098     
  0.19156343099333650       -2.9517672217895665     
  0.19325456049415007       -3.2725245937031406     
  0.19496061935268971       -3.5787772568231087     
  0.19668173936591235       -3.8705608736863155     
  0.19841805349428374       -4.1479194598921767     
  0.20016969587204977       -4.4109058429532464     
  0.20193680181759888       -4.6595821111875102     
  0.20371950784391540       -4.8940200503378390     
  0.20551795166912576       -5.1143015655313375     
  0.20733227222713735       -5.3205190861281402     
  0.20916260967837155       -5.5127759509564598     
  0.21100910542059159       -5.6911867713896873     
  0.21287190209982554       -5.8558777696919604     
  0.21475114362138631       -6.0069870900445475     
  0.21664697516098858       -6.1446650796643159     
  0.21855954317596382       -6.2690745374416297     
  0.22048899541657480       -6.3803909275572641     
  0.22243548093742924       -6.4788025555878246     
  0.22439915010899480       -6.5645107046780513     
  0.22638015462921568       -6.6377297294459074     
  0.22837864753523138       -6.6986871053946224     
  0.23039478321519932       -6.7476234317337402     
  0.23242871742022164       -6.7847923856607393     
  0.23448060727637732       -6.8104606263249083     
  0.23655061129686056       -6.8249076468865146     
  0.23863888939422626       -6.8284255732969923     
  0.24074560289274369       -6.8213189086587667     
  0.24287091454085902       -6.8039042222773176     
  0.24501498852376818       -6.7765097827902840     
  0.24717799047610042       -6.7394751350507800     
  0.24936008749471403       -6.6931506207501812     
  0.25156144815160497       -6.6378968430909664     
  0.25378224250692938       -6.5740840761588331     
  0.25602264212214099       -6.5020916199949639     
  0.25828282007324516       -6.4223071027304366     
  0.26056295096416865       -6.3351257315144114     
  0.26286321094024873       -6.2409494943416597     
  0.26518377770184065       -6.1401863152619072     
  0.26752483051804532       -6.0332491658292007     
  0.26988655024055830       -5.9205551360213171     
  0.27226911931764120       -5.8025244682235275     
  0.27467272180821584       -5.6795795582248969     
  0.27709754339608345       -5.5521439275138027     
  0.27954377140426945       -5.4206411714805034     
  0.28201159480949384       -5.2854938884332157     
  0.28450120425677095       -5.1471225946074526     
  0.28701279207413655       -5.0059446305923645     
  0.28954655228750598       -4.8623730648090451     
  0.29210268063566291       -4.7168155998507686     
  0.29468137458538074       -4.5696734876310137     
  0.29728283334667727       -4.4213404593784569     
  0.29990725788820427       -4.2722016765669801     
  0.30255485095277246       -4.1226327088702739     
  0.30522581707301438       -3.9729985451830743     
  0.30792036258718436       -3.8236526436536318     
  0.31063869565509922       -3.6749360265226811     
  0.31338102627421860       -3.5271764253636411     
  0.31614756629586821       -3.3806874820664627     
  0.31893852944160533       -3.2357680106045250     
  0.32175413131972985       -3.0927013242715158     
  0.32459458944193992       -2.9517546326753736     
  0.32746012324013568       -2.8131785123313944     
  0.33035095408337062       -2.6772064542103302     
  0.33326730529495308       -2.5440544910726364     
  0.33620940216969819       -2.4139209068622955     
  0.33917747199133269       -2.2869860298467479     
  0.34217174405005285       -2.1634121105798672     
  0.34519244966023804       -2.0433432851372508     
  0.34823982217831978       -1.9269056234347628     
  0.35131409702080951       -1.8142072617977230     
  0.35441551168248497       -1.7053386183068353     
  0.35754430575473689       -1.6003726888143388     
  0.36070072094407851       -1.4993654209070042     
  0.36388500109081734       -1.4023561624982677     
  0.36709739218789306       -1.3093681811667772     
  0.37033814239988044       -1.2204092498291927     
  0.37360750208216104       -1.1354722938475634     
  0.37690572380026338       -1.0545360942313380     
  0.38023306234937454      -0.97756604120649948     
  0.38358977477402356      -0.90451493209366540     
  0.38697612038793855      -0.83532380716716426     
  0.39039236079407957      -0.76992281696109843     
  0.39383875990484768      -0.70823211434846634     
  0.39731558396247335      -0.65016276464677392     
  0.40082310155958345      -0.59561766699882557     
  0.40436158365995156      -0.54449248033989806     
  0.40793130361942981      -0.49667654739116218     
  0.41153253720706673      -0.45205381031146086     
  0.41516556262641069      -0.41050371189261853     
  0.41883066053700213      -0.37190207649317453     
  0.42252811407605478      -0.33612196526733418     
  0.42625820888032878      -0.30303450065460852     
  0.43002123310819701      -0.27250965554523376     
  0.43381747746190563      -0.24441700302065072     
  0.43764723521003190      -0.21862642308030322     
  0.44151080221013922      -0.19500876329884198     
  0.44540847693163349      -0.17343645090427642     
  0.44934056047882026      -0.15378405432060038     
  0.45330735661416549      -0.13592879277075018     
  0.45730917178176256      -0.11975099308060723     
  0.46134631513100471      -0.10513449335554570     
  0.46541909854046892       -9.1966993711494499E-002
  0.46952783664200792       -8.0140354727103624E-002
  0.47367284684505706       -6.9550844737087392E-002
  0.47785444936115473       -6.0099337504892769E-002
  0.48207296722867926       -5.1691462191598411E-002
  0.48632872633780450       -4.4237707874450874E-002
  0.49062205545567544       -3.7653485160383228E-002
  0.49495328625180673       -3.1859147685729686E-002
  0.49932275332370407       -2.6779976492412597E-002
  0.50373079422271350       -2.2346130423105154E-002
  0.50817774948009731       -1.8492565783974971E-002
  0.51266396263334135       -1.5158928584920781E-002
  0.51718978025269369       -1.2289422685694759E-002
  0.52175555196793855       -9.8326571544320538E-003
  0.52636163049540530       -7.7414760858600350E-003
  0.53100837166521708       -5.9727740331577770E-003
  0.53569613444877917       -4.4873000837618061E-003
  0.54042528098651088       -3.2494534592308940E-003
  0.54519617661582109       -2.2270733466412422E-003
  0.55000918989933167       -1.3912254779731631E-003
  0.55486469265335003       -7.1598776867591758E-004
  0.55976305997659237       -1.7823711107211714E-004
  0.56470467027916116        2.4256080363629397E-004
  0.56968990531177832        5.6455698559274015E-004
  0.57471915019527575        8.0371854343994683E-004
  0.57979279345034762        9.7402077310058651E-004
  0.58491122702756371        1.0876309462048489E-003
  0.59007484633764895        1.1550830103689426E-003
  0.59528405028203002        1.1854426064755125E-003
  0.60053924128365066        1.1864619880932960E-003
  0.60584082531806027        1.1647245938458310E-003
  0.61118921194477649        1.1257791739100627E-003
  0.61658481433892431        1.0742635062585314E-003
  0.62202804932315525        1.0140178564463876E-003
  0.62751933739984733        9.4818843668654259E-004
  0.63305910278359001        8.7932120592891972E-004
  0.63864777343395629        8.0944642318391707E-004
  0.64428578108856260        7.4015442213784847E-004
  0.64997356129642236        6.7266311710598723E-004
  0.65571155345159260        6.0787777960370380E-004
  0.66150020082711847        5.4644364243850037E-004
  0.66733995060927687        4.8879189545675771E-004
  0.67323125393212291        4.3517963517746922E-004
  0.67917456591234093        3.8572432077879274E-004
  0.68517034568440283        3.4043327252106405E-004
  0.69121905643603820        2.9922872689954643E-004
  0.69732116544401568        2.6196893676799673E-004
  0.70347714411024209        2.2846577542843415E-004
  0.70968746799817828        1.9849927222220312E-004
  0.71595261686957834        1.7182947436191479E-004
  0.72227307472155200        1.4820599638888334E-004
  0.72864932982395425        1.2737558539497833E-004
  0.73508187475710596        1.0908799757478792E-004
  0.74157120644984620        9.3100450234099568E-005
  0.74811782621792133        7.9180883437154578E-005
  0.75472223980271291        6.7110237300776020E-005
  0.76138495741030721        5.6683924728861030E-005
  0.76810649375091011        4.7712655243371510E-005
  0.77488736807860914        4.0022743561790086E-005
  0.78172810423148753        3.3456016696050304E-005
  0.78862923067209156        2.7869415559894954E-005
  0.79559128052825601        2.3134371290800520E-005
  0.80261479163428862        1.9136022612566876E-005
  0.80970030657251979        1.5772328459703671E-005
  0.81684837271521815        1.2953119616762882E-005
  0.82405954226687617        1.0599124150063224E-005
  0.83133437230686924        8.6409937794538652E-006
  0.83867342483249152        7.0183519097275754E-006
  0.84607726680237105        5.6788786762248298E-006
  0.85354647018026952        4.5774439258838446E-006
  0.86108161197926647        3.6752954314850520E-006
  0.86868327430633618        2.9393067112403505E-006
  0.87635204440731607        2.3412864968963896E-006
  0.88408851471227246        1.8573500704616214E-006
  0.89189328288126823        1.4673512921579139E-006
  0.89976695185053235        1.1543730996548878E-006
  0.90771012987903876        9.0427350960233054E-007
  0.91572343059549521        7.0528364381069895E-007
  0.92380747304574840        5.4765398854449387E-007
  0.93196288174060560        4.2334493740676337E-007
  0.94019028670408022        3.2575763324599162E-007
  0.94849032352206242        2.4950118463865777E-007
  0.95686363339141933        1.9019246452879415E-007
  0.96531086316952985        1.4428488317786360E-007
  0.97383266542425473        1.0892274869053742E-007
  0.98242969848434947        8.1818072915541430E-008
  0.99110262649032188        6.1146937828525960E-008
  0.99985211944573849        4.5462799052565912E-008
   1.0086788532689832        3.3624362233093343E-008
   1.0175835098454744        2.4735919366680812E-008
   1.0265667770803413        1.8098272001165281E-008
   1.0356293489515669        1.3168593694902589E-008
   1.0447719255635997        9.5277933878274679E-009
   1.0539952132014363        6.8541333082167688E-009
   1.0632999243851866        4.9020292601195523E-009
   1.0726867779251150        3.4851176606268408E-009
   1.0821564989771721        2.4628129789728755E-009
   1.0917098190990127        1.7297020338460562E-009
   1.1013474763065119        1.2072289189296255E-009
   1.1110702151307781        8.3721729057931745E-010
   1.1208787866756693        5.7685659902579244E-010
   1.1307739486758182        3.9484685033335055E-010
   1.1407564655551681        2.6845392503507613E-010
   1.1508271084860273        1.8127559199157797E-010
   1.1609866554486439        1.2155832497537429E-010
   1.1712358912913052        8.0937960125446637E-011
   1.1815756077909714        5.3504140871862106E-011
   1.1920066037144394        3.5110303126259462E-011
   1.2025296848800520        2.2868478606090965E-011
   1.2131456642199476        1.4782161384525244E-011
   1.2238553618428609        9.4815212128051453E-012
   1.2346596050974796        6.0338974040567418E-012
   1.2455592286363577        3.8092281711792201E-012
   1.2565550744803948        2.3852477239838539E-012
   1.2676479920838841        1.4812371834633177E-012
   1.2788388384001352        9.1210827547928457E-013
   1.2901284779476745        5.5684431440802127E-013
   1.3015177828770321        3.3699275240634846E-013
   1.3130076330381175        2.0213397143580346E-013
   1.3245989160481897        1.2014935359472371E-013
   1.3362925273604276        7.0761517502883508E-014
   1.3480893703331067        4.1285291626871369E-014
   1.3599903562993834        2.3858535653204746E-014
   1.3719964046377007        1.3654280800154992E-014
   1.3841084428428096        7.7374097136103179E-015
   1.3963274065974212        4.3405808745982433E-015
   1.4086542398444912        2.4101719443902720E-015
   1.4210898948601400        1.3243938755877748E-015
   1.4336353323272193        7.2007031944510442E-016
   1.4462915214095271        3.8729285711981540E-016
   1.4590594398266770        2.0602867363832430E-016
   1.4719400739296300        1.0838139670268530E-016
   1.4849344187768923        5.6368244650975987E-017
   1.4980434782113856        2.8978722297272793E-017
   1.5112682649379963        1.4723112097687985E-017
   1.5246098006018096        7.3910270658753777E-018
   1.5380691158670334        3.6652387408188973E-018
   1.5516472504966199        1.7951383248433764E-018
   1.5653452534325896        8.6815235623775426E-019
   1.5791641828770642        4.1447549767593066E-019
   1.5931051063740156        1.9530233479458517E-019
   1.6071691008917355        9.0807283792334598E-020
   1.6213572529060341        4.1651997894942143E-020
   1.6356706584841734        1.8842923959426911E-020
   1.6501104233695392        8.4052688012210840E-021
   1.6646776630670643        3.6960465456133328E-021
   1.6793735029294024        1.6017528656609745E-021
   1.6941990782438652        6.8393310214929968E-022
   1.7091555343201248        2.8765873636025861E-022
   1.7242440265786925        1.1914370770325981E-022
   1.7394657206401769        4.8582063698538551E-023
   1.7548217924153315        1.9497176431877317E-023
   1.7703134281958968        7.6990275376355248E-024
   1.7859418247462417        2.9904993639243188E-024
   1.8017081893958200        1.1422688554709122E-024
   1.8176137401324357        4.2892422601496064E-025
   1.8336597056963386        1.5828836194733341E-025
   1.8498473256751440        5.7390469668719743E-026
   1.8661778505995967        2.0436983941136879E-026
   1.8826525420401761        7.1456458755524449E-027
   1.8992726727045541        2.4522955486383995E-027
   1.9160395265359176        8.2578546890730549E-028
   1.9329543988121534        2.7275875305986091E-028
   1.9500185962459131        8.8340230049178013E-029
   1.9672334370855582        2.8044998749078794E-029
   1.9846002512169987        8.7239950490273075E-030
