   3.4787173769606630E-006   320.04850383657322     
   3.5094276307427419E-006   320.04850383365948     
   3.5404089958526930E-006   320.04850383069402     
   3.5716638656719776E-006   320.04850382767609     
   3.6031946547109249E-006   320.04850382460455     
   3.6350037987952546E-006   320.04850382147856     
   3.6670937552542512E-006   320.04850381829715     
   3.6994670031105998E-006   320.04850381505935     
   3.7321260432718950E-006   320.04850381176408     
   3.7650733987238409E-006   320.04850380841037     
   3.7983116147251607E-006   320.04850380499721     
   3.8318432590042197E-006   320.04850380152345     
   3.8656709219573920E-006   320.04850379798825     
   3.8997972168491696E-006   320.04850379439023     
   3.9342247800140506E-006   320.04850379072843     
   3.9689562710601951E-006   320.04850378700166     
   4.0039943730748878E-006   320.04850378320884     
   4.0393417928318147E-006   320.04850377934872     
   4.0750012610001662E-006   320.04850377542016     
   4.1109755323555885E-006   320.04850377142202     
   4.1472673859929943E-006   320.04850376735283     
   4.1838796255412566E-006   320.04850376321161     
   4.2208150793797914E-006   320.04850375899684     
   4.2580766008570624E-006   320.04850375470738     
   4.2956670685110063E-006   320.04850375034187     
   4.3335893862914036E-006   320.04850374589887     
   4.3718464837842174E-006   320.04850374137715     
   4.4104413164379140E-006   320.04850373677522     
   4.4493768657917712E-006   320.04850373209160     
   4.4886561397062156E-006   320.04850372732506     
   4.5282821725951826E-006   320.04850372247392     
   4.5682580256605329E-006   320.04850371753673     
   4.6085867871285388E-006   320.04850371251200     
   4.6492715724884546E-006   320.04850370739820     
   4.6903155247331957E-006   320.04850370219367     
   4.7317218146021435E-006   320.04850369689689     
   4.7734936408260917E-006   320.04850369150614     
   4.8156342303743538E-006   320.04850368601973     
   4.8581468387040572E-006   320.04850368043611     
   4.9010347500116317E-006   320.04850367475348     
   4.9443012774865210E-006   320.04850366897000     
   4.9879497635671380E-006   320.04850366308403     
   5.0319835801990710E-006   320.04850365709359     
   5.0764061290955791E-006   320.04850365099696     
   5.1212208420003771E-006   320.04850364479222     
   5.1664311809527505E-006   320.04850363847748     
   5.2120406385550027E-006   320.04850363205071     
   5.2580527382422666E-006   320.04850362550997     
   5.3044710345547011E-006   320.04850361885326     
   5.3512991134120828E-006   320.04850361207849     
   5.3985405923908328E-006   320.04850360518356     
   5.4461991210034747E-006   320.04850359816635     
   5.4942783809805761E-006   320.04850359102477     
   5.5427820865551633E-006   320.04850358375643     
   5.5917139847496615E-006   320.04850357635922     
   5.6410778556653528E-006   320.04850356883094     
   5.6908775127744072E-006   320.04850356116901     
   5.7411168032144722E-006   320.04850355337129     
   5.7917996080858794E-006   320.04850354543521     
   5.8429298427514682E-006   320.04850353735844     
   5.8945114571390544E-006   320.04850352913843     
   5.9465484360465704E-006   320.04850352077267     
   5.9990447994499025E-006   320.04850351225855     
   6.0520046028134424E-006   320.04850350359339     
   6.1054319374033801E-006   320.04850349477465     
   6.1593309306037666E-006   320.04850348579942     
   6.2137057462353572E-006   320.04850347666508     
   6.2685605848772862E-006   320.04850346736873     
   6.3238996841915597E-006   320.04850345790754     
   6.3797273192504361E-006   320.04850344827855     
   6.4360478028666751E-006   320.04850343847875     
   6.4928654859267211E-006   320.04850342850523     
   6.5501847577268128E-006   320.04850341835481     
   6.6080100463120684E-006   320.04850340802437     
   6.6663458188185642E-006   320.04850339751079     
   6.7251965818184276E-006   320.04850338681069     
   6.7845668816679827E-006   320.04850337592092     
   6.8444613048589656E-006   320.04850336483793     
   6.9048844783728431E-006   320.04850335355849     
   6.9658410700382566E-006   320.04850334207896     
   7.0273357888916185E-006   320.04850333039587     
   7.0893733855409040E-006   320.04850331850560     
   7.1519586525326412E-006   320.04850330640443     
   7.2150964247221434E-006   320.04850329408873     
   7.2787915796470262E-006   320.04850328155453     
   7.3430490379039880E-006   320.04850326879807     
   7.4078737635289539E-006   320.04850325581543     
   7.4732707643805561E-006   320.04850324260258     
   7.5392450925269937E-006   320.04850322915536     
   7.6058018446363246E-006   320.04850321546962     
   7.6729461623701968E-006   320.04850320154122     
   7.7406832327810410E-006   320.04850318736590     
   7.8090182887127998E-006   320.04850317293909     
   7.8779566092051618E-006   320.04850315825644     
   7.9475035199013874E-006   320.04850314331344     
   8.0176643934597291E-006   320.04850312810549     
   8.0884446499684678E-006   320.04850311262771     
   8.1598497573646453E-006   320.04850309687555     
   8.2318852318564674E-006   320.04850308084400     
   8.3045566383494330E-006   320.04850306452823     
   8.3778695908762589E-006   320.04850304792296     
   8.4518297530305524E-006   320.04850303102336     
   8.5264428384043532E-006   320.04850301382402     
   8.6017146110295165E-006   320.04850299631960     
   8.6776508858229937E-006   320.04850297850481     
   8.7542575290360563E-006   320.04850296037409     
   8.8315404587074683E-006   320.04850294192181     
   8.9095056451206760E-006   320.04850292314228     
   8.9881591112650207E-006   320.04850290402976     
   9.0675069333010292E-006   320.04850288457840     
   9.1475552410298190E-006   320.04850286478194     
   9.2283102183666253E-006   320.04850284463441     
   9.3097781038185312E-006   320.04850282412968     
   9.3919651909664106E-006   320.04850280326127     
   9.4748778289511131E-006   320.04850278202275     
   9.5585224229639509E-006   320.04850276040759     
   9.6429054347415211E-006   320.04850273840918     
   9.7280333830648848E-006   320.04850271602055     
   9.8139128442631602E-006   320.04850269323498     
   9.9005504527215526E-006   320.04850267004525     
   9.9879529013938839E-006   320.04850264644426     
   1.0076126942319637E-005   320.04850262242485     
   1.0165079387145561E-005   320.04850259797934     
   1.0254817107651893E-005   320.04850257310039     
   1.0345347036283216E-005   320.04850254778023     
   1.0436676166684006E-005   320.04850252201106     
   1.0528811554238907E-005   320.04850249578482     
   1.0621760316617776E-005   320.04850246909353     
   1.0715529634325541E-005   320.04850244192892     
   1.0810126751256905E-005   320.04850241428250     
   1.0905558975255968E-005   320.04850238614586     
   1.1001833678680755E-005   320.04850235751030     
   1.1098958298972759E-005   320.04850232836679     
   1.1196940339231507E-005   320.04850229870652     
   1.1295787368794173E-005   320.04850226852022     
   1.1395507023820346E-005   320.04850223779869     
   1.1496107007881925E-005   320.04850220653219     
   1.1597595092558252E-005   320.04850217471130     
   1.1699979118036468E-005   320.04850214232613     
   1.1803266993717202E-005   320.04850210936667     
   1.1907466698825579E-005   320.04850207582251     
   1.2012586283027637E-005   320.04850204168366     
   1.2118633867052186E-005   320.04850200693937     
   1.2225617643318147E-005   320.04850197157884     
   1.2333545876567436E-005   320.04850193559133     
   1.2442426904503432E-005   320.04850189896553     
   1.2552269138435099E-005   320.04850186169028     
   1.2663081063926756E-005   320.04850182375395     
   1.2774871241453622E-005   320.04850178514482     
   1.2887648307063126E-005   320.04850174585107     
   1.3001420973042068E-005   320.04850170586047     
   1.3116198028589653E-005   320.04850166516059     
   1.3231988340496484E-005   320.04850162373907     
   1.3348800853829541E-005   320.04850158158285     
   1.3466644592623206E-005   320.04850153867909     
   1.3585528660576390E-005   320.04850149501448     
   1.3705462241755821E-005   320.04850145057560     
   1.3826454601305521E-005   320.04850140534847     
   1.3948515086162576E-005   320.04850135931940     
   1.4071653125779200E-005   320.04850131247406     
   1.4195878232851167E-005   320.04850126479789     
   1.4321200004052725E-005   320.04850121627629     
   1.4447628120777927E-005   320.04850116689420     
   1.4575172349888550E-005   320.04850111663632     
   1.4703842544468624E-005   320.04850106548719     
   1.4833648644585584E-005   320.04850101343101     
   1.4964600678058169E-005   320.04850096045163     
   1.5096708761231097E-005   320.04850090653269     
   1.5229983099756580E-005   320.04850085165765     
   1.5364433989382724E-005   320.04850079580939     
   1.5500071816748912E-005   320.04850073897069     
   1.5636907060188174E-005   320.04850068112404     
   1.5774950290536689E-005   320.04850062225148     
   1.5914212171950386E-005   320.04850056233494     
   1.6054703462728782E-005   320.04850050135587     
   1.6196435016146090E-005   320.04850043929537     
   1.6339417781289653E-005   320.04850037613426     
   1.6483662803905779E-005   320.04850031185310     
   1.6629181227253076E-005   320.04850024643184     
   1.6775984292963261E-005   320.04850017985052     
   1.6924083341909626E-005   320.04850011208850     
   1.7073489815083137E-005   320.04850004312470     
   1.7224215254476275E-005   320.04849997293786     
   1.7376271303974686E-005   320.04849990150637     
   1.7529669710256701E-005   320.04849982880813     
   1.7684422323700783E-005   320.04849975482068     
   1.7840541099301005E-005   320.04849967952106     
   1.7998038097590593E-005   320.04849960288612     
   1.8156925485573642E-005   320.04849952489212     
   1.8317215537665035E-005   320.04849944551495     
   1.8478920636638672E-005   320.04849936473016     
   1.8642053274584063E-005   320.04849928251269     
   1.8806626053871382E-005   320.04849919883725     
   1.8972651688125021E-005   320.04849911367785     
   1.9140143003205743E-005   320.04849902700823     
   1.9309112938201520E-005   320.04849893880163     
   1.9479574546427102E-005   320.04849884903075     
   1.9651540996432408E-005   320.04849875766791     
   1.9825025573019838E-005   320.04849866468481     
   2.0000041678270554E-005   320.04849857005274     
   2.0176602832579812E-005   320.04849847374243     
   2.0354722675701445E-005   320.04849837572419     
   2.0534414967801580E-005   320.04849827596775     
   2.0715693590521619E-005   320.04849817444210     
   2.0898572548050649E-005   320.04849807111611     
   2.1083065968207294E-005   320.04849796595772     
   2.1269188103531103E-005   320.04849785893441     
   2.1456953332383609E-005   320.04849775001315     
   2.1646376160059091E-005   320.04849763916025     
   2.1837471219905128E-005   320.04849752634158     
   2.2030253274453077E-005   320.04849741152213     
   2.2224737216558493E-005   320.04849729466645     
   2.2420938070551652E-005   320.04849717573842     
   2.2618870993398203E-005   320.04849705470133     
   2.2818551275870087E-005   320.04849693151783     
   2.3019994343726780E-005   320.04849680614984     
   2.3223215758906971E-005   320.04849667855842     
   2.3428231220730754E-005   320.04849654870441     
   2.3635056567112434E-005   320.04849641654755     
   2.3843707775784055E-005   320.04849628204693     
   2.4054200965529700E-005   320.04849614516115     
   2.4266552397430713E-005   320.04849600584782     
   2.4480778476121910E-005   320.04849586406385     
   2.4696895751058860E-005   320.04849571976558     
   2.4914920917796379E-005   320.04849557290834     
   2.5134870819278304E-005   320.04849542344664     
   2.5356762447138627E-005   320.04849527133445     
   2.5580612943014170E-005   320.04849511652469     
   2.5806439599868788E-005   320.04849495896946     
   2.6034259863329306E-005   320.04849479862020     
   2.6264091333033223E-005   320.04849463542729     
   2.6495951763988341E-005   320.04849446934031     
   2.6729859067944352E-005   320.04849430030799     
   2.6965831314776593E-005   320.04849412827798     
   2.7203886733881963E-005   320.04849395319724     
   2.7444043715587204E-005   320.04849377501159     
   2.7686320812569570E-005   320.04849359366602     
   2.7930736741290091E-005   320.04849340910448     
   2.8177310383439455E-005   320.04849322126984     
   2.8426060787396626E-005   320.04849303010417     
   2.8677007169700462E-005   320.04849283554847     
   2.8930168916534124E-005   320.04849263754238     
   2.9185565585222807E-005   320.04849243602490     
   2.9443216905744501E-005   320.04849223093373     
   2.9703142782254255E-005   320.04849202220544     
   2.9965363294621754E-005   320.04849180977556     
   3.0229898699982574E-005   320.04849159357849     
   3.0496769434303083E-005   320.04849137354728     
   3.0765996113959154E-005   320.04849114961416     
   3.1037599537328841E-005   320.04849092170963     
   3.1311600686399092E-005   320.04849068976364     
   3.1588020728386682E-005   320.04849045370423     
   3.1866881017373384E-005   320.04849021345854     
   3.2148203095955666E-005   320.04848996895231     
   3.2432008696908852E-005   320.04848972010996     
   3.2718319744866083E-005   320.04848946685479     
   3.3007158358012031E-005   320.04848920910825     
   3.3298546849791563E-005   320.04848894679083     
   3.3592507730633503E-005   320.04848867982156     
   3.3889063709689651E-005   320.04848840811781     
   3.4188237696589068E-005   320.04848813159566     
   3.4490052803207936E-005   320.04848785016964     
   3.4794532345454976E-005   320.04848756375281     
   3.5101699845072683E-005   320.04848727225675     
   3.5411579031454407E-005   320.04848697559117     
   3.5724193843477523E-005   320.04848667366463     
   3.6039568431352747E-005   320.04848636638366     
   3.6357727158489825E-005   320.04848605365333     
   3.6678694603379626E-005   320.04848573537714     
   3.7002495561492892E-005   320.04848541145657     
   3.7329155047195787E-005   320.04848508179163     
   3.7658698295682255E-005   320.04848474628034     
   3.7991150764923545E-005   320.04848440481908     
   3.8326538137634855E-005   320.04848405730240     
   3.8664886323259416E-005   320.04848370362282     
   3.9006221459970051E-005   320.04848334367114     
   3.9350569916688381E-005   320.04848297733605     
   3.9697958295121922E-005   320.04848260450433     
   4.0048413431819087E-005   320.04848222506087     
   4.0401962400242420E-005   320.04848183888828     
   4.0758632512860046E-005   320.04848144586731     
   4.1118451323255625E-005   320.04848104587654     
   4.1481446628256946E-005   320.04848063879234     
   4.1847646470083284E-005   320.04848022448891     
   4.2217079138511729E-005   320.04847980283819     
   4.2589773173062631E-005   320.04847937370988     
   4.2965757365204351E-005   320.04847893697149     
   4.3345060760577463E-005   320.04847849248790     
   4.3727712661238612E-005   320.04847804012184     
   4.4113742627924130E-005   320.04847757973351     
   4.4503180482333699E-005   320.04847711118066     
   4.4896056309434144E-005   320.04847663431849     
   4.5292400459783565E-005   320.04847614899967     
   4.5692243551875962E-005   320.04847565507418     
   4.6095616474506607E-005   320.04847515238947     
   4.6502550389158304E-005   320.04847464079000     
   4.6913076732408604E-005   320.04847412011793     
   4.7327227218358443E-005   320.04847359021221     
   4.7745033841082061E-005   320.04847305090919     
   4.8166528877098650E-005   320.04847250204210     
   4.8591744887865788E-005   320.04847194344143     
   4.9020714722294865E-005   320.04847137493454     
   4.9453471519288772E-005   320.04847079634578     
   4.9890048710301944E-005   320.04847020749617     
   5.0330480021922962E-005   320.04846960820402     
   5.0774799478480121E-005   320.04846899828402     
   5.1223041404669780E-005   320.04846837754764     
   5.1675240428208080E-005   320.04846774580312     
   5.2131431482506008E-005   320.04846710285528     
   5.2591649809368069E-005   320.04846644850534     
   5.3055930961714801E-005   320.04846578255120     
   5.3524310806329334E-005   320.04846510478700     
   5.3996825526628159E-005   320.04846441500331     
   5.4473511625456402E-005   320.04846371298703     
   5.4954405927907718E-005   320.04846299852119     
   5.5439545584169160E-005   320.04846227138495     
   5.5928968072391087E-005   320.04846153135372     
   5.6422711201582458E-005   320.04846077819866     
   5.6920813114531595E-005   320.04846001168727     
   5.7423312290752918E-005   320.04845923158251     
   5.7930247549459490E-005   320.04845843764338     
   5.8441658052561896E-005   320.04845762962447     
   5.8957583307693628E-005   320.04845680727618     
   5.9478063171263131E-005   320.04845597034438     
   6.0003137851532755E-005   320.04845511857036     
   6.0532847911724993E-005   320.04845425169106     
   6.1067234273156067E-005   320.04845336943850     
   6.1606338218397170E-005   320.04845247154003     
   6.2150201394463666E-005   320.04845155771818     
   6.2698865816032424E-005   320.04845062769067     
   6.3252373868687498E-005   320.04844968117004     
   6.3810768312194560E-005   320.04844871786383     
   6.4374092283804192E-005   320.04844773747425     
   6.4942389301584299E-005   320.04844673969848     
   6.5515703267782007E-005   320.04844572422815     
   6.6094078472215211E-005   320.04844469074942     
   6.6677559595694041E-005   320.04844363894301     
   6.7266191713472601E-005   320.04844256848389     
   6.7860020298731111E-005   320.04844147904112     
   6.8459091226088766E-005   320.04844037027829     
   6.9063450775147772E-005   320.04843924185258     
   6.9673145634068439E-005   320.04843809341537     
   7.0288222903175994E-005   320.04843692461179     
   7.0908730098599205E-005   320.04843573508060     
   7.1534715155941082E-005   320.04843452445425     
   7.2166226433982011E-005   320.04843329235871     
   7.2803312718415644E-005   320.04843203841313     
   7.3446023225617584E-005   320.04843076223005     
   7.4094407606447563E-005   320.04842946341512     
   7.4748515950085088E-005   320.04842814156706     
   7.5408398787898856E-005   320.04842679627728     
   7.6074107097350509E-005   320.04842542713016     
   7.6745692305932713E-005   320.04842403370253     
   7.7423206295142068E-005   320.04842261556382     
   7.8106701404487063E-005   320.04842117227594     
   7.8796230435531411E-005   320.04841970339271     
   7.9491846655973142E-005   320.04841820846030     
   8.0193603803759564E-005   320.04841668701675     
   8.0901556091238775E-005   320.04841513859191     
   8.1615758209347517E-005   320.04841356270731     
   8.2336265331836356E-005   320.04841195887587     
   8.3063133119531851E-005   320.04841032660221     
   8.3796417724636533E-005   320.04840866538166     
   8.4536175795066809E-005   320.04840697470115     
   8.5282464478829070E-005   320.04840525403802     
   8.6035341428434623E-005   320.04840350286065     
   8.6794864805353356E-005   320.04840172062791     
   8.7561093284506907E-005   320.04839990678897     
   8.8334086058801454E-005   320.04839806078348     
   8.9113902843700462E-005   320.04839618204085     
   8.9900603881837849E-005   320.04839426998069     
   9.0694249947671904E-005   320.04839232401190     
   9.1494902352180175E-005   320.04839034353341     
   9.2302622947595985E-005   320.04838832793303     
   9.3117474132186552E-005   320.04838627658808     
   9.3939518855073485E-005   320.04838418886442     
   9.4768820621095705E-005   320.04838206411716     
   9.5605443495715362E-005   320.04837990168960     
   9.6449452109966988E-005   320.04837770091353     
   9.7300911665450441E-005   320.04837546110889     
   9.8159887939367914E-005   320.04837318158360     
   9.9026447289605253E-005   320.04837086163309     
   9.9900656659858395E-005   320.04836850054062     
   1.0078258358480481E-004   320.04836609757655     
   1.0167229619532078E-004   320.04836365199827     
   1.0256986322374461E-004   320.04836116305012     
   1.0347535400918646E-004   320.04835862996299     
   1.0438883850288481E-004   320.04835605195399     
   1.0531038727361044E-004   320.04835342822662     
   1.0624007151311804E-004   320.04835075797007     
   1.0717796304164591E-004   320.04834804035914     
   1.0812413431346418E-004   320.04834527455409     
   1.0907865842247220E-004   320.04834245970034     
   1.1004160910784505E-004   320.04833959492788     
   1.1101306075973028E-004   320.04833667935156     
   1.1199308842499444E-004   320.04833371207036     
   1.1298176781302085E-004   320.04833069216744     
   1.1397917530155828E-004   320.04832761870955     
   1.1498538794262114E-004   320.04832449074695     
   1.1600048346844217E-004   320.04832130731302     
   1.1702454029747729E-004   320.04831806742408     
   1.1805763754046359E-004   320.04831477007895     
   1.1909985500653091E-004   320.04831141425876     
   1.2015127320936721E-004   320.04830799892636     
   1.2121197337343843E-004   320.04830452302656     
   1.2228203744026327E-004   320.04830098548507     
   1.2336154807474352E-004   320.04829738520880     
   1.2445058867154973E-004   320.04829372108532     
   1.2554924336156414E-004   320.04828999198219     
   1.2665759701837952E-004   320.04828619674726     
   1.2777573526485619E-004   320.04828233420750     
   1.2890374447973636E-004   320.04827840316955     
   1.3004171180431724E-004   320.04827440241854     
   1.3118972514918279E-004   320.04827033071825     
   1.3234787320099507E-004   320.04826618681039     
   1.3351624542934552E-004   320.04826196941445     
   1.3469493209366661E-004   320.04825767722730     
   1.3588402425020459E-004   320.04825330892254     
   1.3708361375905394E-004   320.04824886315021     
   1.3829379329125357E-004   320.04824433853656     
   1.3951465633594602E-004   320.04823973368343     
   1.4074629720759965E-004   320.04823504716791     
   1.4198881105329460E-004   320.04823027754168     
   1.4324229386007323E-004   320.04822542333096     
   1.4450684246235530E-004   320.04822048303566     
   1.4578255454941860E-004   320.04821545512920     
   1.4706952867294567E-004   320.04821033805791     
   1.4836786425463728E-004   320.04820513024043     
   1.4967766159389276E-004   320.04819983006763     
   1.5099902187555857E-004   320.04819443590151     
   1.5233204717774498E-004   320.04818894607536     
   1.5367684047971176E-004   320.04818335889263     
   1.5503350566982367E-004   320.04817767262682     
   1.5640214755357606E-004   320.04817188552090     
   1.5778287186169130E-004   320.04816599578641     
   1.5917578525828671E-004   320.04816000160349     
   1.6058099534911464E-004   320.04815390111975     
   1.6199861068987530E-004   320.04814769245002     
   1.6342874079460285E-004   320.04814137367589     
   1.6487149614412562E-004   320.04813494284468     
   1.6632698819460108E-004   320.04812839796909     
   1.6779532938612603E-004   320.04812173702680     
   1.6927663315142289E-004   320.04811495795951     
   1.7077101392460256E-004   320.04810805867226     
   1.7227858715000482E-004   320.04810103703312     
   1.7379946929111658E-004   320.04809389087228     
   1.7533377783956900E-004   320.04808661798160     
   1.7688163132421406E-004   320.04807921611354     
   1.7844314932028094E-004   320.04807168298083     
   1.8001845245861378E-004   320.04806401625569     
   1.8160766243499057E-004   320.04805621356900     
   1.8321090201952426E-004   320.04804827250945     
   1.8482829506614740E-004   320.04804019062340     
   1.8645996652217971E-004   320.04803196541320     
   1.8810604243798090E-004   320.04802359433734     
   1.8976664997668815E-004   320.04801507480897     
   1.9144191742403988E-004   320.04800640419546     
   1.9313197419828601E-004   320.04799757981743     
   1.9483695086018583E-004   320.04798859894800     
   1.9655697912309415E-004   320.04797945881205     
   1.9829219186313655E-004   320.04797015658517     
   2.0004272312947415E-004   320.04796068939265     
   2.0180870815465941E-004   320.04795105430924     
   2.0359028336508302E-004   320.04794124835746     
   2.0538758639151333E-004   320.04793126850711     
   2.0720075607972836E-004   320.04792111167438     
   2.0902993250124222E-004   320.04791077472061     
   2.1087525696412588E-004   320.04790025445163     
   2.1273687202392341E-004   320.04788954761631     
   2.1461492149466493E-004   320.04787865090634     
   2.1650955045997641E-004   320.04786756095439     
   2.1842090528428781E-004   320.04785627433353     
   2.2034913362413999E-004   320.04784478755607     
   2.2229438443959168E-004   320.04783309707244     
   2.2425680800572661E-004   320.04782119927006     
   2.2623655592426316E-004   320.04780909047247     
   2.2823378113526543E-004   320.04779676693784     
   2.3024863792895853E-004   320.04778422485799     
   2.3228128195764767E-004   320.04777146035735     
   2.3433187024774279E-004   320.04775846949144     
   2.3640056121188914E-004   320.04774524824597     
   2.3848751466120494E-004   320.04773179253550     
   2.4059289181762740E-004   320.04771809820181     
   2.4271685532636721E-004   320.04770416101337     
   2.4485956926847345E-004   320.04768997666338     
   2.4702119917350906E-004   320.04767554076864     
   2.4920191203233860E-004   320.04766084886830     
   2.5140187631002850E-004   320.04764589642230     
   2.5362126195886128E-004   320.04763067881038     
   2.5586024043146505E-004   320.04761519132990     
   2.5811898469405849E-004   320.04759942919515     
   2.6039766923981276E-004   320.04758338753544     
   2.6269647010233155E-004   320.04756706139364     
   2.6501556486925040E-004   320.04755044572477     
   2.6735513269595502E-004   320.04753353539439     
   2.6971535431942240E-004   320.04751632517707     
   2.7209641207218225E-004   320.04749880975464     
   2.7449848989640331E-004   320.04748098371454     
   2.7692177335810299E-004   320.04746284154839     
   2.7936644966148260E-004   320.04744437765004     
   2.8183270766338967E-004   320.04742558631392     
   2.8432073788790737E-004   320.04740646173320     
   2.8683073254107296E-004   320.04738699799833     
   2.8936288552572619E-004   320.04736718909470     
   2.9191739245648858E-004   320.04734702890113     
   2.9449445067487536E-004   320.04732651118786     
   2.9709425926454042E-004   320.04730562961475     
   2.9971701906665582E-004   320.04728437772917     
   3.0236293269542749E-004   320.04726274896399     
   3.0503220455374759E-004   320.04724073663573     
   3.0772504084898496E-004   320.04721833394228     
   3.1044164960891517E-004   320.04719553396097     
   3.1318224069779130E-004   320.04717232964651     
   3.1594702583255622E-004   320.04714871382828     
   3.1873621859919828E-004   320.04712467920888     
   3.2155003446925144E-004   320.04710021836132     
   3.2438869081644062E-004   320.04707532372697     
   3.2725240693347486E-004   320.04704998761304     
   3.3014140404898746E-004   320.04702420219053     
   3.3305590534462719E-004   320.04699795949136     
   3.3599613597229888E-004   320.04697125140638     
   3.3896232307155741E-004   320.04694406968241     
   3.4195469578715451E-004   320.04691640592011     
   3.4497348528674069E-004   320.04688825157109     
   3.4801892477872383E-004   320.04685959793528     
   3.5109124953028461E-004   320.04683043615859     
   3.5419069688555165E-004   320.04680075722968     
   3.5731750628393687E-004   320.04677055197737     
   3.6047191927863277E-004   320.04673981106805     
   3.6365417955527292E-004   320.04670852500254     
   3.6686453295075731E-004   320.04667668411304     
   3.7010322747224351E-004   320.04664427856045     
   3.7337051331630638E-004   320.04661129833130     
   3.7666664288826568E-004   320.04657773323419     
   3.7999187082168547E-004   320.04654357289724     
   3.8334645399804468E-004   320.04650880676479     
   3.8673065156658238E-004   320.04647342409362     
   3.9014472496431691E-004   320.04643741395029     
   3.9358893793624327E-004   320.04640076520730     
   3.9706355655570735E-004   320.04636346653990     
   4.0056884924496121E-004   320.04632550642248     
   4.0410508679589895E-004   320.04628687312510     
   4.0767254239097630E-004   320.04624755470979     
   4.1127149162431428E-004   320.04620753902668     
   4.1490221252298980E-004   320.04616681371084     
   4.1856498556851364E-004   320.04612536617771     
   4.2226009371849844E-004   320.04608318361971     
   4.2598782242851782E-004   320.04604025300216     
   4.2974845967415825E-004   320.04599656105910     
   4.3354229597326622E-004   320.04595209428959     
   4.3736962440839088E-004   320.04590683895299     
   4.4123074064942610E-004   320.04586078106507     
   4.4512594297645082E-004   320.04581390639362     
   4.4905553230277235E-004   320.04576620045418     
   4.5301981219817258E-004   320.04571764850522     
   4.5701908891235932E-004   320.04566823554393     
   4.6105367139862480E-004   320.04561794630138     
   4.6512387133771320E-004   320.04556676523799     
   4.6923000316189832E-004   320.04551467653846     
   4.7337238407927474E-004   320.04546166410705     
   4.7755133409826229E-004   320.04540771156280     
   4.8176717605232796E-004   320.04535280223388     
   4.8602023562492499E-004   320.04529691915320     
   4.9031084137465331E-004   320.04524004505254     
   4.9463932476064075E-004   320.04518216235766     
   4.9900602016814957E-004   320.04512325318245     
   5.0341126493440823E-004   320.04506329932372     
   5.0785539937467144E-004   320.04500228225555     
   5.1233876680851045E-004   320.04494018312346     
   5.1686171358633496E-004   320.04487698273851     
   5.2142458911615000E-004   320.04481266157160     
   5.2602774589054831E-004   320.04474719974735     
   5.3067153951394050E-004   320.04468057703775     
   5.3535632873002732E-004   320.04461277285634     
   5.4008247544951320E-004   320.04454376625137     
   5.4485034477806411E-004   320.04447353589956     
   5.4966030504451340E-004   320.04440206009986     
   5.5451272782931576E-004   320.04432931676581     
   5.5940798799325279E-004   320.04425528341972     
   5.6434646370639183E-004   320.04417993718528     
   5.6932853647730032E-004   320.04410325478028     
   5.7435459118251853E-004   320.04402521250989     
   5.7942501609629167E-004   320.04394578625897     
   5.8454020292056570E-004   320.04386495148481     
   5.8970054681524637E-004   320.04378268320949     
   5.9490644642872664E-004   320.04369895601195     
   6.0015830392868349E-004   320.04361374402072     
   6.0545652503314542E-004   320.04352702090529     
   6.1080151904183632E-004   320.04343875986825     
   6.1619369886779351E-004   320.04334893363711     
   6.2163348106926712E-004   320.04325751445577     
   6.2712128588189998E-004   320.04316447407575     
   6.3265753725119146E-004   320.04306978374785     
   6.3824266286524882E-004   320.04297341421307     
   6.4387709418782611E-004   320.04287533569340     
   6.4956126649165719E-004   320.04277551788283     
   6.5529561889208013E-004   320.04267392993813     
   6.6108059438096066E-004   320.04257054046889     
   6.6691663986091407E-004   320.04246531752830     
   6.7280420617982966E-004   320.04235822860295     
   6.7874374816569931E-004   320.04224924060281     
   6.8473572466175477E-004   320.04213831985118     
   6.9078059856191357E-004   320.04202543207407     
   6.9687883684653874E-004   320.04191054239004     
   7.0303091061851483E-004   320.04179361529873     
   7.0923729513964074E-004   320.04167461467040     
   7.1549846986734551E-004   320.04155350373492     
   7.2181491849172700E-004   320.04143024506965     
   7.2818712897291843E-004   320.04130480058882     
   7.3461559357878409E-004   320.04117713153101     
   7.4110080892294855E-004   320.04104719844770     
   7.4764327600316085E-004   320.04091496119065     
   7.5424350023999790E-004   320.04078037889980     
   7.6090199151590912E-004   320.04064340999059     
   7.6761926421460667E-004   320.04050401214118     
   7.7439583726080213E-004   320.04036214227892     
   7.8123223416029454E-004   320.04021775656770     
   7.8812898304041331E-004   320.04007081039413     
   7.9508661669081622E-004   320.03992125835356     
   8.0210567260464917E-004   320.03976905423633     
   8.0918669302006889E-004   320.03961415101344     
   8.1633022496213159E-004   320.03945650082176     
   8.2353682028505259E-004   320.03929605494989     
   8.3080703571483748E-004   320.03913276382218     
   8.3814143289229106E-004   320.03896657698431     
   8.4554057841640547E-004   320.03879744308705     
   8.5300504388813076E-004   320.03862530987095     
   8.6053540595453263E-004   320.03845012414979     
   8.6813224635333994E-004   320.03827183179402     
   8.7579615195788505E-004   320.03809037771475     
   8.8352771482244098E-004   320.03790570584596     
   8.9132753222795943E-004   320.03771775912764     
   8.9919620672821170E-004   320.03752647948795     
   9.0713434619633720E-004   320.03733180782547     
   9.1514256387180382E-004   320.03713368399070     
   9.2322147840778149E-004   320.03693204676779     
   9.3137171391893434E-004   320.03672683385525     
   9.3959390002963520E-004   320.03651798184717     
   9.4788867192260634E-004   320.03630542621318     
   9.5625667038798726E-004   320.03608910127872     
   9.6469854187283843E-004   320.03586894020498     
   9.7321493853108035E-004   320.03564487496777     
   9.8180651827387412E-004   320.03541683633694     
   9.9047394482044602E-004   320.03518475385482     
   9.9921788774936203E-004   320.03494855581448     
   1.0080390225502541E-003   320.03470816923749     
   1.0169380306760030E-003   320.03446351985144     
   1.0259155995953825E-003   320.03421453206738     
   1.0349724228461675E-003   320.03396112895564     
   1.0441092000887122E-003   320.03370323222293     
   1.0533266371599993E-003   320.03344076218758     
   1.0626254461281682E-003   320.03317363775523     
   1.0720063453475244E-003   320.03290177639371     
   1.0814700595140325E-003   320.03262509410752     
   1.0910173197213027E-003   320.03234350541192     
   1.1006488635170674E-003   320.03205692330653     
   1.1103654349601600E-003   320.03176525924846     
   1.1201677846779941E-003   320.03146842312492     
   1.1300566699245515E-003   320.03116632322536     
   1.1400328546388829E-003   320.03085886621363     
   1.1500971095041220E-003   320.03054595709835     
   1.1602502120070237E-003   320.03022749920410     
   1.1704929464980266E-003   320.02990339414146     
   1.1808261042518461E-003   320.02957354177670     
   1.1912504835286015E-003   320.02923784020072     
   1.2017668896354839E-003   320.02889618569759     
   1.2123761349889684E-003   320.02854847271277     
   1.2230790391775737E-003   320.02819459382016     
   1.2338764290251794E-003   320.02783443968912     
   1.2447691386548978E-003   320.02746789905092     
   1.2557580095535134E-003   320.02709485866376     
   1.2668438906364890E-003   320.02671520327868     
   1.2780276383135461E-003   320.02632881560322     
   1.2893101165548258E-003   320.02593557626551     
   1.3006921969576303E-003   320.02553536377752     
   1.3121747588137585E-003   320.02512805449737     
   1.3237586891774306E-003   320.02471352259130     
   1.3354448829338171E-003   320.02429163999466     
   1.3472342428681695E-003   320.02386227637260     
   1.3591276797355637E-003   320.02342529907952     
   1.3711261123312561E-003   320.02298057311850     
   1.3832304675616650E-003   320.02252796109934     
   1.3954416805159742E-003   320.02206732319621     
   1.4077606945383716E-003   320.02159851710474     
   1.4201884613009249E-003   320.02112139799755     
   1.4327259408771003E-003   320.02063581848012     
   1.4453741018159304E-003   320.02014162854499     
   1.4581339212168364E-003   320.01963867552558     
   1.4710063848051118E-003   320.01912680404888     
   1.4839924870080716E-003   320.01860585598763     
   1.4970932310318741E-003   320.01807567041175     
   1.5103096289390218E-003   320.01753608353823     
   1.5236427017265438E-003   320.01698692868069     
   1.5370934794048719E-003   320.01642803619848     
   1.5506630010774099E-003   320.01585923344328     
   1.5643523150208076E-003   320.01528034470698     
   1.5781624787659420E-003   320.01469119116649     
   1.5920945591796148E-003   320.01409159082925     
   1.6061496325469691E-003   320.01348135847684     
   1.6203287846546361E-003   320.01286030560743     
   1.6346331108746139E-003   320.01222824037831     
   1.6490637162488878E-003   320.01158496754613     
   1.6636217155747968E-003   320.01093028840717     
   1.6783082334911549E-003   320.01026400073533     
   1.6931244045651319E-003   320.00958589872073     
   1.7080713733799008E-003   320.00889577290502     
   1.7231502946230604E-003   320.00819341011777     
   1.7383623331758366E-003   320.00747859341016     
   1.7537086642030726E-003   320.00675110198847     
   1.7691904732440131E-003   320.00601071114522     
   1.7848089563038902E-003   320.00525719219081     
   1.8005653199463165E-003   320.00449031238236     
   1.8164607813864961E-003   320.00370983485192     
   1.8324965685852569E-003   320.00291551853377     
   1.8486739203439127E-003   320.00210711808973     
   1.8649940863999649E-003   320.00128438383365     
   1.8814583275236457E-003   320.00044706165454     
   1.8980679156153171E-003   319.99959489293764     
   1.9148241338037277E-003   319.99872761448546     
   1.9317282765451359E-003   319.99784495843608     
   1.9487816497233130E-003   319.99694665218067     
   1.9659855707504213E-003   319.99603241827936     
   1.9833413686687913E-003   319.99510197437587     
   2.0008503842535896E-003   319.99415503311030     
   2.0185139701164008E-003   319.99319130203088     
   2.0363334908097162E-003   319.99221048350307     
   2.0543103229323503E-003   319.99121227461859     
   2.0724458552357867E-003   319.99019636710142     
   2.0907414887314617E-003   319.98916244721323     
   2.1091986367989951E-003   319.98811019565647     
   2.1278187252953781E-003   319.98703928747591     
   2.1466031926651225E-003   319.98594939195846     
   2.1655534900513855E-003   319.98484017253134     
   2.1846710814080739E-003   319.98371128665860     
   2.2039574436129358E-003   319.98256238573481     
   2.2234140665816546E-003   319.98139311497835     
   2.2430424533829486E-003   319.98020311332169     
   2.2628441203546850E-003   319.97899201330040     
   2.2828205972210210E-003   319.97775944093968     
   2.3029734272105805E-003   319.97650501563930     
   2.3233041671756687E-003   319.97522835005623     
   2.3438143877125444E-003   319.97392904998537     
   2.3645056732827532E-003   319.97260671423805     
   2.3853796223355277E-003   319.97126093451857     
   2.4064378474312740E-003   319.96989129529828     
   2.4276819753661456E-003   319.96849737368768     
   2.4491136472977156E-003   319.96707873930620     
   2.4707345188717611E-003   319.96563495414955     
   2.4925462603501637E-003   319.96416557245487     
   2.5145505567399449E-003   319.96267014056372     
   2.5367491079234332E-003   319.96114819678172     
   2.5591436287895849E-003   319.95959927123727     
   2.5817358493664642E-003   319.95802288573623     
   2.6045275149548905E-003   319.95641855361487     
   2.6275203862632674E-003   319.95478577959022     
   2.6507162395436024E-003   319.95312405960755     
   2.6741168667287242E-003   319.95143288068499     
   2.6977240755707158E-003   319.94971172075600     
   2.7215396897805671E-003   319.94796004850843     
   2.7455655491690593E-003   319.94617732322115     
   2.7698035097888955E-003   319.94436299459778     
   2.7942554440780871E-003   319.94251650259685     
   2.8189232410045983E-003   319.94063727726029     
   2.8438088062122807E-003   319.93872473853742     
   2.8689140621680816E-003   319.93677829610692     
   2.8942409483105635E-003   319.93479734919504     
   2.9197914211997284E-003   319.93278128639088     
   2.9455674546681682E-003   319.93072948545847     
   2.9715710399735445E-003   319.92864131314519     
   2.9978041859524207E-003   319.92651612498719     
   3.0242689191754494E-003   319.92435326511145     
   3.0509672841039265E-003   319.92215206603379     
   3.0779013432477346E-003   319.91991184845381     
   3.1050731773246730E-003   319.91763192104611     
   3.1324848854212013E-003   319.91531158024804     
   3.1601385851545956E-003   319.91295011004308     
   3.1880364128365410E-003   319.91054678174095     
   3.2161805236381653E-003   319.90810085375404     
   3.2445730917565335E-003   319.90561157136904     
   3.2732163105826063E-003   319.90307816651557     
   3.3021123928706872E-003   319.90049985752995     
   3.3312635709093603E-003   319.89787584891536     
   3.3606720966939422E-003   319.89520533109737     
   3.3903402421004516E-003   319.89248748017548     
   3.4202702990611200E-003   319.88972145767002     
   3.4504645797414448E-003   319.88690641026494     
   3.4809254167188120E-003   319.88404146954576     
   3.5116551631626928E-003   319.88112575173307     
   3.5426561930164305E-003   319.87815835741134     
   3.5739309011806335E-003   319.87513837125272     
   3.6054817036981881E-003   319.87206486173670     
   3.6373110379409003E-003   319.86893688086406     
   3.6694213627977922E-003   319.86575346386587     
   3.7018151588650533E-003   319.86251362890806     
   3.7344949286376751E-003   319.85921637679013     
   3.7674631967027712E-003   319.85586069063874     
   3.8007225099346126E-003   319.85244553559608     
   3.8342754376913739E-003   319.84896985850281     
   3.8681245720136258E-003   319.84543258757498     
   3.9022725278245744E-003   319.84183263207581     
   3.9367219431320722E-003   319.83816888198157     
   3.9714754792324067E-003   319.83444020764148     
   4.0065358209158955E-003   319.83064545943154     
   4.0419056766742888E-003   319.82678346740295     
   4.0775877789100108E-003   319.82285304092341     
   4.1135848841472398E-003   319.81885296831274     
   4.1498997732448582E-003   319.81478201647235     
   4.1865352516112803E-003   319.81063893050748     
   4.2234941494211772E-003   319.80642243334319     
   4.2607793218341116E-003   319.80213122533428     
   4.2983936492151072E-003   319.79776398386690     
   4.3363400373571661E-003   319.79331936295478     
   4.3746214177057411E-003   319.78879599282760     
   4.4132407475852026E-003   319.78419247951160     
   4.4522010104272982E-003   319.77950740440451     
   4.4915052160016261E-003   319.77473932384146     
   4.5311564006481507E-003   319.76988676865392     
   4.5711576275117632E-003   319.76494824372116     
   4.6115119867789203E-003   319.75992222751347     
   4.6522225959163633E-003   319.75480717162770     
   4.6932925999119569E-003   319.74960150031490     
   4.7347251715176373E-003   319.74430360999850     
   4.7765235114945225E-003   319.73891186878598     
   4.8186908488601762E-003   319.73342461597070     
   4.8612304411380551E-003   319.72784016152519     
   4.9041455746091592E-003   319.72215678558621     
   4.9474395645659084E-003   319.71637273793027     
   4.9911157555682555E-003   319.71048623744002     
   5.0351775217020566E-003   319.70449547156210     
   5.0796282668397344E-003   319.69839859575438     
   5.1244714249032274E-003   319.69219373292469     
   5.1697104601292759E-003   319.68587897285920     
   5.2153488673370345E-003   319.67945237164082     
   5.2613901721980617E-003   319.67291195105787     
   5.3078379315086811E-003   319.66625569800215     
   5.3546957334647538E-003   319.65948156385707     
   5.4019671979388794E-003   319.65258746387417     
   5.4496559767600299E-003   319.64557127653995     
   5.4977657539956679E-003   319.63843084293097     
   5.5463002462363513E-003   319.63116396605835     
   5.5952632028828430E-003   319.62376841020000     
   5.6446584064357656E-003   319.61624190022275     
   5.6944896727878025E-003   319.60858212089107     
   5.7447608515184909E-003   319.60078671616509     
   5.7954758261916052E-003   319.59285328848603     
   5.8466385146551756E-003   319.58477939804908     
   5.8982528693441467E-003   319.57656256206423     
   5.9503228775857168E-003   319.56820025400384     
   6.0028525619073621E-003   319.55968990283748     
   6.0558459803475920E-003   319.55102889225350     
   6.1093072267694387E-003   319.54221455986738     
   6.1632404311767197E-003   319.53324419641609     
   6.2176497600330847E-003   319.52411504493864     
   6.2725394165838921E-003   319.51482429994303     
   6.3279136411809149E-003   319.50536910655819     
   6.3837767116099150E-003   319.49574655967149     
   6.4401329434211211E-003   319.48595370305208     
   6.4969866902626038E-003   319.47598752845823     
   6.5543423442166121E-003   319.46584497472986     
   6.6122043361388702E-003   319.45552292686546     
   6.6705771360008707E-003   319.44501821508334     
   6.7294652532351885E-003   319.43432761386646     
   6.7888732370838490E-003   319.42344784099078     
   6.8488056769497631E-003   319.41237555653800     
   6.9092672027512743E-003   319.40110736188996     
   6.9702624852798220E-003   319.38963979870692     
   7.0317962365607795E-003   319.37796934788804     
   7.0938732102174672E-003   319.36609242851432     
   7.1564982018383749E-003   319.35400539677295     
   7.2196760493476383E-003   319.34170454486400     
   7.2834116333787783E-003   319.32918609988837     
   7.3477098776517378E-003   319.31644622271614     
   7.4125757493532568E-003   319.30348100683699     
   7.4780142595205898E-003   319.29028647718974     
   7.5440304634286307E-003   319.27685858897280     
   7.6106294609804368E-003   319.26319322643417     
   7.6778163971012083E-003   319.24928620164133     
   7.7455964621357494E-003   319.23513325322978     
   7.8139748922494319E-003   319.22073004513061     
   7.8829569698327037E-003   319.20607216527662     
   7.9525480239091579E-003   319.19115512428681     
   8.0227534305472199E-003   319.17597435412802     
   8.0935786132754605E-003   319.16052520675498     
   8.1650290435015746E-003   319.14480295272631     
   8.2371102409350520E-003   319.12880277979838     
   8.3098277740136055E-003   319.11251979149466     
   8.3831872603333281E-003   319.09594900565185     
   8.4571943670826728E-003   319.07908535294064     
   8.5318548114802547E-003   319.06192367536261     
   8.6071743612165224E-003   319.04445872472144     
   8.6831588348993214E-003   319.02668516106917     
   8.7598141025033924E-003   319.00859755112532     
   8.8371460858238521E-003   318.99019036667119     
   8.9151607589336487E-003   318.97145798291626     
   8.9938641486450848E-003   318.95239467683768     
   9.0732623349754002E-003   318.93299462549282     
   9.1533614516164652E-003   318.91325190430257     
   9.2341676864086224E-003   318.89316048530770     
   9.3156872818187103E-003   318.87271423539471     
   9.3979265354223150E-003   318.85190691449384     
   9.4808918003902662E-003   318.83073217374670     
   9.5645894859794304E-003   318.80918355364287     
   9.6490260580278479E-003   318.78725448212793     
   9.7342080394542414E-003   318.76493827267797     
   9.8201420107618988E-003   318.74222812234416     
   9.9068346105470641E-003   318.71911710976451     
   9.9942925360117646E-003   318.69559819314367     
   1.0082522543481187E-002   318.67166420819888     
   1.0171531448925632E-002   318.64730786607322     
   1.0261326128487045E-002   318.62252175121444     
   1.0351913519010226E-002   318.59729831921925     
   1.0443300618578715E-002   318.57162989464314     
   1.0535494487055408E-002   318.54550866877400     
   1.0628502246627944E-002   318.51892669737015     
   1.0722331082358920E-002   318.49187589836191     
   1.0816988242740948E-002   318.46434804951582     
   1.0912481040256616E-002   318.43633478606154     
   1.1008816851943392E-002   318.40782759828033     
   1.1106003119963530E-002   318.37881782905555     
   1.1204047352178975E-002   318.34929667138317     
   1.1302957122731380E-002   318.31925516584317     
   1.1402740072627215E-002   318.28868419803024     
   1.1503403910328055E-002   318.25757449594414     
   1.1604956412346079E-002   318.22591662733799     
   1.1707405423844817E-002   318.19370099702570     
   1.1810758859245221E-002   318.16091784414539     
   1.1915024702837049E-002   318.12755723938125     
   1.2020211009395692E-002   318.09360908214074     
   1.2126325904804412E-002   318.05906309768795     
   1.2233377586682088E-002   318.02390883423232     
   1.2341374325016504E-002   317.98813565997125     
   1.2450324462803213E-002   317.95173276008791     
   1.2560236416690070E-002   317.91468913370136     
   1.2671118677627425E-002   317.87699359077004     
   1.2782979811524068E-002   317.83863474894770     
   1.2895828459908974E-002   317.79960103039065     
   1.3009673340598870E-002   317.75988065851590     
   1.3124523248371718E-002   317.71946165471064     
   1.3240387055646121E-002   317.67833183499044     
   1.3357273713166744E-002   317.63647880660744     
   1.3475192250695779E-002   317.59388996460723     
   1.3594151777710509E-002   317.55055248833327     
   1.3714161484107049E-002   317.50645333787929     
   1.3835230640910268E-002   317.46157925048840     
   1.3957368600990016E-002   317.41591673689811     
   1.4080584799783641E-002   317.36945207763171     
   1.4204888756024901E-002   317.32217131923375     
   1.4330290072479318E-002   317.27406027045117     
   1.4456798436685998E-002   317.22510449835698     
   1.4584423621706024E-002   317.17528932441860     
   1.4713175486877450E-002   317.12459982050740     
   1.4843063978576950E-002   317.07302080485181     
   1.4974099130988209E-002   317.02053683793076     
   1.5106291066877072E-002   316.96713221830896     
   1.5239649998373560E-002   316.91279097841175     
   1.5374186227760786E-002   316.85749688024055     
   1.5509910148270816E-002   316.80123341102711     
   1.5646832244887582E-002   316.74398377882653     
   1.5784963095156868E-002   316.68573090804853     
   1.5924313370003440E-002   316.62645743492629     
   1.6064893834555415E-002   316.56614570292260     
   1.6206715348975879E-002   316.50477775807269     
   1.6349788869301871E-002   316.44233534426212     
   1.6494125448290747E-002   316.37879989844242     
   1.6639736236274051E-002   316.31415254577968     
   1.6786632482018882E-002   316.24837409473906     
   1.6934825533596903E-002   316.18144503210357     
   1.7084326839260994E-002   316.11334551792618     
   1.7235147948329671E-002   316.04405538041550     
   1.7387300512079280E-002   315.97355411075472     
   1.7540796284644094E-002   315.90182085785335     
   1.7695647123924348E-002   315.82883442303023     
   1.7851864992502284E-002   315.75457325463009     
   1.8009461958566297E-002   315.67901544257063     
   1.8168450196843208E-002   315.60213871282144     
   1.8328841989538824E-002   315.52392042181378     
   1.8490649727286739E-002   315.44433755078194     
   1.8653885910105542E-002   315.36336670003453     
   1.8818563148364487E-002   315.28098408315680     
   1.8984694163757660E-002   315.19716552114323     
   1.9152291790286761E-002   315.11188643646068     
   1.9321368975252561E-002   315.02512184704142     
   1.9491938780255121E-002   314.93684636020686     
   1.9664014382202805E-002   314.84703416652081     
   1.9837609074330253E-002   314.75565903357443     
   2.0012736267225304E-002   314.66269429969969     
   2.0189409489864984E-002   314.56811286761530     
   2.0367642390660672E-002   314.47188719800192     
   2.0547448738512452E-002   314.37398930300930     
   2.0728842423872799E-002   314.27439073969441     
   2.0911837459819647E-002   314.17306260339114     
   2.1096447983138943E-002   314.06997552101205     
   2.1282688255416734E-002   313.96509964428299     
   2.1470572664140892E-002   313.85840464291044     
   2.1660115723812618E-002   313.74985969768289     
   2.1851332077067694E-002   313.63943349350569     
   2.2044236495807661E-002   313.52709421237233     
   2.2238843882341000E-002   313.41280952627085     
   2.2435169270534339E-002   313.29654659002642     
   2.2633227826973887E-002   313.17827203408325     
   2.2833034852137068E-002   313.05795195722379     
   2.3034605781574520E-002   312.93555191922877     
   2.3237956187102532E-002   312.81103693347848     
   2.3443101778005997E-002   312.68437145949599     
   2.3650058402251994E-002   312.55551939543471     
   2.3858842047714077E-002   312.42444407051175     
   2.4069468843407375E-002   312.29110823738802     
   2.4281955060734606E-002   312.15547406449718     
   2.4496317114743062E-002   312.01750312832587     
   2.4712571565392718E-002   311.87715640564636     
   2.4930735118835527E-002   311.73439426570394     
   2.5150824628706013E-002   311.58917646236199     
   2.5372857097423249E-002   311.44146212620603     
   2.5596849677504325E-002   311.29120975661039     
   2.5822819672889429E-002   311.13837721376910     
   2.6050784540278610E-002   310.98292171069420     
   2.6280761890480366E-002   310.82479980518559     
   2.6512769489772086E-002   310.66396739177310     
   2.6746825261272568E-002   310.50037969363700     
   2.6982947286326598E-002   310.33399125450740     
   2.7221153805901788E-002   310.16475593054918     
   2.7461463221997738E-002   309.99262688223394     
   2.7703894099067605E-002   309.81755656620425     
   2.7948465165452289E-002   309.63949672713426     
   2.8195195314827209E-002   309.45839838959051     
   2.8444103607661891E-002   309.27421184989879     
   2.8695209272692437E-002   309.08688666802027     
   2.8948531708406996E-002   308.89637165944384     
   2.9204090484544327E-002   308.70261488709855     
   2.9461905343605609E-002   308.50556365329209     
   2.9721996202379607E-002   308.30516449168232     
   2.9984383153481259E-002   308.10136315928571     
   3.0249086466903930E-002   307.89410462853118     
   3.0516126591585247E-002   307.68333307936479     
   3.0785524156986901E-002   307.46899189141237     
   3.1057299974688250E-002   307.25102363620778     
   3.1331475039994117E-002   307.02937006949401     
   3.1608070533556673E-002   306.80397212360452     
   3.1887107823011747E-002   306.57476989993359     
   3.2168608464629482E-002   306.34170266150448     
   3.2452594204979632E-002   306.10470882564306     
   3.2739086982611514E-002   305.86372595676698     
   3.3028108929748813E-002   305.61869075929985     
   3.3319682373999390E-002   305.36953907072024     
   3.3613829840080059E-002   305.11620585475526     
   3.3910574051556751E-002   304.85862519473091     
   3.4209937932599924E-002   304.59673028708806     
   3.4511944609755520E-002   304.33045343507797     
   3.4816617413731515E-002   304.05972604264753     
   3.5123979881200321E-002   303.78447860852731     
   3.5434055756616997E-002   303.50464072053506     
   3.5746868994053604E-002   303.22014105010874     
   3.6062443759049677E-002   302.93090734708119     
   3.6380804430479086E-002   302.63686643471215     
   3.6701975602433365E-002   302.33794420499231     
   3.7025982086121664E-002   302.03406561423344     
   3.7352848911787438E-002   301.72515467896153     
   3.7682601330642128E-002   301.41113447212967     
   3.8015264816815872E-002   301.09192711966551     
   3.8350865069325425E-002   300.76745379737287     
   3.8689428014059446E-002   300.43763472820456     
   3.9030979805781407E-002   300.10238917992478     
   3.9375546830150022E-002   299.76163546318122     
   3.9723155705757664E-002   299.41529093000520     
   4.0073833286186647E-002   299.06327197276187     
   4.0427606662083816E-002   298.70549402357022     
   4.0784503163253272E-002   298.34187155421557     
   4.1144550360767716E-002   297.97231807657636     
   4.1507776069098376E-002   297.59674614358789     
   4.1874208348263692E-002   297.21506735076821     
   4.2243875505997092E-002   296.82719233832876     
   4.2616806099933749E-002   296.43303079389563     
   4.2993028939816783E-002   296.03249145586835     
   4.3372573089722859E-002   295.62548211744053     
   4.3755467870307450E-002   295.21190963131164     
   4.4141742861069921E-002   294.79167991511684     
   4.4531427902638636E-002   294.36469795760411     
   4.4924553099076184E-002   293.93086782558828     
   4.5321148820205007E-002   293.49009267171175     
   4.5721245703953549E-002   293.04227474304406     
   4.6124874658723065E-002   292.58731539055083     
   4.6532066865775414E-002   292.12511507946579     
   4.6942853781641841E-002   291.65557340059911     
   4.7357267140553098E-002   291.17858908261661     
   4.7775338956890977E-002   290.69406000532331     
   4.8197101527661483E-002   290.20188321399024     
   4.8622587434989858E-002   289.70195493475802     
   4.9051829548637634E-002   289.19417059115699     
   4.9484861028541889E-002   288.67842482178082     
   4.9921715327376937E-002   288.15461149915336     
   5.0362426193138583E-002   287.62262374982873     
   5.0807027671751312E-002   287.08235397576453     
   5.1255554109698336E-002   286.53369387701036     
   5.1708040156674982E-002   285.97653447575408     
   5.2164520768265457E-002   285.41076614176785     
   5.2625031208643223E-002   284.83627861929790     
   5.3089607053295268E-002   284.25296105544373     
   5.3558284191770368E-002   283.66070203006967     
   5.4031098830451652E-002   283.05938958729701     
   5.4508087495353616E-002   282.44891126862086     
   5.4989287034943872E-002   281.82915414770071     
   5.5474734622989699E-002   281.20000486687161     
   5.5964467761429930E-002   280.56134967542380     
   5.6458524283271916E-002   279.91307446970046     
   5.6956942355514337E-002   279.25506483506240     
   5.7459760482095605E-002   278.58720608976921     
   5.7967017506868439E-002   277.90938333082744     
   5.8478752616600599E-002   277.22148148185642     
   5.8995005344002170E-002   276.52338534302083     
   5.9515815570779576E-002   275.81497964308403     
   6.0041223530716503E-002   275.09614909362995     
   6.0571269812782054E-002   274.36677844550701     
   6.1105995364266349E-002   273.62675254754458     
   6.1645441493943812E-002   272.87595640759275     
   6.2189649875264319E-002   272.11427525593717     
   6.2738662549572638E-002   271.34159461113904     
   6.3292521929356152E-002   270.55780034835084     
   6.3851270801521379E-002   269.76277877015809     
   6.4414952330699285E-002   268.95641667999627     
   6.4983610062579938E-002   268.13860145819120     
   6.5557287927276470E-002   267.30922114067164     
   6.6136030242718732E-002   266.46816450040046     
   6.6719881718077051E-002   265.61532113157040     
   6.7308887457216054E-002   264.75058153660922     
   6.7903092962179057E-002   263.87383721603749     
   6.8502544136703203E-002   262.98498076122098     
   6.9107287289765618E-002   262.08390595005710     
   6.9717369139160906E-002   261.17050784563423     
   7.0332836815110239E-002   260.24468289790008     
   7.0953737863902161E-002   259.30632904837222     
   7.1580120251565765E-002   258.35534583792275     
   7.2212032367576159E-002   257.39163451766575     
   7.2849523028592572E-002   256.41509816297292     
   7.3492641482229670E-002   255.42564179064067     
   7.4141437410862002E-002   254.42317247922668     
   7.4795960935462036E-002   253.40759949257310     
   7.5456262619472178E-002   252.37883440652692     
   7.6122393472710909E-002   251.33679123886535     
   7.6794404955313339E-002   250.28138658242923     
   7.7472348981706740E-002   249.21253974146288     
   7.8156277924620945E-002   248.13017287115358     
   7.8846244619134323E-002   247.03421112035801     
   7.9542302366755371E-002   245.92458277749890     
   8.0244504939540440E-002   244.80121941960684     
   8.0952906584247669E-002   243.66405606447813     
   8.1667562026527737E-002   242.51303132591039     
   8.2388526475151491E-002   241.34808757197351     
   8.3115855626275006E-002   240.16917108626305     
   8.3849605667742189E-002   238.97623223207756     
   8.4589833283425481E-002   237.76922561945230     
   8.5336595657604708E-002   236.54811027497288     
   8.6089950479384864E-002   235.31284981428371     
   8.6849955947152530E-002   234.06341261719794     
   8.7616670773071989E-002   232.79977200530215     
   8.8390154187620820E-002   231.52190642194392     
   8.9170465944165556E-002   230.22979961447533     
   8.9957666323577851E-002   228.92344081861663     
   9.0751816138891189E-002   227.60282494479230     
   9.1552976739998973E-002   226.26795276628019     
   9.2361210018393841E-002   224.91883110900102     
   9.3176578411948971E-002   223.55547304276411     
   9.3999144909741553E-002   222.17789807377108     
   9.4828973056918800E-002   220.78613233816594     
   9.5666126959607009E-002   219.38020879640652     
   9.6510671289863834E-002   217.96016742821726     
   9.7362671290674482E-002   216.52605542786756     
   9.8222192780991729E-002   215.07792739950870     
   9.9089302160820680E-002   213.61584555228083     
   9.9964066416348266E-002   212.13987989489181     
  0.10084655312511814        210.65010842934910     
  0.10173683046125119        209.14661734351188     
  0.10263496720071207        207.62950120211326     
  0.10354103272662238        206.09886313588564     
  0.10445509703462065        204.55481502840479     
  0.10537723073826964        202.99747770025161     
  0.10630750507451145        201.42698109007293     
  0.10724599190917068        199.84346443210526     
  0.10819276374250626        198.24707642970824     
  0.10914789371481226        196.63797542443592     
  0.11011145561206814        195.01632956015928     
  0.11108352387163890        193.38231694173336     
  0.11206417358802552        191.73612578768666     
  0.11305348051866615        190.07795457639492     
  0.11405152108978864        188.40801218518223     
  0.11505837240231453        186.72651802178024     
  0.11607411223781539        185.03370214755699     
  0.11709881906452151        183.32980539191527     
  0.11813257204338383        181.61507945724514     
  0.11917545103418925        179.88978701380086     
  0.12022753660173002        178.15420178386285     
  0.12128891002202757        176.40860861453106     
  0.12235965328861123        174.65330353848853     
  0.12343984911885240        172.88859382206249     
  0.12452958096035473        171.11479799990522     
  0.12562893299740055        169.33224589560879     
  0.12673799015745441        167.54127862756451     
  0.12785683811772375        165.74224859937524     
  0.12898556331177791        163.93551947412698     
  0.13012425293622507        162.12146613182836     
  0.13127299495744849        160.30047460933019     
  0.13243187811840218        158.47294202204159     
  0.13360099194546646        156.63927646676939     
  0.13478042675536395        154.79989690501728     
  0.13597027366213693        152.95523302609442     
  0.13717062458418605        151.10572508940123     
  0.13838157225137110        149.25182374527873     
  0.13960321021217478        147.39398983382972     
  0.14083563284092956        145.53269416114975     
  0.14207893534510813        143.66841725243123     
  0.14333321377267846        141.80164908144059     
  0.14459856501952384        139.93288877590390     
  0.14587508683692821        138.06264429837853     
  0.14716287783912768        136.19143210223217     
  0.14846203751092865        134.31977676240098     
  0.14977266621539345        132.44821058065020     
  0.15109486520159335        130.57727316512077     
  0.15242873661243039        128.70751098400385     
  0.15377438349252828        126.83947689325427     
  0.15513190979619260        124.97372963832353     
  0.15650142039544168        123.11083332996679     
  0.15788302108810817        121.25135689425977     
  0.15927681860601212        119.39587349704288     
  0.16068292062320627        117.54495994309983     
  0.16210143576429417        115.69919605046780     
  0.16353247361282161        113.85916400037468     
  0.16497614471974223        112.02544766339639     
  0.16643256061195788        110.19863190253321     
  0.16790183380093424        108.37930185400916     
  0.16938407779139261        106.56804218670923     
  0.17087940709007851        104.76543634128396     
  0.17238793721460746        102.97206575006344     
  0.17390978470238902        101.18850903904368     
  0.17544506711962962        99.415341213325846     
  0.17699390307041474        97.653132827510888     
  0.17855641220587148        95.902449142672793     
  0.18013271523341168        94.163849271656744     
  0.18172293392605701        92.437885314568661     
  0.18332719113184617        90.725101486444117     
  0.18494561078332517        89.026033239202874     
  0.18657831790712143        87.341206380112624     
  0.18822543863360230        85.671136189097510     
  0.18988710020661900        84.016326537337477     
  0.19156343099333650        82.377269009708911     
  0.19325456049415007        80.754442033715776     
  0.19496061935268971        79.148310017653174     
  0.19668173936591235        77.559322500830604     
  0.19841805349428374        75.987913318758274     
  0.20016969587204977        74.434499786268390     
  0.20193680181759888        72.899481901599486     
  0.20371950784391540        71.383241574518934     
  0.20551795166912576        69.886141881592366     
  0.20733227222713735        68.408526351729250     
  0.20916260967837155        66.950718285141988     
  0.21100910542059159        65.513020108846916     
  0.21287190209982554        64.095712771813083     
  0.21475114362138631        62.699055182823948     
  0.21664697516098858        61.323283694060535     
  0.21855954317596382        59.968611633339911     
  0.22048899541657480        58.635228887848591     
  0.22243548093742924        57.323301542099614     
  0.22439915010899480        56.032971572709542     
  0.22638015462921568        54.764356602440827     
  0.22837864753523138        53.517549715785506     
  0.23039478321519932        52.292619338174006     
  0.23242871742022164        51.089609180685045     
  0.23448060727637732        49.908538251901987     
  0.23655061129686056        48.749400938314544     
  0.23863888939422626        47.612167154397945     
  0.24074560289274369        46.496782563218929     
  0.24287091454085902        45.403168868118350     
  0.24501498852376818        44.331224175705195     
  0.24717799047610042        43.280823430068835     
  0.24936008749471403        42.251818917774955     
  0.25156144815160497        41.244040842860052     
  0.25378224250692938        40.257297970679090     
  0.25602264212214099        39.291378339094621     
  0.25828282007324516        38.346050035125494     
  0.26056295096416865        37.421062034801011     
  0.26286321094024873        36.516145103594269     
  0.26518377770184065        35.631012754441230     
  0.26752483051804532        34.765362259990390     
  0.26988655024055830        33.918875715374632     
  0.27226911931764120        33.091221147457631     
  0.27467272180821584        32.282053666182179     
  0.27709754339608345        31.491016653339951     
  0.27954377140426945        30.717742983798100     
  0.28201159480949384        29.961856273956592     
  0.28450120425677095        29.222972151974872     
  0.28701279207413655        28.500699544104410     
  0.28954655228750598        27.794641971289803     
  0.29210268063566291        27.104398850065873     
  0.29468137458538074        26.429566791677722     
  0.29728283334667727        25.769740893290546     
  0.29990725788820427        25.124516015136127     
  0.30255485095277246        24.493488037465003     
  0.30522581707301438        23.876255091238942     
  0.30792036258718436        23.272418756607138     
  0.31063869565509922        22.681585223362202     
  0.31338102627421860        22.103366407768917     
  0.31614756629586821        21.537381020397483     
  0.31893852944160533        20.983255579874687     
  0.32175413131972985        20.440625367787437     
  0.32459458944193992        19.909135320333121     
  0.32746012324013568        19.388440852706090     
  0.33035095408337062        18.878208612638524     
  0.33326730529495308        18.378117159970820     
  0.33620940216969819        17.887857569611061     
  0.33917747199133269        17.407133955747582     
  0.34217174405005285        16.935663915702236     
  0.34519244966023804        16.473178892346819     
  0.34823982217831978        16.019424454549032     
  0.35131409702080951        15.574160495660582     
  0.35441551168248497        15.137161350604430     
  0.35754430575473689        14.708215832655297     
  0.36070072094407851        14.287127191532038     
  0.36388500109081734        13.873712994928191     
  0.36709739218789306        13.467804936091845     
  0.37033814239988044        13.069248570524888     
  0.37360750208216104        12.677902985298626     
  0.37690572380026338        12.293640404875724     
  0.38023306234937454        11.916345737681945     
  0.38358977477402356        11.545916067984180     
  0.38697612038793855        11.182260097899208     
  0.39039236079407957        10.825297544580426     
  0.39383875990484768        10.474958497804655     
  0.39731558396247335        10.131182743307873     
  0.40082310155958345        9.7939190572973214     
  0.40436158365995156        9.4631244775973506     
  0.40793130361942981        9.1387635568702574     
  0.41153253720706673        8.8208076032905165     
  0.41516556262641069        8.5092339139458648     
  0.41883066053700213        8.2040250060918698     
  0.42252811407605478        7.9051678512027994     
  0.42625820888032878        7.6126531165430542     
  0.43002123310819701        7.3264744187343291     
  0.43381747746190563        7.0466275935183713     
  0.43764723521003190        6.7731099856167694     
  0.44151080221013922        6.5059197622736784     
  0.44540847693163349        6.2450552537371014     
  0.44934056047882026        5.9905143235954830     
  0.45330735661416549        5.7422937715416458     
  0.45730917178176256        5.5003887707903214     
  0.46134631513100471        5.2647923420326199     
  0.46541909854046892        5.0354948654729892     
  0.46952783664200792        4.8124836321669200     
  0.47367284684505706        4.5957424355608509     
  0.47785444936115473        4.3852512038345441     
  0.48207296722867926        4.1809856733604738     
  0.48632872633780450        3.9829171033272530     
  0.49062205545567544        3.7910120313256312     
  0.49495328625180673        3.6052320694665583     
  0.49932275332370407        3.4255337403921300     
  0.50373079422271350        3.2518683523512326     
  0.50817774948009731        3.0841819123426690     
  0.51266396263334135        2.9224150761782686     
  0.51718978025269369        2.7665031341866473     
  0.52175555196793855        2.6163760311631727     
  0.52636163049540530        2.4719584190729327     
  0.53100837166521708        2.3331697409287733     
  0.53569613444877917        2.1999243441955425     
  0.54042528098651088        2.0721316220121064     
  0.54519617661582109        1.9496961804741373     
  0.55000918989933167        1.8325180301810293     
  0.55486469265335003        1.7204928002191233     
  0.55976305997659237        1.6135119727292540     
  0.56470467027916116        1.5114631361887279     
  0.56968990531177832        1.4142302555256356     
  0.57471915019527575        1.3216939571760908     
  0.57979279345034762        1.2337318271923439     
  0.58491122702756371        1.1502187205115890     
  0.59007484633764895        1.0710270795013213     
  0.59528405028203002       0.99602725990763263     
  0.60053924128365066       0.92508786234791895     
  0.60584082531806027       0.85807606750927101     
  0.61118921194477649       0.79485797323886231     
  0.61658481433892431       0.73529893174316463     
  0.62202804932315525       0.67926388514920166     
  0.62751933739984733       0.62661769772380549     
  0.63305910278359001       0.57722548309619759     
  0.63864777343395629       0.53095292488558665     
  0.64428578108856260       0.48766658919909606     
  0.64997356129642236       0.44723422753627967     
  0.65571155345159260       0.40952506871500138     
  0.66150020082711847       0.37441009851929813     
  0.66733995060927687       0.34176232586302413     
  0.67323125393212291       0.31145703436318029     
  0.67917456591234093       0.28337201832354580     
  0.68517034568440283       0.25738780224196617     
  0.69121905643603820       0.23338784307276036     
  0.69732116544401568       0.21125871459848475     
  0.70347714411024209       0.19089027339175452     
  0.70968746799817828       0.17217580597714402     
  0.71595261686957834       0.15501215693419901     
  0.72227307472155200       0.13929983781430180     
  0.72864932982395425       0.12494311687529984     
  0.73508187475710596       0.11185008976729943     
  0.74157120644984620        9.9932731429658625E-002
  0.74811782621792133        8.9106929581748581E-002
  0.75472223980271291        7.9292500307392016E-002
  0.76138495741030721        7.0413186343878831E-002
  0.76810649375091011        6.2396638790058197E-002
  0.77488736807860914        5.5174383043252527E-002
  0.78172810423148753        4.8681769860738335E-002
  0.78862923067209156        4.2857912517544401E-002
  0.79559128052825601        3.7645611097669708E-002
  0.80261479163428862        3.2991265010023661E-002
  0.80970030657251979        2.8844774863066556E-002
  0.81684837271521815        2.5159434863065818E-002
  0.82405954226687617        2.1891816920005802E-002
  0.83133437230686924        1.9001647652595023E-002
  0.83867342483249152        1.6451679479727803E-002
  0.84607726680237105        1.4207556970570429E-002
  0.85354647018026952        1.2237679599670367E-002
  0.86108161197926647        1.0513062017788810E-002
  0.86868327430633618        9.0071929042941454E-003
  0.87635204440731607        7.6958934138134137E-003
  0.88408851471227246        6.5571761693688840E-003
  0.89189328288126823        5.5711056874745320E-003
  0.89976695185053235        4.7196610487132409E-003
  0.90771012987903876        3.9866015512812509E-003
  0.91572343059549521        3.3573360060127374E-003
  0.92380747304574840        2.8187962506101868E-003
  0.93196288174060560        2.3593153793191142E-003
  0.94019028670408022        1.9685111031615445E-003
  0.94849032352206242        1.6371745760946027E-003
  0.95686363339141933        1.3571649450225629E-003
  0.96531086316952985        1.1213098073148955E-003
  0.97383266542425473        9.2331168912316046E-004
  0.98242969848434947        7.5766059199369501E-004
  0.99110262649032188        6.1955259457928717E-004
  0.99985211944573849        5.0481444108202043E-004
   1.0086788532689832        4.0983399871777820E-004
   1.0175835098454744        3.3149642317115710E-004
   1.0265667770803413        2.6712583378766380E-004
   1.0356293489515669        2.1443226910287065E-004
   1.0447719255635997        1.7146366811301571E-004
   1.0539952132014363        1.3656260323769874E-004
   1.0632999243851866        1.0832747692485880E-004
   1.0726867779251150        8.5577884947647900E-005
   1.0821564989771721        6.7323845234940502E-005
   1.0917098190990127        5.2738591114496465E-005
   1.1013474763065119        4.1134631653985786E-005
   1.1110702151307781        3.1942788868044578E-005
   1.1208787866756693        2.4693931422223429E-005
   1.1307739486758182        1.9003136616131047E-005
   1.1407564655551681        1.4556026392487734E-005
   1.1508271084860273        1.1097038444029126E-005
   1.1609866554486439        8.4194097544649574E-006
   1.1712358912913052        6.3566667270033752E-006
   1.1815756077909714        4.7754330780887555E-006
   1.1920066037144394        3.5693836011020706E-006
   1.2025296848800520        2.6541884745291011E-006
   1.2131456642199476        1.9633087848289022E-006
   1.2238553618428609        1.4445191817481288E-006
   1.2346596050974796        1.0570479494791871E-006
   1.2455592286363577        7.6923816495519316E-007
   1.2565550744803948        5.5664596320827351E-007
   1.2676479920838841        4.0050320820959365E-007
   1.2788388384001352        2.8648207166092091E-007
   1.2901284779476745        2.0370816997540356E-007
   1.3015177828770321        1.4397703768187825E-007
   1.3130076330381175        1.0113587463671826E-007
   1.3245989160481897        7.0598756368406681E-008
   1.3362925273604276        4.8968910593327367E-008
   1.3480893703331067        3.3746311747800317E-008
   1.3599903562993834        2.3102804349766363E-008
   1.3719964046377007        1.5710309772996814E-008
   1.3841084428428096        1.0610472034982979E-008
   1.3963274065974212        7.1164253559956100E-009
   1.4086542398444912        4.7392838726105699E-009
   1.4210898948601400        3.1335210878202635E-009
   1.4336353323272193        2.0566769060107474E-009
   1.4462915214095271        1.3398511812606139E-009
   1.4590594398266770        8.6625666089741505E-010
   1.4719400739296300        5.5574762018995967E-010
   1.4849344187768923        3.5374480345364908E-010
   1.4980434782113856        2.2336922296623379E-010
   1.5112682649379963        1.3989935289005199E-010
   1.5246098006018096        8.6896921543338579E-011
   1.5380691158670334        5.3521155632121815E-011
   1.5516472504966199        3.2682399733908553E-011
   1.5653452534325896        1.9783519823964564E-011
   1.5791641828770642        1.1869351429871830E-011
   1.5931051063740156        7.0569274542878778E-012
   1.6071691008917355        4.1571890617234719E-012
   1.6213572529060341        2.4260980078439320E-012
   1.6356706584841734        1.4023908606097487E-012
   1.6501104233695392        8.0280193927684957E-013
   1.6646776630670643        4.5504201658949623E-013
   1.6793735029294024        2.5534193332159317E-013
   1.6941990782438652        1.4182173719903009E-013
   1.7091555343201248        7.7953309667528938E-014
   1.7242440265786925        4.2395240240350052E-014
   1.7394657206401769        2.2809128212876692E-014
   1.7548217924153315        1.2137412911142021E-014
   1.7703134281958968        6.3868211800341866E-015
   1.7859418247462417        3.3227556905534683E-015
   1.8017081893958200        1.7087534063681913E-015
   1.8176137401324357        8.6843727520452547E-016
   1.8336597056963386        4.3609867420674284E-016
   1.8498473256751440        2.1633454837398948E-016
   1.8661778505995967        1.0599068975721876E-016
   1.8826525420401761        5.1276045813938327E-017
   1.8992726727045541        2.4488876317430385E-017
   1.9160395265359176        1.1543341233291625E-017
   1.9329543988121534        5.3691015697403463E-018
   1.9500185962459131        2.4636351350150450E-018
   1.9672334370855582        1.1149394809510995E-018
   1.9846002512169987        4.9753075750011861E-019
