   3.4787173769606630E-006   470.90874893977457     
   3.5094276307427419E-006   470.90874893709781     
   3.5404089958526930E-006   470.90874893437365     
   3.5716638656719776E-006   470.90874893160105     
   3.6031946547109249E-006   470.90874892877935     
   3.6350037987952546E-006   470.90874892590762     
   3.6670937552542512E-006   470.90874892298507     
   3.6994670031105998E-006   470.90874892001057     
   3.7321260432718950E-006   470.90874891698331     
   3.7650733987238409E-006   470.90874891390234     
   3.7983116147251607E-006   470.90874891076680     
   3.8318432590042197E-006   470.90874890757573     
   3.8656709219573920E-006   470.90874890432792     
   3.8997972168491696E-006   470.90874890102259     
   3.9342247800140506E-006   470.90874889765860     
   3.9689562710601951E-006   470.90874889423492     
   4.0039943730748878E-006   470.90874889075070     
   4.0393417928318147E-006   470.90874888720452     
   4.0750012610001662E-006   470.90874888359554     
   4.1109755323555885E-006   470.90874887992254     
   4.1472673859929943E-006   470.90874887618440     
   4.1838796255412566E-006   470.90874887237987     
   4.2208150793797914E-006   470.90874886850798     
   4.2580766008570624E-006   470.90874886456743     
   4.2956670685110063E-006   470.90874886055695     
   4.3335893862914036E-006   470.90874885647543     
   4.3718464837842174E-006   470.90874885232148     
   4.4104413164379140E-006   470.90874884809381     
   4.4493768657917712E-006   470.90874884379116     
   4.4886561397062156E-006   470.90874883941223     
   4.5282821725951826E-006   470.90874883495576     
   4.5682580256605329E-006   470.90874883042011     
   4.6085867871285388E-006   470.90874882580414     
   4.6492715724884546E-006   470.90874882110620     
   4.6903155247331957E-006   470.90874881632504     
   4.7317218146021435E-006   470.90874881145896     
   4.7734936408260917E-006   470.90874880650671     
   4.8156342303743538E-006   470.90874880146657     
   4.8581468387040572E-006   470.90874879633714     
   4.9010347500116317E-006   470.90874879111664     
   4.9443012774865210E-006   470.90874878580360     
   4.9879497635671380E-006   470.90874878039642     
   5.0319835801990710E-006   470.90874877489324     
   5.0764061290955791E-006   470.90874876929252     
   5.1212208420003771E-006   470.90874876359237     
   5.1664311809527505E-006   470.90874875779133     
   5.2120406385550027E-006   470.90874875188723     
   5.2580527382422666E-006   470.90874874587848     
   5.3044710345547011E-006   470.90874873976321     
   5.3512991134120828E-006   470.90874873353943     
   5.3985405923908328E-006   470.90874872720536     
   5.4461991210034747E-006   470.90874872075892     
   5.4942783809805761E-006   470.90874871419811     
   5.5427820865551633E-006   470.90874870752111     
   5.5917139847496615E-006   470.90874870072554     
   5.6410778556653528E-006   470.90874869380946     
   5.6908775127744072E-006   470.90874868677088     
   5.7411168032144722E-006   470.90874867960730     
   5.7917996080858794E-006   470.90874867231679     
   5.8429298427514682E-006   470.90874866489685     
   5.8945114571390544E-006   470.90874865734554     
   5.9465484360465704E-006   470.90874864966020     
   5.9990447994499025E-006   470.90874864183860     
   6.0520046028134424E-006   470.90874863387813     
   6.1054319374033801E-006   470.90874862577675     
   6.1593309306037666E-006   470.90874861753156     
   6.2137057462353572E-006   470.90874860914016     
   6.2685605848772862E-006   470.90874860059989     
   6.3238996841915597E-006   470.90874859190825     
   6.3797273192504361E-006   470.90874858306239     
   6.4360478028666751E-006   470.90874857405976     
   6.4928654859267211E-006   470.90874856489745     
   6.5501847577268128E-006   470.90874855557257     
   6.6080100463120684E-006   470.90874854608245     
   6.6663458188185642E-006   470.90874853642390     
   6.7251965818184276E-006   470.90874852659420     
   6.7845668816679827E-006   470.90874851659015     
   6.8444613048589656E-006   470.90874850640864     
   6.9048844783728431E-006   470.90874849604666     
   6.9658410700382566E-006   470.90874848550078     
   7.0273357888916185E-006   470.90874847476800     
   7.0893733855409040E-006   470.90874846384480     
   7.1519586525326412E-006   470.90874845272793     
   7.2150964247221434E-006   470.90874844141388     
   7.2787915796470262E-006   470.90874842989916     
   7.3430490379039880E-006   470.90874841818027     
   7.4078737635289539E-006   470.90874840625361     
   7.4732707643805561E-006   470.90874839411543     
   7.5392450925269937E-006   470.90874838176194     
   7.6058018446363246E-006   470.90874836918937     
   7.6729461623701968E-006   470.90874835639397     
   7.7406832327810410E-006   470.90874834337154     
   7.8090182887127998E-006   470.90874833011810     
   7.8779566092051618E-006   470.90874831662978     
   7.9475035199013874E-006   470.90874830290215     
   8.0176643934597291E-006   470.90874828893118     
   8.0884446499684678E-006   470.90874827471237     
   8.1598497573646453E-006   470.90874826024134     
   8.2318852318564674E-006   470.90874824551378     
   8.3045566383494330E-006   470.90874823052502     
   8.3778695908762589E-006   470.90874821527035     
   8.4518297530305524E-006   470.90874819974533     
   8.5264428384043532E-006   470.90874818394491     
   8.6017146110295165E-006   470.90874816786430     
   8.6776508858229937E-006   470.90874815149846     
   8.7542575290360563E-006   470.90874813484243     
   8.8315404587074683E-006   470.90874811789104     
   8.9095056451206760E-006   470.90874810063895     
   8.9881591112650207E-006   470.90874808308098     
   9.0675069333010292E-006   470.90874806521168     
   9.1475552410298190E-006   470.90874804702543     
   9.2283102183666253E-006   470.90874802851664     
   9.3097781038185312E-006   470.90874800967970     
   9.3919651909664106E-006   470.90874799050863     
   9.4748778289511131E-006   470.90874797099752     
   9.5585224229639509E-006   470.90874795114058     
   9.6429054347415211E-006   470.90874793093133     
   9.7280333830648848E-006   470.90874791036379     
   9.8139128442631602E-006   470.90874788943148     
   9.9005504527215526E-006   470.90874786812793     
   9.9879529013938839E-006   470.90874784644660     
   1.0076126942319637E-005   470.90874782438078     
   1.0165079387145561E-005   470.90874780192371     
   1.0254817107651893E-005   470.90874777906828     
   1.0345347036283216E-005   470.90874775580755     
   1.0436676166684006E-005   470.90874773213432     
   1.0528811554238907E-005   470.90874770804129     
   1.0621760316617776E-005   470.90874768352091     
   1.0715529634325541E-005   470.90874765856586     
   1.0810126751256905E-005   470.90874763316810     
   1.0905558975255968E-005   470.90874760731998     
   1.1001833678680755E-005   470.90874758101347     
   1.1098958298972759E-005   470.90874755424045     
   1.1196940339231507E-005   470.90874752699267     
   1.1295787368794173E-005   470.90874749926161     
   1.1395507023820346E-005   470.90874747103879     
   1.1496107007881925E-005   470.90874744231553     
   1.1597595092558252E-005   470.90874741308284     
   1.1699979118036468E-005   470.90874738333167     
   1.1803266993717202E-005   470.90874735305295     
   1.1907466698825579E-005   470.90874732223733     
   1.2012586283027637E-005   470.90874729087511     
   1.2118633867052186E-005   470.90874725895685     
   1.2225617643318147E-005   470.90874722647243     
   1.2333545876567436E-005   470.90874719341201     
   1.2442426904503432E-005   470.90874715976520     
   1.2552269138435099E-005   470.90874712552181     
   1.2663081063926756E-005   470.90874709067100     
   1.2774871241453622E-005   470.90874705520224     
   1.2887648307063126E-005   470.90874701910445     
   1.3001420973042068E-005   470.90874698236661     
   1.3116198028589653E-005   470.90874694497711     
   1.3231988340496484E-005   470.90874690692465     
   1.3348800853829541E-005   470.90874686819728     
   1.3466644592623206E-005   470.90874682878319     
   1.3585528660576390E-005   470.90874678867010     
   1.3705462241755821E-005   470.90874674784567     
   1.3826454601305521E-005   470.90874670629728     
   1.3948515086162576E-005   470.90874666401203     
   1.4071653125779200E-005   470.90874662097690     
   1.4195878232851167E-005   470.90874657717848     
   1.4321200004052725E-005   470.90874653260352     
   1.4447628120777927E-005   470.90874648723798     
   1.4575172349888550E-005   470.90874644106793     
   1.4703842544468624E-005   470.90874639407912     
   1.4833648644585584E-005   470.90874634625698     
   1.4964600678058169E-005   470.90874629758673     
   1.5096708761231097E-005   470.90874624805338     
   1.5229983099756580E-005   470.90874619764168     
   1.5364433989382724E-005   470.90874614633594     
   1.5500071816748912E-005   470.90874609412032     
   1.5636907060188174E-005   470.90874604097871     
   1.5774950290536689E-005   470.90874598689470     
   1.5914212171950386E-005   470.90874593185151     
   1.6054703462728782E-005   470.90874587583227     
   1.6196435016146090E-005   470.90874581881951     
   1.6339417781289653E-005   470.90874576079574     
   1.6483662803905779E-005   470.90874570174293     
   1.6629181227253076E-005   470.90874564164289     
   1.6775984292963261E-005   470.90874558047705     
   1.6924083341909626E-005   470.90874551822657     
   1.7073489815083137E-005   470.90874545487196     
   1.7224215254476275E-005   470.90874539039396     
   1.7376271303974686E-005   470.90874532477244     
   1.7529669710256701E-005   470.90874525798722     
   1.7684422323700783E-005   470.90874519001761     
   1.7840541099301005E-005   470.90874512084270     
   1.7998038097590593E-005   470.90874505044087     
   1.8156925485573642E-005   470.90874497879071     
   1.8317215537665035E-005   470.90874490586987     
   1.8478920636638672E-005   470.90874483165578     
   1.8642053274584063E-005   470.90874475612566     
   1.8806626053871382E-005   470.90874467925602     
   1.8972651688125021E-005   470.90874460102316     
   1.9140143003205743E-005   470.90874452140298     
   1.9309112938201520E-005   470.90874444037081     
   1.9479574546427102E-005   470.90874435790164     
   1.9651540996432408E-005   470.90874427396977     
   1.9825025573019838E-005   470.90874418854969     
   2.0000041678270554E-005   470.90874410161462     
   2.0176602832579812E-005   470.90874401313795     
   2.0354722675701445E-005   470.90874392309212     
   2.0534414967801580E-005   470.90874383144950     
   2.0715693590521619E-005   470.90874373818161     
   2.0898572548050649E-005   470.90874364325981     
   2.1083065968207294E-005   470.90874354665453     
   2.1269188103531103E-005   470.90874344833617     
   2.1456953332383609E-005   470.90874334827424     
   2.1646376160059091E-005   470.90874324643772     
   2.1837471219905128E-005   470.90874314279523     
   2.2030253274453077E-005   470.90874303731482     
   2.2224737216558493E-005   470.90874292996386     
   2.2420938070551652E-005   470.90874282070899     
   2.2618870993398203E-005   470.90874270951679     
   2.2818551275870087E-005   470.90874259635245     
   2.3019994343726780E-005   470.90874248118143     
   2.3223215758906971E-005   470.90874236396792     
   2.3428231220730754E-005   470.90874224467575     
   2.3635056567112434E-005   470.90874212326804     
   2.3843707775784055E-005   470.90874199970733     
   2.4054200965529700E-005   470.90874187395531     
   2.4266552397430713E-005   470.90874174597320     
   2.4480778476121910E-005   470.90874161572162     
   2.4696895751058860E-005   470.90874148315993     
   2.4914920917796379E-005   470.90874134824753     
   2.5134870819278304E-005   470.90874121094259     
   2.5356762447138627E-005   470.90874107120260     
   2.5580612943014170E-005   470.90874092898457     
   2.5806439599868788E-005   470.90874078424429     
   2.6034259863329306E-005   470.90874063693735     
   2.6264091333033223E-005   470.90874048701789     
   2.6495951763988341E-005   470.90874033443993     
   2.6729859067944352E-005   470.90874017915610     
   2.6965831314776593E-005   470.90874002111843     
   2.7203886733881963E-005   470.90873986027810     
   2.7444043715587204E-005   470.90873969658543     
   2.7686320812569570E-005   470.90873952998993     
   2.7930736741290091E-005   470.90873936043994     
   2.8177310383439455E-005   470.90873918788321     
   2.8426060787396626E-005   470.90873901226627     
   2.8677007169700462E-005   470.90873883353504     
   2.8930168916534124E-005   470.90873865163417     
   2.9185565585222807E-005   470.90873846650732     
   2.9443216905744501E-005   470.90873827809753     
   2.9703142782254255E-005   470.90873808634649     
   2.9965363294621754E-005   470.90873789119496     
   3.0229898699982574E-005   470.90873769258252     
   3.0496769434303083E-005   470.90873749044795     
   3.0765996113959154E-005   470.90873728472877     
   3.1037599537328841E-005   470.90873707536127     
   3.1311600686399092E-005   470.90873686228088     
   3.1588020728386682E-005   470.90873664542170     
   3.1866881017373384E-005   470.90873642471678     
   3.2148203095955666E-005   470.90873620009791     
   3.2432008696908852E-005   470.90873597149550     
   3.2718319744866083E-005   470.90873573883914     
   3.3007158358012031E-005   470.90873550205686     
   3.3298546849791563E-005   470.90873526107544     
   3.3592507730633503E-005   470.90873501582053     
   3.3889063709689651E-005   470.90873476621618     
   3.4188237696589068E-005   470.90873451218533     
   3.4490052803207936E-005   470.90873425364958     
   3.4794532345454976E-005   470.90873399052896     
   3.5101699845072683E-005   470.90873372274206     
   3.5411579031454407E-005   470.90873345020628     
   3.5724193843477523E-005   470.90873317283734     
   3.6039568431352747E-005   470.90873289054957     
   3.6357727158489825E-005   470.90873260325566     
   3.6678694603379626E-005   470.90873231086692     
   3.7002495561492892E-005   470.90873201329288     
   3.7329155047195787E-005   470.90873171044183     
   3.7658698295682255E-005   470.90873140221976     
   3.7991150764923545E-005   470.90873108853185     
   3.8326538137634855E-005   470.90873076928096     
   3.8664886323259416E-005   470.90873044436847     
   3.9006221459970051E-005   470.90873011369393     
   3.9350569916688381E-005   470.90872977715526     
   3.9697958295121922E-005   470.90872943464842     
   4.0048413431819087E-005   470.90872908606752     
   4.0401962400242420E-005   470.90872873130490     
   4.0758632512860046E-005   470.90872837025097     
   4.1118451323255625E-005   470.90872800279402     
   4.1481446628256946E-005   470.90872762882060     
   4.1847646470083284E-005   470.90872724821509     
   4.2217079138511729E-005   470.90872686085999     
   4.2589773173062631E-005   470.90872646663553     
   4.2965757365204351E-005   470.90872606541978     
   4.3345060760577463E-005   470.90872565708901     
   4.3727712661238612E-005   470.90872524151678     
   4.4113742627924130E-005   470.90872481857497     
   4.4503180482333699E-005   470.90872438813250     
   4.4896056309434144E-005   470.90872395005664     
   4.5292400459783565E-005   470.90872350421193     
   4.5692243551875962E-005   470.90872305046059     
   4.6095616474506607E-005   470.90872258866250     
   4.6502550389158304E-005   470.90872211867480     
   4.6913076732408604E-005   470.90872164035238     
   4.7327227218358443E-005   470.90872115354739     
   4.7745033841082061E-005   470.90872065810930     
   4.8166528877098650E-005   470.90872015388516     
   4.8591744887865788E-005   470.90871964071908     
   4.9020714722294865E-005   470.90871911845255     
   4.9453471519288772E-005   470.90871858692412     
   4.9890048710301944E-005   470.90871804596958     
   5.0330480021922962E-005   470.90871749542168     
   5.0774799478480121E-005   470.90871693511042     
   5.1223041404669780E-005   470.90871636486270     
   5.1675240428208080E-005   470.90871578450202     
   5.2131431482506008E-005   470.90871519384928     
   5.2591649809368069E-005   470.90871459272182     
   5.3055930961714801E-005   470.90871398093412     
   5.3524310806329334E-005   470.90871335829678     
   5.3996825526628159E-005   470.90871272461777     
   5.4473511625456402E-005   470.90871207970099     
   5.4954405927907718E-005   470.90871142334720     
   5.5439545584169160E-005   470.90871075535375     
   5.5928968072391087E-005   470.90871007551402     
   5.6422711201582458E-005   470.90870938361797     
   5.6920813114531595E-005   470.90870867945193     
   5.7423312290752918E-005   470.90870796279813     
   5.7930247549459490E-005   470.90870723343522     
   5.8441658052561896E-005   470.90870649113771     
   5.8957583307693628E-005   470.90870573567634     
   5.9478063171263131E-005   470.90870496681760     
   6.0003137851532755E-005   470.90870418432388     
   6.0532847911724993E-005   470.90870338795355     
   6.1067234273156067E-005   470.90870257746025     
   6.1606338218397170E-005   470.90870175259363     
   6.2150201394463666E-005   470.90870091309887     
   6.2698865816032424E-005   470.90870005871653     
   6.3252373868687498E-005   470.90869918918253     
   6.3810768312194560E-005   470.90869830422821     
   6.4374092283804192E-005   470.90869740358005     
   6.4942389301584299E-005   470.90869648695980     
   6.5515703267782007E-005   470.90869555408426     
   6.6094078472215211E-005   470.90869460466507     
   6.6677559595694041E-005   470.90869363840886     
   6.7266191713472601E-005   470.90869265501703     
   6.7860020298731111E-005   470.90869165418576     
   6.8459091226088766E-005   470.90869063560575     
   6.9063450775147772E-005   470.90868959896216     
   6.9673145634068439E-005   470.90868854393477     
   7.0288222903175994E-005   470.90868747019749     
   7.0908730098599205E-005   470.90868637741863     
   7.1534715155941082E-005   470.90868526526026     
   7.2166226433982011E-005   470.90868413337898     
   7.2803312718415644E-005   470.90868298142493     
   7.3446023225617584E-005   470.90868180904204     
   7.4094407606447563E-005   470.90868061586809     
   7.4748515950085088E-005   470.90867940153441     
   7.5408398787898856E-005   470.90867816566572     
   7.6074107097350509E-005   470.90867690788008     
   7.6745692305932713E-005   470.90867562778891     
   7.7423206295142068E-005   470.90867432499658     
   7.8106701404487063E-005   470.90867299910053     
   7.8796230435531411E-005   470.90867164969103     
   7.9491846655973142E-005   470.90867027635107     
   8.0193603803759564E-005   470.90866887865627     
   8.0901556091238775E-005   470.90866745617484     
   8.1615758209347517E-005   470.90866600846692     
   8.2336265331836356E-005   470.90866453508551     
   8.3063133119531851E-005   470.90866303557505     
   8.3796417724636533E-005   470.90866150947238     
   8.4536175795066809E-005   470.90865995630560     
   8.5282464478829070E-005   470.90865837559500     
   8.6035341428434623E-005   470.90865676685212     
   8.6794864805353356E-005   470.90865512957976     
   8.7561093284506907E-005   470.90865346327200     
   8.8334086058801454E-005   470.90865176741391     
   8.9113902843700462E-005   470.90865004148156     
   8.9900603881837849E-005   470.90864828494131     
   9.0694249947671904E-005   470.90864649725069     
   9.1494902352180175E-005   470.90864467785713     
   9.2302622947595985E-005   470.90864282619845     
   9.3117474132186552E-005   470.90864094170234     
   9.3939518855073485E-005   470.90863902378663     
   9.4768820621095705E-005   470.90863707185861     
   9.5605443495715362E-005   470.90863508531504     
   9.6449452109966988E-005   470.90863306354214     
   9.7300911665450441E-005   470.90863100591508     
   9.8159887939367914E-005   470.90862891179808     
   9.9026447289605253E-005   470.90862678054390     
   9.9900656659858395E-005   470.90862461149413     
   1.0078258358480481E-004   470.90862240397831     
   1.0167229619532078E-004   470.90862015731449     
   1.0256986322374461E-004   470.90861787080831     
   1.0347535400918646E-004   470.90861554375311     
   1.0438883850288481E-004   470.90861317543005     
   1.0531038727361044E-004   470.90861076510697     
   1.0624007151311804E-004   470.90860831203929     
   1.0717796304164591E-004   470.90860581546889     
   1.0812413431346418E-004   470.90860327462423     
   1.0907865842247220E-004   470.90860068872041     
   1.1004160910784505E-004   470.90859805695794     
   1.1101306075973028E-004   470.90859537852384     
   1.1199308842499444E-004   470.90859265259041     
   1.1298176781302085E-004   470.90858987831518     
   1.1397917530155828E-004   470.90858705484095     
   1.1498538794262114E-004   470.90858418129528     
   1.1600048346844217E-004   470.90858125679006     
   1.1702454029747729E-004   470.90857828042175     
   1.1805763754046359E-004   470.90857525127041     
   1.1909985500653091E-004   470.90857216840010     
   1.2015127320936721E-004   470.90856903085808     
   1.2121197337343843E-004   470.90856583767504     
   1.2228203744026327E-004   470.90856258786391     
   1.2336154807474352E-004   470.90855928042066     
   1.2445058867154973E-004   470.90855591432319     
   1.2554924336156414E-004   470.90855248853148     
   1.2665759701837952E-004   470.90854900198656     
   1.2777573526485619E-004   470.90854545361140     
   1.2890374447973636E-004   470.90854184230921     
   1.3004171180431724E-004   470.90853816696415     
   1.3118972514918279E-004   470.90853442644055     
   1.3234787320099507E-004   470.90853061958256     
   1.3351624542934552E-004   470.90852674521375     
   1.3469493209366661E-004   470.90852280213670     
   1.3588402425020459E-004   470.90851878913321     
   1.3708361375905394E-004   470.90851470496312     
   1.3829379329125357E-004   470.90851054836435     
   1.3951465633594602E-004   470.90850631805233     
   1.4074629720759965E-004   470.90850201272008     
   1.4198881105329460E-004   470.90849763103699     
   1.4324229386007323E-004   470.90849317164913     
   1.4450684246235530E-004   470.90848863317842     
   1.4578255454941860E-004   470.90848401422261     
   1.4706952867294567E-004   470.90847931335406     
   1.4836786425463728E-004   470.90847452912038     
   1.4967766159389276E-004   470.90846966004312     
   1.5099902187555857E-004   470.90846470461759     
   1.5233204717774498E-004   470.90845966131252     
   1.5367684047971176E-004   470.90845452856945     
   1.5503350566982367E-004   470.90844930480239     
   1.5640214755357606E-004   470.90844398839693     
   1.5778287186169130E-004   470.90843857771040     
   1.5917578525828671E-004   470.90843307107070     
   1.6058099534911464E-004   470.90842746677635     
   1.6199861068987530E-004   470.90842176309536     
   1.6342874079460285E-004   470.90841595826532     
   1.6487149614412562E-004   470.90841005049248     
   1.6632698819460108E-004   470.90840403795119     
   1.6779532938612603E-004   470.90839791878335     
   1.6927663315142289E-004   470.90839169109836     
   1.7077101392460256E-004   470.90838535297161     
   1.7227858715000482E-004   470.90837890244438     
   1.7379946929111658E-004   470.90837233752370     
   1.7533377783956900E-004   470.90836565618059     
   1.7688163132421406E-004   470.90835885635056     
   1.7844314932028094E-004   470.90835193593244     
   1.8001845245861378E-004   470.90834489278757     
   1.8160766243499057E-004   470.90833772473968     
   1.8321090201952426E-004   470.90833042957360     
   1.8482829506614740E-004   470.90832300503507     
   1.8645996652217971E-004   470.90831544882985     
   1.8810604243798090E-004   470.90830775862281     
   1.8976664997668815E-004   470.90829993203783     
   1.9144191742403988E-004   470.90829196665607     
   1.9313197419828601E-004   470.90828386001635     
   1.9483695086018583E-004   470.90827560961350     
   1.9655697912309415E-004   470.90826721289812     
   1.9829219186313655E-004   470.90825866727539     
   2.0004272312947415E-004   470.90824997010463     
   2.0180870815465941E-004   470.90824111869830     
   2.0359028336508302E-004   470.90823211032125     
   2.0538758639151333E-004   470.90822294218970     
   2.0720075607972836E-004   470.90821361147056     
   2.0902993250124222E-004   470.90820411528057     
   2.1087525696412588E-004   470.90819445068519     
   2.1273687202392341E-004   470.90818461469792     
   2.1461492149466493E-004   470.90817460427940     
   2.1650955045997641E-004   470.90816441633621     
   2.1842090528428781E-004   470.90815404772019     
   2.2034913362413999E-004   470.90814349522719     
   2.2229438443959168E-004   470.90813275559634     
   2.2425680800572661E-004   470.90812182550906     
   2.2623655592426316E-004   470.90811070158782     
   2.2823378113526543E-004   470.90809938039502     
   2.3024863792895853E-004   470.90808785843234     
   2.3228128195764767E-004   470.90807613213934     
   2.3433187024774279E-004   470.90806419789237     
   2.3640056121188914E-004   470.90805205200377     
   2.3848751466120494E-004   470.90803969071999     
   2.4059289181762740E-004   470.90802711022150     
   2.4271685532636721E-004   470.90801430662054     
   2.4485956926847345E-004   470.90800127596083     
   2.4702119917350906E-004   470.90798801421556     
   2.4920191203233860E-004   470.90797451728690     
   2.5140187631002850E-004   470.90796078100379     
   2.5362126195886128E-004   470.90794680112162     
   2.5586024043146505E-004   470.90793257332069     
   2.5811898469405849E-004   470.90791809320410     
   2.6039766923981276E-004   470.90790335629737     
   2.6269647010233155E-004   470.90788835804676     
   2.6501556486925040E-004   470.90787309381744     
   2.6735513269595502E-004   470.90785755889260     
   2.6971535431942240E-004   470.90784174847175     
   2.7209641207218225E-004   470.90782565766926     
   2.7449848989640331E-004   470.90780928151287     
   2.7692177335810299E-004   470.90779261494220     
   2.7936644966148260E-004   470.90777565280683     
   2.8183270766338967E-004   470.90775838986553     
   2.8432073788790737E-004   470.90774082078360     
   2.8683073254107296E-004   470.90772294013209     
   2.8936288552572619E-004   470.90770474238565     
   2.9191739245648858E-004   470.90768622192081     
   2.9449445067487536E-004   470.90766737301465     
   2.9709425926454042E-004   470.90764818984263     
   2.9971701906665582E-004   470.90762866647663     
   3.0236293269542749E-004   470.90760879688401     
   3.0503220455374759E-004   470.90758857492466     
   3.0772504084898496E-004   470.90756799434973     
   3.1044164960891517E-004   470.90754704879964     
   3.1318224069779130E-004   470.90752573180180     
   3.1594702583255622E-004   470.90750403676913     
   3.1873621859919828E-004   470.90748195699757     
   3.2155003446925144E-004   470.90745948566422     
   3.2438869081644062E-004   470.90743661582502     
   3.2725240693347486E-004   470.90741334041314     
   3.3014140404898746E-004   470.90738965223591     
   3.3305590534462719E-004   470.90736554397347     
   3.3599613597229888E-004   470.90734100817622     
   3.3896232307155741E-004   470.90731603726215     
   3.4195469578715451E-004   470.90729062351505     
   3.4497348528674069E-004   470.90726475908167     
   3.4801892477872383E-004   470.90723843596965     
   3.5109124953028461E-004   470.90721164604474     
   3.5419069688555165E-004   470.90718438102863     
   3.5731750628393687E-004   470.90715663249614     
   3.6047191927863277E-004   470.90712839187245     
   3.6365417955527292E-004   470.90709965043112     
   3.6686453295075731E-004   470.90707039929055     
   3.7010322747224351E-004   470.90704062941177     
   3.7337051331630638E-004   470.90701033159564     
   3.7666664288826568E-004   470.90697949647978     
   3.7999187082168547E-004   470.90694811453568     
   3.8334645399804468E-004   470.90691617606609     
   3.8673065156658238E-004   470.90688367120163     
   3.9014472496431691E-004   470.90685058989783     
   3.9358893793624327E-004   470.90681692193226     
   3.9706355655570735E-004   470.90678265690116     
   4.0056884924496121E-004   470.90674778421635     
   4.0410508679589895E-004   470.90671229310152     
   4.0767254239097630E-004   470.90667617258975     
   4.1127149162431428E-004   470.90663941151928     
   4.1490221252298980E-004   470.90660199853073     
   4.1856498556851364E-004   470.90656392206290     
   4.2226009371849844E-004   470.90652517034982     
   4.2598782242851782E-004   470.90648573141675     
   4.2974845967415825E-004   470.90644559307668     
   4.3354229597326622E-004   470.90640474292644     
   4.3736962440839088E-004   470.90636316834298     
   4.4123074064942610E-004   470.90632085647923     
   4.4512594297645082E-004   470.90627779426052     
   4.4905553230277235E-004   470.90623396837992     
   4.5301981219817258E-004   470.90618936529512     
   4.5701908891235932E-004   470.90614397122317     
   4.6105367139862480E-004   470.90609777213695     
   4.6512387133771320E-004   470.90605075376027     
   4.6923000316189832E-004   470.90600290156431     
   4.7337238407927474E-004   470.90595420076193     
   4.7755133409826229E-004   470.90590463630440     
   4.8176717605232796E-004   470.90585419287584     
   4.8602023562492499E-004   470.90580285488852     
   4.9031084137465331E-004   470.90575060647888     
   4.9463932476064075E-004   470.90569743150138     
   4.9900602016814957E-004   470.90564331352459     
   5.0341126493440823E-004   470.90558823582569     
   5.0785539937467144E-004   470.90553218138513     
   5.1233876680851045E-004   470.90547513288146     
   5.1686171358633496E-004   470.90541707268636     
   5.2142458911615000E-004   470.90535798285879     
   5.2602774589054831E-004   470.90529784513933     
   5.3067153951394050E-004   470.90523664094513     
   5.3535632873002732E-004   470.90517435136348     
   5.4008247544951320E-004   470.90511095714646     
   5.4485034477806411E-004   470.90504643870474     
   5.4966030504451340E-004   470.90498077610175     
   5.5451272782931576E-004   470.90491394904711     
   5.5940798799325279E-004   470.90484593689087     
   5.6434646370639183E-004   470.90477671861674     
   5.6932853647730032E-004   470.90470627283571     
   5.7435459118251853E-004   470.90463457777969     
   5.7942501609629167E-004   470.90456161129441     
   5.8454020292056570E-004   470.90448735083260     
   5.8970054681524637E-004   470.90441177344752     
   5.9490644642872664E-004   470.90433485578518     
   6.0015830392868349E-004   470.90425657407752     
   6.0545652503314542E-004   470.90417690413494     
   6.1080151904183632E-004   470.90409582133918     
   6.1619369886779351E-004   470.90401330063514     
   6.2163348106926712E-004   470.90392931652343     
   6.2712128588189998E-004   470.90384384305258     
   6.3265753725119146E-004   470.90375685381065     
   6.3824266286524882E-004   470.90366832191773     
   6.4387709418782611E-004   470.90357822001704     
   6.4956126649165719E-004   470.90348652026654     
   6.5529561889208013E-004   470.90339319433082     
   6.6108059438096066E-004   470.90329821337156     
   6.6691663986091407E-004   470.90320154803953     
   6.7280420617982966E-004   470.90310316846444     
   6.7874374816569931E-004   470.90300304424699     
   6.8473572466175477E-004   470.90290114444815     
   6.9078059856191357E-004   470.90279743758077     
   6.9687883684653874E-004   470.90269189159903     
   7.0303091061851483E-004   470.90258447388896     
   7.0923729513964074E-004   470.90247515125822     
   7.1549846986734551E-004   470.90236388992582     
   7.2181491849172700E-004   470.90225065551186     
   7.2818712897291843E-004   470.90213541302666     
   7.3461559357878409E-004   470.90201812686007     
   7.4110080892294855E-004   470.90189876077056     
   7.4764327600316085E-004   470.90177727787386     
   7.5424350023999790E-004   470.90165364063159     
   7.6090199151590912E-004   470.90152781083992     
   7.6761926421460667E-004   470.90139974961716     
   7.7439583726080213E-004   470.90126941739265     
   7.8123223416029454E-004   470.90113677389354     
   7.8812898304041331E-004   470.90100177813315     
   7.9508661669081622E-004   470.90086438839785     
   8.0210567260464917E-004   470.90072456223442     
   8.0918669302006889E-004   470.90058225643656     
   8.1633022496213159E-004   470.90043742703233     
   8.2353682028505259E-004   470.90029002926946     
   8.3080703571483748E-004   470.90014001760238     
   8.3814143289229106E-004   470.89998734567797     
   8.4554057841640547E-004   470.89983196632096     
   8.5300504388813076E-004   470.89967383151964     
   8.6053540595453263E-004   470.89951289241088     
   8.6813224635333994E-004   470.89934909926501     
   8.7579615195788505E-004   470.89918240147085     
   8.8352771482244098E-004   470.89901274751929     
   8.9132753222795943E-004   470.89884008498814     
   8.9919620672821170E-004   470.89866436052574     
   9.0713434619633720E-004   470.89848551983391     
   9.1514256387180382E-004   470.89830350765214     
   9.2322147840778149E-004   470.89811826773973     
   9.3137171391893434E-004   470.89792974285865     
   9.3959390002963520E-004   470.89773787475627     
   9.4788867192260634E-004   470.89754260414662     
   9.5625667038798726E-004   470.89734387069268     
   9.6469854187283843E-004   470.89714161298735     
   9.7321493853108035E-004   470.89693576853483     
   9.8180651827387412E-004   470.89672627373096     
   9.9047394482044602E-004   470.89651306384394     
   9.9921788774936203E-004   470.89629607299389     
   1.0080390225502541E-003   470.89607523413292     
   1.0169380306760030E-003   470.89585047902426     
   1.0259155995953825E-003   470.89562173822117     
   1.0349724228461675E-003   470.89538894104538     
   1.0441092000887122E-003   470.89515201556526     
   1.0533266371599993E-003   470.89491088857403     
   1.0626254461281682E-003   470.89466548556646     
   1.0720063453475244E-003   470.89441573071656     
   1.0814700595140325E-003   470.89416154685341     
   1.0910173197213027E-003   470.89390285543823     
   1.1006488635170674E-003   470.89363957653916     
   1.1103654349601600E-003   470.89337162880707     
   1.1201677846779941E-003   470.89309892945056     
   1.1300566699245515E-003   470.89282139421027     
   1.1400328546388829E-003   470.89253893733257     
   1.1500971095041220E-003   470.89225147154320     
   1.1602502120070237E-003   470.89195890802085     
   1.1704929464980266E-003   470.89166115636885     
   1.1808261042518461E-003   470.89135812458795     
   1.1912504835286015E-003   470.89104971904754     
   1.2017668896354839E-003   470.89073584445663     
   1.2123761349889684E-003   470.89041640383499     
   1.2230790391775737E-003   470.89009129848250     
   1.2338764290251794E-003   470.88976042794911     
   1.2447691386548978E-003   470.88942369000387     
   1.2557580095535134E-003   470.88908098060267     
   1.2668438906364890E-003   470.88873219385709     
   1.2780276383135461E-003   470.88837722200094     
   1.2893101165548258E-003   470.88801595535756     
   1.3006921969576303E-003   470.88764828230512     
   1.3121747588137585E-003   470.88727408924314     
   1.3237586891774306E-003   470.88689326055658     
   1.3354448829338171E-003   470.88650567858093     
   1.3472342428681695E-003   470.88611122356485     
   1.3591276797355637E-003   470.88570977363429     
   1.3711261123312561E-003   470.88530120475394     
   1.3832304675616650E-003   470.88488539068936     
   1.3954416805159742E-003   470.88446220296805     
   1.4077606945383716E-003   470.88403151083986     
   1.4201884613009249E-003   470.88359318123594     
   1.4327259408771003E-003   470.88314707872837     
   1.4453741018159304E-003   470.88269306548830     
   1.4581339212168364E-003   470.88223100124276     
   1.4710063848051118E-003   470.88176074323201     
   1.4839924870080716E-003   470.88128214616535     
   1.4970932310318741E-003   470.88079506217582     
   1.5103096289390218E-003   470.88029934077497     
   1.5236427017265438E-003   470.87979482880621     
   1.5370934794048719E-003   470.87928137039773     
   1.5506630010774099E-003   470.87875880691388     
   1.5643523150208076E-003   470.87822697690683     
   1.5781624787659420E-003   470.87768571606631     
   1.5920945591796148E-003   470.87713485716876     
   1.6061496325469691E-003   470.87657423002634     
   1.6203287846546361E-003   470.87600366143351     
   1.6346331108746139E-003   470.87542297511419     
   1.6490637162488878E-003   470.87483199166718     
   1.6636217155747968E-003   470.87423052851062     
   1.6783082334911549E-003   470.87361839982583     
   1.6931244045651319E-003   470.87299541649963     
   1.7080713733799008E-003   470.87236138606653     
   1.7231502946230604E-003   470.87171611264881     
   1.7383623331758366E-003   470.87105939689582     
   1.7537086642030726E-003   470.87039103592326     
   1.7691904732440131E-003   470.86971082325005     
   1.7848089563038902E-003   470.86901854873440     
   1.8005653199463165E-003   470.86831399850917     
   1.8164607813864961E-003   470.86759695491622     
   1.8324965685852569E-003   470.86686719643842     
   1.8486739203439127E-003   470.86612449763214     
   1.8649940863999649E-003   470.86536862905672     
   1.8814583275236457E-003   470.86459935720467     
   1.8980679156153171E-003   470.86381644442861     
   1.9148241338037277E-003   470.86301964886889     
   1.9317282765451359E-003   470.86220872437792     
   1.9487816497233130E-003   470.86138342044512     
   1.9659855707504213E-003   470.86054348211923     
   1.9833413686687913E-003   470.85968864992924     
   2.0008503842535896E-003   470.85881865980497     
   2.0185139701164008E-003   470.85793324299516     
   2.0363334908097162E-003   470.85703212598480     
   2.0543103229323503E-003   470.85611503041031     
   2.0724458552357867E-003   470.85518167297425     
   2.0907414887314617E-003   470.85423176535721     
   2.1091986367989951E-003   470.85326501412936     
   2.1278187252953781E-003   470.85228112065982     
   2.1466031926651225E-003   470.85127978102412     
   2.1655534900513855E-003   470.85026068591117     
   2.1846710814080739E-003   470.84922352052689     
   2.2039574436129358E-003   470.84816796449792     
   2.2234140665816546E-003   470.84709369177244     
   2.2430424533829486E-003   470.84600037051928     
   2.2628441203546850E-003   470.84488766302627     
   2.2828205972210210E-003   470.84375522559520     
   2.3029734272105805E-003   470.84260270843629     
   2.3233041671756687E-003   470.84142975556040     
   2.3438143877125444E-003   470.84023600466918     
   2.3645056732827532E-003   470.83902108704251     
   2.3853796223355277E-003   470.83778462742600     
   2.4064378474312740E-003   470.83652624391459     
   2.4276819753661456E-003   470.83524554783457     
   2.4491136472977156E-003   470.83394214362414     
   2.4707345188717611E-003   470.83261562871127     
   2.4925462603501637E-003   470.83126559338939     
   2.5145505567399449E-003   470.82989162069123     
   2.5367491079234332E-003   470.82849328626025     
   2.5591436287895849E-003   470.82707015821944     
   2.5817358493664642E-003   470.82562179703871     
   2.6045275149548905E-003   470.82414775539900     
   2.6275203862632674E-003   470.82264757805410     
   2.6507162395436024E-003   470.82112080169111     
   2.6741168667287242E-003   470.81956695478652     
   2.6977240755707158E-003   470.81798555746207     
   2.7215396897805671E-003   470.81637612133557     
   2.7455655491690593E-003   470.81473814937112     
   2.7698035097888955E-003   470.81307113572586     
   2.7942554440780871E-003   470.81137456559367     
   2.8189232410045983E-003   470.80964791504675     
   2.8438088062122807E-003   470.80789065087430     
   2.8689140621680816E-003   470.80610223041759     
   2.8942409483105635E-003   470.80428210140337     
   2.9197914211997284E-003   470.80242970177358     
   2.9455674546681682E-003   470.80054445951134     
   2.9715710399735445E-003   470.79862579246605     
   2.9978041859524207E-003   470.79667310817285     
   3.0242689191754494E-003   470.79468580367063     
   3.0509672841039265E-003   470.79266326531615     
   3.0779013432477346E-003   470.79060486859487     
   3.1050731773246730E-003   470.78850997792870     
   3.1324848854212013E-003   470.78637794648046     
   3.1601385851545956E-003   470.78420811595379     
   3.1880364128365410E-003   470.78199981639136     
   3.2161805236381653E-003   470.77975236596802     
   3.2445730917565335E-003   470.77746507078086     
   3.2732163105826063E-003   470.77513722463567     
   3.3021123928706872E-003   470.77276810882927     
   3.3312635709093603E-003   470.77035699192811     
   3.3606720966939422E-003   470.76790312954364     
   3.3903402421004516E-003   470.76540576410264     
   3.4202702990611200E-003   470.76286412461383     
   3.4504645797414448E-003   470.76027742643100     
   3.4809254167188120E-003   470.75764487101122     
   3.5116551631626928E-003   470.75496564566913     
   3.5426561930164305E-003   470.75223892332684     
   3.5739309011806335E-003   470.74946386225912     
   3.6054817036981881E-003   470.74663960583484     
   3.6373110379409003E-003   470.74376528225304     
   3.6694213627977922E-003   470.74084000427456     
   3.7018151588650533E-003   470.73786286894943     
   3.7344949286376751E-003   470.73483295733917     
   3.7674631967027712E-003   470.73174933423348     
   3.8007225099346126E-003   470.72861104786330     
   3.8342754376913739E-003   470.72541712960742     
   3.8681245720136258E-003   470.72216659369531     
   3.9022725278245744E-003   470.71885843690325     
   3.9367219431320722E-003   470.71549163824642     
   3.9714754792324067E-003   470.71206515866453     
   4.0065358209158955E-003   470.70857794070304     
   4.0419056766742888E-003   470.70502890818722     
   4.0775877789100108E-003   470.70141696589201     
   4.1135848841472398E-003   470.69774099920517     
   4.1498997732448582E-003   470.69399987378478     
   4.1865352516112803E-003   470.69019243521075     
   4.2234941494211772E-003   470.68631750862988     
   4.2607793218341116E-003   470.68237389839527     
   4.2983936492151072E-003   470.67836038769866     
   4.3363400373571661E-003   470.67427573819703     
   4.3746214177057411E-003   470.67011868963169     
   4.4132407475852026E-003   470.66588795944205     
   4.4522010104272982E-003   470.66158224237142     
   4.4915052160016261E-003   470.65720021006581     
   4.5311564006481507E-003   470.65274051066706     
   4.5711576275117632E-003   470.64820176839714     
   4.6115119867789203E-003   470.64358258313621     
   4.6522225959163633E-003   470.63888152999289     
   4.6932925999119569E-003   470.63409715886712     
   4.7347251715176373E-003   470.62922799400496     
   4.7765235114945225E-003   470.62427253354645     
   4.8186908488601762E-003   470.61922924906429     
   4.8612304411380551E-003   470.61409658509569     
   4.9041455746091592E-003   470.60887295866496     
   4.9474395645659084E-003   470.60355675879828     
   4.9911157555682555E-003   470.59814634603009     
   5.0351775217020566E-003   470.59264005190028     
   5.0796282668397344E-003   470.58703617844304     
   5.1244714249032274E-003   470.58133299766632     
   5.1697104601292759E-003   470.57552875102260     
   5.2153488673370345E-003   470.56962164887017     
   5.2613901721980617E-003   470.56360986992519     
   5.3078379315086811E-003   470.55749156070351     
   5.3546957334647538E-003   470.55126483495337     
   5.4019671979388794E-003   470.54492777307814     
   5.4496559767600299E-003   470.53847842154846     
   5.4977657539956679E-003   470.53191479230429     
   5.5463002462363513E-003   470.52523486214733     
   5.5952632028828430E-003   470.51843657212123     
   5.6446584064357656E-003   470.51151782688243     
   5.6944896727878025E-003   470.50447649405862     
   5.7447608515184909E-003   470.49731040359757     
   5.7954758261916052E-003   470.49001734710339     
   5.8466385146551756E-003   470.48259507716159     
   5.8982528693441467E-003   470.47504130665197     
   5.9503228775857168E-003   470.46735370805050     
   6.0028525619073621E-003   470.45952991271787     
   6.0558459803475920E-003   470.45156751017623     
   6.1093072267694387E-003   470.44346404737337     
   6.1632404311767197E-003   470.43521702793345     
   6.2176497600330847E-003   470.42682391139567     
   6.2725394165838921E-003   470.41828211243876     
   6.3279136411809149E-003   470.40958900009213     
   6.3837767116099150E-003   470.40074189693405     
   6.4401329434211211E-003   470.39173807827433     
   6.4969866902626038E-003   470.38257477132481     
   6.5543423442166121E-003   470.37324915435312     
   6.6122043361388702E-003   470.36375835582390     
   6.6705771360008707E-003   470.35409945352330     
   6.7294652532351885E-003   470.34426947366967     
   6.7888732370838490E-003   470.33426539000760     
   6.8488056769497631E-003   470.32408412288703     
   6.9092672027512743E-003   470.31372253832626     
   6.9702624852798220E-003   470.30317744705803     
   7.0317962365607795E-003   470.29244560356005     
   7.0938732102174672E-003   470.28152370506820     
   7.1564982018383749E-003   470.27040839057202     
   7.2196760493476383E-003   470.25909623979419     
   7.2834116333787783E-003   470.24758377215090     
   7.3477098776517378E-003   470.23586744569525     
   7.4125757493532568E-003   470.22394365604185     
   7.4780142595205898E-003   470.21180873527271     
   7.5440304634286307E-003   470.19945895082441     
   7.6106294609804368E-003   470.18689050435648     
   7.6778163971012083E-003   470.17409953059939     
   7.7455964621357494E-003   470.16108209618267     
   7.8139748922494319E-003   470.14783419844417     
   7.8829569698327037E-003   470.13435176421666     
   7.9525480239091579E-003   470.12063064859512     
   8.0227534305472199E-003   470.10666663368221     
   8.0935786132754605E-003   470.09245542731225     
   8.1650290435015746E-003   470.07799266175272     
   8.2371102409350520E-003   470.06327389238425     
   8.3098277740136055E-003   470.04829459635732     
   8.3831872603333281E-003   470.03305017122602     
   8.4571943670826728E-003   470.01753593355824     
   8.5318548114802547E-003   470.00174711752231     
   8.6071743612165224E-003   469.98567887344905     
   8.6831588348993214E-003   469.96932626636885     
   8.7598141025033924E-003   469.95268427452504     
   8.8371460858238521E-003   469.93574778785990     
   8.9151607589336487E-003   469.91851160647610     
   8.9938641486450848E-003   469.90097043907139     
   9.0732623349754002E-003   469.88311890134645     
   9.1533614516164652E-003   469.86495151438572     
   9.2341676864086224E-003   469.84646270301050     
   9.3156872818187103E-003   469.82764679410354     
   9.3979265354223150E-003   469.80849801490609     
   9.4808918003902662E-003   469.78901049128501     
   9.5645894859794304E-003   469.76917824597035     
   9.6490260580278479E-003   469.74899519676387     
   9.7342080394542414E-003   469.72845515471613     
   9.8201420107618988E-003   469.70755182227276     
   9.9068346105470641E-003   469.68627879139007     
   9.9942925360117646E-003   469.66462954161778     
   1.0082522543481187E-002   469.64259743814955     
   1.0171531448925632E-002   469.62017572984075     
   1.0261326128487045E-002   469.59735754719236     
   1.0351913519010226E-002   469.57413590030120     
   1.0443300618578715E-002   469.55050367677489     
   1.0535494487055408E-002   469.52645363961250     
   1.0628502246627944E-002   469.50197842504849     
   1.0722331082358920E-002   469.47707054036152     
   1.0816988242740948E-002   469.45172236164524     
   1.0912481040256616E-002   469.42592613154238     
   1.1008816851943392E-002   469.39967395694055     
   1.1106003119963530E-002   469.37295780662936     
   1.1204047352178975E-002   469.34576950891847     
   1.1302957122731380E-002   469.31810074921532     
   1.1402740072627215E-002   469.28994306756329     
   1.1503403910328055E-002   469.26128785613753     
   1.1604956412346079E-002   469.23212635669995     
   1.1707405423844817E-002   469.20244965801174     
   1.1810758859245221E-002   469.17224869320233     
   1.1915024702837049E-002   469.14151423709495     
   1.2020211009395692E-002   469.11023690348787     
   1.2126325904804412E-002   469.07840714239052     
   1.2233377586682088E-002   469.04601523721351     
   1.2341374325016504E-002   469.01305130191298     
   1.2450324462803213E-002   468.97950527808695     
   1.2560236416690070E-002   468.94536693202406     
   1.2671118677627425E-002   468.91062585170437     
   1.2782979811524068E-002   468.87527144374957     
   1.2895828459908974E-002   468.83929293032429     
   1.3009673340598870E-002   468.80267934598629     
   1.3124523248371718E-002   468.76541953448424     
   1.3240387055646121E-002   468.72750214550501     
   1.3357273713166744E-002   468.68891563136577     
   1.3475192250695779E-002   468.64964824365347     
   1.3594151777710509E-002   468.60968802980989     
   1.3714161484107049E-002   468.56902282966030     
   1.3835230640910268E-002   468.52764027188607     
   1.3957368600990016E-002   468.48552777044131     
   1.4080584799783641E-002   468.44267252090992     
   1.4204888756024901E-002   468.39906149680553     
   1.4330290072479318E-002   468.35468144581023     
   1.4456798436685998E-002   468.30951888595507     
   1.4584423621706024E-002   468.26356010173720     
   1.4713175486877450E-002   468.21679114017593     
   1.4843063978576950E-002   468.16919780680615     
   1.4974099130988209E-002   468.12076566160704     
   1.5106291066877072E-002   468.07148001486723     
   1.5239649998373560E-002   468.02132592298278     
   1.5374186227760786E-002   467.97028818419039     
   1.5509910148270816E-002   467.91835133423223     
   1.5646832244887582E-002   467.86549964195257     
   1.5784963095156868E-002   467.81171710482556     
   1.5924313370003440E-002   467.75698744441297     
   1.6064893834555415E-002   467.70129410175002     
   1.6206715348975879E-002   467.64462023266088     
   1.6349788869301871E-002   467.58694870299968     
   1.6494125448290747E-002   467.52826208381879     
   1.6639736236274051E-002   467.46854264646169     
   1.6786632482018882E-002   467.40777235758094     
   1.6934825533596903E-002   467.34593287407870     
   1.7084326839260994E-002   467.28300553797021     
   1.7235147948329671E-002   467.21897137116844     
   1.7387300512079280E-002   467.15381107018970     
   1.7540796284644094E-002   467.08750500077821     
   1.7695647123924348E-002   467.02003319245000     
   1.7851864992502284E-002   466.95137533295383     
   1.8009461958566297E-002   466.88151076264921     
   1.8168450196843208E-002   466.81041846880026     
   1.8328841989538824E-002   466.73807707978358     
   1.8490649727286739E-002   466.66446485921142     
   1.8653885910105542E-002   466.58955969996634     
   1.8818563148364487E-002   466.51333911814856     
   1.8984694163757660E-002   466.43578024693375     
   1.9152291790286761E-002   466.35685983034239     
   1.9321368975252561E-002   466.27655421691583     
   1.9491938780255121E-002   466.19483935330288     
   1.9664014382202805E-002   466.11169077775230     
   1.9837609074330253E-002   466.02708361351205     
   2.0012736267225304E-002   465.94099256213428     
   2.0189409489864984E-002   465.85339189668480     
   2.0367642390660672E-002   465.76425545485540     
   2.0547448738512452E-002   465.67355663198077     
   2.0728842423872799E-002   465.58126837395577     
   2.0911837459819647E-002   465.48736317005421     
   2.1096447983138943E-002   465.39181304564892     
   2.1282688255416734E-002   465.29458955482977     
   2.1470572664140892E-002   465.19566377292182     
   2.1660115723812618E-002   465.09500628890021     
   2.1851332077067694E-002   464.99258719770319     
   2.2044236495807661E-002   464.88837609244086     
   2.2238843882341000E-002   464.78234205650045     
   2.2435169270534339E-002   464.67445365554573     
   2.2633227826973887E-002   464.56467892941157     
   2.2833034852137068E-002   464.45298538389193     
   2.3034605781574520E-002   464.33933998242134     
   2.3237956187102532E-002   464.22370913764883     
   2.3443101778005997E-002   464.10605870290368     
   2.3650058402251994E-002   463.98635396355360     
   2.3858842047714077E-002   463.86455962825357     
   2.4069468843407375E-002   463.74063982008499     
   2.4281955060734606E-002   463.61455806758681     
   2.4496317114743062E-002   463.48627729567477     
   2.4712571565392718E-002   463.35575981645206     
   2.4930735118835527E-002   463.22296731990929     
   2.5150824628706013E-002   463.08786086451295     
   2.5372857097423249E-002   462.95040086768466     
   2.5596849677504325E-002   462.81054709616865     
   2.5822819672889429E-002   462.66825865628948     
   2.6050784540278610E-002   462.52349398409820     
   2.6280761890480366E-002   462.37621083540927     
   2.6512769489772086E-002   462.22636627572592     
   2.6746825261272568E-002   462.07391667005720     
   2.6982947286326598E-002   461.91881767262413     
   2.7221153805901788E-002   461.76102421645771     
   2.7461463221997738E-002   461.60049050288802     
   2.7703894099067605E-002   461.43716999092578     
   2.7948465165452289E-002   461.27101538653670     
   2.8195195314827209E-002   461.10197863180940     
   2.8444103607661891E-002   460.93001089401861     
   2.8695209272692437E-002   460.75506255458305     
   2.8948531708406996E-002   460.57708319792175     
   2.9204090484544327E-002   460.39602160020718     
   2.9461905343605609E-002   460.21182571801882     
   2.9721996202379607E-002   460.02444267689748     
   2.9984383153481259E-002   459.83381875980274     
   3.0249086466903930E-002   459.63989939547508     
   3.0516126591585247E-002   459.44262914670389     
   3.0785524156986901E-002   459.24195169850532     
   3.1057299974688250E-002   459.03780984621034     
   3.1331475039994117E-002   458.83014548346603     
   3.1608070533556673E-002   458.61889959015389     
   3.1887107823011747E-002   458.40401222022581     
   3.2168608464629482E-002   458.18542248946233     
   3.2452594204979632E-002   457.96306856315556     
   3.2739086982611514E-002   457.73688764372105     
   3.3028108929748813E-002   457.50681595824028     
   3.3319682373999390E-002   457.27278874593958     
   3.3613829840080059E-002   457.03474024560876     
   3.3910574051556751E-002   456.79260368296258     
   3.4209937932599924E-002   456.54631125795140     
   3.4511944609755520E-002   456.29579413202435     
   3.4816617413731515E-002   456.04098241535064     
   3.5123979881200321E-002   455.78180515400402     
   3.5434055756616997E-002   455.51819031711540     
   3.5746868994053604E-002   455.25006478400064     
   3.6062443759049677E-002   454.97735433126877     
   3.6380804430479086E-002   454.69998361991691     
   3.6701975602433365E-002   454.41787618241869     
   3.7025982086121664E-002   454.13095440981385     
   3.7352848911787438E-002   453.83913953880574     
   3.7682601330642128E-002   453.54235163887421     
   3.8015264816815872E-002   453.24050959941354     
   3.8350865069325425E-002   452.93353111690101     
   3.8689428014059446E-002   452.62133268210829     
   3.9030979805781407E-002   452.30382956736224     
   3.9375546830150022E-002   451.98093581386644     
   3.9723155705757664E-002   451.65256421909248     
   4.0073833286186647E-002   451.31862632425242     
   4.0427606662083816E-002   450.97903240186275     
   4.0784503163253272E-002   450.63369144341107     
   4.1144550360767716E-002   450.28251114713862     
   4.1507776069098376E-002   449.92539790595032     
   4.1874208348263692E-002   449.56225679546401     
   4.2243875505997092E-002   449.19299156221530     
   4.2616806099933749E-002   448.81750461202921     
   4.2993028939816783E-002   448.43569699857477     
   4.3372573089722859E-002   448.04746841211681     
   4.3755467870307450E-002   447.65271716848179     
   4.4141742861069921E-002   447.25134019825288     
   4.4531427902638636E-002   446.84323303621147     
   4.4924553099076184E-002   446.42828981104367     
   4.5321148820205007E-002   446.00640323532889     
   4.5721245703953549E-002   445.57746459583007     
   4.6124874658723065E-002   445.14136374410492     
   4.6532066865775414E-002   444.69798908745918     
   4.6942853781641841E-002   444.24722758026218     
   4.7357267140553098E-002   443.78896471564678     
   4.7775338956890977E-002   443.32308451761708     
   4.8197101527661483E-002   442.84946953358599     
   4.8622587434989858E-002   442.36800082736829     
   4.9051829548637634E-002   441.87855797265354     
   4.9484861028541889E-002   441.38101904698402     
   4.9921715327376937E-002   440.87526062626671     
   5.0362426193138583E-002   440.36115777984475     
   5.0807027671751312E-002   439.83858406615798     
   5.1255554109698336E-002   439.30741152902203     
   5.1708040156674982E-002   438.76751069455696     
   5.2164520768265457E-002   438.21875056879566     
   5.2625031208643223E-002   437.66099863600590     
   5.3089607053295268E-002   437.09412085775818     
   5.3558284191770368E-002   436.51798167277548     
   5.4031098830451652E-002   435.93244399759857     
   5.4508087495353616E-002   435.33736922810539     
   5.4989287034943872E-002   434.73261724192122     
   5.5474734622989699E-002   434.11804640175797     
   5.5964467761429930E-002   433.49351355972397     
   5.6458524283271916E-002   432.85887406264510     
   5.6956942355514337E-002   432.21398175843768     
   5.7459760482095605E-002   431.55868900357950     
   5.7967017506868439E-002   430.89284667172160     
   5.8478752616600599E-002   430.21630416348694     
   5.8995005344002170E-002   429.52890941750434     
   5.9515815570779576E-002   428.83050892272399     
   6.0041223530716503E-002   428.12094773206621     
   6.0571269812782054E-002   427.40006947745326     
   6.1105995364266349E-002   426.66771638627563     
   6.1645441493943812E-002   425.92372929934800     
   6.2189649875264319E-002   425.16794769040814     
   6.2738662549572638E-002   424.40020968721552     
   6.3292521929356152E-002   423.62035209430627     
   6.3851270801521379E-002   422.82821041746394     
   6.4414952330699285E-002   422.02361888996529     
   6.4983610062579938E-002   421.20641050066246     
   6.5557287927276470E-002   420.37641702396411     
   6.6136030242718732E-002   419.53346905178000     
   6.6719881718077051E-002   418.67739602749185     
   6.7308887457216054E-002   417.80802628202031     
   6.7903092962179057E-002   416.92518707205198     
   6.8502544136703203E-002   416.02870462049805     
   6.9107287289765618E-002   415.11840415925320     
   6.9717369139160906E-002   414.19410997432624     
   7.0332836815110239E-002   413.25564545341547     
   7.0953737863902161E-002   412.30283313600080     
   7.1580120251565765E-002   411.33549476602946     
   7.2212032367576159E-002   410.35345134726856     
   7.2849523028592572E-002   409.35652320140321     
   7.3492641482229670E-002   408.34453002895623     
   7.4141437410862002E-002   407.31729097310870     
   7.4795960935462036E-002   406.27462468650134     
   7.5456262619472178E-002   405.21634940109470     
   7.6122393472710909E-002   404.14228300117168     
   7.6794404955313339E-002   403.05224309956151     
   7.7472348981706740E-002   401.94604711716869     
   7.8156277924620945E-002   400.82351236588801     
   7.8846244619134323E-002   399.68445613498960     
   7.9542302366755371E-002   398.52869578105583     
   8.0244504939540440E-002   397.35604882155377     
   8.0952906584247669E-002   396.16633303212592     
   8.1667562026527737E-002   394.95936654768275     
   8.2388526475151491E-002   393.73496796737822     
   8.3115855626275006E-002   392.49295646355210     
   8.3849605667742189E-002   391.23315189471924     
   8.4589833283425481E-002   389.95537492268795     
   8.5336595657604708E-002   388.65944713388586     
   8.6089950479384864E-002   387.34519116497273     
   8.6849955947152530E-002   386.01243083281832     
   8.7616670773071989E-002   384.66099126891891     
   8.8390154187620820E-002   383.29069905832853     
   8.9170465944165556E-002   381.90138238317672     
   8.9957666323577851E-002   380.49287117084043     
   9.0751816138891189E-002   379.06499724683988     
   9.1552976739998973E-002   377.61759449252111     
   9.2361210018393841E-002   376.15049900758692     
   9.3176578411948971E-002   374.66354927753355     
   9.3999144909741553E-002   373.15658634604824     
   9.4828973056918800E-002   371.62945399241619     
   9.5666126959607009E-002   370.08199891398357     
   9.6510671289863834E-002   368.51407091371789     
   9.7362671290674482E-002   366.92552309289869     
   9.8222192780991729E-002   365.31621204897249     
   9.9089302160820680E-002   363.68599807859323     
   9.9964066416348266E-002   362.03474538586732     
  0.10084655312511814        360.36232229581270     
  0.10173683046125119        358.66860147303890     
  0.10263496720071207        356.95346014563916     
  0.10354103272662238        355.21678033428714     
  0.10445509703462065        353.45844908651333     
  0.10537723073826964        351.67835871613283     
  0.10630750507451145        349.87640704778420     
  0.10724599190917068        348.05249766652736     
  0.10819276374250626        346.20654017244186     
  0.10914789371481226        344.33845044014936     
  0.11011145561206814        342.44815088317745     
  0.11108352387163890        340.53557072306717     
  0.11206417358802552        338.60064626311146     
  0.11305348051866615        336.64332116660222     
  0.11405152108978864        334.66354673944295     
  0.11505837240231453        332.66128221697636     
  0.11607411223781539        330.63649505485353     
  0.11709881906452151        328.58916122375717     
  0.11813257204338383        326.51926550777807     
  0.11917545103418925        324.42680180621807     
  0.12022753660173002        322.31177343858224     
  0.12128891002202757        320.17419345249886     
  0.12235965328861123        318.01408493428755     
  0.12343984911885240        315.83148132187586     
  0.12452958096035473        313.62642671974163     
  0.12562893299740055        311.39897621553939     
  0.12673799015745441        309.14919619804346     
  0.12785683811772375        306.87716467601967     
  0.12898556331177791        304.58297159761401     
  0.13012425293622507        302.26671916981951     
  0.13127299495744849        299.92852217756166     
  0.13243187811840218        297.56850830191451     
  0.13360099194546646        295.18681843693548     
  0.13478042675536395        292.78360700458006     
  0.13597027366213693        290.35904226713097     
  0.13717062458418605        287.91330663654924     
  0.13838157225137110        285.44659698012890     
  0.13960321021217478        282.95912492180713     
  0.14083563284092956        280.45111713845586     
  0.14207893534510813        277.92281565045357     
  0.14333321377267846        275.37447810580699     
  0.14459856501952384        272.80637805706408     
  0.14587508683692821        270.21880523023606     
  0.14716287783912768        267.61206578491453     
  0.14846203751092865        264.98648256474644     
  0.14977266621539345        262.34239533740026     
  0.15109486520159335        259.68016102313464     
  0.15242873661243039        257.00015391105325     
  0.15377438349252828        254.30276586210476     
  0.15513190979619260        251.58840649786811     
  0.15650142039544168        248.85750337413552     
  0.15788302108810817        246.11050213828986     
  0.15927681860601212        243.34786666945178     
  0.16068292062320627        240.57007920035386     
  0.16210143576429417        237.77764041988542     
  0.16353247361282161        234.97106955523623     
  0.16497614471974223        232.15090443255684     
  0.16643256061195788        229.31770151504392     
  0.16790183380093424        226.47203591735314     
  0.16938407779139261        223.61450139523708     
  0.17087940709007851        220.74571030930647     
  0.17238793721460746        217.86629356181604     
  0.17390978470238902        214.97690050538057     
  0.17544506711962962        212.07819882253781     
  0.17699390307041474        209.17087437508954     
  0.17855641220587148        206.25563102216688     
  0.18013271523341168        203.33319040599315     
  0.18172293392605701        200.40429170433845     
  0.18332719113184617        197.46969134869656     
  0.18494561078332517        194.53016270724996     
  0.18657831790712143        191.58649573172946     
  0.18822543863360230        188.63949656732402     
  0.18988710020661900        185.68998712484833     
  0.19156343099333650        182.73880461443500     
  0.19325456049415007        179.78680104008319     
  0.19496061935268971        176.83484265446526     
  0.19668173936591235        173.88380937347262     
  0.19841805349428374        170.93459415006237     
  0.20016969587204977        167.98810230705948     
  0.20193680181759888        165.04525082866434     
  0.20371950784391540        162.10696761051824     
  0.20551795166912576        159.17419066829098     
  0.20733227222713735        156.24786730486937     
  0.20916260967837155        153.32895323634961     
  0.21100910542059159        150.41841167716487     
  0.21287190209982554        147.51721238481662     
  0.21475114362138631        144.62633066481757     
  0.21664697516098858        141.74674633660439     
  0.21855954317596382        138.87944266132953     
  0.22048899541657480        136.02540523260092     
  0.22243548093742924        133.18562083140222     
  0.22439915010899480        130.36107624659300     
  0.22638015462921568        127.55275706256026     
  0.22837864753523138        124.76164641576966     
  0.23039478321519932        121.98872372214046     
  0.23242871742022164        119.23496337735008     
  0.23448060727637732        116.50133343235498     
  0.23655061129686056        113.78879424659762     
  0.23863888939422626        111.09829712155010     
  0.24074560289274369        108.43078291742708     
  0.24287091454085902        105.78718065607846     
  0.24501498852376818        103.16840611324739     
  0.24717799047610042        100.57536040355231     
  0.24936008749471403        98.008928561714924     
  0.25156144815160497        95.469978123716913     
  0.25378224250692938        92.959357711719335     
  0.25602264212214099        90.477895626719800     
  0.25828282007324516        88.026398453055450     
  0.26056295096416865        85.605649678979916     
  0.26286321094024873        83.216408337647536     
  0.26518377770184065        80.859407672932676     
  0.26752483051804532        78.535353834588378     
  0.26988655024055830        76.244924607306018     
  0.27226911931764120        73.988768178281589     
  0.27467272180821584        71.767501947914383     
  0.27709754339608345        69.581711388262875     
  0.27954377140426945        67.431948953863184     
  0.28201159480949384        65.318733049470126     
  0.28450120425677095        63.242547059209016     
  0.28701279207413655        61.203838441536789     
  0.28954655228750598        59.203017894286560     
  0.29210268063566291        57.240458593925737     
  0.29468137458538074        55.316495512983074     
  0.29728283334667727        53.431424819399396     
  0.29990725788820427        51.585503361328520     
  0.30255485095277246        49.778948240658785     
  0.30522581707301438        48.011936478242426     
  0.30792036258718436        46.284604773512172     
  0.31063869565509922        44.597049360826020     
  0.31338102627421860        42.949325964524284     
  0.31614756629586821        41.341449854295689     
  0.31893852944160533        39.773396002045672     
  0.32175413131972985        38.245099341030674     
  0.32459458944193992        36.756455127579294     
  0.32746012324013568        35.307319405256834     
  0.33035095408337062        33.897509570856890     
  0.33326730529495308        32.526805041114592     
  0.33620940216969819        31.194948018543766     
  0.33917747199133269        29.901644354298867     
  0.34217174405005285        28.646564505463068     
  0.34519244966023804        27.429344583664133     
  0.34823982217831978        26.249587491427796     
  0.35131409702080951        25.106864142193984     
  0.35441551168248497        24.000714759453349     
  0.35754430575473689        22.930650250009037     
  0.36070072094407851        21.896153645939041     
  0.36388500109081734        20.896681609431262     
  0.36709739218789306        19.931665994288629     
  0.37033814239988044        19.000515457562479     
  0.37360750208216104        18.102617114468586     
  0.37690572380026338        17.237338229479612     
  0.38023306234937454        16.404027936269163     
  0.38358977477402356        15.602018979013661     
  0.38697612038793855        14.830629467436548     
  0.39039236079407957        14.089164637911686     
  0.39383875990484768        13.376918612928076     
  0.39731558396247335        12.693176151257990     
  0.40082310155958345        12.037214381267807     
  0.40436158365995156        11.408304509961967     
  0.40793130361942981        10.805713500559975     
  0.41153253720706673        10.228705711667732     
  0.41516556262641069        9.6765444914217547     
  0.41883066053700213        9.1484937203507961     
  0.42252811407605478        8.6438192971154884     
  0.42625820888032878        8.1617905617459954     
  0.43002123310819701        7.7016816514988795     
  0.43381747746190563        7.2627727849918466     
  0.43764723521003190        6.8443514708431410     
  0.44151080221013922        6.4457136376374429     
  0.44540847693163349        6.0661646826540672     
  0.44934056047882026        5.7050204374220934     
  0.45330735661416549        5.3616080488024149     
  0.45730917178176256        5.0352667749331479     
  0.46134631513100471        4.7253486960056623     
  0.46541909854046892        4.4312193404556197     
  0.46952783664200792        4.1522582277528270     
  0.47367284684505706        3.8878593295455857     
  0.47785444936115473        3.6374314514570241     
  0.48207296722867926        3.4003985383339299     
  0.48632872633780450        3.1761999062094017     
  0.49062205545567544        2.9642904046538243     
  0.49495328625180673        2.7641405135502599     
  0.49932275332370407        2.5752363786371117     
  0.50373079422271350        2.3970797904099652     
  0.50817774948009731        2.2291881111646745     
  0.51266396263334135        2.0710941550932866     
  0.51718978025269369        1.9223460264140799     
  0.52175555196793855        1.7825069205268125     
  0.52636163049540530        1.6511548931367817     
  0.53100837166521708        1.5278826021879759     
  0.53569613444877917        1.4122970272907489     
  0.54042528098651088        1.3040191711262159     
  0.54519617661582109        1.2026837470632687     
  0.55000918989933167        1.1079388569394599     
  0.55486469265335003        1.0194456626401616     
  0.55976305997659237       0.93687805476715347     
  0.56470467027916116       0.85992232132460633     
  0.56968990531177832       0.78827681897379631     
  0.57471915019527575       0.72165164902432588     
  0.57979279345034762       0.65976833994548323     
  0.58491122702756371       0.60235953780304496     
  0.59007484633764895       0.54916870565996490     
  0.59528405028203002       0.49994983262967641     
  0.60053924128365066       0.45446715294300688     
  0.60584082531806027       0.41249487508828436     
  0.61118921194477649       0.37381692081293494     
  0.61658481433892431       0.33822667353652180     
  0.62202804932315525       0.30552673552208054     
  0.62751933739984733       0.27552869298619448     
  0.63305910278359001       0.24805288819914637     
  0.63864777343395629       0.22292819753464113     
  0.64428578108856260       0.19999181437319458     
  0.64997356129642236       0.17908903574276128     
  0.65571155345159260       0.16007305159254290     
  0.66150020082711847       0.14280473563836210     
  0.66733995060927687       0.12715243678749935     
  0.67323125393212291       0.11299177024386653     
  0.67917456591234093       0.10020540750710445     
  0.68517034568440283        8.8682864607606146E-002
  0.69121905643603820        7.8320288059540902E-002
  0.69732116544401568        6.9020238161614400E-002
  0.70347714411024209        6.0691469426532564E-002
  0.70968746799817828        5.3248708071194403E-002
  0.71595261686957834        4.6612426646909573E-002
  0.72227307472155200        4.0708616029231509E-002
  0.72864932982395425        3.5468555117409040E-002
  0.73508187475710596        3.0828578711548017E-002
  0.74157120644984620        2.6729844139323906E-002
  0.74811782621792133        2.3118097291916606E-002
  0.75472223980271291        1.9943438799673589E-002
  0.76138495741030721        1.7160091131193472E-002
  0.76810649375091011        1.4726167434866023E-002
  0.77488736807860914        1.2603442959619729E-002
  0.78172810423148753        1.0757129892314936E-002
  0.78862923067209156        9.1556564338137435E-003
  0.79559128052825601        7.7704509054903640E-003
  0.80261479163428862        6.5757316342910134E-003
  0.80970030657251979        5.5483033090800793E-003
  0.81684837271521815        4.6673604357228161E-003
  0.82405954226687617        3.9142984450491131E-003
  0.83133437230686924        3.2725329284463175E-003
  0.83867342483249152        2.7273273922612637E-003
  0.84607726680237105        2.2656298363182685E-003
  0.85354647018026952        1.8759183754535390E-003
  0.86108161197926647        1.5480560376763129E-003
  0.86868327430633618        1.2731547898882252E-003
  0.87635204440731607        1.0434487633482702E-003
  0.88408851471227246        8.5217657739294829E-004
  0.89189328288126823        6.9347259224580165E-004
  0.89976695185053235        5.6226686080912880E-004
  0.90771012987903876        4.5419349565402762E-004
  0.91572343059549521        3.6550712135022685E-004
  0.92380747304574840        2.9300704395462300E-004
  0.93196288174060560        2.3396873888843108E-004
  0.94019028670408022        1.8608223540255697E-004
  0.94849032352206242        1.4739696005029666E-004
  0.95686363339141933        1.1627259263042799E-004
  0.96531086316952985        9.1335485413489425E-005
  0.97383266542425473        7.1440199527728900E-005
  0.98242969848434947        5.5635720515288517E-005
  0.99110262649032188        4.3135927598565362E-005
  0.99985211944573849        3.3293907433183107E-005
   1.0086788532689832        2.5579722383779202E-005
   1.0175835098454744        1.9561264977282017E-005
   1.0265667770803413        1.4887853533229195E-005
   1.0356293489515669        1.1276248452571661E-005
   1.0447719255635997        8.4987937272033316E-006
   1.0539952132014363        6.3734134312411096E-006
   1.0632999243851866        4.7552178520328697E-006
   1.0726867779251150        3.5294981569442710E-006
   1.0821564989771721        2.6059117767982301E-006
   1.0917098190990127        1.9136827849953779E-006
   1.1013474763065119        1.3976622872042972E-006
   1.1110702151307781        1.0151130880610417E-006
   1.1208787866756693        7.3310059506595259E-007
   1.1307739486758182        5.2638802523195206E-007
   1.1407564655551681        3.7574850339188883E-007
   1.1508271084860273        2.6661961968521401E-007
   1.1609866554486439        1.8803750984133855E-007
   1.1712358912913052        1.3179761694861013E-007
   1.1815756077909714        9.1798082917441759E-008
   1.1920066037144394        6.3529306485613833E-008
   1.2025296848800520        4.3679702026655077E-008
   1.2131456642199476        2.9833210634780024E-008
   1.2238553618428609        2.0238761374742172E-008
   1.2346596050974796        1.3635761590321670E-008
   1.2455592286363577        9.1229103125994972E-009
   1.2565550744803948        6.0602705156458925E-009
   1.2676479920838841        3.9966886832846338E-009
   1.2788388384001352        2.6163899303364898E-009
   1.2901284779476745        1.6999713295154113E-009
   1.3015177828770321        1.0961243818639609E-009
   1.3130076330381175        7.0129105589040493E-010
   1.3245989160481897        4.4514043461093095E-010
   1.3362925273604276        2.8028191398706273E-010
   1.3480893703331067        1.7503717903045266E-010
   1.3599903562993834        1.0840256424705586E-010
   1.3719964046377007        6.6566928975374317E-011
   1.3841084428428096        4.0524882090487620E-011
   1.3963274065974212        2.4454718422661224E-011
   1.4086542398444912        1.4625592076788563E-011
   1.4210898948601400        8.6677253513258570E-012
   1.4336353323272193        5.0894108554122059E-012
   1.4462915214095271        2.9602549147526152E-012
   1.4590594398266770        1.7053644899080870E-012
   1.4719400739296300        9.7287672466298945E-013
   1.4849344187768923        5.4950997288428660E-013
   1.4980434782113856        3.0725138589865353E-013
   1.5112682649379963        1.7003354446533943E-013
   1.5246098006018096        9.3114742612026360E-014
   1.5380691158670334        5.0450393178092513E-014
   1.5516472504966199        2.7039003793406291E-014
   1.5653452534325896        1.4332209161433897E-014
   1.5791641828770642        7.5118467483508797E-015
   1.5931051063740156        3.8922858937346883E-015
   1.6071691008917355        1.9934205917064851E-015
   1.6213572529060341        1.0088800660462502E-015
   1.6356706584841734        5.0446976364262019E-016
   1.6501104233695392        2.4916826327643012E-016
   1.6646776630670643        1.2153955134141663E-016
   1.6793735029294024        5.8534715105813784E-017
   1.6941990782438652        2.7828020440667106E-017
   1.7091555343201248        1.3056424220808312E-017
   1.7242440265786925        6.0441852252376158E-018
   1.7394657206401769        2.7600661425793483E-018
   1.7548217924153315        1.2429802622102963E-018
   1.7703134281958968        5.5190576812954702E-019
   1.7859418247462417        2.4155310986893894E-019
   1.8017081893958200        1.0418289996494924E-019
   1.8176137401324357        4.4269386371791593E-020
   1.8336597056963386        1.8527590996486892E-020
   1.8498473256751440        7.6352964661588267E-021
   1.8661778505995967        3.0974576890601945E-021
   1.8826525420401761        1.2366201263211261E-021
   1.8992726727045541        4.8573059825471634E-022
   1.9160395265359176        1.8765382772715997E-022
   1.9329543988121534        7.1284411856613114E-023
   1.9500185962459131        2.6618096405022349E-023
   1.9672334370855582        9.7672542769913101E-024
   1.9846002512169987        3.5208419133381959E-024
