                                                  
                                                                                                                                                                                                                                                                
        SCF,CCSD
   -144.67375204,   -145.42045360
   -144.60863395,   -145.40037497
   -144.40054237,   -145.29046710
   -144.42758355,   -145.11734605
   -144.37418600,   -145.12695026
   -143.84940359,   -144.50423763
   -142.70144459,   -143.28157128
   -140.89175745,   -141.40050021
   -137.99412511,   -138.47823613
   -134.24902302,   -134.70513683
   -129.52392407,   -129.96222333
   -123.75097908,   -124.18201140
   -116.94291117,   -117.36233840
    -38.42994687,    -38.54321366
   -144.60175226,   -145.43782535
                                                  
