   3.8800019187216023E-006   209.66061223755113     
   3.9141478712136633E-006   209.66061223633940     
   3.9485943251219628E-006   209.66061223510627     
   3.9833439250088757E-006   209.66061223385137     
   4.0183993387102450E-006   209.66061223257424     
   4.0537632575401962E-006   209.66061223127457     
   4.0894383964977641E-006   209.66061222995191     
   4.1254274944753307E-006   209.66061222860583     
   4.1617333144688961E-006   209.66061222723599     
   4.1983586437902025E-006   209.66061222584193     
   4.2353062942807263E-006   209.66061222442320     
   4.2725791025275543E-006   209.66061222297941     
   4.3101799300811505E-006   209.66061222151009     
   4.3481116636750535E-006   209.66061222001480     
   4.3863772154474978E-006   209.66061221849310     
   4.4249795231649829E-006   209.66061221694449     
   4.4639215504478231E-006   209.66061221536847     
   4.5032062869976689E-006   209.66061221376458     
   4.5428367488270360E-006   209.66061221213238     
   4.5828159784908553E-006   209.66061221047127     
   4.6231470453200600E-006   209.66061220878089     
   4.6638330456572252E-006   209.66061220706055     
   4.7048771030942842E-006   209.66061220530983     
   4.7462823687123413E-006   209.66061220352816     
   4.7880520213235838E-006   209.66061220171497     
   4.8301892677153321E-006   209.66061219986972     
   4.8726973428962344E-006   209.66061219799184     
   4.9155795103446319E-006   209.66061219608076     
   4.9588390622591001E-006   209.66061219413601     
   5.0024793198112043E-006   209.66061219215678     
   5.0465036334004787E-006   209.66061219014256     
   5.0909153829116429E-006   209.66061218809273     
   5.1357179779740897E-006   209.66061218600666     
   5.1809148582236490E-006   209.66061218388376     
   5.2265094935666645E-006   209.66061218172328     
   5.2725053844463863E-006   209.66061217952458     
   5.3189060621117094E-006   209.66061217728708     
   5.3657150888882824E-006   209.66061217501002     
   5.4129360584519984E-006   209.66061217269265     
   5.4605725961048872E-006   209.66061217033439     
   5.5086283590534462E-006   209.66061216793437     
   5.5571070366894173E-006   209.66061216549193     
   5.6060123508730270E-006   209.66061216300636     
   5.6553480562187307E-006   209.66061216047683     
   5.7051179403834621E-006   209.66061215790256     
   5.7553258243574262E-006   209.66061215528276     
   5.8059755627574491E-006   209.66061215261664     
   5.8570710441229060E-006   209.66061214990350     
   5.9086161912142600E-006   209.66061214714227     
   5.9606149613142227E-006   209.66061214433228     
   6.0130713465315675E-006   209.66061214147263     
   6.0659893741076170E-006   209.66061213856236     
   6.1193731067254260E-006   209.66061213560073     
   6.1732266428216867E-006   209.66061213258666     
   6.2275541169013806E-006   209.66061212951936     
   6.2823596998551931E-006   209.66061212639784     
   6.3376475992797289E-006   209.66061212322109     
   6.3934220598005445E-006   209.66061211998820     
   6.4496873633980143E-006   209.66061211669822     
   6.5064478297360799E-006   209.66061211334997     
   6.5637078164938794E-006   209.66061210994260     
   6.6214717197003011E-006   209.66061210647493     
   6.6797439740714788E-006   209.66061210294600     
   6.7385290533512648E-006   209.66061209935469     
   6.7978314706546849E-006   209.66061209569989     
   6.8576557788144305E-006   209.66061209198048     
   6.9180065707303918E-006   209.66061208819534     
   6.9788884797222697E-006   209.66061208434323     
   7.0403061798852890E-006   209.66061208042305     
   7.1022643864490443E-006   209.66061207643355     
   7.1647678561395036E-006   209.66061207237351     
   7.2278213875441952E-006   209.66061206824173     
   7.2914298214806140E-006   209.66061206403688     
   7.3555980413678600E-006   209.66061205975774     
   7.4203309736015623E-006   209.66061205540291     
   7.4856335879320835E-006   209.66061205097108     
   7.5515108978460729E-006   209.66061204646095     
   7.6179679609513624E-006   209.66061204187105     
   7.6850098793652551E-006   209.66061203720002     
   7.7526418001062325E-006   209.66061203244644     
   7.8208689154891056E-006   209.66061202760881     
   7.8896964635236464E-006   209.66061202268563     
   7.9591297283167251E-006   209.66061201767542     
   8.0291740404779900E-006   209.66061201257668     
   8.0998347775291146E-006   209.66061200738773     
   8.1711173643166416E-006   209.66061200210711     
   8.2430272734284723E-006   209.66061199673311     
   8.3155700256140138E-006   209.66061199126412     
   8.3887511902080171E-006   209.66061198569844     
   8.4625763855581611E-006   209.66061198003436     
   8.5370512794563872E-006   209.66061197427018     
   8.6121815895740269E-006   209.66061196840406     
   8.6879730839007835E-006   209.66061196243427     
   8.7644315811875352E-006   209.66061195635891     
   8.8415629513930810E-006   209.66061195017616     
   8.9193731161347773E-006   209.66061194388411     
   8.9978680491431726E-006   209.66061193748084     
   9.0770537767206217E-006   209.66061193096431     
   9.1569363782039469E-006   209.66061192433270     
   9.2375219864311686E-006   209.66061191758376     
   9.3188167882123401E-006   209.66061191071549     
   9.4008270248045318E-006   209.66061190372582     
   9.4835589923909824E-006   209.66061189661258     
   9.5670190425644969E-006   209.66061188937363     
   9.6512135828150519E-006   209.66061188200669     
   9.7361490770217432E-006   209.66061187450953     
   9.8218320459490206E-006   209.66061186687980     
   9.9082690677473145E-006   209.66061185911516     
   9.9954667784580659E-006   209.66061185121336     
   1.0083431872523188E-005   209.66061184317178     
   1.0172171103299017E-005   209.66061183498803     
   1.0261691283574805E-005   209.66061182665962     
   1.0351999286095736E-005   209.66061181818404     
   1.0443102044090591E-005   209.66061180955850     
   1.0535006551804016E-005   209.66061180078060     
   1.0627719865033502E-005   209.66061179184746     
   1.0721249101671075E-005   209.66061178275640     
   1.0815601442249769E-005   209.66061177350463     
   1.0910784130494880E-005   209.66061176408931     
   1.1006804473880113E-005   209.66061175450756     
   1.1103669844188572E-005   209.66061174475632     
   1.1201387678078743E-005   209.66061173483283     
   1.1299965477655411E-005   209.66061172473380     
   1.1399410811045625E-005   209.66061171445631     
   1.1499731312979730E-005   209.66061170399709     
   1.1600934685377504E-005   209.66061169335296     
   1.1703028697939464E-005   209.66061168252068     
   1.1806021188743365E-005   209.66061167149689     
   1.1909920064845960E-005   209.66061166027822     
   1.2014733302890041E-005   209.66061164886122     
   1.2120468949716842E-005   209.66061163724243     
   1.2227135122983808E-005   209.66061162541820     
   1.2334740011787824E-005   209.66061161338493     
   1.2443291877293908E-005   209.66061160113892     
   1.2552799053369457E-005   209.66061158867643     
   1.2663269947224056E-005   209.66061157599361     
   1.2774713040054926E-005   209.66061156308658     
   1.2887136887698056E-005   209.66061154995140     
   1.3000550121285064E-005   209.66061153658401     
   1.3114961447905829E-005   209.66061152298028     
   1.3230379651276961E-005   209.66061150913606     
   1.3346813592416161E-005   209.66061149504714     
   1.3464272210322512E-005   209.66061148070912     
   1.3582764522662737E-005   209.66061146611759     
   1.3702299626463536E-005   209.66061145126815     
   1.3822886698809972E-005   209.66061143615616     
   1.3944534997550043E-005   209.66061142077706     
   1.4067253862005423E-005   209.66061140512599     
   1.4191052713688478E-005   209.66061138919835     
   1.4315941057025584E-005   209.66061137298905     
   1.4441928480086804E-005   209.66061135649329     
   1.4569024655322010E-005   209.66061133970578     
   1.4697239340303449E-005   209.66061132262155     
   1.4826582378474882E-005   209.66061130523534     
   1.4957063699907277E-005   209.66061128754177     
   1.5088693322061181E-005   209.66061126953537     
   1.5221481350555796E-005   209.66061125121064     
   1.5355437979944810E-005   209.66061123256193     
   1.5490573494499071E-005   209.66061121358362     
   1.5626898268996145E-005   209.66061119426973     
   1.5764422769516806E-005   209.66061117461444     
   1.5903157554248572E-005   209.66061115461164     
   1.6043113274296266E-005   209.66061113425525     
   1.6184300674499756E-005   209.66061111353901     
   1.6326730594258857E-005   209.66061109245649     
   1.6470413968365517E-005   209.66061107100128     
   1.6615361827843294E-005   209.66061104916679     
   1.6761585300794272E-005   209.66061102694633     
   1.6909095613253372E-005   209.66061100433299     
   1.7057904090050230E-005   209.66061098131988     
   1.7208022155678634E-005   209.66061095789996     
   1.7359461335173606E-005   209.66061093406603     
   1.7512233254996235E-005   209.66061090981074     
   1.7666349643926269E-005   209.66061088512663     
   1.7821822333962563E-005   209.66061086000613     
   1.7978663261231466E-005   209.66061083444157     
   1.8136884466903194E-005   209.66061080842508     
   1.8296498098116269E-005   209.66061078194861     
   1.8457516408910096E-005   209.66061075500414     
   1.8619951761165725E-005   209.66061072758328     
   1.8783816625554941E-005   209.66061069967770     
   1.8949123582497657E-005   209.66061067127876     
   1.9115885323127758E-005   209.66061064237783     
   1.9284114650267433E-005   209.66061061296594     
   1.9453824479410100E-005   209.66061058303407     
   1.9625027839711963E-005   209.66061055257308     
   1.9797737874992295E-005   209.66061052157357     
   1.9971967844742537E-005   209.66061049002604     
   2.0147731125144271E-005   209.66061045792082     
   2.0325041210096150E-005   209.66061042524797     
   2.0503911712249862E-005   209.66061039199758     
   2.0684356364055233E-005   209.66061035815935     
   2.0866389018814476E-005   209.66061032372295     
   2.1050023651745804E-005   209.66061028867767     
   2.1235274361056300E-005   209.66061025301292     
   2.1422155369024303E-005   209.66061021671769     
   2.1610681023091308E-005   209.66061017978078     
   2.1800865796963452E-005   209.66061014219088     
   2.1992724291722690E-005   209.66061010393651     
   2.2186271236947806E-005   209.66061006500576     
   2.2381521491845202E-005   209.66061002538683     
   2.2578490046389725E-005   209.66060998506751     
   2.2777192022475471E-005   209.66060994403537     
   2.2977642675076751E-005   209.66060990227788     
   2.3179857393419266E-005   209.66060985978214     
   2.3383851702161569E-005   209.66060981653519     
   2.3589641262586957E-005   209.66060977252369     
   2.3797241873805841E-005   209.66060972773414     
   2.4006669473968667E-005   209.66060968215277     
   2.4217940141489580E-005   209.66060963576555     
   2.4431070096280763E-005   209.66060958855832     
   2.4646075700997748E-005   209.66060954051656     
   2.4862973462295572E-005   209.66060949162545     
   2.5081780032096091E-005   209.66060944187006     
   2.5302512208866365E-005   209.66060939123506     
   2.5525186938908347E-005   209.66060933970493     
   2.5749821317659916E-005   209.66060928726375     
   2.5976432591007313E-005   209.66060923389554     
   2.6205038156609193E-005   209.66060917958390     
   2.6435655565232287E-005   209.66060912431203     
   2.6668302522098819E-005   209.66060906806314     
   2.6902996888245808E-005   209.66060901081980     
   2.7139756681896309E-005   209.66060895256450     
   2.7378600079842734E-005   209.66060889327935     
   2.7619545418842317E-005   209.66060883294608     
   2.7862611197024925E-005   209.66060877154629     
   2.8107816075313188E-005   209.66060870906097     
   2.8355178878855164E-005   209.66060864547103     
   2.8604718598469594E-005   209.66060858075693     
   2.8856454392103919E-005   209.66060851489877     
   2.9110405586305061E-005   209.66060844787637     
   2.9366591677703204E-005   209.66060837966910     
   2.9625032334508594E-005   209.66060831025601     
   2.9885747398021544E-005   209.66060823961584     
   3.0148756884155709E-005   209.66060816772685     
   3.0414080984974776E-005   209.66060809456698     
   3.0681740070242644E-005   209.66060802011373     
   3.0951754688987324E-005   209.66060794434429     
   3.1224145571078505E-005   209.66060786723534     
   3.1498933628819087E-005   209.66060778876326     
   3.1776139958550638E-005   209.66060770890388     
   3.2055785842273094E-005   209.66060762763274     
   3.2337892749278581E-005   209.66060754492483     
   3.2622482337799720E-005   209.66060746075482     
   3.2909576456672374E-005   209.66060737509673     
   3.3199197147013062E-005   209.66060728792439     
   3.3491366643911129E-005   209.66060719921094     
   3.3786107378135807E-005   209.66060710892924     
   3.4083441977858269E-005   209.66060701705149     
   3.4383393270388889E-005   209.66060692354944     
   3.4685984283929770E-005   209.66060682839444     
   3.4991238249342656E-005   209.66060673155727     
   3.5299178601932501E-005   209.66060663300811     
   3.5609828983246608E-005   209.66060653271677     
   3.5923213242889697E-005   209.66060643065248     
   3.6239355440354900E-005   209.66060632678381     
   3.6558279846870901E-005   209.66060622107892     
   3.6880010947265304E-005   209.66060611350534     
   3.7204573441844402E-005   209.66060600403000     
   3.7531992248289518E-005   209.66060589261934     
   3.7862292503569988E-005   209.66060577923912     
   3.8195499565873026E-005   209.66060566385448     
   3.8531639016550545E-005   209.66060554643002     
   3.8870736662083119E-005   209.66060542692966     
   3.9212818536061200E-005   209.66060530531678     
   3.9557910901183869E-005   209.66060518155393     
   3.9906040251275024E-005   209.66060505560316     
   4.0257233313317428E-005   209.66060492742577     
   4.0611517049504660E-005   209.66060479698240     
   4.0968918659311021E-005   209.66060466423301     
   4.1329465581579769E-005   209.66060452913678     
   4.1693185496629662E-005   209.66060439165233     
   4.2060106328380088E-005   209.66060425173731     
   4.2430256246494833E-005   209.66060410934884     
   4.2803663668544799E-005   209.66060396444311     
   4.3180357262189670E-005   209.66060381697568     
   4.3560365947378855E-005   209.66060366690130     
   4.3943718898571738E-005   209.66060351417386     
   4.4330445546977477E-005   209.66060335874639     
   4.4720575582814597E-005   209.66060320057119     
   4.5114138957590330E-005   209.66060303959972     
   4.5511165886400101E-005   209.66060287578250     
   4.5911686850247286E-005   209.66060270906928     
   4.6315732598383256E-005   209.66060253940881     
   4.6723334150668167E-005   209.66060236674906     
   4.7134522799952390E-005   209.66060219103690     
   4.7549330114479028E-005   209.66060201221842     
   4.7967787940307432E-005   209.66060183023873     
   4.8389928403758189E-005   209.66060164504191     
   4.8815783913879508E-005   209.66060145657107     
   4.9245387164935433E-005   209.66060126476839     
   4.9678771138915792E-005   209.66060106957497     
   5.0115969108068408E-005   209.66060087093081     
   5.0557014637453478E-005   209.66060066877489     
   5.1001941587520466E-005   209.66060046304517     
   5.1450784116707691E-005   209.66060025367850     
   5.1903576684064774E-005   209.66060004061055     
   5.2360354051898144E-005   209.66059982377590     
   5.2821151288439873E-005   209.66059960310793     
   5.3286003770540003E-005   209.66059937853896     
   5.3754947186382456E-005   209.66059914999985     
   5.4228017538225012E-005   209.66059891742054     
   5.4705251145163258E-005   209.66059868072966     
   5.5186684645918954E-005   209.66059843985443     
   5.5672355001652883E-005   209.66059819472085     
   5.6162299498802483E-005   209.66059794525373     
   5.6656555751944452E-005   209.66059769137641     
   5.7155161706682500E-005   209.66059743301096     
   5.7658155642560603E-005   209.66059717007795     
   5.8165576176001824E-005   209.66059690249682     
   5.8677462263273003E-005   209.66059663018515     
   5.9193853203475556E-005   209.66059635305947     
   5.9714788641562616E-005   209.66059607103463     
   6.0240308571382658E-005   209.66059578402405     
   6.0770453338749992E-005   209.66059549193952     
   6.1305263644542216E-005   209.66059519469144     
   6.1844780547824942E-005   209.66059489218850     
   6.2389045469004093E-005   209.66059458433770     
   6.2938100193005747E-005   209.66059427104463     
   6.3491986872484237E-005   209.66059395221299     
   6.4050748031058250E-005   209.66059362774496     
   6.4614426566575589E-005   209.66059329754080     
   6.5183065754406439E-005   209.66059296149911     
   6.5756709250765877E-005   209.66059261951679     
   6.6335401096065440E-005   209.66059227148872     
   6.6919185718294260E-005   209.66059191730807     
   6.7508107936429954E-005   209.66059155686608     
   6.8102212963879448E-005   209.66059119005197     
   6.8701546411950264E-005   209.66059081675323     
   6.9306154293352146E-005   209.66059043685507     
   6.9916083025729656E-005   209.66059005024098     
   7.0531379435225785E-005   209.66058965679213     
   7.1152090760076930E-005   209.66058925638765     
   7.1778264654239553E-005   209.66058884890475     
   7.2409949191048681E-005   209.66058843421811     
   7.3047192866908676E-005   209.66058801220049     
   7.3690044605016493E-005   209.66058758272226     
   7.4338553759117559E-005   209.66058714565145     
   7.4992770117294943E-005   209.66058670085400     
   7.5652743905791636E-005   209.66058624819317     
   7.6318525792866640E-005   209.66058578753004     
   7.6990166892684954E-005   209.66058531872307     
   7.7667718769241636E-005   209.66058484162835     
   7.8351233440320713E-005   209.66058435609932     
   7.9040763381488626E-005   209.66058386198688     
   7.9736361530122988E-005   209.66058335913928     
   8.0438081289476701E-005   209.66058284740217     
   8.1145976532778004E-005   209.66058232661831     
   8.1860101607366366E-005   209.66058179662784     
   8.2580511338864980E-005   209.66058125726792     
   8.3307261035389871E-005   209.66058070837300     
   8.4040406491796063E-005   209.66058014977443     
   8.4780003993961166E-005   209.66057958130071     
   8.5526110323106561E-005   209.66057900277730     
   8.6278782760156717E-005   209.66057841402647     
   8.7038079090136827E-005   209.66057781486748     
   8.7804057606609100E-005   209.66057720511623     
   8.8576777116148220E-005   209.66057658458553     
   8.9356296942856022E-005   209.66057595308484     
   9.0142676932916031E-005   209.66057531042017     
   9.0935977459188103E-005   209.66057465639426     
   9.1736259425843306E-005   209.66057399080611     
   9.2543584273039833E-005   209.66057331345144     
   9.3358013981639912E-005   209.66057262412224     
   9.4179611077968277E-005   209.66057192260669     
   9.5008438638612515E-005   209.66057120868942     
   9.5844560295265654E-005   209.66057048215129     
   9.6688040239611346E-005   209.66056974276907     
   9.7538943228252137E-005   209.66056899031568     
   9.8397334587680898E-005   209.66056822456017     
   9.9263280219296282E-005   209.66056744526719     
   1.0013684660446212E-004   209.66056665219759     
   1.0101810080961139E-004   209.66056584510778     
   1.0190711049139517E-004   209.66056502374983     
   1.0280394390187678E-004   209.66056418787156     
   1.0370866989377178E-004   209.66056333721627     
   1.0462135792573395E-004   209.66056247152267     
   1.0554207806768789E-004   209.66056159052502     
   1.0647090100620849E-004   209.66056069395268     
   1.0740789804994776E-004   209.66055978153034     
   1.0835314113510942E-004   209.66055885297777     
   1.0930670283097164E-004   209.66055790800993     
   1.1026865634545854E-004   209.66055694633644     
   1.1123907553076035E-004   209.66055596766211     
   1.1221803488900354E-004   209.66055497168631     
   1.1320560957797039E-004   209.66055395810324     
   1.1420187541686916E-004   209.66055292660155     
   1.1520690889215504E-004   209.66055187686456     
   1.1622078716340206E-004   209.66055080856987     
   1.1724358806922711E-004   209.66054972138940     
   1.1827539013326565E-004   209.66054861498924     
   1.1931627257020037E-004   209.66054748902965     
   1.2036631529184266E-004   209.66054634316487     
   1.2142559891326773E-004   209.66054517704296     
   1.2249420475900363E-004   209.66054399030585     
   1.2357221486927484E-004   209.66054278258906     
   1.2465971200630076E-004   209.66054155352174     
   1.2575677966064966E-004   209.66054030272645     
   1.2686350205764831E-004   209.66053902981903     
   1.2797996416384855E-004   209.66053773440856     
   1.2910625169355010E-004   209.66053641609730     
   1.3024245111538144E-004   209.66053507448032     
   1.3138864965893797E-004   209.66053370914565     
   1.3254493532147913E-004   209.66053231967402     
   1.3371139687468414E-004   209.66053090563869     
   1.3488812387146726E-004   209.66052946660542     
   1.3607520665285305E-004   209.66052800213228     
   1.3727273635491218E-004   209.66052651176958     
   1.3848080491575822E-004   209.66052499505955     
   1.3969950508260599E-004   209.66052345153645     
   1.4092893041889209E-004   209.66052188072629     
   1.4216917531145799E-004   209.66052028214668     
   1.4342033497779648E-004   209.66051865530665     
   1.4468250547336174E-004   209.66051699970663     
   1.4595578369894403E-004   209.66051531483819     
   1.4724026740810871E-004   209.66051360018392     
   1.4853605521470136E-004   209.66051185521721     
   1.4984324660041856E-004   209.66051007940229     
   1.5116194192244556E-004   209.66050827219368     
   1.5249224242116076E-004   209.66050643303646     
   1.5383425022790853E-004   209.66050456136583     
   1.5518806837283992E-004   209.66050265660692     
   1.5655380079282271E-004   209.66050071817492     
   1.5793155233942102E-004   209.66049874547440     
   1.5932142878694505E-004   209.66049673789968     
   1.6072353684057166E-004   209.66049469483420     
   1.6213798414453645E-004   209.66049261565047     
   1.6356487929039808E-004   209.66049049971005     
   1.6500433182537507E-004   209.66048834636311     
   1.6645645226075616E-004   209.66048615494836     
   1.6792135208038443E-004   209.66048392479280     
   1.6939914374921653E-004   209.66048165521164     
   1.7088994072195674E-004   209.66047934550781     
   1.7239385745176740E-004   209.66047699497199     
   1.7391100939905576E-004   209.66047460288246     
   1.7544151304033822E-004   209.66047216850444     
   1.7698548587718267E-004   209.66046969109050     
   1.7854304644522942E-004   209.66046716987969     
   1.8011431432329148E-004   209.66046460409791     
   1.8169941014253518E-004   209.66046199295707     
   1.8329845559574118E-004   209.66045933565539     
   1.8491157344664738E-004   209.66045663137672     
   1.8653888753937379E-004   209.66045387929071     
   1.8818052280793055E-004   209.66045107855211     
   1.8983660528580927E-004   209.66044822830085     
   1.9150726211565922E-004   209.66044532766159     
   1.9319262155904847E-004   209.66044237574360     
   1.9489281300631077E-004   209.66043937164034     
   1.9660796698647942E-004   209.66043631442921     
   1.9833821517730837E-004   209.66043320317141     
   2.0008369041538140E-004   209.66043003691146     
   2.0184452670631053E-004   209.66042681467701     
   2.0362085923502401E-004   209.66042353547851     
   2.0541282437614499E-004   209.66042019830891     
   2.0722055970446120E-004   209.66041680214346     
   2.0904420400548723E-004   209.66041334593902     
   2.1088389728611933E-004   209.66040982863441     
   2.1273978078538441E-004   209.66040624914936     
   2.1461199698528320E-004   209.66040260638465     
   2.1650068962172916E-004   209.66039889922155     
   2.1840600369558340E-004   209.66039512652165     
   2.2032808548378709E-004   209.66039128712637     
   2.2226708255059131E-004   209.66038737985664     
   2.2422314375888626E-004   209.66038340351253     
   2.2619641928162980E-004   209.66037935687288     
   2.2818706061337671E-004   209.66037523869502     
   2.3019522058190952E-004   209.66037104771425     
   2.3222105335997137E-004   209.66036678264356     
   2.3426471447710260E-004   209.66036244217315     
   2.3632636083158087E-004   209.66035802497004     
   2.3840615070246717E-004   209.66035352967779     
   2.4050424376175709E-004   209.66034895491578     
   2.4262080108663944E-004   209.66034429927925     
   2.4475598517186264E-004   209.66033956133842     
   2.4690995994221005E-004   209.66033473963827     
   2.4908289076508477E-004   209.66032983269804     
   2.5127494446320557E-004   209.66032483901088     
   2.5348628932741449E-004   209.66031975704323     
   2.5571709512959672E-004   209.66031458523435     
   2.5796753313571494E-004   209.66030932199615     
   2.6023777611895770E-004   209.66030396571219     
   2.6252799837300371E-004   209.66029851473755     
   2.6483837572540298E-004   209.66029296739833     
   2.6716908555107582E-004   209.66028732199098     
   2.6952030678593025E-004   209.66028157678173     
   2.7189221994059951E-004   209.66027573000625     
   2.7428500711430061E-004   209.66026977986905     
   2.7669885200881422E-004   209.66026372454286     
   2.7913393994258859E-004   209.66025756216814     
   2.8159045786496672E-004   209.66025129085236     
   2.8406859437053907E-004   209.66024490866965     
   2.8656853971362244E-004   209.66023841366010     
   2.8909048582286673E-004   209.66023180382908     
   2.9163462631598967E-004   209.66022507714675     
   2.9420115651464137E-004   209.66021823154739     
   2.9679027345939994E-004   209.66021126492865     
   2.9940217592489904E-004   209.66020417515119     
   3.0203706443508813E-004   209.66019696003775     
   3.0469514127862737E-004   209.66018961737262     
   3.0737661052441823E-004   209.66018214490077     
   3.1008167803727018E-004   209.66017454032760     
   3.1281055149370591E-004   209.66016680131762     
   3.1556344039790482E-004   209.66015892549433     
   3.1834055609778779E-004   209.66015091043903     
   3.2114211180124286E-004   209.66014275369034     
   3.2396832259249373E-004   209.66013445274334     
   3.2681940544861267E-004   209.66012600504882     
   3.2969557925617831E-004   209.66011740801261     
   3.3259706482808058E-004   209.66010865899452     
   3.3552408492047275E-004   209.66009975530775     
   3.3847686424987343E-004   209.66009069421810     
   3.4145562951041889E-004   209.66008147294281     
   3.4446060939126666E-004   209.66007208865020     
   3.4749203459415314E-004   209.66006253845833     
   3.5055013785110475E-004   209.66005281943433     
   3.5363515394230626E-004   209.66004292859364     
   3.5674731971412500E-004   209.66003286289867     
   3.5988687409729445E-004   209.66002261925846     
   3.6305405812525778E-004   209.66001219452713     
   3.6624911495267273E-004   209.66000158550327     
   3.6947228987407941E-004   209.65999078892898     
   3.7272383034273195E-004   209.65997980148859     
   3.7600398598959696E-004   209.65996861980798     
   3.7931300864251774E-004   209.65995724045331     
   3.8265115234554852E-004   209.65994565992995     
   3.8601867337845772E-004   209.65993387468166     
   3.8941583027640378E-004   209.65992188108916     
   3.9284288384978320E-004   209.65990967546935     
   3.9630009720425456E-004   209.65989725407391     
   3.9978773576093696E-004   209.65988461308828     
   4.0330606727678812E-004   209.65987174863054     
   4.0685536186516042E-004   209.65985865675000     
   4.1043589201653855E-004   209.65984533342626     
   4.1404793261945938E-004   209.65983177456775     
   4.1769176098161592E-004   209.65981797601063     
   4.2136765685114750E-004   209.65980393351748     
   4.2507590243811633E-004   209.65978964277588     
   4.2881678243617412E-004   209.65977509939722     
   4.3259058404441868E-004   209.65976029891530     
   4.3639759698944322E-004   209.65974523678500     
   4.4023811354757946E-004   209.65972990838083     
   4.4411242856733665E-004   209.65971430899549     
   4.4802083949203799E-004   209.65969843383854     
   4.5196364638265638E-004   209.65968227803475     
   4.5594115194085082E-004   209.65966583662282     
   4.5995366153220611E-004   209.65964910455367     
   4.6400148320967645E-004   209.65963207668898     
   4.6808492773723568E-004   209.65961474779965     
   4.7220430861373569E-004   209.65959711256397     
   4.7635994209697458E-004   209.65957916556636     
   4.8055214722797696E-004   209.65956090129538     
   4.8478124585548749E-004   209.65954231414219     
   4.8904756266068058E-004   209.65952339839879     
   4.9335142518208653E-004   209.65950414825636     
   4.9769316384073862E-004   209.65948455780313     
   5.0207311196553950E-004   209.65946462102320     
   5.0649160581885306E-004   209.65944433179399     
   5.1094898462231923E-004   209.65942368388488     
   5.1544559058289781E-004   209.65940267095505     
   5.1998176891914080E-004   209.65938128655148     
   5.2455786788769491E-004   209.65935952410734     
   5.2917423881003998E-004   209.65933737693942     
   5.3383123609945966E-004   209.65931483824650     
   5.3852921728825135E-004   209.65929190110714     
   5.4326854305517512E-004   209.65926855847755     
   5.4804957725314405E-004   209.65924480318935     
   5.5287268693715813E-004   209.65922062794749     
   5.5773824239248478E-004   209.65919602532796     
   5.6264661716308635E-004   209.65917098777550     
   5.6759818808029840E-004   209.65914550760121     
   5.7259333529176043E-004   209.65911957698040     
   5.7763244229060032E-004   209.65909318794999     
   5.8271589594487746E-004   209.65906633240613     
   5.8784408652728264E-004   209.65903900210171     
   5.9301740774510107E-004   209.65901118864389     
   5.9823625677043893E-004   209.65898288349129     
   6.0350103427071441E-004   209.65895407795179     
   6.0881214443941933E-004   209.65892476317939     
   6.1416999502714967E-004   209.65889493017184     
   6.1957499737291030E-004   209.65886456976764     
   6.2502756643569425E-004   209.65883367264348     
   6.3052812082634079E-004   209.65880222931108     
   6.3607708283967346E-004   209.65877023011456     
   6.4167487848692097E-004   209.65873766522728     
   6.4732193752842313E-004   209.65870452464890     
   6.5301869350662550E-004   209.65867079820225     
   6.5876558377936313E-004   209.65863647553033     
   6.6456304955343824E-004   209.65860154609302     
   6.7041153591849317E-004   209.65856599916384     
   6.7631149188118094E-004   209.65852982382671     
   6.8226337039963740E-004   209.65849300897270     
   6.8826762841825580E-004   209.65845554329621     
   6.9432472690276797E-004   209.65841741529209     
   7.0043513087563402E-004   209.65837861325161     
   7.0659930945174399E-004   209.65833912525920     
   7.1281773587443282E-004   209.65829893918851     
   7.1909088755181278E-004   209.65825804269889     
   7.2541924609342606E-004   209.65821642323155     
   7.3180329734721862E-004   209.65817406800568     
   7.3824353143684101E-004   209.65813096401453     
   7.4474044279927612E-004   209.65808709802141     
   7.5129453022279959E-004   209.65804245655568     
   7.5790629688527204E-004   209.65799702590854     
   7.6457625039277031E-004   209.65795079212884     
   7.7130490281855852E-004   209.65790374101883     
   7.7809277074240043E-004   209.65785585812978     
   7.8494037529021972E-004   209.65780712875758     
   7.9184824217410786E-004   209.65775753793807     
   7.9881690173268531E-004   209.65770707044271     
   8.0584688897181688E-004   209.65765571077361     
   8.1293874360568595E-004   209.65760344315908     
   8.2009301009822947E-004   209.65755025154851     
   8.2731023770493933E-004   209.65749611960757     
   8.3459098051502927E-004   209.65744103071324     
   8.4193579749397487E-004   209.65738496794859     
   8.4934525252642658E-004   209.65732791409766     
   8.5681991445950105E-004   209.65726985164017     
   8.6436035714645325E-004   209.65721076274616     
   8.7196715949073341E-004   209.65715062927043     
   8.7964090549043047E-004   209.65708943274703     
   8.8738218428310834E-004   209.65702715438366     
   8.9519159019103508E-004   209.65696377505563     
   9.0306972276681130E-004   209.65689927530045     
   9.1101718683939961E-004   209.65683363531139     
   9.1903459256055899E-004   209.65676683493163     
   9.2712255545168883E-004   209.65669885364815     
   9.3528169645108327E-004   209.65662967058518     
   9.4351264196160364E-004   209.65655926449793     
   9.5181602389876878E-004   209.65648761376619     
   9.6019247973926926E-004   209.65641469638749     
   9.6864265256990873E-004   209.65634048997043     
   9.7716719113697553E-004   209.65626497172775     
   9.8576674989604859E-004   209.65618811846952     
   9.9444198906224290E-004   209.65610990659573     
   1.0031935746608958E-003   209.65603031208926     
   1.0120221785786994E-003   209.65594931050848     
   1.0209284786152841E-003   209.65586687697962     
   1.0299131585352556E-003   209.65578298618934     
   1.0389769081206887E-003   209.65569761237674     
   1.0481204232240847E-003   209.65561072932564     
   1.0573444058217941E-003   209.65552231035630     
   1.0666495640679098E-003   209.65543232831754     
   1.0760366123486332E-003   209.65534075557821     
   1.0855062713371216E-003   209.65524756401862     
   1.0950592680488147E-003   209.65515272502211     
   1.1046963358972513E-003   209.65505620946621     
   1.1144182147503753E-003   209.65495798771357     
   1.1242256509873374E-003   209.65485802960302     
   1.1341193975557971E-003   209.65475630444024     
   1.1441002140297289E-003   209.65465278098836     
   1.1541688666677377E-003   209.65454742745828     
   1.1643261284718857E-003   209.65444021149909     
   1.1745727792470389E-003   209.65433110018799     
   1.1849096056607360E-003   209.65422006002032     
   1.1953374013035814E-003   209.65410705689891     
   1.2058569667501736E-003   209.65399205612417     
   1.2164691096205661E-003   209.65387502238309     
   1.2271746446422724E-003   209.65375591973842     
   1.2379743937128147E-003   209.65363471161760     
   1.2488691859628227E-003   209.65351136080184     
   1.2598598578196900E-003   209.65338582941422     
   1.2709472530717878E-003   209.65325807890858     
   1.2821322229332466E-003   209.65312807005716     
   1.2934156261093057E-003   209.65299576293901     
   1.3047983288622382E-003   209.65286111692743     
   1.3162812050778586E-003   209.65272409067765     
   1.3278651363326113E-003   209.65258464211411     
   1.3395510119612543E-003   209.65244272841761     
   1.3513397291251340E-003   209.65229830601200     
   1.3632321928810651E-003   209.65215133055088     
   1.3752293162508137E-003   209.65200175690416     
   1.3873320202911924E-003   209.65184953914383     
   1.3995412341647731E-003   209.65169463053033     
   1.4118578952112234E-003   209.65153698349778     
   1.4242829490192653E-003   209.65137654963962     
   1.4368173494992750E-003   209.65121327969376     
   1.4494620589565153E-003   209.65104712352729     
   1.4622180481650158E-003   209.65087803012125     
   1.4750862964421005E-003   209.65070594755500     
   1.4880677917235761E-003   209.65053082299005     
   1.5011635306395764E-003   209.65035260265407     
   1.5143745185910774E-003   209.65017123182437     
   1.5277017698270858E-003   209.64998665481090     
   1.5411463075225048E-003   209.64979881493954     
   1.5547091638566885E-003   209.64960765453426     
   1.5683913800926825E-003   209.64941311489969     
   1.5821940066571677E-003   209.64921513630316     
   1.5961181032211043E-003   209.64901365795609     
   1.6101647387810841E-003   209.64880861799568     
   1.6243349917414033E-003   209.64859995346552     
   1.6386299499968537E-003   209.64838760029679     
   1.6530507110162438E-003   209.64817149328800     
   1.6675983819266552E-003   209.64795156608557     
   1.6822740795984403E-003   209.64772775116296     
   1.6970789307309672E-003   209.64749997980036     
   1.7120140719391211E-003   209.64726818206333     
   1.7270806498405652E-003   209.64703228678138     
   1.7422798211437700E-003   209.64679222152620     
   1.7576127527368171E-003   209.64654791258957     
   1.7730806217769860E-003   209.64629928496035     
   1.7886846157811277E-003   209.64604626230192     
   1.8044259327168329E-003   209.64578876692835     
   1.8203057810944052E-003   209.64552671978095     
   1.8363253800596428E-003   209.64526004040357     
   1.8524859594874334E-003   209.64498864691836     
   1.8687887600761786E-003   209.64471245600043     
   1.8852350334430438E-003   209.64443138285225     
   1.9018260422200505E-003   209.64414534117770     
   1.9185630601510119E-003   209.64385424315552     
   1.9354473721893222E-003   209.64355799941254     
   1.9524802745966060E-003   209.64325651899614     
   1.9696630750422372E-003   209.64294970934625     
   1.9869970927037330E-003   209.64263747626720     
   2.0044836583680298E-003   209.64231972389865     
   2.0221241145336540E-003   209.64199635468606     
   2.0399198155137879E-003   209.64166726935116     
   2.0578721275402458E-003   209.64133236686112     
   2.0759824288683637E-003   209.64099154439776     
   2.0942521098828116E-003   209.64064469732585     
   2.1126825732043393E-003   209.64029171916130     
   2.1312752337974577E-003   209.63993250153811     
   2.1500315190790716E-003   209.63956693417543     
   2.1689528690280670E-003   209.63919490484363     
   2.1880407362958624E-003   209.63881629932996     
   2.2072965863179335E-003   209.63843100140326     
   2.2267218974263187E-003   209.63803889277867     
   2.2463181609631163E-003   209.63763985308117     
   2.2660868813949792E-003   209.63723375980851     
   2.2860295764286164E-003   209.63682048829406     
   2.3061477771273149E-003   209.63639991166818     
   2.3264430280284807E-003   209.63597190081944     
   2.3469168872622200E-003   209.63553632435506     
   2.3675709266709616E-003   209.63509304856072     
   2.3884067319301316E-003   209.63464193735928     
   2.4094259026698909E-003   209.63418285226942     
   2.4306300525979434E-003   209.63371565236281     
   2.4520208096234265E-003   209.63324019422109     
   2.4735998159818905E-003   209.63275633189195     
   2.4953687283613760E-003   209.63226391684432     
   2.5173292180296061E-003   209.63176279792276     
   2.5394829709622941E-003   209.63125282130127     
   2.5618316879725796E-003   209.63073383043584     
   2.5843770848416069E-003   209.63020566601696     
   2.6071208924502501E-003   209.62966816592029     
   2.6300648569119985E-003   209.62912116515713     
   2.6532107397070110E-003   209.62856449582409     
   2.6765603178173507E-003   209.62799798705132     
   2.7001153838634101E-003   209.62742146495009     
   2.7238777462415343E-003   209.62683475255974     
   2.7478492292628593E-003   209.62623766979348     
   2.7720316732933684E-003   209.62563003338281     
   2.7964269348951846E-003   209.62501165682184     
   2.8210368869691022E-003   209.62438235030970     
   2.8458634188983788E-003   209.62374192069265     
   2.8709084366937859E-003   209.62309017140484     
   2.8961738631399403E-003   209.62242690240811     
   2.9216616379429249E-003   209.62175191013051     
   2.9473737178792006E-003   209.62106498740414     
   2.9733120769458395E-003   209.62036592340164     
   2.9994787065120722E-003   209.61965450357138     
   3.0258756154721727E-003   209.61893050957218     
   3.0525048303996841E-003   209.61819371920592     
   3.0793683957030110E-003   209.61744390634985     
   3.1064683737823703E-003   209.61668084088714     
   3.1338068451881290E-003   209.61590428863636     
   3.1613859087805366E-003   209.61511401127996     
   3.1892076818908592E-003   209.61430976629103     
   3.2172743004839342E-003   209.61349130685926     
   3.2455879193221552E-003   209.61265838181518     
   3.2741507121309002E-003   209.61181073555329     
   3.3029648717654144E-003   209.61094810795385     
   3.3320326103791638E-003   209.61007023430309     
   3.3613561595936671E-003   209.60917684521246     
   3.3909377706698280E-003   209.60826766653585     
   3.4207797146807665E-003   209.60734241928557     
   3.4508842826861804E-003   209.60640081954750     
   3.4812537859082366E-003   209.60544257839348     
   3.5118905559090082E-003   209.60446740179344     
   3.5427969447694792E-003   209.60347499052506     
   3.5739753252701191E-003   209.60246504008236     
   3.6054280910730488E-003   209.60143724058230     
   3.6371576569058104E-003   209.60039127667034     
   3.6691664587467534E-003   209.59932682742351     
   3.7014569540120513E-003   209.59824356625245     
   3.7340316217443666E-003   209.59714116080147     
   3.7668929628031727E-003   209.59601927284672     
   3.8000435000567555E-003   209.59487755819296     
   3.8334857785758988E-003   209.59371566656813     
   3.8672223658292805E-003   209.59253324151615     
   3.9012558518805832E-003   209.59132992028793     
   3.9355888495873409E-003   209.59010533373063     
   3.9702239948015390E-003   209.58885910617443     
   4.0051639465719753E-003   209.58759085531779     
   4.0404113873484006E-003   209.58630019211074     
   4.0759690231874663E-003   209.58498672063567     
   4.1118395839604685E-003   209.58365003798642     
   4.1480258235629336E-003   209.58228973414498     
   4.1845305201260443E-003   209.58090539185645     
   4.2213564762299208E-003   209.57949658650114     
   4.2585065191187892E-003   209.57806288596495     
   4.2959835009180325E-003   209.57660385050750     
   4.3337902988531615E-003   209.57511903262744     
   4.3719298154707067E-003   209.57360797692598     
   4.4104049788610562E-003   209.57207021996757     
   4.4492187428832536E-003   209.57050529013847     
   4.4883740873917768E-003   209.56891270750245     
   4.5278740184653086E-003   209.56729198365460     
   4.5677215686375228E-003   209.56564262157181     
   4.6079197971299057E-003   209.56396411546120     
   4.6484717900866163E-003   209.56225595060548     
   4.6893806608114220E-003   209.56051760320614     
   4.7306495500067164E-003   209.55874854022315     
   4.7722816260146418E-003   209.55694821921244     
   4.8142800850603318E-003   209.55511608816050     
   4.8566481514972946E-003   209.55325158531554     
   4.8993890780549589E-003   209.55135413901638     
   4.9425061460883959E-003   209.54942316751794     
   4.9860026658302345E-003   209.54745807881378     
   5.0298819766448075E-003   209.54545827045533     
   5.0741474472845161E-003   209.54342312936845     
   5.1188024761484631E-003   209.54135203166629     
   5.1638504915433618E-003   209.53924434245900     
   5.2092949519467312E-003   209.53709941566021     
   5.2551393462724194E-003   209.53491659379020     
   5.3013871941384573E-003   209.53269520777525     
   5.3480420461372710E-003   209.53043457674386     
   5.3951074841082688E-003   209.52813400781926     
   5.4425871214128334E-003   209.52579279590830     
   5.4904846032117318E-003   209.52341022348668     
   5.5388036067449643E-003   209.52098556038024     
   5.5875478416140744E-003   209.51851806354270     
   5.6367210500669531E-003   209.51600697682940     
   5.6863270072851383E-003   209.51345153076704     
   5.7363695216736494E-003   209.51085094231942     
   5.7868524351533694E-003   209.50820441464919     
   5.8377796234560016E-003   209.50551113687516     
   5.8891549964216212E-003   209.50277028382578     
   5.9409824982988493E-003   209.49998101578799     
   5.9932661080476591E-003   209.49714247825176     
   6.0460098396448577E-003   209.49425380165033     
   6.0992177423922524E-003   209.49131410109575     
   6.1528939012275219E-003   209.48832247610969     
   6.2070424370378402E-003   209.48527801035004     
   6.2616675069762416E-003   209.48217977133223     
   6.3167733047807774E-003   209.47902681014577     
   6.3723640610964926E-003   209.47581816116630     
   6.4284440438002136E-003   209.47255284176205     
   6.4850175583282144E-003   209.46922985199538     
   6.5420889480067562E-003   209.46584817431958     
   6.5996625943855374E-003   209.46240677326935     
   6.6577429175740796E-003   209.45890459514717     
   6.7163343765810736E-003   209.45534056770325     
   6.7754414696567103E-003   209.45171359981015     
   6.8350687346380272E-003   209.44802258113214     
   6.8952207492972914E-003   209.44426638178834     
   6.9559021316934495E-003   209.44044385201016     
   7.0171175405266701E-003   209.43655382179287     
   7.0788716754960077E-003   209.43259510054108     
   7.1411692776602144E-003   209.42856647670789     
   7.2040151298017226E-003   209.42446671742823     
   7.2674140567938359E-003   209.42029456814529     
   7.3313709259711516E-003   209.41604875223072     
   7.3958906475032381E-003   209.41172797059860     
   7.4609781747716078E-003   209.40733090131187     
   7.5266385047499983E-003   209.40285619918282     
   7.5928766783880117E-003   209.39830249536624     
   7.6596977809981178E-003   209.39366839694546     
   7.7271069426460776E-003   209.38895248651141     
   7.7951093385447883E-003   209.38415332173449     
   7.8637101894515997E-003   209.37926943492846     
   7.9329147620691345E-003   209.37429933260785     
   8.0027283694496243E-003   209.36924149503653     
   8.0731563714028093E-003   209.36409437576938     
   8.1442041749074309E-003   209.35885640118565     
   8.2158772345263444E-003   209.35352597001420     
   8.2881810528252706E-003   209.34810145285104     
   8.3611211807952598E-003   209.34258119166779     
   8.4347032182788551E-003   209.33696349931245     
   8.5089328144000026E-003   209.33124665900093     
   8.5838156679977559E-003   209.32542892380044     
   8.6593575280638005E-003   209.31950851610330     
   8.7355641941838126E-003   209.31348362709241     
   8.8124415169827212E-003   209.30735241619695     
   8.8899953985738661E-003   209.30111301053918     
   8.9682317930121335E-003   209.29476350437133     
   9.0471567067510594E-003   209.28830195850318     
   9.1267761991039743E-003   209.28172639971967     
   9.2070963827091783E-003   209.27503482018858     
   9.2881234239992495E-003   209.26822517685775     
   9.3698635436744396E-003   209.26129539084280     
   9.4523230171802679E-003   209.25424334680315     
   9.5355081751893091E-003   209.24706689230868     
   9.6194254040872125E-003   209.23976383719460     
   9.7040811464630065E-003   209.23233195290555     
   9.7894819016037145E-003   209.22476897182881     
   9.8756342259933329E-003   209.21707258661598     
   9.9625447338161817E-003   209.20924044949277     
   1.0050220097464712E-002   209.20127017155758     
   1.0138667048051751E-002   209.19315932206763     
   1.0227892375927271E-002   209.18490542771323     
   1.0317902931199724E-002   209.17650597187986     
   1.0408705624261928E-002   209.16795839389744     
   1.0500307426321600E-002   209.15926008827665     
   1.0592715369936570E-002   209.15040840393303     
   1.0685936549554683E-002   209.14140064339716     
   1.0779978122058463E-002   209.13223406201206     
   1.0874847307314570E-002   209.12290586711640     
   1.0970551388728097E-002   209.11341321721466     
   1.1067097713801729E-002   209.10375322113251     
   1.1164493694699846E-002   209.09392293715848     
   1.1262746808817564E-002   209.08391937217087     
   1.1361864599354817E-002   209.07373948075008     
   1.1461854675895453E-002   209.06338016427597     
   1.1562724714991458E-002   209.05283827000991     
   1.1664482460752305E-002   209.04211059016177     
   1.1767135725439489E-002   209.03119386094070     
   1.1870692390066311E-002   209.02008476159048     
   1.1975160405002915E-002   209.00877991340849     
   1.2080547790586673E-002   208.99727587874827     
   1.2186862637737919E-002   208.98556916000544     
   1.2294113108581133E-002   208.97365619858667     
   1.2402307437071552E-002   208.96153337386139     
   1.2511453929627334E-002   208.94919700209624     
   1.2621560965767258E-002   208.93664333537151     
   1.2732636998754047E-002   208.92386856047960     
   1.2844690556243358E-002   208.91086879780556     
   1.2957730240938464E-002   208.89764010018840     
   1.3071764731250725E-002   208.88417845176431     
   1.3186802781965851E-002   208.87047976678988     
   1.3302853224916023E-002   208.85653988844675     
   1.3419924969657968E-002   208.84235458762578     
   1.3538027004156945E-002   208.82791956169169     
   1.3657168395476793E-002   208.81323043322712     
   1.3777358290476036E-002   208.79828274875604     
   1.3898605916510119E-002   208.78307197744633     
   1.4020920582139818E-002   208.76759350979103     
   1.4144311677845883E-002   208.75184265626800     
   1.4268788676749982E-002   208.73581464597740     
   1.4394361135341982E-002   208.71950462525780     
   1.4521038694213626E-002   208.70290765627831     
   1.4648831078798672E-002   208.68601871560952     
   1.4777748100119547E-002   208.66883269276963     
   1.4907799655540574E-002   208.65134438874804     
   1.5038995729527816E-002   208.63354851450484     
   1.5171346394415615E-002   208.61543968944548     
   1.5304861811179892E-002   208.59701243987178     
   1.5439552230218210E-002   208.57826119740707     
   1.5575427992136754E-002   208.55918029739678     
   1.5712499528544199E-002   208.53976397728286     
   1.5850777362852581E-002   208.52000637495229     
   1.5990272111085207E-002   208.49990152705934     
   1.6130994482691695E-002   208.47944336732093     
   1.6272955281370155E-002   208.45862572478489     
   1.6416165405896632E-002   208.43744232207086     
   1.6560635850961836E-002   208.41588677358294     
   1.6706377708015235E-002   208.39395258369450     
   1.6853402166116600E-002   208.37163314490405     
   1.7001720512794999E-002   208.34892173596219     
   1.7151344134915383E-002   208.32581151996916     
   1.7302284519552812E-002   208.30229554244266     
   1.7454553254874317E-002   208.27836672935496     
   1.7608162031028596E-002   208.25401788514040     
   1.7763122641043474E-002   208.22924169067068     
   1.7919446981731313E-002   208.20403070119977     
   1.8077147054602356E-002   208.17837734427667     
   1.8236234966786124E-002   208.15227391762554     
   1.8396722931960919E-002   208.12571258699398     
   1.8558623271291496E-002   208.09868538396773     
   1.8721948414375023E-002   208.07118420375218     
   1.8886710900195312E-002   208.04320080292007     
   1.9052923378085482E-002   208.01472679712478     
   1.9220598608699110E-002   207.98575365877920     
   1.9389749464989885E-002   207.95627271469934     
   1.9560388933199897E-002   207.92627514371262     
   1.9732530113856665E-002   207.89575197423025     
   1.9906186222778875E-002   207.86469408178300     
   2.0081370592091006E-002   207.83309218652096     
   2.0258096671246895E-002   207.80093685067524     
   2.0436378028062273E-002   207.76821847598325     
   2.0616228349756419E-002   207.73492730107509     
   2.0797661444002979E-002   207.70105339882195     
   2.0980691239990003E-002   207.66658667364590     
   2.1165331789489348E-002   207.63151685879052     
   2.1351597267935483E-002   207.59583351355161     
   2.1539501975513756E-002   207.55952602046852     
   2.1729060338258291E-002   207.52258358247454     
   2.1920286909159509E-002   207.48499522000722     
   2.2113196369281399E-002   207.44674976807684     
   2.2307803528888646E-002   207.40783587329409     
   2.2504123328583647E-002   207.36824199085547     
   2.2702170840453555E-002   207.32795638148639     
   2.2901961269227406E-002   207.28696710834203     
   2.3103509953443443E-002   207.24526203386483     
   2.3306832366626694E-002   207.20282881659895     
   2.3511944118476923E-002   207.15965490796100     
   2.3718860956067046E-002   207.11572754896659     
   2.3927598765052072E-002   207.07103376691293     
   2.4138173570888700E-002   207.02556037201643     
   2.4350601540065641E-002   206.97929395400547     
   2.4564898981344771E-002   206.93222087866803     
   2.4781082347013216E-002   206.88432728435379     
   2.4999168234146420E-002   206.83559907843033     
   2.5219173385882390E-002   206.78602193369318     
   2.5441114692707073E-002   206.73558128472993     
   2.5665009193751146E-002   206.68426232423735     
   2.5890874078098130E-002   206.63204999929218     
   2.6118726686104037E-002   206.57892900757486     
   2.6348584510728686E-002   206.52488379354583     
   2.6580465198878658E-002   206.46989854457490     
   2.6814386552762113E-002   206.41395718702330     
   2.7050366531255528E-002   206.35704338227765     
   2.7288423251282463E-002   206.29914052273679     
   2.7528574989204420E-002   206.24023172775071     
   2.7770840182224012E-002   206.18029983951158     
   2.8015237429800437E-002   206.11932741889720     
   2.8261785495077411E-002   206.05729674126653     
   2.8510503306323667E-002   205.99418979220744     
   2.8761409958386146E-002   205.92998826323657     
   2.9014524714155984E-002   205.86467354745213     
   2.9269867006047352E-002   205.79822673513829     
   2.9527456437489365E-002   205.73062860932316     
   2.9787312784431089E-002   205.66185964128871     
   3.0049455996859820E-002   205.59189998603466     
   3.0313906200332679E-002   205.52072947769457     
   3.0580683697521746E-002   205.44832762490674     
   3.0849808969772734E-002   205.37467360613806     
   3.1121302678677409E-002   205.29974626496295     
   3.1395185667659864E-002   205.22352410529658     
   3.1671478963576721E-002   205.14598528658360     
   3.1950203778331424E-002   205.06710761894271     
   3.2231381510502755E-002   204.98686855826739     
   3.2515033746987651E-002   204.90524520128409     
   3.2801182264658536E-002   204.82221428056747     
   3.3089849032035150E-002   204.73775215951491     
   3.3381056210971184E-002   204.65183482727957     
   3.3674826158355681E-002   204.56443789366440     
   3.3971181427829483E-002   204.47553658397649     
   3.4270144771516693E-002   204.38510573384420     
   3.4571739141771494E-002   204.29311978399716     
   3.4875987692940189E-002   204.19955277501086     
   3.5182913783138925E-002   204.10437834201667     
   3.5492540976046892E-002   204.00756970937920     
   3.5804893042715440E-002   203.90909968534146     
   3.6119993963392993E-002   203.80894065664063     
   3.6437867929366152E-002   203.70706458309448     
   3.6758539344816904E-002   203.60344299216155     
   3.7082032828696210E-002   203.49804697347585     
   3.7408373216614069E-002   203.39084717335857     
   3.7737585562746270E-002   203.28181378930839     
   3.8069695141757807E-002   203.17091656447275     
   3.8404727450743359E-002   203.05812478210206     
   3.8742708211184758E-002   202.94340725998947     
   3.9083663370925684E-002   202.82673234489815     
   3.9427619106163832E-002   202.70806790697930     
   3.9774601823460445E-002   202.58738133418288     
   4.0124638161767714E-002   202.46463952666460     
   4.0477754994473883E-002   202.33980889119147     
   4.0833979431466418E-002   202.21285533554934     
   4.1193338821213323E-002   202.08374426295583     
   4.1555860752862758E-002   201.95244056648207     
   4.1921573058361167E-002   201.81890862348607     
   4.2290503814589979E-002   201.68311229006244     
   4.2662681345521224E-002   201.54501489551217     
   4.3038134224391969E-002   201.40457923683556     
   4.3416891275898067E-002   201.26176757325425     
   4.3798981578407045E-002   201.11654162076522     
   4.4184434466190581E-002   200.96886254673242     
   4.4573279531676578E-002   200.81869096452007     
   4.4965546627721058E-002   200.66598692817342     
   4.5361265869900080E-002   200.51070992715196     
   4.5760467638821800E-002   200.35281888112004     
   4.6163182582458856E-002   200.19227213480139     
   4.6569441618501371E-002   200.02902745290288     
   4.6979275936730534E-002   199.86304201511379     
   4.7392717001413183E-002   199.69427241118751     
   4.7809796553717400E-002   199.52267463611113     
   4.8230546614149369E-002   199.34820408537129     
   4.8654999485011723E-002   199.17081555032232     
   4.9083187752883464E-002   198.99046321366447     
   4.9515144291121728E-002   198.80710064504046     
   4.9950902262385626E-002   198.62068079675751     
   5.0390495121182183E-002   198.43115599964372     
   5.0833956616434792E-002   198.23847795904732     
   5.1281320794074201E-002   198.04259775098740     
   5.1732621999652340E-002   197.84346581846626     
   5.2187894880979122E-002   197.64103196795151     
   5.2647174390782474E-002   197.43524536603931     
   5.3110495789391775E-002   197.22605453630806     
   5.3577894647444883E-002   197.01340735637339     
   5.4049406848619010E-002   196.79725105515581     
   5.4525068592385637E-002   196.57753221037171     
   5.5004916396789644E-002   196.35419674625990     
   5.5488987101252940E-002   196.12718993155562     
   5.5977317869402715E-002   195.89645637772477     
   5.6469946191924615E-002   195.66194003747086     
   5.6966909889441024E-002   195.42358420352832     
   5.7468247115414664E-002   195.18133150775614     
   5.7973996359077788E-002   194.93512392054510     
   5.8484196448387073E-002   194.68490275055461     
   5.8998886553004566E-002   194.43060864479290     
   5.9518106187304937E-002   194.17218158905715     
   6.0041895213408997E-002   193.90956090874860     
   6.0570293844244165E-002   193.64268527008016     
   6.1103342646631649E-002   193.37149268169256     
   6.1641082544400927E-002   193.09592049669689     
   6.2183554821531595E-002   192.81590541516167     
   6.2730801125322866E-002   192.53138348706233     
   6.3282863469590958E-002   192.24229011571290     
   6.3839784237894631E-002   191.94856006169820     
   6.4401606186789112E-002   191.65012744732803     
   6.4968372449108650E-002   191.34692576163229     
   6.5540126537277935E-002   191.03888786591983     
   6.6116912346652706E-002   190.72594599992058     
   6.6698774158889723E-002   190.40803178853562     
   6.7285756645346459E-002   190.08507624921518     
   6.7877904870510569E-002   189.75700979999039     
   6.8475264295459679E-002   189.42376226818078     
   6.9077880781351630E-002   189.08526289980261     
   6.9685800592945282E-002   188.74144036970324     
   7.0299070402152455E-002   188.39222279244640     
   7.0917737291621097E-002   188.03753773397523     
   7.1541848758349957E-002   187.67731222407872     
   7.2171452717335022E-002   187.31147276968977     
   7.2806597505248163E-002   186.93994536904196     
   7.3447331884148120E-002   186.56265552671360     
   7.4093705045224056E-002   186.17952826958771     
   7.4745766612572068E-002   185.79048816375757     
   7.5403566647005149E-002   185.39545933240780     
   7.6067155649896370E-002   184.99436547470063     
   7.6736584567056121E-002   184.58712988569971     
   7.7411904792643260E-002   184.17367547736177     
   7.8093168173110974E-002   183.75392480062817     
   7.8780427011187038E-002   183.32780006864962     
   7.9473734069889349E-002   182.89522318117565     
   8.0173142576576678E-002   182.45611575014331     
   8.0878706227035108E-002   182.01039912649782     
   8.1590479189600440E-002   181.55799442828013     
   8.2308516109316818E-002   181.09882257001470     
   8.3032872112132061E-002   180.63280429343374     
   8.3763602809129853E-002   180.15986019957126     
   8.4500764300799086E-002   179.67991078226385     
   8.5244413181341031E-002   179.19287646309238     
   8.5994606543014052E-002   178.69867762780123     
   8.6751401980516993E-002   178.19723466423051     
   8.7514857595410694E-002   177.68846800179728     
   8.8285032000578745E-002   177.17229815256147     
   8.9061984324727339E-002   176.64864575391312     
   8.9845774216924801E-002   176.11743161291602     
   9.0636461851180988E-002   175.57857675234408     
   9.1434107931067099E-002   175.03200245844565     
   9.2238773694375997E-002   174.47763033047119     
   9.3050520917823704E-002   173.91538233199930     
   9.3869411921792156E-002   173.34518084409521     
   9.4695509575113732E-002   172.76694872033636     
   9.5528877299897896E-002   172.18060934373764     
   9.6369579076400341E-002   171.58608668560990     
   9.7217679447934899E-002   170.98330536638281     
   9.8073243525828774E-002   170.37219071842364     
   9.8936336994421337E-002   169.75266885088155     
   9.9807026116106867E-002   169.12466671658677     
  0.10068537773642187        168.48811218103157     
  0.10157145928917680        167.84293409346040     
  0.10246533880163339        167.18906236009261     
  0.10336708489972711        166.52642801950205     
  0.10427676681333600        165.85496332017433     
  0.10519445438159550        165.17460180026109     
  0.10612021805826027        164.48527836954912     
  0.10705412891711324        163.78692939365860     
  0.10799625865742199        163.07949278048378     
  0.10894667960944346        162.36290806888582     
  0.10990546473997698        161.63711651964488     
  0.11087268765796603        160.90206120867583     
  0.11184842262014957        160.15768712250869     
  0.11283274453676291        159.40394125603132     
  0.11382572897728878        158.64077271248797     
  0.11482745217625905        157.86813280572522     
  0.11583799103910754        157.08597516466938     
  0.11685742314807418        156.29425584001922     
  0.11788582676816142        155.49293341313000     
  0.11892328085314267        154.68196910706200     
  0.11996986505162402        153.86132689976051     
  0.12102565971315897        153.03097363933028     
  0.12209074589441718        152.19087916136036     
  0.12316520536540748        151.34101640825034     
  0.12424912061575552        150.48136155048306     
  0.12534257486103684        149.61189410978156     
  0.12644565204916558        148.73259708408261     
  0.12755843686683929        147.84345707425126     
  0.12868101474604088        146.94446441245350     
  0.12981347187059719        146.03561329209768     
  0.13095589518279577        145.11690189924678     
  0.13210837239005968        144.18833254539470     
  0.13327099197168110        143.24991180149331     
  0.13444384318561400        142.30165063310679     
  0.13562701607532707        141.34356453655988     
  0.13682060147671621        140.37567367594158     
  0.13802469102507867        139.39800302080977     
  0.13923937716214801        138.41058248443878     
  0.14046475314319115        137.41344706243748     
  0.14170091304416788        136.40663697155694     
  0.14294795176895334        135.39019778849575     
  0.14420596505662414        134.36418058850006     
  0.14547504948880852        133.32864208354431     
  0.14675530249710125        132.28364475986757     
  0.14804682237054376        131.22925701462833     
  0.14934970826316996        130.16555329142983     
  0.15066406020161888        129.09261421445458     
  0.15198997909281375        128.01052672093687     
  0.15332756673170914        126.91938419168810     
  0.15467692580910597        125.81928657937829     
  0.15603815991953543        124.71034053426560     
  0.15741137356921231        123.59265952705208     
  0.15879667218405813        122.46636396853322     
  0.16019416211779525        121.33158132569486     
  0.16160395066011171        120.18844623390153     
  0.16302614604489840        119.03710060480554     
  0.16446085745855843        117.87769372959718     
  0.16590819504838977        116.71038237720254     
  0.16736826993104145        115.53533088702684     
  0.16884119420104454        114.35271125582798     
  0.17032708093941790        113.16270321829636     
  0.17182604422234968        111.96549432090737     
  0.17333819912995554        110.76127998860152     
  0.17486366175511342        109.55026358384212     
  0.17640254921237661        108.33265645758897     
  0.17795497964696483        107.10867799172178     
  0.17952107224383468        105.87855563244003     
  0.18110094723682990        104.64252491416076     
  0.18269472591791192        103.40082947343130     
  0.18430253064647203        102.15372105237149     
  0.18592448485872520        100.90145949115757     
  0.18756071307718664        99.644312709059662     
  0.18921134092023179        98.382556673545679     
  0.19087649511174051        97.116475356966447     
  0.19255630349082606        95.846360680341775     
  0.19425089502164952        94.572512443772041     
  0.19596039980332108        93.295238243008384     
  0.19768494907988793        92.014853371723035     
  0.19942467525041033        90.731680709033867     
  0.20117971187912639        89.446050591850522     
  0.20295019370570611        88.158300671625511     
  0.20473625665559575        86.868775755111557     
  0.20653803785045341        85.577827628747755     
  0.20835567561867610        84.285814866320095     
  0.21018930950601974        82.993102619567395     
  0.21203908028631263        81.700062391432425     
  0.21390512997226280        80.407071791689845     
  0.21578760182636111        79.114514274715106     
  0.21768664037187971        77.822778859197356     
  0.21960239140396773        76.532259829637454     
  0.22153500200084425        75.243356419516914     
  0.22348462053509013        73.956472476067489     
  0.22545139668503894        72.672016106621555     
  0.22743548144626824        71.390399306574977     
  0.22943702714319197        70.112037569048013     
  0.23145618744075500        68.837349476389420     
  0.23349311735623021        67.566756273728245     
  0.23554797327112001        66.300681424841912     
  0.23762091294316193        65.039550150676121     
  0.23971209551844025        63.783788950919998     
  0.24182168154360431        62.533825109112527     
  0.24394983297819398        61.290086181829750     
  0.24609671320707385        60.052999472578222     
  0.24826248705297690        58.822991491098421     
  0.25044732078915832        57.600487398861802     
  0.25265138215216093        56.385910441625825     
  0.25487484035469282        55.179681369994618     
  0.25711786609861825        53.982217849015356     
  0.25938063158806318        52.793933857924763     
  0.26166331054263564        51.615239081244489     
  0.26396607821076296        50.446538292506332     
  0.26628911138314598        49.288230731973378     
  0.26863258840633197        48.140709479802979     
  0.27099668919640690        47.004360826179010     
  0.27338159525280770        45.879563640018318     
  0.27578748967225730        44.766688737930963     
  0.27821455716282084        43.666098255187684     
  0.28066298405808671        42.578145020513546     
  0.28313295833147184        41.503171936592864     
  0.28562466961065291        40.441511368227651     
  0.28813830919212485        39.393484540144755     
  0.29067407005588713        38.359400946494340     
  0.29323214688025950        37.339557774120884     
  0.29581273605682806        36.334239341720028     
  0.29841603570552278        35.343716557018766     
  0.30104224568982790        34.368246394130324     
  0.30369156763212601        33.408071393241102     
  0.30636420492917726        32.463419184781429     
  0.30906036276773480        31.534502040217170     
  0.31178024814029742        30.621516451571608     
  0.31452406986100134        29.724642741749207     
  0.31729203858165134        28.844044707682379     
  0.32008436680789293        27.979869298259210     
  0.32290126891552762        27.132246328914089     
  0.32574296116697071        26.301288234675326     
  0.32860966172785472        25.487089863360609     
  0.33150159068377860        24.689728310497149     
  0.33441897005720433        23.909262797413881     
  0.33736202382450231        23.145734593811902     
  0.34033097793314671        22.399166985964815     
  0.34332606031906221        21.669565291533232     
  0.34634750092412347        20.956916921798378     
  0.34939553171380805        20.261191491929395     
  0.35247038669500574        19.582340979695957     
  0.35557230193398359        18.920299932827504     
  0.35870151557450947        18.274985724998061     
  0.36185826785613534        17.646298860187279     
  0.36504280113264098        17.034123324932274     
  0.36825535989064040        16.438326987743377     
  0.37149619076835178        15.858762044711208     
  0.37476554257453260        15.295265510084690     
  0.37806366630758148        14.747659750350365     
  0.38139081517480838        14.215753060095270     
  0.38474724461187371        13.699340277690531     
  0.38813321230239911        13.198203438591531     
  0.39154897819775086        12.712112463816631     
  0.39499480453699659        12.240825880940905     
  0.39847095586703890        11.784091574725867     
  0.40197769906292496        11.341647564304562     
  0.40551530334833535        10.913222803653241     
  0.40908404031625362        10.498538001910152     
  0.41268418394981687        10.097306459949825     
  0.41631601064335055        9.7092349194891376     
  0.41997979922358808        9.3340244208920513     
  0.42367583097107714        8.9713711657538866     
  0.42740438964177468        8.6209673802856308     
  0.43116576148883146        8.2825021754845238     
  0.43496023528456906        7.9556624000705805     
  0.43878810234264920        7.6401334821909836     
  0.44264965654043936        7.3356002559445415     
  0.44654519434157441        7.0417477688591612     
  0.45047501481871710        6.7582620665645248     
  0.45443941967651880        6.4848309510408439     
  0.45843871327478247        6.2211447089918952     
  0.46247320265182884        5.9668968070854520     
  0.46654319754806928        5.7217845510255199     
  0.47064901042978535        5.4855097056676483     
  0.47479095651311759        5.2577790736581118     
  0.47896935378826594        5.0383050303688375     
  0.48318452304390269        4.8268060132099313     
  0.48743678789180039        4.6230069637275157     
  0.49172647479167692        4.4266397212342223     
  0.49605391307625823        4.2374433670693410     
  0.50041943497656272        4.0551645189424557     
  0.50482337564740731        3.8795575751749705     
  0.50926607319313866        3.7103849090146106     
  0.51374786869359046        3.5474170135554446     
  0.51826910623026901        3.3904325981464942     
  0.52283013291276914        3.2392186375121548     
  0.52743129890542384        3.0935703751339183     
  0.53207295745418670        2.9532912827522102     
  0.53675546491375170        2.8181929781358366     
  0.54147918077491231        2.6880951035323477     
  0.54624446769215984        2.5628251674524165     
  0.55105169151152666        2.4422183526528398     
  0.55590122129867203        2.3261172933642298     
  0.56079342936721777        2.2143718249587026     
  0.56572869130733083        2.1068387093694123     
  0.57070738601455928        2.0033813396557765     
  0.57572989571892086        1.9038694271563545     
  0.58079660601424832        1.8081786746846460     
  0.58590790588779229        1.7161904392027534     
  0.59106418775008551        1.6277913873542893     
  0.59626584746506894        1.5428731471527151     
  0.60151328438048379        1.4613319590059772     
  0.60680690135853055        1.3830683291150601     
  0.61214710480679835        1.3079866881150961     
  0.61753430470946546        1.2359950576358687     
  0.62296891465877557        1.1670047272465762     
  0.62845135188679058        1.1009299440209073     
  0.63398203729742231        1.0376876167159612     
  0.63956139549874758       0.97719703630563315     
  0.64518985483560576       0.91937961434933901     
  0.65086784742248427       0.86415864041342461     
  0.65659580917669391       0.81145905949894515     
  0.66237417985183533       0.76120727016862233     
  0.66820340307155990       0.71333094381076323     
  0.67408392636362879       0.66775886523164496     
  0.68001620119427053       0.62442079453278909     
  0.68600068300284167       0.58324735000798089     
  0.69203783123679252       0.54416991158887984     
  0.69812810938693981       0.50712054417919195     
  0.70427198502305099       0.47203194004705362     
  0.71046992982974055       0.43883737929450201     
  0.71672241964268280       0.40747070729234464     
  0.72302993448514363       0.37786632785878149     
  0.72939295860483311       0.34995921087081916     
  0.73581198051108265       0.32368491292863327     
  0.74228749301234931       0.29897960964405745     
  0.74881999325405046       0.27578013809460655     
  0.75540998275673144       0.25402404797293832     
  0.76205796745456844       0.23364965996725856     
  0.76876445773421065       0.21459612992967539     
  0.77552996847396438       0.19680351742549404     
  0.78235501908332239       0.18021285730547851     
  0.78924013354283951       0.16476623300366219     
  0.79618584044436080       0.15040685033384465     
  0.80319267303160391       0.13707911063692729     
  0.81026116924109648       0.12472868221722165     
  0.81739187174347661       0.11330256909730005     
  0.82458532798515416       0.10274917621651461     
  0.83184209023034084        9.3018370296569688E-002
  0.83916271560344879        8.4061535697314574E-002
  0.84654776613186311        7.5831624686013024E-002
  0.85399780878909004        6.8283201642703739E-002
  0.86151341553828553        6.1372480821909062E-002
  0.86909516337616677        5.5057357385998443E-002
  0.87674363437730984        4.9297431517199466E-002
  0.88445941573883746        4.4054025502869951E-002
  0.89224309982550010        3.9290193771616376E-002
  0.90009528421515317        3.4970725935643064E-002
  0.90801657174463579        3.1062142966920059E-002
  0.91600757055605175        2.7532686701013415E-002
  0.92406889414345850        2.4352302922443850E-002
  0.93220116139996789        2.1492618339032668E-002
  0.94040499666525912        1.8926911799708318E-002
  0.94868102977351287        1.6630080150608451E-002
  0.95702989610176414        1.4578599158014826E-002
  0.96545223661868307        1.2750479953733641E-002
  0.97394869793378369        1.1125221479102053E-002
  0.98251993234706680        9.6837594180050352E-003
  0.99116659789909789        8.4084121173505621E-003
  0.99988935842152848        7.2828239956265464E-003
   1.0086888835880592        6.2919069367688039E-003
   1.0175658489658532        5.4217801579508696E-003
   1.0265209360674028        4.6597090264646800E-003
   1.0355548324028487        3.9940432830220390E-003
   1.0446682315327649        3.4141551070309278E-003
   1.0538618331214042        2.9103774341777662E-003
   1.0631363429904135        2.4739429084764618E-003
   1.0724924731730230        2.0969238203493450E-003
   1.0819309419687095        1.7721733498054090E-003
   1.0914524739983447        1.4932683998990718E-003
   1.1010578002598246        1.2544542709032604E-003
   1.1107476581841915        1.0505913905100837E-003
   1.1205227916922493        8.7710428035824278E-004
   1.1303839512516758        7.2993290472526875E-004
   1.1403318939346383        6.0548651372838917E-004
   1.1503673834759174        5.0060006122455009E-004
   1.1604911903315402        4.1249324711866770E-004
   1.1707040917379319        3.3873220526382217E-004
   1.1810068717715860        2.7719383180320538E-004
   1.1914003214092592        2.2603272484620737E-004
   1.2018852385886998        1.8365068492461476E-004
   1.2124624282699048        1.4866870682455407E-004
   1.2231327024969219        1.1990137717184188E-004
   1.2338968804601911        9.6333578554556681E-005
   1.2447557885594365        7.7099389945647239E-005
   1.2557102604671133        6.1463064651533507E-005
   1.2667611371924088        4.8801960837421165E-005
   1.2779092671458114        3.8591295715497625E-005
   1.2891555062042450        3.0390592554279853E-005
   1.3005007177767773        2.3831689584083086E-005
   1.3119457728709065        1.8608181430534325E-005
   1.3234915501594315        1.4466166693559430E-005
   1.3351389360479096        1.1196179489357167E-005
   1.3468888247427102        8.6261879757778708E-006
   1.3587421183196642        6.6155488818360802E-006
   1.3706997267933194        5.0498136642409562E-006
   1.3827625681868065        3.8362889351420459E-006
   1.3949315686023174        2.9002610782554648E-006
   1.4072076622922047        2.1818023446300071E-006
   1.4195917917307088        1.6330830621047931E-006
   1.4320849076863129        1.2161217902548383E-006
   1.4446879692947372        9.0091221030586641E-007
   1.4574019441325750        6.6387218043187499E-007
   1.4702278082915761        4.8656665182380696E-007
   1.4831665464535848        3.5466198707115160E-007
   1.4962191519661365        2.5707462178715052E-007
   1.5093866269187208        1.8528194840927454E-007
   1.5226699822197147        1.3276777470055638E-007
   1.5360702376739934        9.4578725480836673E-008
   1.5495884220612230        6.6971529425580294E-008
   1.5632255732148446        4.7134284659458456E-008
   1.5769827381017514        3.2967553402790181E-008
   1.5908609729026670        2.2913526483251726E-008
   1.6048613430932324        1.5823554502831808E-008
   1.6189849235258063        1.0856096134760924E-008
   1.6332327985119834        7.3986176307358117E-009
   1.6476060619058426        5.0082225105901716E-009
   1.6621058171879235        3.3668264943436184E-009
   1.6767331775499448        2.2475480252628618E-009
   1.6914892659802685        1.4896850166243795E-009
   1.7063752153501137        9.8021713792709100E-010
   1.7213921685005316        6.4023097768890565E-010
   1.7365412783301448        4.1503126868313341E-010
   1.7518237078836587        2.6699115915972788E-010
   1.7672406304411532        1.7042214901188910E-010
   1.7827932296081566        1.0792160918977908E-010
   1.7984826994065179        6.7792721992293663E-011
   1.8143102443660732        4.2236508041179592E-011
   1.8302770796171222        2.6095168459364531E-011
   1.8463844309837174        1.5985828450756652E-011
   1.8626335350777747        9.7084025747870179E-012
   1.8790256393940115        5.8442862213936236E-012
   1.8955620024057211        3.4867319377066388E-012
   1.9122438936613899        2.0612949464828604E-012
   1.9290725938821640        1.2073303257908685E-012
   1.9460493950601745        7.0049514421191142E-013
   1.9631756005577277        4.0253587626830543E-013
   1.9804525252073686        2.2906071582265718E-013
   1.9978814954128248        1.2905296767932477E-013
