   3.8800019187216023E-006   4123584.8575816276     
   3.9141478712136633E-006   4087610.7486529816     
   3.9485943251219628E-006   4051950.4679839830     
   3.9833439250088757E-006   4016601.2778229676     
   4.0183993387102450E-006   3981560.4643016658     
   4.0537632575401962E-006   3946825.3372268537     
   4.0894383964977641E-006   3912393.2298738114     
   4.1254274944753307E-006   3878261.4987815958     
   4.1617333144688961E-006   3844427.5235500918     
   4.1983586437902025E-006   3810888.7066388363     
   4.2353062942807263E-006   3777642.4731675982     
   4.2725791025275543E-006   3744686.2707186909     
   4.3101799300811505E-006   3712017.5691410257     
   4.3481116636750535E-006   3679633.8603558536     
   4.3863772154474978E-006   3647532.6581642167     
   4.4249795231649829E-006   3615711.4980560793     
   4.4639215504478231E-006   3584167.9370211111     
   4.5032062869976689E-006   3552899.5533611341     
   4.5428367488270360E-006   3521903.9465042022     
   4.5828159784908553E-006   3491178.7368203006     
   4.6231470453200600E-006   3460721.5654386547     
   4.6638330456572252E-006   3430530.0940666292     
   4.7048771030942842E-006   3400602.0048102164     
   4.7462823687123413E-006   3370934.9999960735     
   4.7880520213235838E-006   3341526.8019951382     
   4.8301892677153321E-006   3312375.1530477535     
   4.8726973428962344E-006   3283477.8150903401     
   4.9155795103446319E-006   3254832.5695835711     
   4.9588390622591001E-006   3226437.2173420489     
   5.0024793198112043E-006   3198289.5783654680     
   5.0465036334004787E-006   3170387.4916712423     
   5.0909153829116429E-006   3142728.8151286100     
   5.1357179779740897E-006   3115311.4252941688     
   5.1809148582236490E-006   3088133.2172488547     
   5.2265094935666645E-006   3061192.1044363389     
   5.2725053844463863E-006   3034486.0185028398     
   5.3189060621117094E-006   3008012.9091383256     
   5.3657150888882824E-006   2981770.7439191071     
   5.4129360584519984E-006   2955757.5081518004     
   5.4605725961048872E-006   2929971.2047186578     
   5.5086283590534462E-006   2904409.8539242372     
   5.5571070366894173E-006   2879071.4933434147     
   5.6060123508730270E-006   2853954.1776707275     
   5.6553480562187307E-006   2829055.9785710229     
   5.7051179403834621E-006   2804374.9845314152     
   5.7553258243574262E-006   2779909.3007145338     
   5.8059755627574491E-006   2755657.0488130483     
   5.8570710441229060E-006   2731616.3669054685     
   5.9086161912142600E-006   2707785.4093131917     
   5.9606149613142227E-006   2684162.3464588155     
   6.0130713465315675E-006   2660745.3647256652     
   6.0659893741076170E-006   2637532.6663185605     
   6.1193731067254260E-006   2614522.4691257952     
   6.1732266428216867E-006   2591713.0065823146     
   6.2275541169013806E-006   2569102.5275340932     
   6.2823596998551931E-006   2546689.2961036949     
   6.3376475992797289E-006   2524471.5915570017     
   6.3934220598005445E-006   2502447.7081711059     
   6.4496873633980143E-006   2480615.9551033615     
   6.5064478297360799E-006   2458974.6562615675     
   6.5637078164938794E-006   2437522.1501752934     
   6.6214717197003011E-006   2416256.7898683213     
   6.6797439740714788E-006   2395176.9427321996     
   6.7385290533512648E-006   2374280.9904009062     
   6.7978314706546849E-006   2353567.3286266020     
   6.8576557788144305E-006   2333034.3671564655     
   6.9180065707303918E-006   2312680.5296106036     
   6.9788884797222697E-006   2292504.2533610282     
   7.0403061798852890E-006   2272503.9894116903     
   7.1022643864490443E-006   2252678.2022795584     
   7.1647678561395036E-006   2233025.3698767335     
   7.2278213875441952E-006   2213543.9833935928     
   7.2914298214806140E-006   2194232.5471829567     
   7.3555980413678600E-006   2175089.5786452591     
   7.4203309736015623E-006   2156113.6081147273     
   7.4856335879320835E-006   2137303.1787465499     
   7.5515108978460729E-006   2118656.8464050288     
   7.6179679609513624E-006   2100173.1795527115     
   7.6850098793652551E-006   2081850.7591404840     
   7.7526418001062325E-006   2063688.1784986276     
   7.8208689154891056E-006   2045684.0432288258     
   7.8896964635236464E-006   2027836.9710971094     
   7.9591297283167251E-006   2010145.5919277403     
   8.0291740404779900E-006   1992608.5474980162     
   8.0998347775291146E-006   1975224.4914339974     
   8.1711173643166416E-006   1957992.0891071432     
   8.2430272734284723E-006   1940910.0175318439     
   8.3155700256140138E-006   1923976.9652638538     
   8.3887511902080171E-006   1907191.6322996090     
   8.4625763855581611E-006   1890552.7299764173     
   8.5370512794563872E-006   1874058.9808735282     
   8.6121815895740269E-006   1857709.1187140599     
   8.6879730839007835E-006   1841501.8882677811     
   8.7644315811875352E-006   1825436.0452547462     
   8.8415629513930810E-006   1809510.3562497653     
   8.9193731161347773E-006   1793723.5985877123     
   8.9978680491431726E-006   1778074.5602696578     
   9.0770537767206217E-006   1762562.0398698151     
   9.1569363782039469E-006   1747184.8464433099     
   9.2375219864311686E-006   1731941.7994347427     
   9.3188167882123401E-006   1716831.7285875555     
   9.4008270248045318E-006   1701853.4738541883     
   9.4835589923909824E-006   1687005.8853070182     
   9.5670190425644969E-006   1672287.8230500726     
   9.6512135828150519E-006   1657698.1571315234     
   9.7361490770217432E-006   1643235.7674569280     
   9.8218320459490206E-006   1628899.5437032429     
   9.9082690677473145E-006   1614688.3852335783     
   9.9954667784580659E-006   1600601.2010126968     
   1.0083431872523188E-005   1586636.9095232554     
   1.0172171103299017E-005   1572794.4386827711     
   1.0261691283574805E-005   1559072.7257613132     
   1.0351999286095736E-005   1545470.7172999179     
   1.0443102044090591E-005   1531987.3690297059     
   1.0535006551804016E-005   1518621.6457917152     
   1.0627719865033502E-005   1505372.5214574253     
   1.0721249101671075E-005   1492238.9788499803     
   1.0815601442249769E-005   1479220.0096660950     
   1.0910784130494880E-005   1466314.6143986480     
   1.1006804473880113E-005   1453521.8022599407     
   1.1103669844188572E-005   1440840.5911056371     
   1.1201387678078743E-005   1428270.0073593582     
   1.1299965477655411E-005   1415809.0859379384     
   1.1399410811045625E-005   1403456.8701773318     
   1.1499731312979730E-005   1391212.4117591691     
   1.1600934685377504E-005   1379074.7706379497     
   1.1703028697939464E-005   1367043.0149688714     
   1.1806021188743365E-005   1355116.2210362912     
   1.1909920064845960E-005   1343293.4731828077     
   1.2014733302890041E-005   1331573.8637389638     
   1.2120468949716842E-005   1319956.4929535617     
   1.2227135122983808E-005   1308440.4689245860     
   1.2334740011787824E-005   1297024.9075307301     
   1.2443291877293908E-005   1285708.9323635197     
   1.2552799053369457E-005   1274491.6746600266     
   1.2663269947224056E-005   1263372.2732361727     
   1.2774713040054926E-005   1252349.8744206137     
   1.2887136887698056E-005   1241423.6319892001     
   1.3000550121285064E-005   1230592.7071000093     
   1.3114961447905829E-005   1219856.2682289453     
   1.3230379651276961E-005   1209213.4911059008     
   1.3346813592416161E-005   1198663.5586514755     
   1.3464272210322512E-005   1188205.6609142446     
   1.3582764522662737E-005   1177838.9950085776     
   1.3702299626463536E-005   1167562.7650529977     
   1.3822886698809972E-005   1157376.1821090812     
   1.3944534997550043E-005   1147278.4641208854     
   1.4067253862005423E-005   1137268.8358549094     
   1.4191052713688478E-005   1127346.5288405777     
   1.4315941057025584E-005   1117510.7813112403     
   1.4441928480086804E-005   1107760.8381456905     
   1.4569024655322010E-005   1098095.9508101929     
   1.4697239340303449E-005   1088515.3773010140     
   1.4826582378474882E-005   1079018.3820874577     
   1.4957063699907277E-005   1069604.2360553965     
   1.5088693322061181E-005   1060272.2164512940     
   1.5221481350555796E-005   1051021.6068267173     
   1.5355437979944810E-005   1041851.6969833339     
   1.5490573494499071E-005   1032761.7829183863     
   1.5626898268996145E-005   1023751.1667706429     
   1.5764422769516806E-005   1014819.1567668243     
   1.5903157554248572E-005   1005965.0671684894     
   1.6043113274296266E-005   997188.21821939282     
   1.6184300674499756E-005   988487.93609329488     
   1.6326730594258857E-005   979863.55284223263     
   1.6470413968365517E-005   971314.40634523553     
   1.6615361827843294E-005   962839.84025749809     
   1.6761585300794272E-005   954439.20395998412     
   1.6909095613253372E-005   946111.85250948067     
   1.7057904090050230E-005   937857.14658908255     
   1.7208022155678634E-005   929674.45245910937     
   1.7359461335173606E-005   921563.14190845261     
   1.7512233254996235E-005   913522.59220634436     
   1.7666349643926269E-005   905552.18605454988     
   1.7821822333962563E-005   897651.31153997395     
   1.7978663261231466E-005   889819.36208768480     
   1.8136884466903194E-005   882055.73641434242     
   1.8296498098116269E-005   874359.83848203905     
   1.8457516408910096E-005   866731.07745253714     
   1.8619951761165725E-005   859168.86764191091     
   1.8783816625554941E-005   851672.62847557932     
   1.8949123582497657E-005   844241.78444373596     
   1.9115885323127758E-005   836875.76505716308     
   1.9284114650267433E-005   829574.00480343506     
   1.9453824479410100E-005   822335.94310350146     
   1.9625027839711963E-005   815161.02426864929     
   1.9797737874992295E-005   808048.69745784230     
   1.9971967844742537E-005   800998.41663542925     
   2.0147731125144271E-005   794009.64052922558     
   2.0325041210096150E-005   787081.83258895553     
   2.0503911712249862E-005   780214.46094506129     
   2.0684356364055233E-005   773406.99836786941     
   2.0866389018814476E-005   766658.92222711327     
   2.1050023651745804E-005   759969.71445180883     
   2.1235274361056300E-005   753338.86149048281     
   2.1422155369024303E-005   746765.85427174217     
   2.1610681023091308E-005   740250.18816519435     
   2.1800865796963452E-005   733791.36294270353     
   2.1992724291722690E-005   727388.88273998734     
   2.2186271236947806E-005   721042.25601854629     
   2.2381521491845202E-005   714750.99552792939     
   2.2578490046389725E-005   708514.61826832395     
   2.2777192022475471E-005   702332.64545347588     
   2.2977642675076751E-005   696204.60247393057     
   2.3179857393419266E-005   690130.01886059565     
   2.3383851702161569E-005   684108.42824862315     
   2.3589641262586957E-005   678139.36834160378     
   2.3797241873805841E-005   672222.38087607455     
   2.4006669473968667E-005   666357.01158633840     
   2.4217940141489580E-005   660542.81016958703     
   2.4431070096280763E-005   654779.33025133016     
   2.4646075700997748E-005   649066.12935112661     
   2.4862973462295572E-005   643402.76884861267     
   2.5081780032096091E-005   637788.81394982873     
   2.5302512208866365E-005   632223.83365383861     
   2.5525186938908347E-005   626707.40071963985     
   2.5749821317659916E-005   621239.09163336293     
   2.5976432591007313E-005   615818.48657575762     
   2.6205038156609193E-005   610445.16938996199     
   2.6435655565232287E-005   605118.72754955175     
   2.6668302522098819E-005   599838.75212687044     
   2.6902996888245808E-005   594604.83776163415     
   2.7139756681896309E-005   589416.58262981114     
   2.7378600079842734E-005   584273.58841277170     
   2.7619545418842317E-005   579175.46026670933     
   2.7862611197024925E-005   574121.80679232627     
   2.8107816075313188E-005   569112.24000478454     
   2.8355178878855164E-005   564146.37530392024     
   2.8604718598469594E-005   559223.83144471538     
   2.8856454392103919E-005   554344.23050802888     
   2.9110405586305061E-005   549507.19787158270     
   2.9366591677703204E-005   544712.36218120088     
   2.9625032334508594E-005   539959.35532229906     
   2.9885747398021544E-005   535247.81239162409     
   3.0148756884155709E-005   530577.37166923855     
   3.0414080984974776E-005   525947.67459075025     
   3.0681740070242644E-005   521358.36571978492     
   3.0951754688987324E-005   516809.09272069723     
   3.1224145571078505E-005   512299.50633152155     
   3.1498933628819087E-005   507829.26033715799     
   3.1776139958550638E-005   503398.01154279237     
   3.2055785842273094E-005   499005.41974754719     
   3.2337892749278581E-005   494651.14771836513     
   3.2622482337799720E-005   490334.86116411671     
   3.2909576456672374E-005   486056.22870993713     
   3.3199197147013062E-005   481814.92187178484     
   3.3491366643911129E-005   477610.61503122293     
   3.3786107378135807E-005   473442.98541042022     
   3.4083441977858269E-005   469311.71304737148     
   3.4383393270388889E-005   465216.48077133141     
   3.4685984283929770E-005   461156.97417846578     
   3.4991238249342656E-005   457132.88160771335     
   3.5299178601932501E-005   453143.89411685814     
   3.5609828983246608E-005   449189.70545881108     
   3.5923213242889697E-005   445270.01205809956     
   3.6239355440354900E-005   441384.51298755943     
   3.6558279846870901E-005   437532.90994523291     
   3.6880010947265304E-005   433714.90723146644     
   3.7204573441844402E-005   429930.21172620932     
   3.7531992248289518E-005   426178.53286650975     
   3.7862292503569988E-005   422459.58262420737     
   3.8195499565873026E-005   418773.07548382063     
   3.8531639016550545E-005   415118.72842062643     
   3.8870736662083119E-005   411496.26087893196     
   3.9212818536061200E-005   407905.39475053566     
   3.9557910901183869E-005   404345.85435337480     
   3.9906040251275024E-005   400817.36641036207     
   4.0257233313317428E-005   397319.66002840432     
   4.0611517049504660E-005   393852.46667760547     
   4.0968918659311021E-005   390415.52017065021     
   4.1329465581579769E-005   387008.55664236890     
   4.1693185496629662E-005   383631.31452947925     
   4.2060106328380088E-005   380283.53455050488     
   4.2430256246494833E-005   376964.95968587010     
   4.2803663668544799E-005   373675.33515816776     
   4.3180357262189670E-005   370414.40841259866     
   4.3560365947378855E-005   367181.92909758235     
   4.3943718898571738E-005   363977.64904553705     
   4.4330445546977477E-005   360801.32225382695     
   4.4720575582814597E-005   357652.70486587560     
   4.5114138957590330E-005   354531.55515244440     
   4.5511165886400101E-005   351437.63349307468     
   4.5911686850247286E-005   348370.70235769049     
   4.6315732598383256E-005   345330.52628836356     
   4.6723334150668167E-005   342316.87188123557     
   4.7134522799952390E-005   339329.50776859967     
   4.7549330114479028E-005   336368.20460113743     
   4.7967787940307432E-005   333432.73503031093     
   4.8389928403758189E-005   330522.87369090848     
   4.8815783913879508E-005   327638.39718374313     
   4.9245387164935433E-005   324779.08405850019     
   4.9678771138915792E-005   321944.71479673788     
   5.0115969108068408E-005   319135.07179503230     
   5.0557014637453478E-005   316349.93934827263     
   5.1001941587520466E-005   313589.10363309988     
   5.1450784116707691E-005   310852.35269149189     
   5.1903576684064774E-005   308139.47641448962     
   5.2360354051898144E-005   305450.26652606728     
   5.2821151288439873E-005   302784.51656714216     
   5.3286003770540003E-005   300142.02187972324     
   5.3754947186382456E-005   297522.57959120057     
   5.4228017538225012E-005   294925.98859876877     
   5.4705251145163258E-005   292352.04955398815     
   5.5186684645918954E-005   289800.56484748027     
   5.5672355001652883E-005   287271.33859375661     
   5.6162299498802483E-005   284764.17661617987     
   5.6656555751944452E-005   282278.88643205666     
   5.7155161706682500E-005   279815.27723785979     
   5.7658155642560603E-005   277373.15989457973     
   5.8165576176001824E-005   274952.34691320342     
   5.8677462263273003E-005   272552.65244032093     
   5.9193853203475556E-005   270173.89224385656     
   5.9714788641562616E-005   267815.88369892444     
   6.0240308571382658E-005   265478.44577380817     
   6.0770453338749992E-005   263161.39901606255     
   6.1305263644542216E-005   260864.56553873603     
   6.1844780547824942E-005   258587.76900671434     
   6.2389045469004093E-005   256330.83462318222     
   6.2938100193005747E-005   254093.58911620383     
   6.3491986872484237E-005   251875.86072542041     
   6.4050748031058250E-005   249677.47918886322     
   6.4614426566575589E-005   247498.27572988218     
   6.5183065754406439E-005   245338.08304418874     
   6.5756709250765877E-005   243196.73528701079     
   6.6335401096065440E-005   241074.06806036073     
   6.6919185718294260E-005   238969.91840041379     
   6.7508107936429954E-005   236884.12476499678     
   6.8102212963879448E-005   234816.52702118648     
   6.8701546411950264E-005   232766.96643301510     
   6.9306154293352146E-005   230735.28564928408     
   6.9916083025729656E-005   228721.32869148336     
   7.0531379435225785E-005   226724.94094181666     
   7.1152090760076930E-005   224745.96913133111     
   7.1778264654239553E-005   222784.26132814994     
   7.2409949191048681E-005   220839.66692580865     
   7.3047192866908676E-005   218912.03663169197     
   7.3690044605016493E-005   217001.22245557269     
   7.4338553759117559E-005   215107.07769824949     
   7.4992770117294943E-005   213229.45694028487     
   7.5652743905791636E-005   211368.21603084062     
   7.6318525792866640E-005   209523.21207661083     
   7.6990166892684954E-005   207694.30343085146     
   7.7667718769241636E-005   205881.34968250623     
   7.8351233440320713E-005   204084.21164542588     
   7.9040763381488626E-005   202302.75134768331     
   7.9736361530122988E-005   200536.83202098057     
   8.0438081289476701E-005   198786.31809014888     
   8.1145976532778004E-005   197051.07516273993     
   8.1860101607366366E-005   195330.97001870832     
   8.2580511338864980E-005   193625.87060018384     
   8.3307261035389871E-005   191935.64600133293     
   8.4040406491796063E-005   190260.16645830852     
   8.4780003993961166E-005   188599.30333928784     
   8.5526110323106561E-005   186952.92913459681     
   8.6278782760156717E-005   185320.91744692088     
   8.7038079090136827E-005   183703.14298160083     
   8.7804057606609100E-005   182099.48153701381     
   8.8576777116148220E-005   180509.80999503788     
   8.9356296942856022E-005   178934.00631159975     
   9.0142676932916031E-005   177371.94950730525     
   9.0935977459188103E-005   175823.51965815105     
   9.1736259425843306E-005   174288.59788631834     
   9.2543584273039833E-005   172767.06635104536     
   9.3358013981639912E-005   171258.80823958103     
   9.4179611077968277E-005   169763.70775821680     
   9.5008438638612515E-005   168281.65012339642     
   9.5844560295265654E-005   166812.52155290413     
   9.6688040239611346E-005   165356.20925712888     
   9.7538943228252137E-005   163912.60143040528     
   9.8397334587680898E-005   162481.58724242993     
   9.9263280219296282E-005   161063.05682975260     
   1.0013684660446212E-004   159656.90128734169     
   1.0101810080961139E-004   158263.01266022309     
   1.0190711049139517E-004   156881.28393519248     
   1.0280394390187678E-004   155511.60903259920     
   1.0370866989377178E-004   154153.88279820254     
   1.0462135792573395E-004   152808.00099509844     
   1.0554207806768789E-004   151473.86029571708     
   1.0647090100620849E-004   150151.35827388990     
   1.0740789804994776E-004   148840.39339698624     
   1.0835314113510942E-004   147540.86501811826     
   1.0930670283097164E-004   146252.67336841399     
   1.1026865634545854E-004   144975.71954935760     
   1.1123907553076035E-004   143709.90552519698     
   1.1221803488900354E-004   142455.13411541691     
   1.1320560957797039E-004   141211.30898727832     
   1.1420187541686916E-004   139978.33464842272     
   1.1520690889215504E-004   138756.11643954046     
   1.1622078716340206E-004   137544.56052710410     
   1.1724358806922711E-004   136343.57389616387     
   1.1827539013326565E-004   135153.06434320708     
   1.1931627257020037E-004   133972.94046907910     
   1.2036631529184266E-004   132803.11167196656     
   1.2142559891326773E-004   131643.48814044130     
   1.2249420475900363E-004   130493.98084656571     
   1.2357221486927484E-004   129354.50153905724     
   1.2465971200630076E-004   128224.96273651339     
   1.2575677966064966E-004   127105.27772069546     
   1.2686350205764831E-004   125995.36052987092     
   1.2797996416384855E-004   124895.12595221370     
   1.2910625169355010E-004   123804.48951926245     
   1.3024245111538144E-004   122723.36749943547     
   1.3138864965893797E-004   121651.67689160237     
   1.3254493532147913E-004   120589.33541871200     
   1.3371139687468414E-004   119536.26152147546     
   1.3488812387146726E-004   118492.37435210485     
   1.3607520665285305E-004   117457.59376810619     
   1.3727273635491218E-004   116431.84032612658     
   1.3848080491575822E-004   115415.03527585517     
   1.3969950508260599E-004   114407.10055397726     
   1.4092893041889209E-004   113407.95877818107     
   1.4216917531145799E-004   112417.53324121692     
   1.4342033497779648E-004   111435.74790500806     
   1.4468250547336174E-004   110462.52739481325     
   1.4595578369894403E-004   109497.79699343958     
   1.4724026740810871E-004   108541.48263550660     
   1.4853605521470136E-004   107593.51090175999     
   1.4984324660041856E-004   106653.80901343469     
   1.5116194192244556E-004   105722.30482666772     
   1.5249224242116076E-004   104798.92682695945     
   1.5383425022790853E-004   103883.60412368301     
   1.5518806837283992E-004   102976.26644464197     
   1.5655380079282271E-004   102076.84413067534     
   1.5793155233942102E-004   101185.26813030944     
   1.5932142878694505E-004   100301.46999445683     
   1.6072353684057166E-004   99425.381871161022     
   1.6213798414453645E-004   98556.936500387485     
   1.6356487929039808E-004   97696.067208859677     
   1.6500433182537507E-004   96842.707904940646     
   1.6645645226075616E-004   95996.793073558511     
   1.6792135208038443E-004   95158.257771177086     
   1.6939914374921653E-004   94327.037620809715     
   1.7088994072195674E-004   93503.068807076983     
   1.7239385745176740E-004   92686.288071307295     
   1.7391100939905576E-004   91876.632706680350     
   1.7544151304033822E-004   91074.040553413055     
   1.7698548587718267E-004   90278.449993987058     
   1.7854304644522942E-004   89489.799948418527     
   1.8011431432329148E-004   88708.029869568520     
   1.8169941014253518E-004   87933.079738494867     
   1.8329845559574118E-004   87164.890059844023     
   1.8491157344664738E-004   86403.401857283796     
   1.8653888753937379E-004   85648.556668975187     
   1.8818052280793055E-004   84900.296543084318     
   1.8983660528580927E-004   84158.564033333256     
   1.9150726211565922E-004   83423.302194589618     
   1.9319262155904847E-004   82694.454578494711     
   1.9489281300631077E-004   81971.965229129913     
   1.9660796698647942E-004   81255.778678720642     
   1.9833821517730837E-004   80545.839943378014     
   2.0008369041538140E-004   79842.094518877508     
   2.0184452670631053E-004   79144.488376474532     
   2.0362085923502401E-004   78452.967958756461     
   2.0541282437614499E-004   77767.480175530756     
   2.0722055970446120E-004   77087.972399749342     
   2.0904420400548723E-004   76414.392463467928     
   2.1088389728611933E-004   75746.688653841178     
   2.1273978078538441E-004   75084.809709152381     
   2.1461199698528320E-004   74428.704814878030     
   2.1650068962172916E-004   73778.323599786570     
   2.1840600369558340E-004   73133.616132071271     
   2.2032808548378709E-004   72494.532915516815     
   2.2226708255059131E-004   71861.024885699313     
   2.2422314375888626E-004   71233.043406219469     
   2.2619641928162980E-004   70610.540264968513     
   2.2818706061337671E-004   69993.467670427024     
   2.3019522058190952E-004   69381.778247995608     
   2.3222105335997137E-004   68775.425036357992     
   2.3426471447710260E-004   68174.361483875458     
   2.3632636083158087E-004   67578.541445013063     
   2.3840615070246717E-004   66987.919176796931     
   2.4050424376175709E-004   66402.449335302270     
   2.4262080108663944E-004   65822.086972172299     
   2.4475598517186264E-004   65246.787531167422     
   2.4690995994221005E-004   64676.506844744399     
   2.4908289076508477E-004   64111.201130665577     
   2.5127494446320557E-004   63550.826988637564     
   2.5348628932741449E-004   62995.341396979195     
   2.5571709512959672E-004   62444.701709318761     
   2.5796753313571494E-004   61898.865651319677     
   2.6023777611895770E-004   61357.791317435185     
   2.6252799837300371E-004   60821.437167691052     
   2.6483837572540298E-004   60289.762024496369     
   2.6716908555107582E-004   59762.725069482243     
   2.6952030678593025E-004   59240.285840368058     
   2.7189221994059951E-004   58722.404227855070     
   2.7428500711430061E-004   58209.040472547051     
   2.7669885200881422E-004   57700.155161897907     
   2.7913393994258859E-004   57195.709227185755     
   2.8159045786496672E-004   56695.663940513550     
   2.8406859437053907E-004   56199.980911835803     
   2.8656853971362244E-004   55708.622086011346     
   2.8909048582286673E-004   55221.549739881550     
   2.9163462631598967E-004   54738.726479374352     
   2.9420115651464137E-004   54260.115236633348     
   2.9679027345939994E-004   53785.679267171909     
   2.9940217592489904E-004   53315.382147052303     
   3.0203706443508813E-004   52849.187770089229     
   3.0469514127862737E-004   52387.060345077887     
   3.0737661052441823E-004   51928.964393046153     
   3.1008167803727018E-004   51474.864744530714     
   3.1281055149370591E-004   51024.726536877060     
   3.1556344039790482E-004   50578.515211562961     
   3.1834055609778779E-004   50136.196511545233     
   3.2114211180124286E-004   49697.736478629769     
   3.2396832259249373E-004   49263.101450864517     
   3.2681940544861267E-004   48832.258059955013     
   3.2969557925617831E-004   48405.173228702712     
   3.3259706482808058E-004   47981.814168465462     
   3.3552408492047275E-004   47562.148376640333     
   3.3847686424987343E-004   47146.143634168133     
   3.4145562951041889E-004   46733.768003059966     
   3.4446060939126666E-004   46324.989823945223     
   3.4749203459415314E-004   45919.777713640979     
   3.5055013785110475E-004   45518.100562742642     
   3.5363515394230626E-004   45119.927533235517     
   3.5674731971412500E-004   44725.228056127358     
   3.5988687409729445E-004   44333.971829101436     
   3.6305405812525778E-004   43946.128814190160     
   3.6624911495267273E-004   43561.669235468973     
   3.6947228987407941E-004   43180.563576770292     
   3.7272383034273195E-004   42802.782579417602     
   3.7600398598959696E-004   42428.297239979009     
   3.7931300864251774E-004   42057.078808040700     
   3.8265115234554852E-004   41689.098783999572     
   3.8601867337845772E-004   41324.328916875318     
   3.8941583027640378E-004   40962.741202141427     
   3.9284288384978320E-004   40604.307879575281     
   3.9630009720425456E-004   40249.001431126810     
   3.9978773576093696E-004   39896.794578805966     
   4.0330606727678812E-004   39547.660282588375     
   4.0685536186516042E-004   39201.571738339509     
   4.1043589201653855E-004   38858.502375756776     
   4.1404793261945938E-004   38518.425856329646     
   4.1769176098161592E-004   38181.316071317589     
   4.2136765685114750E-004   37847.147139745597     
   4.2507590243811633E-004   37515.893406417250     
   4.2881678243617412E-004   37187.529439945029     
   4.3259058404441868E-004   36862.030030797963     
   4.3639759698944322E-004   36539.370189366084     
   4.4023811354757946E-004   36219.525144042047     
   4.4411242856733665E-004   35902.470339319196     
   4.4802083949203799E-004   35588.181433906488     
   4.5196364638265638E-004   35276.634298859637     
   4.5594115194085082E-004   34967.805015728678     
   4.5995366153220611E-004   34661.669874721752     
   4.6400148320967645E-004   34358.205372884710     
   4.6808492773723568E-004   34057.388212296813     
   4.7220430861373569E-004   33759.195298282037     
   4.7635994209697458E-004   33463.603737636018     
   4.8055214722797696E-004   33170.590836868505     
   4.8478124585548749E-004   32880.134100461059     
   4.8904756266068058E-004   32592.211229140048     
   4.9335142518208653E-004   32306.800118164632     
   4.9769316384073862E-004   32023.878855629730     
   5.0207311196553950E-004   31743.425720783765     
   5.0649160581885306E-004   31465.419182361085     
   5.1094898462231923E-004   31189.837896928999     
   5.1544559058289781E-004   30916.660707249084     
   5.1998176891914080E-004   30645.866640652926     
   5.2455786788769491E-004   30377.434907432023     
   5.2917423881003998E-004   30111.344899241605     
   5.3383123609945966E-004   29847.576187518534     
   5.3852921728825135E-004   29586.108521912920     
   5.4326854305517512E-004   29326.921828733448     
   5.4804957725314405E-004   29069.996209406228     
   5.5287268693715813E-004   28815.311938947172     
   5.5773824239248478E-004   28562.849464447576     
   5.6264661716308635E-004   28312.589403573045     
   5.6759818808029840E-004   28064.512543075431     
   5.7259333529176043E-004   27818.599837317754     
   5.7763244229060032E-004   27574.832406812027     
   5.8271589594487746E-004   27333.191536769831     
   5.8784408652728264E-004   27093.658675665476     
   5.9301740774510107E-004   26856.215433811816     
   5.9823625677043893E-004   26620.843581948324     
   6.0350103427071441E-004   26387.525049841672     
   6.0881214443941933E-004   26156.241924898368     
   6.1416999502714967E-004   25926.976450789523     
   6.1957499737291030E-004   25699.711026087713     
   6.2502756643569425E-004   25474.428202915627     
   6.3052812082634079E-004   25251.110685606534     
   6.3607708283967346E-004   25029.741329376440     
   6.4167487848692097E-004   24810.303139007858     
   6.4732193752842313E-004   24592.779267545000     
   6.5301869350662550E-004   24377.153015000393     
   6.5876558377936313E-004   24163.407827072780     
   6.6456304955343824E-004   23951.527293876192     
   6.7041153591849317E-004   23741.495148680115     
   6.7631149188118094E-004   23533.295266660618     
   6.8226337039963740E-004   23326.911663662420     
   6.8826762841825580E-004   23122.328494971738     
   6.9432472690276797E-004   22919.530054099851     
   7.0043513087563402E-004   22718.500771577230     
   7.0659930945174399E-004   22519.225213758247     
   7.1281773587443282E-004   22321.688081636286     
   7.1909088755181278E-004   22125.874209669200     
   7.2541924609342606E-004   21931.768564614948     
   7.3180329734721862E-004   21739.356244377555     
   7.3824353143684101E-004   21548.622476862918     
   7.4474044279927612E-004   21359.552618844784     
   7.5129453022279959E-004   21172.132154840499     
   7.5790629688527204E-004   20986.346695996657     
   7.6457625039277031E-004   20802.181978984372     
   7.7130490281855852E-004   20619.623864904275     
   7.7809277074240043E-004   20438.658338201010     
   7.8494037529021972E-004   20259.271505587236     
   7.9184824217410786E-004   20081.449594976966     
   7.9881690173268531E-004   19905.178954428273     
   8.0584688897181688E-004   19730.446051095169     
   8.1293874360568595E-004   19557.237470188647     
   8.2009301009822947E-004   19385.539913946814     
   8.2731023770493933E-004   19215.340200613948     
   8.3459098051502927E-004   19046.625263428505     
   8.4193579749397487E-004   18879.382149619956     
   8.4934525252642658E-004   18713.598019414338     
   8.5681991445950105E-004   18549.260145048549     
   8.6436035714645325E-004   18386.355909793154     
   8.7196715949073341E-004   18224.872806983774     
   8.7964090549043047E-004   18064.798439060938     
   8.8738218428310834E-004   17906.120516618241     
   8.9519159019103508E-004   17748.826857458884     
   9.0306972276681130E-004   17592.905385660400     
   9.1101718683939961E-004   17438.344130647540     
   9.1903459256055899E-004   17285.131226273272     
   9.2712255545168883E-004   17133.254909907755     
   9.3528169645108327E-004   16982.703521535343     
   9.4351264196160364E-004   16833.465502859322     
   9.5181602389876878E-004   16685.529396414622     
   9.6019247973926926E-004   16538.883844688178     
   9.6864265256990873E-004   16393.517589246945     
   9.7716719113697553E-004   16249.419469873588     
   9.8576674989604859E-004   16106.578423709674     
   9.9444198906224290E-004   15964.983484406330     
   1.0031935746608958E-003   15824.623781282336     
   1.0120221785786994E-003   15685.488538489553     
   1.0209284786152841E-003   15547.567074185617     
   1.0299131585352556E-003   15410.848799713873     
   1.0389769081206887E-003   15275.323218790445     
   1.0481204232240847E-003   15140.979926698417     
   1.0573444058217941E-003   15007.808609489026     
   1.0666495640679098E-003   14875.799043189805     
   1.0760366123486332E-003   14744.941093019721     
   1.0855062713371216E-003   14615.224712611027     
   1.0950592680488147E-003   14486.639943238037     
   1.1046963358972513E-003   14359.176913052510     
   1.1144182147503753E-003   14232.825836325796     
   1.1242256509873374E-003   14107.577012697540     
   1.1341193975557971E-003   13983.420826430982     
   1.1441002140297289E-003   13860.347745674688     
   1.1541688666677377E-003   13738.348321730795     
   1.1643261284718857E-003   13617.413188329605     
   1.1745727792470389E-003   13497.533060910504     
   1.1849096056607360E-003   13378.698735909134     
   1.1953374013035814E-003   13260.901090050869     
   1.2058569667501736E-003   13144.131079650337     
   1.2164691096205661E-003   13028.379739917144     
   1.2271746446422724E-003   12913.638184267613     
   1.2379743937128147E-003   12799.897603642528     
   1.2488691859628227E-003   12687.149265830853     
   1.2598598578196900E-003   12575.384514799331     
   1.2709472530717878E-003   12464.594770027918     
   1.2821322229332466E-003   12354.771525851067     
   1.2934156261093057E-003   12245.906350804697     
   1.3047983288622382E-003   12137.990886978903     
   1.3162812050778586E-003   12031.016849376276     
   1.3278651363326113E-003   11924.976025275866     
   1.3395510119612543E-003   11819.860273602648     
   1.3513397291251340E-003   11715.661524302532     
   1.3632321928810651E-003   11612.371777722779     
   1.3752293162508137E-003   11509.983103997864     
   1.3873320202911924E-003   11408.487642440670     
   1.3995412341647731E-003   11307.877600939011     
   1.4118578952112234E-003   11208.145255357393     
   1.4242829490192653E-003   11109.282948944037     
   1.4368173494992750E-003   11011.283091743033     
   1.4494620589565153E-003   10914.138160011640     
   1.4622180481650158E-003   10817.840695642677     
   1.4750862964421005E-003   10722.383305591942     
   1.4880677917235761E-003   10627.758661310627     
   1.5011635306395764E-003   10533.959498182676     
   1.5143745185910774E-003   10440.978614967096     
   1.5277017698270858E-003   10348.808873245054     
   1.5411463075225048E-003   10257.443196871893     
   1.5547091638566885E-003   10166.874571433820     
   1.5683913800926825E-003   10077.096043709456     
   1.5821940066571677E-003   9988.1007211359647     
   1.5961181032211043E-003   9899.8817712799337     
   1.6101647387810841E-003   9812.4324213128075     
   1.6243349917414033E-003   9725.7459574909353     
   1.6386299499968537E-003   9639.8157246401352     
   1.6530507110162438E-003   9554.6351256447615     
   1.6675983819266552E-003   9470.1976209412351     
   1.6822740795984403E-003   9386.4967280159653     
   1.6970789307309672E-003   9303.5260209077096     
   1.7120140719391211E-003   9221.2791297141994     
   1.7270806498405652E-003   9139.7497401031269     
   1.7422798211437700E-003   9058.9315928273918     
   1.7576127527368171E-003   8978.8184832445440     
   1.7730806217769860E-003   8899.4042608404452     
   1.7886846157811277E-003   8820.6828287570843     
   1.8044259327168329E-003   8742.6481433245135     
   1.8203057810944052E-003   8665.2942135968624     
   1.8363253800596428E-003   8588.6151008923844     
   1.8524859594874334E-003   8512.6049183375526     
   1.8687887600761786E-003   8437.2578304150993     
   1.8852350334430438E-003   8362.5680525160315     
   1.9018260422200505E-003   8288.5298504955063     
   1.9185630601510119E-003   8215.1375402326266     
   1.9354473721893222E-003   8142.3854871940712     
   1.9524802745966060E-003   8070.2681060014993     
   1.9696630750422372E-003   7998.7798600027645     
   1.9869970927037330E-003   7927.9152608468530     
   2.0044836583680298E-003   7857.6688680625311     
   2.0221241145336540E-003   7788.0352886406790     
   2.0399198155137879E-003   7719.0091766202540     
   2.0578721275402458E-003   7650.5852326778731     
   2.0759824288683637E-003   7582.7582037209759     
   2.0942521098828116E-003   7515.5228824845435     
   2.1126825732043393E-003   7448.8741071313116     
   2.1312752337974577E-003   7382.8067608555139     
   2.1500315190790716E-003   7317.3157714900362     
   2.1689528690280670E-003   7252.3961111170356     
   2.1880407362958624E-003   7188.0427956819267     
   2.2072965863179335E-003   7124.2508846107576     
   2.2267218974263187E-003   7061.0154804309204     
   2.2463181609631163E-003   6998.3317283951519     
   2.2660868813949792E-003   6936.1948161088503     
   2.2860295764286164E-003   6874.5999731606007     
   2.3061477771273149E-003   6813.5424707559623     
   2.3264430280284807E-003   6753.0176213544291     
   2.3469168872622200E-003   6693.0207783095639     
   2.3675709266709616E-003   6633.5473355122695     
   2.3884067319301316E-003   6574.5927270371731     
   2.4094259026698909E-003   6516.1524267921041     
   2.4306300525979434E-003   6458.2219481706252     
   2.4520208096234265E-003   6400.7968437075770     
   2.4735998159818905E-003   6343.8727047376588     
   2.4953687283613760E-003   6287.4451610569722     
   2.5173292180296061E-003   6231.5098805875132     
   2.5394829709622941E-003   6176.0625690446050     
   2.5618316879725796E-003   6121.0989696072129     
   2.5843770848416069E-003   6066.6148625911674     
   2.6071208924502501E-003   6012.6060651251992     
   2.6300648569119985E-003   5959.0684308298323     
   2.6532107397070110E-003   5905.9978494990637     
   2.6765603178173507E-003   5853.3902467848247     
   2.7001153838634101E-003   5801.2415838841916     
   2.7238777462415343E-003   5749.5478572293368     
   2.7478492292628593E-003   5698.3050981801616     
   2.7720316732933684E-003   5647.5093727196472     
   2.7964269348951846E-003   5597.1567811518235     
   2.8210368869691022E-003   5547.2434578024067     
   2.8458634188983788E-003   5497.7655707220247     
   2.8709084366937859E-003   5448.7193213920509     
   2.8961738631399403E-003   5400.1009444329939     
   2.9216616379429249E-003   5351.9067073154256     
   2.9473737178792006E-003   5304.1329100734538     
   2.9733120769458395E-003   5256.7758850206747     
   2.9994787065120722E-003   5209.8319964686079     
   3.0258756154721727E-003   5163.2976404475939     
   3.0525048303996841E-003   5117.1692444301307     
   3.0793683957030110E-003   5071.4432670566011     
   3.1064683737823703E-003   5026.1161978634254     
   3.1338068451881290E-003   4981.1845570135702     
   3.1613859087805366E-003   4936.6448950294007     
   3.1892076818908592E-003   4892.4937925278800     
   3.2172743004839342E-003   4848.7278599580723     
   3.2455879193221552E-003   4805.3437373409324     
   3.2741507121309002E-003   4762.3380940113775     
   3.3029648717654144E-003   4719.7076283625929     
   3.3320326103791638E-003   4677.4490675925881     
   3.3613561595936671E-003   4635.5591674529551     
   3.3909377706698280E-003   4594.0347119998059     
   3.4207797146807665E-003   4552.8725133469170     
   3.4508842826861804E-003   4512.0694114209973     
   3.4812537859082366E-003   4471.6222737190992     
   3.5118905559090082E-003   4431.5279950681597     
   3.5427969447694792E-003   4391.7834973866229     
   3.5739753252701191E-003   4352.3857294481613     
   3.6054280910730488E-003   4313.3316666474320     
   3.6371576569058104E-003   4274.6183107679117     
   3.6691664587467534E-003   4236.2426897517234     
   3.7014569540120513E-003   4198.2018574715075     
   3.7340316217443666E-003   4160.4928935042471     
   3.7668929628031727E-003   4123.1129029070944     
   3.8000435000567555E-003   4086.0590159951453     
   3.8334857785758988E-003   4049.3283881211496     
   3.8672223658292805E-003   4012.9181994571491     
   3.9012558518805832E-003   3976.8256547780197     
   3.9355888495873409E-003   3941.0479832469005     
   3.9702239948015390E-003   3905.5824382025048     
   4.0051639465719753E-003   3870.4262969482729     
   4.0404113873484006E-003   3835.5768605433805     
   4.0759690231874663E-003   3801.0314535955577     
   4.1118395839604685E-003   3766.7874240557298     
   4.1480258235629336E-003   3732.8421430144422     
   4.1845305201260443E-003   3699.1930045000609     
   4.2213564762299208E-003   3665.8374252787407     
   4.2585065191187892E-003   3632.7728446561377     
   4.2959835009180325E-003   3599.9967242808511     
   4.3337902988531615E-003   3567.5065479495847     
   4.3719298154707067E-003   3535.2998214139993     
   4.4104049788610562E-003   3503.3740721892659     
   4.4492187428832536E-003   3471.7268493642814     
   4.4883740873917768E-003   3440.3557234135401     
   4.5278740184653086E-003   3409.2582860106554     
   4.5677215686375228E-003   3378.4321498435020     
   4.6079197971299057E-003   3347.8749484309724     
   4.6484717900866163E-003   3317.5843359413384     
   4.6893806608114220E-003   3287.5579870122028     
   4.7306495500067164E-003   3257.7935965720021     
   4.7722816260146418E-003   3228.2888796630987     
   4.8142800850603318E-003   3199.0415712663835     
   4.8566481514972946E-003   3170.0494261274489     
   4.8993890780549589E-003   3141.3102185842422     
   4.9425061460883959E-003   3112.8217423962460     
   4.9860026658302345E-003   3084.5818105751541     
   5.0298819766448075E-003   3056.5882552170015     
   5.0741474472845161E-003   3028.8389273357889     
   5.1188024761484631E-003   3001.3316966985485     
   5.1638504915433618E-003   2974.0644516618363     
   5.2092949519467312E-003   2947.0350990096845     
   5.2551393462724194E-003   2920.2415637929366     
   5.3013871941384573E-003   2893.6817891700066     
   5.3480420461372710E-003   2867.3537362490233     
   5.3951074841082688E-003   2841.2553839313500     
   5.4425871214128334E-003   2815.3847287564777     
   5.4904846032117318E-003   2789.7397847482662     
   5.5388036067449643E-003   2764.3185832625359     
   5.5875478416140744E-003   2739.1191728359886     
   5.6367210500669531E-003   2714.1396190364417     
   5.6863270072851383E-003   2689.3780043143825     
   5.7363695216736494E-003   2664.8324278558102     
   5.7868524351533694E-003   2640.5010054363697     
   5.8377796234560016E-003   2616.3818692767577     
   5.8891549964216212E-003   2592.4731678993899     
   5.9409824982988493E-003   2568.7730659863273     
   5.9932661080476591E-003   2545.2797442384367     
   6.0460098396448577E-003   2521.9913992357897     
   6.0992177423922524E-003   2498.9062432992746     
   6.1528939012275219E-003   2476.0225043534260     
   6.2070424370378402E-003   2453.3384257904436     
   6.2616675069762416E-003   2430.8522663354101     
   6.3167733047807774E-003   2408.5622999126781     
   6.3723640610964926E-003   2386.4668155134318     
   6.4284440438002136E-003   2364.5641170644112     
   6.4850175583282144E-003   2342.8525232977622     
   6.5420889480067562E-003   2321.3303676220553     
   6.5996625943855374E-003   2299.9959979944097     
   6.6577429175740796E-003   2278.8477767937420     
   6.7163343765810736E-003   2257.8840806951312     
   6.7754414696567103E-003   2237.1033005452709     
   6.8350687346380272E-003   2216.5038412390163     
   6.8952207492972914E-003   2196.0841215970140     
   6.9559021316934495E-003   2175.8425742443978     
   7.0171175405266701E-003   2155.7776454905475     
   7.0788716754960077E-003   2135.8877952098997     
   7.1411692776602144E-003   2116.1714967238017     
   7.2040151298017226E-003   2096.6272366834028     
   7.2674140567938359E-003   2077.2535149535615     
   7.3313709259711516E-003   2058.0488444977773     
   7.3958906475032381E-003   2039.0117512641295     
   7.4609781747716078E-003   2020.1407740722047     
   7.5266385047499983E-003   2001.4344645010310     
   7.5928766783880117E-003   1982.8913867779770     
   7.6596977809981178E-003   1964.5101176686335     
   7.7271069426460776E-003   1946.2892463676553     
   7.7951093385447883E-003   1928.2273743905625     
   7.8637101894515997E-003   1910.3231154664859     
   7.9329147620691345E-003   1892.5750954318548     
   8.0027283694496243E-003   1874.9819521250135     
   8.0731563714028093E-003   1857.5423352817652     
   8.1442041749074309E-003   1840.2549064318259     
   8.2158772345263444E-003   1823.1183387961912     
   8.2881810528252706E-003   1806.1313171853988     
   8.3611211807952598E-003   1789.2925378986847     
   8.4347032182788551E-003   1772.6007086240229     
   8.5089328144000026E-003   1756.0545483390422     
   8.5838156679977559E-003   1739.6527872128115     
   8.6593575280638005E-003   1723.3941665084853     
   8.7355641941838126E-003   1707.2774384868064     
   8.8124415169827212E-003   1691.3013663104505     
   8.8899953985738661E-003   1675.4647239492160     
   8.9682317930121335E-003   1659.7662960860391     
   9.0471567067510594E-003   1644.2048780238420     
   9.1267761991039743E-003   1628.7792755931878     
   9.2070963827091783E-003   1613.4883050607573     
   9.2881234239992495E-003   1598.3307930386241     
   9.3698635436744396E-003   1583.3055763943235     
   9.4523230171802679E-003   1568.4115021617210     
   9.5355081751893091E-003   1553.6474274526511     
   9.6194254040872125E-003   1539.0122193693426     
   9.7040811464630065E-003   1524.5047549176113     
   9.7894819016037145E-003   1510.1239209208118     
   9.8756342259933329E-003   1495.8686139345500     
   9.9625447338161817E-003   1481.7377401621445     
   1.0050220097464712E-002   1467.7302153708299     
   1.0138667048051751E-002   1453.8449648086987     
   1.0227892375927271E-002   1440.0809231223768     
   1.0317902931199724E-002   1426.4370342754180     
   1.0408705624261928E-002   1412.9122514674168     
   1.0500307426321600E-002   1399.5055370538446     
   1.0592715369936570E-002   1386.2158624665740     
   1.0685936549554683E-002   1373.0422081351185     
   1.0779978122058463E-002   1359.9835634085578     
   1.0874847307314570E-002   1347.0389264781545     
   1.0970551388728097E-002   1334.2073043006512     
   1.1067097713801729E-002   1321.4877125222465     
   1.1164493694699846E-002   1308.8791754032372     
   1.1262746808817564E-002   1296.3807257433314     
   1.1361864599354817E-002   1283.9914048076132     
   1.1461854675895453E-002   1271.7102622531681     
   1.1562724714991458E-002   1259.5363560563524     
   1.1664482460752305E-002   1247.4687524407050     
   1.1767135725439489E-002   1235.5065258054972     
   1.1870692390066311E-002   1223.6487586549129     
   1.1975160405002915E-002   1211.8945415278586     
   1.2080547790586673E-002   1200.2429729283861     
   1.2186862637737919E-002   1188.6931592567398     
   1.2294113108581133E-002   1177.2442147410086     
   1.2402307437071552E-002   1165.8952613693843     
   1.2511453929627334E-002   1154.6454288230200     
   1.2621560965767258E-002   1143.4938544094821     
   1.2732636998754047E-002   1132.4396829967966     
   1.2844690556243358E-002   1121.4820669480716     
   1.2957730240938464E-002   1110.6201660567096     
   1.3071764731250725E-002   1099.8531474821862     
   1.3186802781965851E-002   1089.1801856864035     
   1.3302853224916023E-002   1078.6004623706083     
   1.3419924969657968E-002   1068.1131664128684     
   1.3538027004156945E-002   1057.7174938061069     
   1.3657168395476793E-002   1047.4126475966855     
   1.3777358290476036E-002   1037.1978378235378     
   1.3898605916510119E-002   1027.0722814578378     
   1.4020920582139818E-002   1017.0352023432119     
   1.4144311677845883E-002   1007.0858311364804     
   1.4268788676749982E-002   997.22340524892832     
   1.4394361135341982E-002   987.44716878809663     
   1.4521038694213626E-002   977.75637250009913     
   1.4648831078798672E-002   968.15027371244753     
   1.4777748100119547E-002   958.62813627739047     
   1.4907799655540574E-002   949.18923051576041     
   1.5038995729527816E-002   939.83283316131758     
   1.5171346394415615E-002   930.55822730559646     
   1.5304861811179892E-002   921.36470234324474     
   1.5439552230218210E-002   912.25155391784915     
   1.5575427992136754E-002   903.21808386825160     
   1.5712499528544199E-002   894.26360017534171     
   1.5850777362852581E-002   885.38741690933114     
   1.5990272111085207E-002   876.58885417749696     
   1.6130994482691695E-002   867.86723807239866     
   1.6272955281370155E-002   859.22190062055824     
   1.6416165405896632E-002   850.65217973160270     
   1.6560635850961836E-002   842.15741914786440     
   1.6706377708015235E-002   833.73696839443494     
   1.6853402166116600E-002   825.39018272966985     
   1.7001720512794999E-002   817.11642309614126     
   1.7151344134915383E-002   808.91505607202942     
   1.7302284519552812E-002   800.78545382295817     
   1.7454553254874317E-002   792.72699405426317     
   1.7608162031028596E-002   784.73905996369228     
   1.7763122641043474E-002   776.82104019453584     
   1.7919446981731313E-002   768.97232878917964     
   1.8077147054602356E-002   761.19232514308192     
   1.8236234966786124E-002   753.48043395916602     
   1.8396722931960919E-002   745.83606520262845     
   1.8558623271291496E-002   738.25863405615894     
   1.8721948414375023E-002   730.74756087556614     
   1.8886710900195312E-002   723.30227114580953     
   1.9052923378085482E-002   715.92219543743329     
   1.9220598608699110E-002   708.60676936339269     
   1.9389749464989885E-002   701.35543353628259     
   1.9560388933199897E-002   694.16763352595262     
   1.9732530113856665E-002   687.04281981751035     
   1.9906186222778875E-002   679.98044776971096     
   2.0081370592091006E-002   672.97997757372980     
   2.0258096671246895E-002   666.04087421230952     
   2.0436378028062273E-002   659.16260741928841     
   2.0616228349756419E-002   652.34465163949665     
   2.0797661444002979E-002   645.58648598902460     
   2.0980691239990003E-002   638.88759421585769     
   2.1165331789489348E-002   632.24746466087402     
   2.1351597267935483E-002   625.66559021920227     
   2.1539501975513756E-002   619.14146830193999     
   2.1729060338258291E-002   612.67460079822297     
   2.1920286909159509E-002   606.26449403764991     
   2.2113196369281399E-002   599.91065875305480     
   2.2307803528888646E-002   593.61261004362552     
   2.2504123328583647E-002   587.36986733836557     
   2.2702170840453555E-002   581.18195435989969     
   2.2901961269227406E-002   575.04839908861265     
   2.3103509953443443E-002   568.96873372712741     
   2.3306832366626694E-002   562.94249466511383     
   2.3511944118476923E-002   556.96922244442817     
   2.3718860956067046E-002   551.04846172457974     
   2.3927598765052072E-002   545.17976124852214     
   2.4138173570888700E-002   539.36267380876598     
   2.4350601540065641E-002   533.59675621381234     
   2.4564898981344771E-002   527.88156925490284     
   2.4781082347013216E-002   522.21667767308145     
   2.4999168234146420E-002   516.60165012657399     
   2.5219173385882390E-002   511.03605915846902     
   2.5441114692707073E-002   505.51948116471397     
   2.5665009193751146E-002   500.05149636240776     
   2.5890874078098130E-002   494.63168875840148     
   2.6118726686104037E-002   489.25964611819512     
   2.6348584510728686E-002   483.93495993513176     
   2.6580465198878658E-002   478.65722539988809     
   2.6814386552762113E-002   473.42604137025461     
   2.7050366531255528E-002   468.24101034120775     
   2.7288423251282463E-002   463.10173841526836     
   2.7528574989204420E-002   458.00783527314650     
   2.7770840182224012E-002   452.95891414466752     
   2.8015237429800437E-002   447.95459177997958     
   2.8261785495077411E-002   442.99448842103948     
   2.8510503306323667E-002   438.07822777337498     
   2.8761409958386146E-002   433.20543697811848     
   2.9014524714155984E-002   428.37574658431532     
   2.9269867006047352E-002   423.58879052149854     
   2.9527456437489365E-002   418.84420607253162     
   2.9787312784431089E-002   414.14163384671775     
   3.0049455996859820E-002   409.48071775316680     
   3.0313906200332679E-002   404.86110497442826     
   3.0580683697521746E-002   400.28244594037767     
   3.0849808969772734E-002   395.74439430236168     
   3.1121302678677409E-002   391.24660690759600     
   3.1395185667659864E-002   386.78874377381459     
   3.1671478963576721E-002   382.37046806416726     
   3.1950203778331424E-002   377.99144606236791     
   3.2231381510502755E-002   373.65134714808300     
   3.2515033746987651E-002   369.34984377256734     
   3.2801182264658536E-002   365.08661143453674     
   3.3089849032035150E-002   360.86132865628247     
   3.3381056210971184E-002   356.67367696001946     
   3.3674826158355681E-002   352.52334084447170     
   3.3971181427829483E-002   348.41000776168607     
   3.4270144771516693E-002   344.33336809407939     
   3.4571739141771494E-002   340.29311513171149     
   3.4875987692940189E-002   336.28894504978496     
   3.5182913783138925E-002   332.32055688636717     
   3.5492540976046892E-002   328.38765252033528     
   3.5804893042715440E-002   324.48993664953844     
   3.6119993963392993E-002   320.62711676917991     
   3.6437867929366152E-002   316.79890315041041     
   3.6758539344816904E-002   313.00500881913757     
   3.7082032828696210E-002   309.24514953504337     
   3.7408373216614069E-002   305.51904377081200     
   3.7737585562746270E-002   301.82641269156113     
   3.8069695141757807E-002   298.16698013448064     
   3.8404727450743359E-002   294.54047258866984     
   3.8742708211184758E-002   290.94661917517516     
   3.9083663370925684E-002   287.38515162722672     
   3.9427619106163832E-002   283.85580427066634     
   3.9774601823460445E-002   280.35831400457164     
   4.0124638161767714E-002   276.89242028206843     
   4.0477754994473883E-002   273.45786509133143     
   4.0833979431466418E-002   270.05439293677136     
   4.1193338821213323E-002   266.68175082040466     
   4.1555860752862758E-002   263.33968822340415     
   4.1921573058361167E-002   260.02795708782810     
   4.2290503814589979E-002   256.74631179852685     
   4.2662681345521224E-002   253.49450916522031     
   4.3038134224391969E-002   250.27230840474937     
   4.3416891275898067E-002   247.07947112349402     
   4.3798981578407045E-002   243.91576129995872     
   4.4184434466190581E-002   240.78094526752042     
   4.4573279531676578E-002   237.67479169733846     
   4.4965546627721058E-002   234.59707158142140     
   4.5361265869900080E-002   231.54755821585130     
   4.5760467638821800E-002   228.52602718415852     
   4.6163182582458856E-002   225.53225634084913     
   4.6569441618501371E-002   222.56602579507759     
   4.6979275936730534E-002   219.62711789446550     
   4.7392717001413183E-002   216.71531720906049     
   4.7809796553717400E-002   213.83041051543506     
   4.8230546614149369E-002   210.97218678092068     
   4.8654999485011723E-002   208.14043714797418     
   4.9083187752883464E-002   205.33495491867436     
   4.9515144291121728E-002   202.55553553934493     
   4.9950902262385626E-002   199.80197658530051     
   5.0390495121182183E-002   197.07407774571325     
   5.0833956616434792E-002   194.37164080859534     
   5.1281320794074201E-002   191.69446964589639     
   5.1732621999652340E-002   189.04237019870922     
   5.2187894880979122E-002   186.41515046258326     
   5.2647174390782474E-002   183.81262047294118     
   5.3110495789391775E-002   181.23459229059335     
   5.3577894647444883E-002   178.68087998735081     
   5.4049406848619010E-002   176.15129963172660     
   5.4525068592385637E-002   173.64566927472876     
   5.5004916396789644E-002   171.16380893573549     
   5.5488987101252940E-002   168.70554058845099     
   5.5977317869402715E-002   166.27068814693780     
   5.6469946191924615E-002   163.85907745172165     
   5.6966909889441024E-002   161.47053625596291     
   5.7468247115414664E-002   159.10489421169319     
   5.7973996359077788E-002   156.76198285610980     
   5.8484196448387073E-002   154.44163559792608     
   5.8998886553004566E-002   152.14368770377089     
   5.9518106187304937E-002   149.86797628463410     
   6.0041895213408997E-002   147.61434028235320     
   6.0570293844244165E-002   145.38262045613462     
   6.1103342646631649E-002   143.17265936910735     
   6.1641082544400927E-002   140.98430137490146     
   6.2183554821531595E-002   138.81739260424777     
   6.2730801125322866E-002   136.67178095159272     
   6.3282863469590958E-002   134.54731606172390     
   6.3839784237894631E-002   132.44384931639925     
   6.4401606186789112E-002   130.36123382097614     
   6.4968372449108650E-002   128.29932439103348     
   6.5540126537277935E-002   126.25797753898109     
   6.6116912346652706E-002   124.23705146065109     
   6.6698774158889723E-002   122.23640602186468     
   6.7285756645346459E-002   120.25590274496800     
   6.7877904870510569E-002   118.29540479533172     
   6.8475264295459679E-002   116.35477696780681     
   6.9077880781351630E-002   114.43388567313072     
   6.9685800592945282E-002   112.53259892427717     
   7.0299070402152455E-002   110.65078632274263     
   7.0917737291621097E-002   108.78831904476276     
   7.1541848758349957E-002   106.94506982745136     
   7.2171452717335022E-002   105.12091295485619     
   7.2806597505248163E-002   103.31572424392175     
   7.3447331884148120E-002   101.52938103035430     
   7.4093705045224056E-002   99.761762154380136     
   7.4745766612572068E-002   98.012747946389823     
   7.5403566647005149E-002   96.282220212460345     
   7.6067155649896370E-002   94.570062219748081     
   7.6736584567056121E-002   92.876158681743945     
   7.7411904792643260E-002   91.200395743382401     
   7.8093168173110974E-002   89.542660965996959     
   7.8780427011187038E-002   87.902843312112736     
   7.9473734069889349E-002   86.280833130068487     
   8.0173142576576678E-002   84.676522138459120     
   8.0878706227035108E-002   83.089803410389749     
   8.1590479189600440E-002   81.520571357533328     
   8.2308516109316818E-002   79.968721713981793     
   8.3032872112132061E-002   78.434151519882761     
   8.3763602809129853E-002   76.916759104851977     
   8.4500764300799086E-002   75.416444071152924     
   8.5244413181341031E-002   73.933107276633393     
   8.5994606543014052E-002   72.466650817410837     
   8.6751401980516993E-002   71.016978010296086     
   8.7514857595410694E-002   69.583993374946687     
   8.8285032000578745E-002   68.167602615739625     
   8.9061984324727339E-002   66.767712603354397     
   8.9845774216924801E-002   65.384231356056148     
   9.0636461851180988E-002   64.017068020670536     
   9.1434107931067099E-002   62.666132853238565     
   9.2238773694375997E-002   61.331337199343544     
   9.3050520917823704E-002   60.012593474099475     
   9.3869411921792156E-002   58.709815141791552     
   9.4695509575113732E-002   57.422916695158683     
   9.5528877299897896E-002   56.151813634308851     
   9.6369579076400341E-002   54.896422445257784     
   9.7217679447934899E-002   53.656660578080547     
   9.8073243525828774E-002   52.432446424667930     
   9.8936336994421337E-002   51.223699296077037     
   9.9807026116106867E-002   50.030339399467678     
  0.10068537773642187        48.852287814615259     
  0.10157145928917680        47.689466469990975     
  0.10246533880163339        46.541798118400898     
  0.10336708489972711        45.409206312175435     
  0.10427676681333600        44.291615377900058     
  0.10519445438159550        43.188950390680702     
  0.10612021805826027        42.101137147934288     
  0.10705412891711324        41.028102142698330     
  0.10799625865742199        39.969772536451380     
  0.10894667960944346        38.926076131438130     
  0.10990546473997698        37.896941342492291     
  0.11087268765796603        36.882297168351762     
  0.11184842262014957        35.882073162459555     
  0.11283274453676291        34.896199403246669     
  0.11382572897728878        33.924606463890946     
  0.11482745217625905        32.967225381549063     
  0.11583799103910754        32.023987626057334     
  0.11685742314807418        31.094825068099148     
  0.11788582676816142        30.179669946836441     
  0.11892328085314267        29.278454837004016     
  0.11996986505162402        28.391112615466128     
  0.12102565971315897        27.517576427235241     
  0.12209074589441718        26.657779650954136     
  0.12316520536540748        25.811655863842798     
  0.12424912061575552        24.979138806113788     
  0.12534257486103684        24.160162344859106     
  0.12644565204916558        23.354660437413749     
  0.12755843686683929        22.562567094201732     
  0.12868101474604088        21.783816341072018     
  0.12981347187059719        21.018342181132322     
  0.13095589518279577        20.266078556090552     
  0.13210837239005968        19.526959307114716     
  0.13327099197168110        18.800918135223402     
  0.13444384318561400        18.087888561221099     
  0.13562701607532707        17.387803885192550     
  0.13682060147671621        16.700597145573912     
  0.13802469102507867        16.026201077818428     
  0.13923937716214801        15.364548072676525     
  0.14046475314319115        14.715570134113060     
  0.14170091304416788        14.079198836883508     
  0.14294795176895334        13.455365283796652     
  0.14420596505662414        12.844000062688831     
  0.14547504948880852        12.245033203140917     
  0.14675530249710125        11.658394132967967     
  0.14804682237054376        11.084011634515759     
  0.14934970826316996        10.521813800799446     
  0.15066406020161888        9.9717279915216981     
  0.15198997909281375        9.4336807890110315     
  0.15332756673170914        8.9075979541221351     
  0.15467692580910597        8.3934043821426911     
  0.15603815991953543        7.8910240587544411     
  0.15741137356921231        7.4003800160967410     
  0.15879667218405813        6.9213942889862849     
  0.16019416211779525        6.4539878713453875     
  0.16160395066011171        5.9980806728981593     
  0.16302614604489840        5.5535914761919223     
  0.16446085745855843        5.1204378940081074     
  0.16590819504838977        4.6985363272259209     
  0.16736826993104145        4.2878019232072742     
  0.16884119420104454        3.8881485347726166     
  0.17032708093941790        3.4994886798404252     
  0.17182604422234968        3.1217335018062471     
  0.17333819912995554        2.7547927307385471     
  0.17486366175511342        2.3985746454726367     
  0.17640254921237661        2.0529860366853865     
  0.17795497964696483        1.7179321710368245     
  0.17952107224383468        1.3933167564662980     
  0.18110094723682990        1.0790419087340246     
  0.18269472591791192       0.77500811930105495     
  0.18430253064647203       0.48111422464198084     
  0.18592448485872520       0.19725737708891722     
  0.18756071307718664       -7.6666982695499541E-002
  0.18921134092023179      -0.34076515151356390     
  0.19087649511174051      -0.59514518759465840     
  0.19255630349082606      -0.83991693261854017     
  0.19425089502164952       -1.0751920316949297     
  0.19596039980332108       -1.3010839511909644     
  0.19768494907988793       -1.5177079942996894     
  0.19942467525041033       -1.7251813142391530     
  0.20117971187912639       -1.9236229249735874     
  0.20295019370570611       -2.1131537093460278     
  0.20473625665559575       -2.2938964245126758     
  0.20653803785045341       -2.4659757045691721     
  0.20835567561867610       -2.6295180602595476     
  0.21018930950601974       -2.7846518756593763     
  0.21203908028631263       -2.9315074017262202     
  0.21390512997226280       -3.0702167466117207     
  0.21578760182636111       -3.2009138626317868     
  0.21768664037187971       -3.3237345297936960     
  0.21960239140396773       -3.4388163357820205     
  0.22153500200084425       -3.5462986523076490     
  0.22348462053509013       -3.6463226077292772     
  0.22545139668503894       -3.7390310558598192     
  0.22743548144626824       -3.8245685408750836     
  0.22943702714319197       -3.9030812582477799     
  0.23145618744075500       -3.9747170116349517     
  0.23349311735623021       -4.0396251656538604     
  0.23554797327112001       -4.0979565944874770     
  0.23762091294316193       -4.1498636262687327     
  0.23971209551844025       -4.1954999832002740     
  0.24182168154360431       -4.2350207173749901     
  0.24394983297819398       -4.2685821422719821     
  0.24609671320707385       -4.2963417599118481     
  0.24826248705297690       -4.3184581836661238     
  0.25044732078915832       -4.3350910567257346     
  0.25265138215216093       -4.3464009662455574     
  0.25487484035469282       -4.3525493531936368     
  0.25711786609861825       -4.3536984179465534     
  0.25938063158806318       -4.3500110216853072     
  0.26166331054263564       -4.3416505836595300     
  0.26396607821076296       -4.3287809744028829     
  0.26628911138314598       -4.3115664049956655     
  0.26863258840633197       -4.2901713124870762     
  0.27099668919640690       -4.2647602416041615     
  0.27338159525280770       -4.2354977228906643     
  0.27578748967225730       -4.2025481474349267     
  0.27821455716282084       -4.1660756383626270     
  0.28066298405808671       -4.1262439192865950     
  0.28313295833147184       -4.0832161799226867     
  0.28562466961065291       -4.0371549390975083     
  0.28813830919212485       -3.9882219053911068     
  0.29067407005588713       -3.9365778356737349     
  0.29323214688025950       -3.8823823918131590     
  0.29581273605682806       -3.8257939958451814     
  0.29841603570552278       -3.7669696839161362     
  0.30104224568982790       -3.7060649593216741     
  0.30369156763212601       -3.6432336449817786     
  0.30636420492917726       -3.5786277357062675     
  0.30906036276773480       -3.5123972506186432     
  0.31178024814029742       -3.4446900861197522     
  0.31452406986100134       -3.3756518697844391     
  0.31729203858165134       -3.3054258155954122     
  0.32008436680789293       -3.2341525809285523     
  0.32290126891552762       -3.1619701257122714     
  0.32574296116697071       -3.0890135741911573     
  0.32860966172785472       -3.0154150797289145     
  0.33150159068377860       -2.9413036930906866     
  0.33441897005720433       -2.8668052346463258     
  0.33736202382450231       -2.7920421709368797     
  0.34033097793314671       -2.7171334960451605     
  0.34332606031906221       -2.6421946182074598     
  0.34634750092412347       -2.5673372520979330     
  0.34939553171380805       -2.4926693172091259     
  0.35247038669500574       -2.4182948427420112     
  0.35557230193398359       -2.3443138794063203     
  0.35870151557450947       -2.2708224185169827     
  0.36185826785613534       -2.1979123187550758     
  0.36504280113264098       -2.1256712409420073     
  0.36825535989064040       -2.0541825911533036     
  0.37149619076835178       -1.9835254724735689     
  0.37476554257453260       -1.9137746456673377     
  0.37806366630758148       -1.8450004990108431     
  0.38139081517480838       -1.7772690274981220     
  0.38474724461187371       -1.7106418216009796     
  0.38813321230239911       -1.6451760657262038     
  0.39154897819775086       -1.5809245464756132     
  0.39499480453699659       -1.5179356707748370     
  0.39847095586703890       -1.4562534938951632     
  0.40197769906292496       -1.3959177573504513     
  0.40551530334833535       -1.3369639366068795     
  0.40908404031625362       -1.2794232984985285     
  0.41268418394981687       -1.2233229681966005     
  0.41631601064335055       -1.1686860055337345     
  0.41997979922358808       -1.1155314904392202     
  0.42367583097107714       -1.0638746171952669     
  0.42740438964177468       -1.0137267971788875     
  0.43116576148883146      -0.96509576971032363     
  0.43496023528456906      -0.91798572058547667     
  0.43878810234264920      -0.87239740782860387     
  0.44264965654043936      -0.82832829416233422     
  0.44654519434157441      -0.78577268565470804     
  0.45047501481871710      -0.74472187596884210     
  0.45443941967651880      -0.70516429560945781     
  0.45843871327478247      -0.66708566553254589     
  0.46247320265182884      -0.63046915446021479     
  0.46654319754806928      -0.59529553922255962     
  0.47064901042978535      -0.56154336743239053     
  0.47479095651311759      -0.52918912178707012     
  0.47896935378826594      -0.49820738528505792     
  0.48318452304390269      -0.46857100664270568     
  0.48743678789180039      -0.44025126519999236     
  0.49172647479167692      -0.41321803461198137     
  0.49605391307625823      -0.38743994463605314     
  0.50041943497656272      -0.36288454034333906     
  0.50482337564740731      -0.33951843810604942     
  0.50926607319313866      -0.31730747774076534     
  0.51374786869359046      -0.29621687022055987     
  0.51826910623026901      -0.27621134040642442     
  0.52283013291276914      -0.25725526428991108     
  0.52743129890542384      -0.23931280028442931     
  0.53207295745418670      -0.22234801415148836     
  0.53675546491375170      -0.20632499720000202     
  0.54147918077491231      -0.19120797745110080     
  0.54624446769215984      -0.17696142351728320     
  0.55105169151152666      -0.16355014100230919     
  0.55590122129867203      -0.15093936128690866     
  0.56079342936721777      -0.13909482262391043     
  0.56572869130733083      -0.12798284352485700     
  0.57070738601455928      -0.11757038847722937     
  0.57572989571892086      -0.10782512608709137     
  0.58079660601424832       -9.8715479795106448E-002
  0.58590790588779229       -9.0210671364373052E-002
  0.59106418775008551       -8.2280757385403108E-002
  0.59626584746506894       -7.4896659086656561E-002
  0.60151328438048379       -6.8030185777654392E-002
  0.60680690135853055       -6.1654052285545727E-002
  0.61214710480679835       -5.5741890774686186E-002
  0.61753430470946546       -5.0268257362128969E-002
  0.62296891465877557       -4.5208633959620596E-002
  0.62845135188679058       -4.0539425784761191E-002
  0.63398203729742231       -3.6237954990300518E-002
  0.63956139549874758       -3.2282450861253399E-002
  0.64518985483560576       -2.8652037024722701E-002
  0.65086784742248427       -2.5326716107271385E-002
  0.65659580917669391       -2.2287352259750877E-002
  0.66237417985183533       -1.9515651949957517E-002
  0.66820340307155990       -1.6994143399941139E-002
  0.67408392636362879       -1.4706155017670655E-002
  0.68001620119427053       -1.2635793142659169E-002
  0.68600068300284167       -1.0767919392711101E-002
  0.69203783123679252       -9.0881278647832534E-003
  0.69812810938693981       -7.5827224077409314E-003
  0.70427198502305099       -6.2386941491699190E-003
  0.71046992982974055       -5.0436994230615428E-003
  0.71672241964268280       -3.9860382107259860E-003
  0.72302993448514363       -3.0546331743103693E-003
  0.72939295860483311       -2.2390093313489831E-003
  0.73581198051108265       -1.5292743903426095E-003
  0.74228749301234931       -9.1609974185879670E-004
  0.74881999325405046       -3.9070207742298441E-004
  0.75540998275673144        5.5174410222751449E-005
  0.76205796745456844        4.2927530689863824E-004
  0.76876445773421065        7.3885280940570210E-004
  0.77552996847396438        9.9068219059398124E-004
  0.78235501908332239        1.1910779808069760E-003
  0.78924013354283951        1.3459099496289512E-003
  0.79618584044436080        1.4606189687902081E-003
  0.80319267303160391        1.5402328310677111E-003
  0.81026116924109648        1.5893820914204349E-003
  0.81739187174347661        1.6123159858512674E-003
  0.82458532798515416        1.6129184710399393E-003
  0.83184209023034084        1.5947244141215006E-003
  0.83916271560344879        1.5609359475815248E-003
  0.84654776613186311        1.5144389895755234E-003
  0.85399780878909004        1.4578199155227288E-003
  0.86151341553828553        1.3933823530027692E-003
  0.86909516337616677        1.3231640591902091E-003
  0.87674363437730984        1.2489538286385650E-003
  0.88445941573883746        1.1723083694569359E-003
  0.89224309982550010        1.0945690780336478E-003
  0.90009528421515317        1.0168786366072135E-003
  0.90801657174463579        9.4019735425778460E-004
  0.91600757055605175        8.6531917031491064E-004
  0.92406889414345850        7.9288723971060373E-004
  0.93220116139996789        7.2340902235143814E-004
  0.94040499666525912        6.5727080298813611E-004
  0.94868102977351287        5.9475157412847027E-004
  0.95702989610176414        5.3603622203537873E-004
  0.96545223661868307        4.8122796451483934E-004
  0.97394869793378369        4.3035999874786756E-004
  0.98251993234706680        3.8340632756895436E-004
  0.99116659789909789        3.4029174305241826E-004
  0.99988935842152848        3.0090095676007475E-004
   1.0086888835880592        2.6508687626804200E-004
   1.0175658489658532        2.3267803739070094E-004
   1.0265209360674028        2.0348521064914469E-004
   1.0355548324028487        1.7730720881661043E-004
   1.0446682315327649        1.5393592967761645E-004
   1.0538618331214042        1.3316067436186418E-004
   1.0631363429904135        1.1477178669662541E-004
   1.0724924731730230        9.8563662937232546E-005
   1.0819309419687095        8.4337183992742526E-005
   1.0914524739983447        7.1901623901820427E-005
   1.1010578002598246        6.1076088897704162E-005
   1.1107476581841915        5.1690541017804207E-005
   1.1205227916922493        4.3586458967182869E-005
   1.1303839512516758        3.6617186951905730E-005
   1.1403318939346383        3.0648019581375321E-005
   1.1503673834759174        2.5556067824231499E-005
   1.1604911903315402        2.1229947514770647E-005
   1.1707040917379319        1.7569328165599896E-005
   1.1810068717715860        1.4484375958887320E-005
   1.1914003214092592        1.1895120864186601E-005
   1.2018852385886998        9.7307739544223775E-006
   1.2124624282699048        7.9290172390947408E-006
   1.2231327024969219        6.4352847673155794E-006
   1.2338968804601911        5.2020504216001442E-006
   1.2447557885594365        4.1881347619612883E-006
   1.2557102604671133        3.3580405121661136E-006
   1.2667611371924088        2.6813238183268076E-006
   1.2779092671458114        2.1320062569134068E-006
   1.2891555062042450        1.6880307191736144E-006
   1.3005007177767773        1.3307627394539549E-006
   1.3119457728709065        1.0445375484290126E-006
   1.3234915501594315        8.1625209730497782E-007
   1.3351389360479096        6.3500049166762029E-007
   1.3468888247427102        4.9175066839163657E-007
   1.3587421183196642        3.7905972010801380E-007
   1.3706997267933194        2.9082499373893626E-007
   1.3827625681868065        2.2206793822416178E-007
   1.3949315686023174        1.6874762900543120E-007
   1.4072076622922047        1.2760093224263401E-007
   1.4195917917307088        9.6006371369318305E-008
   1.4320849076863129        7.1868905949666585E-008
   1.4446879692947372        5.3523013613491455E-008
   1.4574019441325750        3.9651668043752385E-008
   1.4702278082915761        2.9219019563101962E-008
   1.4831665464535848        2.1414801712944908E-008
   1.4962191519661365        1.5608700968176984E-008
   1.5093866269187208        1.1313132540894915E-008
   1.5226699822197147        8.1530595832623769E-009
   1.5360702376739934        5.8416736206652635E-009
   1.5495884220612230        4.1609192910515956E-009
   1.5632255732148446        2.9459957623381895E-009
   1.5769827381017514        2.0731004832562170E-009
   1.5908609729026670        1.4497985981023048E-009
   1.6048613430932324        1.0075041716007858E-009
   1.6189849235258063        6.9564831554477031E-010
   1.6332327985119834        4.7718552548603768E-010
   1.6476060619058426        3.2515424557685549E-010
   1.6621058171879235        2.2006212843038985E-010
   1.6767331775499448        1.4791186982260136E-010
   1.6914892659802685        9.8721047377122032E-011
   1.7063752153501137        6.5420174207846812E-011
   1.7213921685005316        4.3038198228176377E-011
   1.7365412783301448        2.8104842018296510E-011
   1.7518237078836587        1.8215291733068567E-011
   1.7672406304411532        1.1715511259904870E-011
   1.7827932296081566        7.4764885745813943E-012
   1.7984826994065179        4.7335345116947668E-012
   1.8143102443660732        2.9727879570710653E-012
   1.8302770796171222        1.8517007863702202E-012
   1.8463844309837174        1.1437814847773496E-012
   1.8626335350777747        7.0051339803883712E-013
   1.8790256393940115        4.2532957684155166E-013
   1.8955620024057211        2.5597876448814716E-013
   1.9122438936613899        1.5268057749093510E-013
   1.9290725938821640        9.0239407615516839E-014
   1.9460493950601745        5.2841012402242819E-014
   1.9631756005577277        3.0650467401586922E-014
   1.9804525252073686        1.7608465622095153E-014
   1.9978814954128248        1.0017294556979891E-014
