   3.8800019187216023E-006   207.01484197751023     
   3.9141478712136633E-006   207.01484197599700     
   3.9485943251219628E-006   207.01484197398315     
   3.9833439250088757E-006   207.01484197239938     
   4.0183993387102450E-006   207.01484197077934     
   4.0537632575401962E-006   207.01484196958808     
   4.0894383964977641E-006   207.01484196742791     
   4.1254274944753307E-006   207.01484196569538     
   4.1617333144688961E-006   207.01484196392386     
   4.1983586437902025E-006   207.01484196211277     
   4.2353062942807263E-006   207.01484196072715     
   4.2725791025275543E-006   207.01484195836929     
   4.3101799300811505E-006   207.01484195690108     
   4.3481116636750535E-006   207.01484195492463     
   4.3863772154474978E-006   207.01484195290516     
   4.4249795231649829E-006   207.01484195130735     
   4.4639215504478231E-006   207.01484194966486     
   4.5032062869976689E-006   207.01484194797689     
   4.5428367488270360E-006   207.01484194531128     
   4.5828159784908553E-006   207.01484194259848     
   4.6231470453200600E-006   207.01484194076909     
   4.6638330456572252E-006   207.01484193842521     
   4.7048771030942842E-006   207.01484193696302     
   4.7462823687123413E-006   207.01484193358766     
   4.7880520213235838E-006   207.01484193155784     
   4.8301892677153321E-006   207.01484192994127     
   4.8726973428962344E-006   207.01484192687451     
   4.9155795103446319E-006   207.01484192468479     
   4.9588390622591001E-006   207.01484192150861     
   5.0024793198112043E-006   207.01484192013891     
   5.0465036334004787E-006   207.01484191731510     
   5.0909153829116429E-006   207.01484191443308     
   5.1357179779740897E-006   207.01484191195766     
   5.1809148582236490E-006   207.01484190942193     
   5.2265094935666645E-006   207.01484190589360     
   5.2725053844463863E-006   207.01484190369990     
   5.3189060621117094E-006   207.01484190097699     
   5.3657150888882824E-006   207.01484189818956     
   5.4129360584519984E-006   207.01484189487070     
   5.4605725961048872E-006   207.01484189195054     
   5.5086283590534462E-006   207.01484188896245     
   5.5571070366894173E-006   207.01484188590490     
   5.6060123508730270E-006   207.01484188277686     
   5.6553480562187307E-006   207.01484188004281     
   5.7051179403834621E-006   207.01484187630433     
   5.7553258243574262E-006   207.01484187295728     
   5.8059755627574491E-006   207.01484186953445     
   5.8570710441229060E-006   207.01484186696604     
   5.9086161912142600E-006   207.01484186245671     
   5.9606149613142227E-006   207.01484185879889     
   6.0130713465315675E-006   207.01484185552567     
   6.0659893741076170E-006   207.01484185170415     
   6.1193731067254260E-006   207.01484184873004     
   6.1732266428216867E-006   207.01484184473901     
   6.2275541169013806E-006   207.01484184066101     
   6.2823596998551931E-006   207.01484183649444     
   6.3376475992797289E-006   207.01484183270344     
   6.3934220598005445E-006   207.01484182882064     
   6.4496873633980143E-006   207.01484182484455     
   6.5064478297360799E-006   207.01484182030777     
   6.5637078164938794E-006   207.01484181567434     
   6.6214717197003011E-006   207.01484181233957     
   6.6797439740714788E-006   207.01484180797331     
   6.7385290533512648E-006   207.01484180257387     
   6.7978314706546849E-006   207.01484179753641     
   6.8576557788144305E-006   207.01484179332476     
   6.9180065707303918E-006   207.01484178900569     
   6.9788884797222697E-006   207.01484178457736     
   7.0403061798852890E-006   207.01484177910652     
   7.1022643864490443E-006   207.01484177352245     
   7.1647678561395036E-006   207.01484176828887     
   7.2278213875441952E-006   207.01484176247243     
   7.2914298214806140E-006   207.01484175793371     
   7.3555980413678600E-006   207.01484175234214     
   7.4203309736015623E-006   207.01484174709287     
   7.4856335879320835E-006   207.01484174171770     
   7.5515108978460729E-006   207.01484173574903     
   7.6179679609513624E-006   207.01484173011579     
   7.6850098793652551E-006   207.01484172434999     
   7.7526418001062325E-006   207.01484171798370     
   7.8208689154891056E-006   207.01484171194579     
   7.8896964635236464E-006   207.01484170553545     
   7.9591297283167251E-006   207.01484169944860     
   8.0291740404779900E-006   207.01484169321708     
   8.0998347775291146E-006   207.01484168637273     
   8.1711173643166416E-006   207.01484167984421     
   8.2430272734284723E-006   207.01484167293040     
   8.3155700256140138E-006   207.01484166586147     
   8.3887511902080171E-006   207.01484165910023     
   8.4625763855581611E-006   207.01484165194552     
   8.5370512794563872E-006   207.01484164462727     
   8.6121815895740269E-006   207.01484163714258     
   8.6879730839007835E-006   207.01484162972139     
   8.7644315811875352E-006   207.01484162212785     
   8.8415629513930810E-006   207.01484161459172     
   8.9193731161347773E-006   207.01484160617855     
   8.9978680491431726E-006   207.01484159874798     
   9.0770537767206217E-006   207.01484159020112     
   9.1569363782039469E-006   207.01484158193182     
   9.2375219864311686E-006   207.01484157323824     
   9.3188167882123401E-006   207.01484156434981     
   9.4008270248045318E-006   207.01484155572871     
   9.4835589923909824E-006   207.01484154690581     
   9.5670190425644969E-006   207.01484153741188     
   9.6512135828150519E-006   207.01484152817466     
   9.7361490770217432E-006   207.01484151895755     
   9.8218320459490206E-006   207.01484150905833     
   9.9082690677473145E-006   207.01484149963738     
   9.9954667784580659E-006   207.01484148952648     
   1.0083431872523188E-005   207.01484147942034     
   1.0172171103299017E-005   207.01484146908200     
   1.0261691283574805E-005   207.01484145850742     
   1.0351999286095736E-005   207.01484144792516     
   1.0443102044090591E-005   207.01484143663259     
   1.0535006551804016E-005   207.01484142578948     
   1.0627719865033502E-005   207.01484141469291     
   1.0721249101671075E-005   207.01484140310566     
   1.0815601442249769E-005   207.01484139125580     
   1.0910784130494880E-005   207.01484137960460     
   1.1006804473880113E-005   207.01484136744881     
   1.1103669844188572E-005   207.01484135478341     
   1.1201387678078743E-005   207.01484134230219     
   1.1299965477655411E-005   207.01484133000014     
   1.1399410811045625E-005   207.01484131670804     
   1.1499731312979730E-005   207.01484130335200     
   1.1600934685377504E-005   207.01484129015967     
   1.1703028697939464E-005   207.01484127666004     
   1.1806021188743365E-005   207.01484126261482     
   1.1909920064845960E-005   207.01484124848423     
   1.2014733302890041E-005   207.01484123402969     
   1.2120468949716842E-005   207.01484121947834     
   1.2227135122983808E-005   207.01484120435867     
   1.2334740011787824E-005   207.01484118913055     
   1.2443291877293908E-005   207.01484117378777     
   1.2552799053369457E-005   207.01484115785865     
   1.2663269947224056E-005   207.01484114203538     
   1.2774713040054926E-005   207.01484112561303     
   1.2887136887698056E-005   207.01484110905096     
   1.3000550121285064E-005   207.01484109234246     
   1.3114961447905829E-005   207.01484107524806     
   1.3230379651276961E-005   207.01484105752803     
   1.3346813592416161E-005   207.01484103964117     
   1.3464272210322512E-005   207.01484102181308     
   1.3582764522662737E-005   207.01484100357123     
   1.3702299626463536E-005   207.01484098467512     
   1.3822886698809972E-005   207.01484096558312     
   1.3944534997550043E-005   207.01484094605490     
   1.4067253862005423E-005   207.01484092608268     
   1.4191052713688478E-005   207.01484090612416     
   1.4315941057025584E-005   207.01484088570584     
   1.4441928480086804E-005   207.01484086481952     
   1.4569024655322010E-005   207.01484084368980     
   1.4697239340303449E-005   207.01484082230826     
   1.4826582378474882E-005   207.01484080020055     
   1.4957063699907277E-005   207.01484077782379     
   1.5088693322061181E-005   207.01484075516896     
   1.5221481350555796E-005   207.01484073176152     
   1.5355437979944810E-005   207.01484070840701     
   1.5490573494499071E-005   207.01484068474696     
   1.5626898268996145E-005   207.01484066007339     
   1.5764422769516806E-005   207.01484063542421     
   1.5903157554248572E-005   207.01484061009108     
   1.6043113274296266E-005   207.01484058441338     
   1.6184300674499756E-005   207.01484055814791     
   1.6326730594258857E-005   207.01484053186641     
   1.6470413968365517E-005   207.01484050439416     
   1.6615361827843294E-005   207.01484047700092     
   1.6761585300794272E-005   207.01484044909381     
   1.6909095613253372E-005   207.01484042031223     
   1.7057904090050230E-005   207.01484039122710     
   1.7208022155678634E-005   207.01484036171036     
   1.7359461335173606E-005   207.01484033175029     
   1.7512233254996235E-005   207.01484030098567     
   1.7666349643926269E-005   207.01484026998639     
   1.7821822333962563E-005   207.01484023804170     
   1.7978663261231466E-005   207.01484020595382     
   1.8136884466903194E-005   207.01484017301135     
   1.8296498098116269E-005   207.01484013966711     
   1.8457516408910096E-005   207.01484010567481     
   1.8619951761165725E-005   207.01484007113737     
   1.8783816625554941E-005   207.01484003580833     
   1.8949123582497657E-005   207.01484000002290     
   1.9115885323127758E-005   207.01483996365033     
   1.9284114650267433E-005   207.01483992644336     
   1.9453824479410100E-005   207.01483988862009     
   1.9625027839711963E-005   207.01483985004904     
   1.9797737874992295E-005   207.01483981118059     
   1.9971967844742537E-005   207.01483977106795     
   2.0147731125144271E-005   207.01483973074289     
   2.0325041210096150E-005   207.01483968949100     
   2.0503911712249862E-005   207.01483964741232     
   2.0684356364055233E-005   207.01483960483915     
   2.0866389018814476E-005   207.01483956140544     
   2.1050023651745804E-005   207.01483951686106     
   2.1235274361056300E-005   207.01483947223636     
   2.1422155369024303E-005   207.01483942623258     
   2.1610681023091308E-005   207.01483937941390     
   2.1800865796963452E-005   207.01483933199432     
   2.1992724291722690E-005   207.01483928395521     
   2.2186271236947806E-005   207.01483923469516     
   2.2381521491845202E-005   207.01483918466045     
   2.2578490046389725E-005   207.01483913359829     
   2.2777192022475471E-005   207.01483908195416     
   2.2977642675076751E-005   207.01483902935814     
   2.3179857393419266E-005   207.01483897567294     
   2.3383851702161569E-005   207.01483892099372     
   2.3589641262586957E-005   207.01483886553149     
   2.3797241873805841E-005   207.01483880891516     
   2.4006669473968667E-005   207.01483875123836     
   2.4217940141489580E-005   207.01483869294412     
   2.4431070096280763E-005   207.01483863319430     
   2.4646075700997748E-005   207.01483857266345     
   2.4862973462295572E-005   207.01483851086209     
   2.5081780032096091E-005   207.01483844799844     
   2.5302512208866365E-005   207.01483838416391     
   2.5525186938908347E-005   207.01483831933314     
   2.5749821317659916E-005   207.01483825313113     
   2.5976432591007313E-005   207.01483818553135     
   2.6205038156609193E-005   207.01483811697301     
   2.6435655565232287E-005   207.01483804719572     
   2.6668302522098819E-005   207.01483797617198     
   2.6902996888245808E-005   207.01483790387346     
   2.7139756681896309E-005   207.01483783038793     
   2.7378600079842734E-005   207.01483775568613     
   2.7619545418842317E-005   207.01483767950555     
   2.7862611197024925E-005   207.01483760204871     
   2.8107816075313188E-005   207.01483752305205     
   2.8355178878855164E-005   207.01483744283343     
   2.8604718598469594E-005   207.01483736101170     
   2.8856454392103919E-005   207.01483727790367     
   2.9110405586305061E-005   207.01483719335988     
   2.9366591677703204E-005   207.01483710734675     
   2.9625032334508594E-005   207.01483701971370     
   2.9885747398021544E-005   207.01483693042570     
   3.0148756884155709E-005   207.01483683968041     
   3.0414080984974776E-005   207.01483674732526     
   3.0681740070242644E-005   207.01483665338168     
   3.0951754688987324E-005   207.01483655775422     
   3.1224145571078505E-005   207.01483646034666     
   3.1498933628819087E-005   207.01483636135316     
   3.1776139958550638E-005   207.01483626061793     
   3.2055785842273094E-005   207.01483615792642     
   3.2337892749278581E-005   207.01483605358681     
   3.2622482337799720E-005   207.01483594732508     
   3.2909576456672374E-005   207.01483583915712     
   3.3199197147013062E-005   207.01483572915635     
   3.3491366643911129E-005   207.01483561716276     
   3.3786107378135807E-005   207.01483550313168     
   3.4083441977858269E-005   207.01483538730895     
   3.4383393270388889E-005   207.01483526929928     
   3.4685984283929770E-005   207.01483514911394     
   3.4991238249342656E-005   207.01483502682169     
   3.5299178601932501E-005   207.01483490254844     
   3.5609828983246608E-005   207.01483477577932     
   3.5923213242889697E-005   207.01483464698771     
   3.6239355440354900E-005   207.01483451583135     
   3.6558279846870901E-005   207.01483438243298     
   3.6880010947265304E-005   207.01483424662308     
   3.7204573441844402E-005   207.01483410846402     
   3.7531992248289518E-005   207.01483396784272     
   3.7862292503569988E-005   207.01483382470343     
   3.8195499565873026E-005   207.01483367916387     
   3.8531639016550545E-005   207.01483353087502     
   3.8870736662083119E-005   207.01483337995268     
   3.9212818536061200E-005   207.01483322651148     
   3.9557910901183869E-005   207.01483307025768     
   3.9906040251275024E-005   207.01483291130387     
   4.0257233313317428E-005   207.01483274941211     
   4.0611517049504660E-005   207.01483258492573     
   4.0968918659311021E-005   207.01483241731347     
   4.1329465581579769E-005   207.01483224668357     
   4.1693185496629662E-005   207.01483207320086     
   4.2060106328380088E-005   207.01483189662201     
   4.2430256246494833E-005   207.01483171676034     
   4.2803663668544799E-005   207.01483153389364     
   4.3180357262189670E-005   207.01483134777470     
   4.3560365947378855E-005   207.01483115832940     
   4.3943718898571738E-005   207.01483096559912     
   4.4330445546977477E-005   207.01483076933249     
   4.4720575582814597E-005   207.01483056974257     
   4.5114138957590330E-005   207.01483036651729     
   4.5511165886400101E-005   207.01483015969228     
   4.5911686850247286E-005   207.01482994918541     
   4.6315732598383256E-005   207.01482973508763     
   4.6723334150668167E-005   207.01482951713928     
   4.7134522799952390E-005   207.01482929531210     
   4.7549330114479028E-005   207.01482906957585     
   4.7967787940307432E-005   207.01482883984119     
   4.8389928403758189E-005   207.01482860601658     
   4.8815783913879508E-005   207.01482836824209     
   4.9245387164935433E-005   207.01482812607401     
   4.9678771138915792E-005   207.01482787976528     
   5.0115969108068408E-005   207.01482762892704     
   5.0557014637453478E-005   207.01482737380883     
   5.1001941587520466E-005   207.01482711401832     
   5.1450784116707691E-005   207.01482684974326     
   5.1903576684064774E-005   207.01482658082051     
   5.2360354051898144E-005   207.01482630708506     
   5.2821151288439873E-005   207.01482602860267     
   5.3286003770540003E-005   207.01482574502984     
   5.3754947186382456E-005   207.01482545654511     
   5.4228017538225012E-005   207.01482516297557     
   5.4705251145163258E-005   207.01482486420446     
   5.5186684645918954E-005   207.01482456017141     
   5.5672355001652883E-005   207.01482425075562     
   5.6162299498802483E-005   207.01482393583410     
   5.6656555751944452E-005   207.01482361533994     
   5.7155161706682500E-005   207.01482328914585     
   5.7658155642560603E-005   207.01482295735514     
   5.8165576176001824E-005   207.01482261954482     
   5.8677462263273003E-005   207.01482227569693     
   5.9193853203475556E-005   207.01482192590805     
   5.9714788641562616E-005   207.01482156998077     
   6.0240308571382658E-005   207.01482120765735     
   6.0770453338749992E-005   207.01482083902664     
   6.1305263644542216E-005   207.01482046373826     
   6.1844780547824942E-005   207.01482008181807     
   6.2389045469004093E-005   207.01481969328876     
   6.2938100193005747E-005   207.01481929776315     
   6.3491986872484237E-005   207.01481889534608     
   6.4050748031058250E-005   207.01481848576111     
   6.4614426566575589E-005   207.01481806893304     
   6.5183065754406439E-005   207.01481764478336     
   6.5756709250765877E-005   207.01481721305629     
   6.6335401096065440E-005   207.01481677375500     
   6.6919185718294260E-005   207.01481632670487     
   6.7508107936429954E-005   207.01481587167012     
   6.8102212963879448E-005   207.01481540858629     
   6.8701546411950264E-005   207.01481493732774     
   6.9306154293352146E-005   207.01481445782355     
   6.9916083025729656E-005   207.01481396982507     
   7.0531379435225785E-005   207.01481347313836     
   7.1152090760076930E-005   207.01481296771163     
   7.1778264654239553E-005   207.01481245328586     
   7.2409949191048681E-005   207.01481192986040     
   7.3047192866908676E-005   207.01481139708164     
   7.3690044605016493E-005   207.01481085502922     
   7.4338553759117559E-005   207.01481030325471     
   7.4992770117294943E-005   207.01480974174262     
   7.5652743905791636E-005   207.01480917035735     
   7.6318525792866640E-005   207.01480858884264     
   7.6990166892684954E-005   207.01480799705479     
   7.7667718769241636E-005   207.01480739484600     
   7.8351233440320713E-005   207.01480678191876     
   7.9040763381488626E-005   207.01480615817508     
   7.9736361530122988E-005   207.01480552342537     
   8.0438081289476701E-005   207.01480487744652     
   8.1145976532778004E-005   207.01480422006921     
   8.1860101607366366E-005   207.01480355103229     
   8.2580511338864980E-005   207.01480287015721     
   8.3307261035389871E-005   207.01480217728988     
   8.4040406491796063E-005   207.01480147215500     
   8.4780003993961166E-005   207.01480075455970     
   8.5526110323106561E-005   207.01480002424807     
   8.6278782760156717E-005   207.01479928107551     
   8.7038079090136827E-005   207.01479852474660     
   8.7804057606609100E-005   207.01479775498996     
   8.8576777116148220E-005   207.01479697170362     
   8.9356296942856022E-005   207.01479617454709     
   9.0142676932916031E-005   207.01479536329123     
   9.0935977459188103E-005   207.01479453764250     
   9.1736259425843306E-005   207.01479369750604     
   9.2543584273039833E-005   207.01479284246045     
   9.3358013981639912E-005   207.01479197225348     
   9.4179611077968277E-005   207.01479108674312     
   9.5008438638612515E-005   207.01479018551919     
   9.5844560295265654E-005   207.01478926836938     
   9.6688040239611346E-005   207.01478833501648     
   9.7538943228252137E-005   207.01478738517704     
   9.8397334587680898E-005   207.01478641853180     
   9.9263280219296282E-005   207.01478543478407     
   1.0013684660446212E-004   207.01478443371769     
   1.0101810080961139E-004   207.01478341487660     
   1.0190711049139517E-004   207.01478237805986     
   1.0280394390187678E-004   207.01478132285541     
   1.0370866989377178E-004   207.01478024901871     
   1.0462135792573395E-004   207.01477915621041     
   1.0554207806768789E-004   207.01477804411280     
   1.0647090100620849E-004   207.01477691231315     
   1.0740789804994776E-004   207.01477576053634     
   1.0835314113510942E-004   207.01477458835399     
   1.0930670283097164E-004   207.01477339550394     
   1.1026865634545854E-004   207.01477218154150     
   1.1123907553076035E-004   207.01477094612983     
   1.1221803488900354E-004   207.01476968886550     
   1.1320560957797039E-004   207.01476840933617     
   1.1420187541686916E-004   207.01476710726638     
   1.1520690889215504E-004   207.01476578208059     
   1.1622078716340206E-004   207.01476443354341     
   1.1724358806922711E-004   207.01476306114802     
   1.1827539013326565E-004   207.01476166449481     
   1.1931627257020037E-004   207.01476024311626     
   1.2036631529184266E-004   207.01475879665111     
   1.2142559891326773E-004   207.01475732455418     
   1.2249420475900363E-004   207.01475582648766     
   1.2357221486927484E-004   207.01475430194381     
   1.2465971200630076E-004   207.01475275040423     
   1.2575677966064966E-004   207.01475117147083     
   1.2686350205764831E-004   207.01474956460339     
   1.2797996416384855E-004   207.01474792933840     
   1.2910625169355010E-004   207.01474626514243     
   1.3024245111538144E-004   207.01474457157258     
   1.3138864965893797E-004   207.01474284799986     
   1.3254493532147913E-004   207.01474109400107     
   1.3371139687468414E-004   207.01473930896697     
   1.3488812387146726E-004   207.01473749239193     
   1.3607520665285305E-004   207.01473564371435     
   1.3727273635491218E-004   207.01473376234537     
   1.3848080491575822E-004   207.01473184769736     
   1.3969950508260599E-004   207.01472989919898     
   1.4092893041889209E-004   207.01472791626537     
   1.4216917531145799E-004   207.01472589829768     
   1.4342033497779648E-004   207.01472384459618     
   1.4468250547336174E-004   207.01472175463590     
   1.4595578369894403E-004   207.01471962771751     
   1.4724026740810871E-004   207.01471746317071     
   1.4853605521470136E-004   207.01471526041178     
   1.4984324660041856E-004   207.01471301866769     
   1.5116194192244556E-004   207.01471073729510     
   1.5249224242116076E-004   207.01470841560592     
   1.5383425022790853E-004   207.01470605288137     
   1.5518806837283992E-004   207.01470364834302     
   1.5655380079282271E-004   207.01470120132649     
   1.5793155233942102E-004   207.01469871100511     
   1.5932142878694505E-004   207.01469617672421     
   1.6072353684057166E-004   207.01469359762245     
   1.6213798414453645E-004   207.01469097292261     
   1.6356487929039808E-004   207.01468830177095     
   1.6500433182537507E-004   207.01468558345562     
   1.6645645226075616E-004   207.01468281705672     
   1.6792135208038443E-004   207.01468000175157     
   1.6939914374921653E-004   207.01467713666909     
   1.7088994072195674E-004   207.01467422094765     
   1.7239385745176740E-004   207.01467125367600     
   1.7391100939905576E-004   207.01466823393747     
   1.7544151304033822E-004   207.01466516085225     
   1.7698548587718267E-004   207.01466203337418     
   1.7854304644522942E-004   207.01465885065363     
   1.8011431432329148E-004   207.01465561161524     
   1.8169941014253518E-004   207.01465231537975     
   1.8329845559574118E-004   207.01464896081211     
   1.8491157344664738E-004   207.01464554697264     
   1.8653888753937379E-004   207.01464207275228     
   1.8818052280793055E-004   207.01463853712011     
   1.8983660528580927E-004   207.01463493899172     
   1.9150726211565922E-004   207.01463127725742     
   1.9319262155904847E-004   207.01462755078296     
   1.9489281300631077E-004   207.01462375842232     
   1.9660796698647942E-004   207.01461989900361     
   1.9833821517730837E-004   207.01461597135733     
   2.0008369041538140E-004   207.01461197428694     
   2.0184452670631053E-004   207.01460790653920     
   2.0362085923502401E-004   207.01460376689073     
   2.0541282437614499E-004   207.01459955403180     
   2.0722055970446120E-004   207.01459526672522     
   2.0904420400548723E-004   207.01459090360237     
   2.1088389728611933E-004   207.01458646333725     
   2.1273978078538441E-004   207.01458194457348     
   2.1461199698528320E-004   207.01457734593771     
   2.1650068962172916E-004   207.01457266599590     
   2.1840600369558340E-004   207.01456790328166     
   2.2032808548378709E-004   207.01456305639761     
   2.2226708255059131E-004   207.01455812381107     
   2.2422314375888626E-004   207.01455310405731     
   2.2619641928162980E-004   207.01454799553483     
   2.2818706061337671E-004   207.01454279669440     
   2.3019522058190952E-004   207.01453750592174     
   2.3222105335997137E-004   207.01453212163881     
   2.3426471447710260E-004   207.01452664217209     
   2.3632636083158087E-004   207.01452106578148     
   2.3840615070246717E-004   207.01451539084803     
   2.4050424376175709E-004   207.01450961556839     
   2.4262080108663944E-004   207.01450373818665     
   2.4475598517186264E-004   207.01449775690622     
   2.4690995994221005E-004   207.01449166988931     
   2.4908289076508477E-004   207.01448547524154     
   2.5127494446320557E-004   207.01447917108413     
   2.5348628932741449E-004   207.01447275545081     
   2.5571709512959672E-004   207.01446622643323     
   2.5796753313571494E-004   207.01445958194694     
   2.6023777611895770E-004   207.01445281998508     
   2.6252799837300371E-004   207.01444593850169     
   2.6483837572540298E-004   207.01443893535242     
   2.6716908555107582E-004   207.01443180839516     
   2.6952030678593025E-004   207.01442455542451     
   2.7189221994059951E-004   207.01441717422830     
   2.7428500711430061E-004   207.01440966253637     
   2.7669885200881422E-004   207.01440201804849     
   2.7913393994258859E-004   207.01439423841168     
   2.8159045786496672E-004   207.01438632123381     
   2.8406859437053907E-004   207.01437826406806     
   2.8656853971362244E-004   207.01437006447765     
   2.8909048582286673E-004   207.01436171989627     
   2.9163462631598967E-004   207.01435322779469     
   2.9420115651464137E-004   207.01434458557787     
   2.9679027345939994E-004   207.01433579054009     
   2.9940217592489904E-004   207.01432684002401     
   3.0203706443508813E-004   207.01431773126717     
   3.0469514127862737E-004   207.01430846146587     
   3.0737661052441823E-004   207.01429902778864     
   3.1008167803727018E-004   207.01428942731013     
   3.1281055149370591E-004   207.01427965710411     
   3.1556344039790482E-004   207.01426971417686     
   3.1834055609778779E-004   207.01425959545873     
   3.2114211180124286E-004   207.01424929782507     
   3.2396832259249373E-004   207.01423881815253     
   3.2681940544861267E-004   207.01422815320217     
   3.2969557925617831E-004   207.01421729969024     
   3.3259706482808058E-004   207.01420625428000     
   3.3552408492047275E-004   207.01419501361693     
   3.3847686424987343E-004   207.01418357420317     
   3.4145562951041889E-004   207.01417193254935     
   3.4446060939126666E-004   207.01416008507118     
   3.4749203459415314E-004   207.01414802813173     
   3.5055013785110475E-004   207.01413575803275     
   3.5363515394230626E-004   207.01412327099854     
   3.5674731971412500E-004   207.01411056319614     
   3.5988687409729445E-004   207.01409763071996     
   3.6305405812525778E-004   207.01408446958919     
   3.6624911495267273E-004   207.01407107579792     
   3.6947228987407941E-004   207.01405744518229     
   3.7272383034273195E-004   207.01404357359354     
   3.7600398598959696E-004   207.01402945675090     
   3.7931300864251774E-004   207.01401509031950     
   3.8265115234554852E-004   207.01400046989494     
   3.8601867337845772E-004   207.01398559098607     
   3.8941583027640378E-004   207.01397044901370     
   3.9284288384978320E-004   207.01395503933071     
   3.9630009720425456E-004   207.01393935720529     
   3.9978773576093696E-004   207.01392339782672     
   4.0330606727678812E-004   207.01390715628099     
   4.0685536186516042E-004   207.01389062758625     
   4.1043589201653855E-004   207.01387380667524     
   4.1404793261945938E-004   207.01385668835763     
   4.1769176098161592E-004   207.01383926738299     
   4.2136765685114750E-004   207.01382153840257     
   4.2507590243811633E-004   207.01380349598907     
   4.2881678243617412E-004   207.01378513456859     
   4.3259058404441868E-004   207.01376644853531     
   4.3639759698944322E-004   207.01374743211085     
   4.4023811354757946E-004   207.01372807948724     
   4.4411242856733665E-004   207.01370838469404     
   4.4802083949203799E-004   207.01368834170501     
   4.5196364638265638E-004   207.01366794436274     
   4.5594115194085082E-004   207.01364718636182     
   4.5995366153220611E-004   207.01362606137724     
   4.6400148320967645E-004   207.01360456289467     
   4.6808492773723568E-004   207.01358268430977     
   4.7220430861373569E-004   207.01356041891046     
   4.7635994209697458E-004   207.01353775985342     
   4.8055214722797696E-004   207.01351470017471     
   4.8478124585548749E-004   207.01349123279562     
   4.8904756266068058E-004   207.01346735051112     
   4.9335142518208653E-004   207.01344304597399     
   4.9769316384073862E-004   207.01341831173056     
   5.0207311196553950E-004   207.01339314017156     
   5.0649160581885306E-004   207.01336752356434     
   5.1094898462231923E-004   207.01334145405821     
   5.1544559058289781E-004   207.01331492362959     
   5.1998176891914080E-004   207.01328792413398     
   5.2455786788769491E-004   207.01326044727301     
   5.2917423881003998E-004   207.01323248460972     
   5.3383123609945966E-004   207.01320402755425     
   5.3852921728825135E-004   207.01317506735694     
   5.4326854305517512E-004   207.01314559513719     
   5.4804957725314405E-004   207.01311560183302     
   5.5287268693715813E-004   207.01308507823711     
   5.5773824239248478E-004   207.01305401495733     
   5.6264661716308635E-004   207.01302240246338     
   5.6759818808029840E-004   207.01299023104332     
   5.7259333529176043E-004   207.01295749082129     
   5.7763244229060032E-004   207.01292417171754     
   5.8271589594487746E-004   207.01289026352782     
   5.8784408652728264E-004   207.01285575581034     
   5.9301740774510107E-004   207.01282063797981     
   5.9823625677043893E-004   207.01278489923038     
   6.0350103427071441E-004   207.01274852859689     
   6.0881214443941933E-004   207.01271151491801     
   6.1416999502714967E-004   207.01267384679863     
   6.1957499737291030E-004   207.01263551267476     
   6.2502756643569425E-004   207.01259650078350     
   6.3052812082634079E-004   207.01255679912896     
   6.3607708283967346E-004   207.01251639551441     
   6.4167487848692097E-004   207.01247527753316     
   6.4732193752842313E-004   207.01243343255305     
   6.5301869350662550E-004   207.01239084771902     
   6.5876558377936313E-004   207.01234750993990     
   6.6456304955343824E-004   207.01230340590598     
   6.7041153591849317E-004   207.01225852207955     
   6.7631149188118094E-004   207.01221284466754     
   6.8226337039963740E-004   207.01216635963124     
   6.8826762841825580E-004   207.01211905269088     
   6.9432472690276797E-004   207.01207090932070     
   7.0043513087563402E-004   207.01202191472805     
   7.0659930945174399E-004   207.01197205385131     
   7.1281773587443282E-004   207.01192131138328     
   7.1909088755181278E-004   207.01186967173936     
   7.2541924609342606E-004   207.01181711903689     
   7.3180329734721862E-004   207.01176363715786     
   7.3824353143684101E-004   207.01170920965171     
   7.4474044279927612E-004   207.01165381980172     
   7.5129453022279959E-004   207.01159745059255     
   7.5790629688527204E-004   207.01154008471434     
   7.6457625039277031E-004   207.01148170452740     
   7.7130490281855852E-004   207.01142229210882     
   7.7809277074240043E-004   207.01136182919902     
   7.8494037529021972E-004   207.01130029723021     
   7.9184824217410786E-004   207.01123767729007     
   7.9881690173268531E-004   207.01117395014711     
   8.0584688897181688E-004   207.01110909622139     
   8.1293874360568595E-004   207.01104309558713     
   8.2009301009822947E-004   207.01097592796503     
   8.2731023770493933E-004   207.01090757272908     
   8.3459098051502927E-004   207.01083800886522     
   8.4193579749397487E-004   207.01076721501778     
   8.4934525252642658E-004   207.01069516941567     
   8.5681991445950105E-004   207.01062184994322     
   8.6436035714645325E-004   207.01054723407003     
   8.7196715949073341E-004   207.01047129886405     
   8.7964090549043047E-004   207.01039402100349     
   8.8738218428310834E-004   207.01031537674305     
   8.9519159019103508E-004   207.01023534192188     
   9.0306972276681130E-004   207.01015389195106     
   9.1101718683939961E-004   207.01007100180323     
   9.1903459256055899E-004   207.00998664601394     
   9.2712255545168883E-004   207.00990079866057     
   9.3528169645108327E-004   207.00981343338822     
   9.4351264196160364E-004   207.00972452333042     
   9.5181602389876878E-004   207.00963404117476     
   9.6019247973926926E-004   207.00954195913016     
   9.6864265256990873E-004   207.00944824890126     
   9.7716719113697553E-004   207.00935288169376     
   9.8576674989604859E-004   207.00925582820986     
   9.9444198906224290E-004   207.00915705862644     
   1.0031935746608958E-003   207.00905654260237     
   1.0120221785786994E-003   207.00895424924892     
   1.0209284786152841E-003   207.00885014713737     
   1.0299131585352556E-003   207.00874420428624     
   1.0389769081206887E-003   207.00863638814167     
   1.0481204232240847E-003   207.00852666557898     
   1.0573444058217941E-003   207.00841500288760     
   1.0666495640679098E-003   207.00830136574854     
   1.0760366123486332E-003   207.00818571925566     
   1.0855062713371216E-003   207.00806802786707     
   1.0950592680488147E-003   207.00794825543443     
   1.1046963358972513E-003   207.00782636514356     
   1.1144182147503753E-003   207.00770231955050     
   1.1242256509873374E-003   207.00757608053402     
   1.1341193975557971E-003   207.00744760931872     
   1.1441002140297289E-003   207.00731686641581     
   1.1541688666677377E-003   207.00718381165490     
   1.1643261284718857E-003   207.00704840415898     
   1.1745727792470389E-003   207.00691060232265     
   1.1849096056607360E-003   207.00677036379386     
   1.1953374013035814E-003   207.00662764548809     
   1.2058569667501736E-003   207.00648240355287     
   1.2164691096205661E-003   207.00633459335597     
   1.2271746446422724E-003   207.00618416948413     
   1.2379743937128147E-003   207.00603108571045     
   1.2488691859628227E-003   207.00587529499768     
   1.2598598578196900E-003   207.00571674948173     
   1.2709472530717878E-003   207.00555540043263     
   1.2821322229332466E-003   207.00539119827840     
   1.2934156261093057E-003   207.00522409256399     
   1.3047983288622382E-003   207.00505403194222     
   1.3162812050778586E-003   207.00488096414961     
   1.3278651363326113E-003   207.00470483601106     
   1.3395510119612543E-003   207.00452559339874     
   1.3513397291251340E-003   207.00434318123837     
   1.3632321928810651E-003   207.00415754347569     
   1.3752293162508137E-003   207.00396862306769     
   1.3873320202911924E-003   207.00377636196123     
   1.3995412341647731E-003   207.00358070107404     
   1.4118578952112234E-003   207.00338158028057     
   1.4242829490192653E-003   207.00317893839258     
   1.4368173494992750E-003   207.00297271313815     
   1.4494620589565153E-003   207.00276284114653     
   1.4622180481650158E-003   207.00254925792422     
   1.4750862964421005E-003   207.00233189783762     
   1.4880677917235761E-003   207.00211069409278     
   1.5011635306395764E-003   207.00188557870518     
   1.5143745185910774E-003   207.00165648250936     
   1.5277017698270858E-003   207.00142333508791     
   1.5411463075225048E-003   207.00118606480845     
   1.5547091638566885E-003   207.00094459874487     
   1.5683913800926825E-003   207.00069886269915     
   1.5821940066571677E-003   207.00044878114670     
   1.5961181032211043E-003   207.00019427724408     
   1.6101647387810841E-003   206.99993527277184     
   1.6243349917414033E-003   206.99967168813413     
   1.6386299499968537E-003   206.99940344233079     
   1.6530507110162438E-003   206.99913045292175     
   1.6675983819266552E-003   206.99885263601965     
   1.6822740795984403E-003   206.99856990623681     
   1.6970789307309672E-003   206.99828217669290     
   1.7120140719391211E-003   206.99798935895524     
   1.7270806498405652E-003   206.99769136303303     
   1.7422798211437700E-003   206.99738809735209     
   1.7576127527368171E-003   206.99707946870836     
   1.7730806217769860E-003   206.99676538225015     
   1.7886846157811277E-003   206.99644574144850     
   1.8044259327168329E-003   206.99612044806787     
   1.8203057810944052E-003   206.99578940213956     
   1.8363253800596428E-003   206.99545250191903     
   1.8524859594874334E-003   206.99510964386707     
   1.8687887600761786E-003   206.99476072260700     
   1.8852350334430438E-003   206.99440563090997     
   1.9018260422200505E-003   206.99404425963530     
   1.9185630601510119E-003   206.99367649772029     
   1.9354473721893222E-003   206.99330223213900     
   1.9524802745966060E-003   206.99292134786378     
   1.9696630750422372E-003   206.99253372783141     
   1.9869970927037330E-003   206.99213925291116     
   2.0044836583680298E-003   206.99173780185680     
   2.0221241145336540E-003   206.99132925128754     
   2.0399198155137879E-003   206.99091347563507     
   2.0578721275402458E-003   206.99049034711231     
   2.0759824288683637E-003   206.99005973566682     
   2.0942521098828116E-003   206.98962150895284     
   2.1126825732043393E-003   206.98917553227540     
   2.1312752337974577E-003   206.98872166856387     
   2.1500315190790716E-003   206.98825977831524     
   2.1689528690280670E-003   206.98778971957080     
   2.1880407362958624E-003   206.98731134785066     
   2.2072965863179335E-003   206.98682451612115     
   2.2267218974263187E-003   206.98632907475104     
   2.2463181609631163E-003   206.98582487145620     
   2.2660868813949792E-003   206.98531175126811     
   2.2860295764286164E-003   206.98478955646476     
   2.3061477771273149E-003   206.98425812654489     
   2.3264430280284807E-003   206.98371729816222     
   2.3469168872622200E-003   206.98316690508443     
   2.3675709266709616E-003   206.98260677813795     
   2.3884067319301316E-003   206.98203674515025     
   2.4094259026698909E-003   206.98145663091009     
   2.4306300525979434E-003   206.98086625711159     
   2.4520208096234265E-003   206.98026544228185     
   2.4735998159818905E-003   206.97965400174860     
   2.4953687283613760E-003   206.97903174756652     
   2.5173292180296061E-003   206.97839848846701     
   2.5394829709622941E-003   206.97775402980324     
   2.5618316879725796E-003   206.97709817347499     
   2.5843770848416069E-003   206.97643071788946     
   2.6071208924502501E-003   206.97575145787965     
   2.6300648569119985E-003   206.97506018465231     
   2.6532107397070110E-003   206.97435668571967     
   2.6765603178173507E-003   206.97364074483687     
   2.7001153838634101E-003   206.97291214193143     
   2.7238777462415343E-003   206.97217065304358     
   2.7478492292628593E-003   206.97141605024143     
   2.7720316732933684E-003   206.97064810157372     
   2.7964269348951846E-003   206.96986657097671     
   2.8210368869691022E-003   206.96907121821499     
   2.8458634188983788E-003   206.96826179880293     
   2.8709084366937859E-003   206.96743806393010     
   2.8961738631399403E-003   206.96659976038728     
   2.9216616379429249E-003   206.96574663048142     
   2.9473737178792006E-003   206.96487841196318     
   2.9733120769458395E-003   206.96399483794841     
   2.9994787065120722E-003   206.96309563682644     
   3.0258756154721727E-003   206.96218053218502     
   3.0525048303996841E-003   206.96124924272385     
   3.0793683957030110E-003   206.96030148216352     
   3.1064683737823703E-003   206.95933695916062     
   3.1338068451881290E-003   206.95835537722155     
   3.1613859087805366E-003   206.95735643460864     
   3.1892076818908592E-003   206.95633982424272     
   3.2172743004839342E-003   206.95530523361776     
   3.2455879193221552E-003   206.95425234469610     
   3.2741507121309002E-003   206.95318083381937     
   3.3029648717654144E-003   206.95209037159719     
   3.3320326103791638E-003   206.95098062281875     
   3.3613561595936671E-003   206.94985124634604     
   3.3909377706698280E-003   206.94870189499909     
   3.4207797146807665E-003   206.94753221546358     
   3.4508842826861804E-003   206.94634184817698     
   3.4812537859082366E-003   206.94513042721161     
   3.5118905559090082E-003   206.94389758017104     
   3.5427969447694792E-003   206.94264292807117     
   3.5739753252701191E-003   206.94136608522911     
   3.6054280910730488E-003   206.94006665913207     
   3.6371576569058104E-003   206.93874425033459     
   3.6691664587467534E-003   206.93739845231659     
   3.7014569540120513E-003   206.93602885137807     
   3.7340316217443666E-003   206.93463502649649     
   3.7668929628031727E-003   206.93321654920209     
   3.8000435000567555E-003   206.93177298345319     
   3.8334857785758988E-003   206.93030388549028     
   3.8672223658292805E-003   206.92880880370865     
   3.9012558518805832E-003   206.92728727851869     
   3.9355888495873409E-003   206.92573884219644     
   3.9702239948015390E-003   206.92416301875522     
   4.0051639465719753E-003   206.92255932378458     
   4.0404113873484006E-003   206.92092726430860     
   4.0759690231874663E-003   206.91926633863494     
   4.1118395839604685E-003   206.91757603619760     
   4.1480258235629336E-003   206.91585583740425     
   4.1845305201260443E-003   206.91410521347257     
   4.2213564762299208E-003   206.91232362626914     
   4.2585065191187892E-003   206.91051052814635     
   4.2959835009180325E-003   206.90866536177015     
   4.3337902988531615E-003   206.90678755995657     
   4.3719298154707067E-003   206.90487654548684     
   4.4104049788610562E-003   206.90293173093846     
   4.4492187428832536E-003   206.90095251850244     
   4.4883740873917768E-003   206.89893829979866     
   4.5278740184653086E-003   206.89688845569219     
   4.5677215686375228E-003   206.89480235609977     
   4.6079197971299057E-003   206.89267935979888     
   4.6484717900866163E-003   206.89051881422756     
   4.6893806608114220E-003   206.88832005529196     
   4.7306495500067164E-003   206.88608240715104     
   4.7722816260146418E-003   206.88380518202280     
   4.8142800850603318E-003   206.88148767995688     
   4.8566481514972946E-003   206.87912918863941     
   4.8993890780549589E-003   206.87672898315788     
   4.9425061460883959E-003   206.87428632578457     
   4.9860026658302345E-003   206.87180046575617     
   5.0298819766448075E-003   206.86927063903221     
   5.0741474472845161E-003   206.86669606807033     
   5.1188024761484631E-003   206.86407596158665     
   5.1638504915433618E-003   206.86140951430440     
   5.2092949519467312E-003   206.85869590672053     
   5.2551393462724194E-003   206.85593430484403     
   5.3013871941384573E-003   206.85312385994422     
   5.3480420461372710E-003   206.85026370829280     
   5.3951074841082688E-003   206.84735297089395     
   5.4425871214128334E-003   206.84439075322041     
   5.4904846032117318E-003   206.84137614493432     
   5.5388036067449643E-003   206.83830821961300     
   5.5875478416140744E-003   206.83518603446407     
   5.6367210500669531E-003   206.83200863003327     
   5.6863270072851383E-003   206.82877502991505     
   5.7363695216736494E-003   206.82548424045120     
   5.7868524351533694E-003   206.82213525042778     
   5.8377796234560016E-003   206.81872703076482     
   5.8891549964216212E-003   206.81525853420089     
   5.9409824982988493E-003   206.81172869497533     
   5.9932661080476591E-003   206.80813642849773     
   6.0460098396448577E-003   206.80448063101903     
   6.0992177423922524E-003   206.80076017929423     
   6.1528939012275219E-003   206.79697393023815     
   6.2070424370378402E-003   206.79312072057456     
   6.2616675069762416E-003   206.78919936648356     
   6.3167733047807774E-003   206.78520866323265     
   6.3723640610964926E-003   206.78114738481685     
   6.4284440438002136E-003   206.77701428358409     
   6.4850175583282144E-003   206.77280808984227     
   6.5420889480067562E-003   206.76852751148562     
   6.5996625943855374E-003   206.76417123359255     
   6.6577429175740796E-003   206.75973791802164     
   6.7163343765810736E-003   206.75522620301120     
   6.7754414696567103E-003   206.75063470275671     
   6.8350687346380272E-003   206.74596200698829     
   6.8952207492972914E-003   206.74120668054405     
   6.9559021316934495E-003   206.73636726292881     
   7.0171175405266701E-003   206.73144226786911     
   7.0788716754960077E-003   206.72643018286021     
   7.1411692776602144E-003   206.72132946870437     
   7.2040151298017226E-003   206.71613855904360     
   7.2674140567938359E-003   206.71085585987771     
   7.3313709259711516E-003   206.70547974908175     
   7.3958906475032381E-003   206.70000857591282     
   7.4609781747716078E-003   206.69444066050130     
   7.5266385047499983E-003   206.68877429334600     
   7.5928766783880117E-003   206.68300773479029     
   7.6596977809981178E-003   206.67713921449160     
   7.7271069426460776E-003   206.67116693088320     
   7.7951093385447883E-003   206.66508905062796     
   7.8637101894515997E-003   206.65890370805710     
   7.9329147620691345E-003   206.65260900460567     
   8.0027283694496243E-003   206.64620300823282     
   8.0731563714028093E-003   206.63968375283639     
   8.1442041749074309E-003   206.63304923765378     
   8.2158772345263444E-003   206.62629742665615     
   8.2881810528252706E-003   206.61942624792573     
   8.3611211807952598E-003   206.61243359303154     
   8.4347032182788551E-003   206.60531731638685     
   8.5089328144000026E-003   206.59807523459773     
   8.5838156679977559E-003   206.59070512580047     
   8.6593575280638005E-003   206.58320472898907     
   8.7355641941838126E-003   206.57557174332845     
   8.8124415169827212E-003   206.56780382745751     
   8.8899953985738661E-003   206.55989859877906     
   8.9682317930121335E-003   206.55185363273824     
   9.0471567067510594E-003   206.54366646208985     
   9.1267761991039743E-003   206.53533457614947     
   9.2070963827091783E-003   206.52685542003246     
   9.2881234239992495E-003   206.51822639388729     
   9.3698635436744396E-003   206.50944485210010     
   9.4523230171802679E-003   206.50050810250451     
   9.5355081751893091E-003   206.49141340556110     
   9.6194254040872125E-003   206.48215797353311     
   9.7040811464630065E-003   206.47273896964549     
   9.7894819016037145E-003   206.46315350722614     
   9.8756342259933329E-003   206.45339864883744     
   9.9625447338161817E-003   206.44347140538952     
   1.0050220097464712E-002   206.43336873524009     
   1.0138667048051751E-002   206.42308754327610     
   1.0227892375927271E-002   206.41262467998450     
   1.0317902931199724E-002   206.40197694050426     
   1.0408705624261928E-002   206.39114106365719     
   1.0500307426321600E-002   206.38011373097532     
   1.0592715369936570E-002   206.36889156569669     
   1.0685936549554683E-002   206.35747113175512     
   1.0779978122058463E-002   206.34584893274638     
   1.0874847307314570E-002   206.33402141087993     
   1.0970551388728097E-002   206.32198494591177     
   1.1067097713801729E-002   206.30973585405980     
   1.1164493694699846E-002   206.29727038689839     
   1.1262746808817564E-002   206.28458473023875     
   1.1361864599354817E-002   206.27167500298509     
   1.1461854675895453E-002   206.25853725597523     
   1.1562724714991458E-002   206.24516747080048     
   1.1664482460752305E-002   206.23156155860443     
   1.1767135725439489E-002   206.21771535886279     
   1.1870692390066311E-002   206.20362463814195     
   1.1975160405002915E-002   206.18928508883909     
   1.2080547790586673E-002   206.17469232789472     
   1.2186862637737919E-002   206.15984189549090     
   1.2294113108581133E-002   206.14472925372439     
   1.2402307437071552E-002   206.12934978525612     
   1.2511453929627334E-002   206.11369879193984     
   1.2621560965767258E-002   206.09777149342693     
   1.2732636998754047E-002   206.08156302575179     
   1.2844690556243358E-002   206.06506843988421     
   1.2957730240938464E-002   206.04828270026877     
   1.3071764731250725E-002   206.03120068333175     
   1.3186802781965851E-002   206.01381717596769     
   1.3302853224916023E-002   205.99612687399684     
   1.3419924969657968E-002   205.97812438060350     
   1.3538027004156945E-002   205.95980420473961     
   1.3657168395476793E-002   205.94116075950893     
   1.3777358290476036E-002   205.92218836052371     
   1.3898605916510119E-002   205.90288122422885     
   1.4020920582139818E-002   205.88323346620564     
   1.4144311677845883E-002   205.86323909944161     
   1.4268788676749982E-002   205.84289203257794     
   1.4394361135341982E-002   205.82218606812023     
   1.4521038694213626E-002   205.80111490062859     
   1.4648831078798672E-002   205.77967211487123     
   1.4777748100119547E-002   205.75785118395112     
   1.4907799655540574E-002   205.73564546740289     
   1.5038995729527816E-002   205.71304820925587     
   1.5171346394415615E-002   205.69005253606770     
   1.5304861811179892E-002   205.66665145492658     
   1.5439552230218210E-002   205.64283785141754     
   1.5575427992136754E-002   205.61860448756266     
   1.5712499528544199E-002   205.59394399972001     
   1.5850777362852581E-002   205.56884889645482     
   1.5990272111085207E-002   205.54331155637271     
   1.6130994482691695E-002   205.51732422592204     
   1.6272955281370155E-002   205.49087901715689     
   1.6416165405896632E-002   205.46396790546714     
   1.6560635850961836E-002   205.43658272727180     
   1.6706377708015235E-002   205.40871517767431     
   1.6853402166116600E-002   205.38035680808332     
   1.7001720512794999E-002   205.35149902379408     
   1.7151344134915383E-002   205.32213308153030     
   1.7302284519552812E-002   205.29225008695136     
   1.7454553254874317E-002   205.26184099211673     
   1.7608162031028596E-002   205.23089659291190     
   1.7763122641043474E-002   205.19940752643510     
   1.7919446981731313E-002   205.16736426834120     
   1.8077147054602356E-002   205.13475713014714     
   1.8236234966786124E-002   205.10157625649310     
   1.8396722931960919E-002   205.06781162236291     
   1.8558623271291496E-002   205.03345303026072     
   1.8721948414375023E-002   204.99849010734573     
   1.8886710900195312E-002   204.96291230252120     
   1.9052923378085482E-002   204.92670888348209     
   1.9220598608699110E-002   204.88986893371276     
   1.9389749464989885E-002   204.85238134944524     
   1.9560388933199897E-002   204.81423483656789     
   1.9732530113856665E-002   204.77541790748819     
   1.9906186222778875E-002   204.73591887794856     
   2.0081370592091006E-002   204.69572586379627     
   2.0258096671246895E-002   204.65482677770228     
   2.0436378028062273E-002   204.61320932583482     
   2.0616228349756419E-002   204.57086100448134     
   2.0797661444002979E-002   204.52776909662276     
   2.0980691239990003E-002   204.48392066845616     
   2.1165331789489348E-002   204.43930256586856     
   2.1351597267935483E-002   204.39390141085715     
   2.1539501975513756E-002   204.34770359790093     
   2.1729060338258291E-002   204.30069529027804     
   2.1920286909159509E-002   204.25286241633103     
   2.2113196369281399E-002   204.20419066568070     
   2.2307803528888646E-002   204.15466548538353     
   2.2504123328583647E-002   204.10427207603703     
   2.2702170840453555E-002   204.05299538783186     
   2.2901961269227406E-002   204.00082011654547     
   2.3103509953443443E-002   203.94773069948428     
   2.3306832366626694E-002   203.89371131136761     
   2.3511944118476923E-002   203.83874586015611     
   2.3718860956067046E-002   203.78281798282524     
   2.3927598765052072E-002   203.72591104107886     
   2.4138173570888700E-002   203.66800811700830     
   2.4350601540065641E-002   203.60909200869179     
   2.4564898981344771E-002   203.54914522573802     
   2.4781082347013216E-002   203.48814998476826     
   2.4999168234146420E-002   203.42608820484480     
   2.5219173385882390E-002   203.36294150283373     
   2.5441114692707073E-002   203.29869118871602     
   2.5665009193751146E-002   203.23331826083279     
   2.5890874078098130E-002   203.16680340107598     
   2.6118726686104037E-002   203.09912697001505     
   2.6348584510728686E-002   203.03026900196710     
   2.6580465198878658E-002   202.96020920000512     
   2.6814386552762113E-002   202.88892693090662     
   2.7050366531255528E-002   202.81640122004131     
   2.7288423251282463E-002   202.74261074619915     
   2.7528574989204420E-002   202.66753383635876     
   2.7770840182224012E-002   202.59114846039341     
   2.8015237429800437E-002   202.51343222571859     
   2.8261785495077411E-002   202.43436237187876     
   2.8510503306323667E-002   202.35391576507510     
   2.8761409958386146E-002   202.27206889263056     
   2.9014524714155984E-002   202.18879785739972     
   2.9269867006047352E-002   202.10407837211523     
   2.9527456437489365E-002   202.01788575367681     
   2.9787312784431089E-002   201.93019491738420     
   3.0049455996859820E-002   201.84098037110664     
   3.0313906200332679E-002   201.75021620939941     
   3.0580683697521746E-002   201.65787610756098     
   3.0849808969772734E-002   201.56393331563362     
   3.1121302678677409E-002   201.46836065234947     
   3.1395185667659864E-002   201.37113049902058     
   3.1671478963576721E-002   201.27221479337351     
   3.1950203778331424E-002   201.17158502333371     
   3.2231381510502755E-002   201.06921222075403     
   3.2515033746987651E-002   200.96506695509424     
   3.2801182264658536E-002   200.85911932704857     
   3.3089849032035150E-002   200.75133896212566     
   3.3381056210971184E-002   200.64169500417927     
   3.3674826158355681E-002   200.53015610889491     
   3.3971181427829483E-002   200.41669043722828     
   3.4270144771516693E-002   200.30126564880300     
   3.4571739141771494E-002   200.18384889526624     
   3.4875987692940189E-002   200.06440681360385     
   3.5182913783138925E-002   199.94290551941816     
   3.5492540976046892E-002   199.81931060017007     
   3.5804893042715440E-002   199.69358710838623     
   3.6119993963392993E-002   199.56569955483747     
   3.6437867929366152E-002   199.43561190168458     
   3.6758539344816904E-002   199.30328755560168     
   3.7082032828696210E-002   199.16868936087224     
   3.7408373216614069E-002   199.03177959246665     
   3.7737585562746270E-002   198.89251994910040     
   3.8069695141757807E-002   198.75087154627892     
   3.8404727450743359E-002   198.60679490932966     
   3.8742708211184758E-002   198.46024996642672     
   3.9083663370925684E-002   198.31119604161182     
   3.9427619106163832E-002   198.15959184781354     
   3.9774601823460445E-002   198.00539547987086     
   4.0124638161767714E-002   197.84856440756516     
   4.0477754994473883E-002   197.68905546866256     
   4.0833979431466418E-002   197.52682486197534     
   4.1193338821213323E-002   197.36182814044338     
   4.1555860752862758E-002   197.19402020424286     
   4.1921573058361167E-002   197.02335529392707     
   4.2290503814589979E-002   196.84978698360516     
   4.2662681345521224E-002   196.67326817416344     
   4.3038134224391969E-002   196.49375108653652     
   4.3416891275898067E-002   196.31118725503407     
   4.3798981578407045E-002   196.12552752073009     
   4.4184434466190581E-002   195.93672202492004     
   4.4573279531676578E-002   195.74472020265617     
   4.4965546627721058E-002   195.54947077636405     
   4.5361265869900080E-002   195.35092174955278     
   4.5760467638821800E-002   195.14902040062219     
   4.6163182582458856E-002   194.94371327677959     
   4.6569441618501371E-002   194.73494618807180     
   4.6979275936730534E-002   194.52266420154328     
   4.7392717001413183E-002   194.30681163552791     
   4.7809796553717400E-002   194.08733205408669     
   4.8230546614149369E-002   193.86416826159851     
   4.8654999485011723E-002   193.63726229751768     
   4.9083187752883464E-002   193.40655543130541     
   4.9515144291121728E-002   193.17198815755057     
   4.9950902262385626E-002   192.93350019128798     
   5.0390495121182183E-002   192.69103046352828     
   5.0833956616434792E-002   192.44451711701115     
   5.1281320794074201E-002   192.19389750219563     
   5.1732621999652340E-002   191.93910817349987     
   5.2187894880979122E-002   191.68008488580563     
   5.2647174390782474E-002   191.41676259124060     
   5.3110495789391775E-002   191.14907543625401     
   5.3577894647444883E-002   190.87695675900233     
   5.4049406848619010E-002   190.60033908705685     
   5.4525068592385637E-002   190.31915413545559     
   5.5004916396789644E-002   190.03333280511154     
   5.5488987101252940E-002   189.74280518159676     
   5.5977317869402715E-002   189.44750053432028     
   5.6469946191924615E-002   189.14734731611958     
   5.6966909889441024E-002   188.84227316328187     
   5.7468247115414664E-002   188.53220489601904     
   5.7973996359077788E-002   188.21706851941349     
   5.8484196448387073E-002   187.89678922485788     
   5.8998886553004566E-002   187.57129139200927     
   5.9518106187304937E-002   187.24049859128138     
   6.0041895213408997E-002   186.90433358689680     
   6.0570293844244165E-002   186.56271834052384     
   6.1103342646631649E-002   186.21557401552121     
   6.1641082544400927E-002   185.86282098181709     
   6.2183554821531595E-002   185.50437882144726     
   6.2730801125322866E-002   185.14016633477888     
   6.3282863469590958E-002   184.77010154744801     
   6.3839784237894631E-002   184.39410171803726     
   6.4401606186789112E-002   184.01208334652387     
   6.4968372449108650E-002   183.62396218352629     
   6.5540126537277935E-002   183.22965324037949     
   6.6116912346652706E-002   182.82907080007163     
   6.6698774158889723E-002   182.42212842907060     
   6.7285756645346459E-002   182.00873899007541     
   6.7877904870510569E-002   181.58881465572500     
   6.8475264295459679E-002   181.16226692329673     
   6.9077880781351630E-002   180.72900663043185     
   6.9685800592945282E-002   180.28894397192090     
   7.0299070402152455E-002   179.84198851758680     
   7.0917737291621097E-002   179.38804923130203     
   7.1541848758349957E-002   178.92703449117633     
   7.2171452717335022E-002   178.45885211095674     
   7.2806597505248163E-002   177.98340936267408     
   7.3447331884148120E-002   177.50061300058115     
   7.4093705045224056E-002   177.01036928641810     
   7.4745766612572068E-002   176.51258401605017     
   7.5403566647005149E-002   176.00716254751782     
   7.6067155649896370E-002   175.49400983054119     
   7.6736584567056121E-002   174.97303043752521     
   7.7411904792643260E-002   174.44412859610435     
   7.8093168173110974E-002   173.90720822327640     
   7.8780427011187038E-002   173.36217296116661     
   7.9473734069889349E-002   172.80892621446961     
   8.0173142576576678E-002   172.24737118961431     
   8.0878706227035108E-002   171.67741093569816     
   8.1590479189600440E-002   171.09894838723849     
   8.2308516109316818E-002   170.51188640878667     
   8.3032872112132061E-002   169.91612784145394     
   8.3763602809129853E-002   169.31157555139549     
   8.4500764300799086E-002   168.69813248030215     
   8.5244413181341031E-002   168.07570169794582     
   8.5994606543014052E-002   167.44418645682879     
   8.6751401980516993E-002   166.80349024898339     
   8.7514857595410694E-002   166.15351686497121     
   8.8285032000578745E-002   165.49417045512894     
   8.9061984324727339E-002   164.82535559310884     
   8.9845774216924801E-002   164.14697734176042     
   9.0636461851180988E-002   163.45894132140171     
   9.1434107931067099E-002   162.76115378052373     
   9.2238773694375997E-002   162.05352166897617     
   9.3050520917823704E-002   161.33595271367727     
   9.3869411921792156E-002   160.60835549689287     
   9.4695509575113732E-002   159.87063953712635     
   9.5528877299897896E-002   159.12271537266128     
   9.6369579076400341E-002   158.36449464779770     
   9.7217679447934899E-002   157.59589020181932     
   9.8073243525828774E-002   156.81681616072956     
   9.8936336994421337E-002   156.02718803179138     
   9.9807026116106867E-002   155.22692280090342     
  0.10068537773642187        154.41593903284411     
  0.10157145928917680        153.59415697441156     
  0.10246533880163339        152.76149866048530     
  0.10336708489972711        151.91788802303313     
  0.10427676681333600        151.06325100308129     
  0.10519445438159550        150.19751566566751     
  0.10612021805826027        149.32061231778681     
  0.10705412891711324        148.43247362934159     
  0.10799625865742199        147.53303475709950     
  0.10894667960944346        146.62223347166073     
  0.10990546473997698        145.70001028743090     
  0.11087268765796603        144.76630859559000     
  0.11184842262014957        143.82107480004419     
  0.11283274453676291        142.86425845634042     
  0.11382572897728878        141.89581241351848     
  0.11482745217625905        140.91569295886890     
  0.11583799103910754        139.92385996555825     
  0.11685742314807418        138.92027704307753     
  0.11788582676816142        137.90491169046012     
  0.11892328085314267        136.87773545221040     
  0.11996986505162402        135.83872407687494     
  0.12102565971315897        134.78785767817899     
  0.12209074589441718        133.72512089864483     
  0.12316520536540748        132.65050307559608     
  0.12424912061575552        131.56399840944567     
  0.12534257486103684        130.46560613415303     
  0.12644565204916558        129.35533068972623     
  0.12755843686683929        128.23318189663453     
  0.12868101474604088        127.09917513198565     
  0.12981347187059719        125.95333150730978     
  0.13095589518279577        124.79567804778034     
  0.13210837239005968        123.62624787269021     
  0.13327099197168110        122.44508037698812     
  0.13444384318561400        121.25222141366777     
  0.13562701607532707        120.04772347678664     
  0.13682060147671621        118.83164588488079     
  0.13802469102507867        117.60405496452385     
  0.13923937716214801        116.36502423376697     
  0.14046475314319115        115.11463458517891     
  0.14170091304416788        113.85297446819156     
  0.14294795176895334        112.58014007044078     
  0.14420596505662414        111.29623549777433     
  0.14547504948880852        110.00137295258517     
  0.14675530249710125        108.69567291011029     
  0.14804682237054376        107.37926429231912     
  0.14934970826316996        106.05228463899917     
  0.15066406020161888        104.71488027562782     
  0.15198997909281375        103.36720647760592     
  0.15332756673170914        102.00942763040732     
  0.15467692580910597        100.64171738518563     
  0.15603815991953543        99.264258809359632     
  0.15741137356921231        97.877244531683317     
  0.15879667218405813        96.480876881291238     
  0.16019416211779525        95.075368020189700     
  0.16160395066011171        93.660940068654142     
  0.16302614604489840        92.237825222971580     
  0.16446085745855843        90.806265864957027     
  0.16590819504838977        89.366514662654737     
  0.16736826993104145        87.918834661624601     
  0.16884119420104454        86.463499366197695     
  0.17032708093941790        85.000792810076007     
  0.17182604422234968        83.531009615639576     
  0.17333819912995554        82.054455041311769     
  0.17486366175511342        80.571445016329719     
  0.17640254921237661        79.082306162254071     
  0.17795497964696483        77.587375800550618     
  0.17952107224383468        76.087001945570165     
  0.18110094723682990        74.581543282248944     
  0.18269472591791192        73.071369127856087     
  0.18430253064647203        71.556859377108296     
  0.18592448485872520        70.038404429983956     
  0.18756071307718664        68.516405101566605     
  0.18921134092023179        66.991272513262118     
  0.19087649511174051        65.463427964739665     
  0.19255630349082606        63.933302785964088     
  0.19425089502164952        62.401338168700121     
  0.19596039980332108        60.867984976890739     
  0.19768494907988793        59.333703535332631     
  0.19942467525041033        57.798963396098571     
  0.20117971187912639        56.264243082185246     
  0.20295019370570611        54.730029807897409     
  0.20473625665559575        53.196819175516623     
  0.20653803785045341        51.665114847842318     
  0.20835567561867610        50.135428196237115     
  0.21018930950601974        48.608277923856889     
  0.21203908028631263        47.084189663798085     
  0.21390512997226280        45.563695551951753     
  0.21578760182636111        44.047333774412834     
  0.21768664037187971        42.535648089361601     
  0.21960239140396773        41.029187323398446     
  0.22153500200084425        39.528504842393019     
  0.22348462053509013        38.034157996980781     
  0.22545139668503894        36.546707542926100     
  0.22743548144626824        35.066717036655945     
  0.22943702714319197        33.594752206359288     
  0.23145618744075500        32.131380299140773     
  0.23349311735623021        30.677169404817406     
  0.23554797327112001        29.232687757047046     
  0.23762091294316193        27.798503012584092     
  0.23971209551844025        26.375181509566730     
  0.24182168154360431        24.963287505849735     
  0.24394983297819398        23.563382398513255     
  0.24609671320707385        22.176023925792606     
  0.24826248705297690        20.801765352792756     
  0.25044732078915832        19.441154642470281     
  0.25265138215216093        18.094733613486284     
  0.25487484035469282        16.763037086653625     
  0.25711786609861825        15.446592021821999     
  0.25938063158806318        14.145916647164356     
  0.26166331054263564        12.861519582945604     
  0.26396607821076296        11.593898961968492     
  0.26628911138314598        10.343541549007114     
  0.26863258840633197        9.1109218616433409     
  0.27099668919640690        7.8965012950286706     
  0.27338159525280770        6.7007272531902373     
  0.27578748967225730        5.5240322895926894     
  0.27821455716282084        4.3668332597532782     
  0.28066298405808671        3.2295304887824443     
  0.28313295833147184        2.1125069567912647     
  0.28562466961065291        1.0161275051646044     
  0.28813830919212485       -5.9261933255868371E-002
  0.29067407005588713       -1.1133350769984673     
  0.29323214688025950       -2.1457860086969589     
  0.29581273605682806       -3.1563298546250920     
  0.29841603570552278       -4.1447034279278512     
  0.30104224568982790       -5.1106658324681362     
  0.30369156763212601       -6.0539990242471333     
  0.30636420492917726       -6.9745083274117050     
  0.30906036276773480       -7.8720229019343861     
  0.31178024814029742       -8.7463961601443074     
  0.31452406986100134       -9.5975061293967556     
  0.31729203858165134       -10.425255758297808     
  0.32008436680789293       -11.229573164050322     
  0.32290126891552762       -12.010411818655022     
  0.32574296116697071       -12.767750671888265     
  0.32860966172785472       -13.501594209185839     
  0.33150159068377860       -14.211972442788039     
  0.33441897005720433       -14.898940834747364     
  0.33736202382450231       -15.562580150662612     
  0.34033097793314671       -16.202996243284623     
  0.34332606031906221       -16.820319765435940     
  0.34634750092412347       -17.414705811998719     
  0.34939553171380805       -17.986333491051447     
  0.35247038669500574       -18.535405424574343     
  0.35557230193398359       -19.062147179490971     
  0.35870151557450947       -19.566806630172856     
  0.36185826785613534       -20.049653253897244     
  0.36504280113264098       -20.510977361117028     
  0.36825535989064040       -20.951089262772456     
  0.37149619076835178       -21.370318377243500     
  0.37476554257453260       -21.769012279908395     
  0.37806366630758148       -22.147535698633071     
  0.38139081517480838       -22.506269458867457     
  0.38474724461187371       -22.845609382361978     
  0.38813321230239911       -23.165965143840992     
  0.39154897819775086       -23.467759090274122     
  0.39499480453699659       -23.751425027669065     
  0.39847095586703890       -24.017406980567714     
  0.40197769906292496       -24.266157929658419     
  0.40551530334833535       -24.498138533117050     
  0.40908404031625362       -24.713815837457211     
  0.41268418394981687       -24.913661983801532     
  0.41631601064335055       -25.098152915579760     
  0.41997979922358808       -25.267767093713449     
  0.42367583097107714       -25.422984225359926     
  0.42740438964177468       -25.564284012256767     
  0.43116576148883146       -25.692144924634910     
  0.43496023528456906       -25.807043006548462     
  0.43878810234264920       -25.909450718305848     
  0.44264965654043936       -25.999835821478875     
  0.44654519434157441       -26.078660311713477     
  0.45047501481871710       -26.146379404271627     
  0.45443941967651880       -26.203440576897485     
  0.45843871327478247       -26.250282674226508     
  0.46247320265182884       -26.287335077544547     
  0.46654319754806928       -26.315016943260193     
  0.47064901042978535       -26.333736512979012     
  0.47479095651311759       -26.343890497568811     
  0.47896935378826594       -26.345863537083368     
  0.48318452304390269       -26.340027737873960     
  0.48743678789180039       -26.326742287667685     
  0.49172647479167692       -26.306353148834773     
  0.49605391307625823       -26.279192829508524     
  0.50041943497656272       -26.245580231667336     
  0.50482337564740731       -26.205820574743555     
  0.50926607319313866       -26.160205392794353     
  0.51374786869359046       -26.109012602760313     
  0.51826910623026901       -26.052506640854563     
  0.52283013291276914       -25.990938663672051     
  0.52743129890542384       -25.924546810191114     
  0.53207295745418670       -25.853556520462096     
  0.53675546491375170       -25.778180906442884     
  0.54147918077491231       -25.698621170153704     
  0.54624446769215984       -25.615067064085391     
  0.55105169151152666       -25.527697388608445     
  0.55590122129867203       -25.436680520996859     
  0.56079342936721777       -25.342174970600549     
  0.56572869130733083       -25.244329954674942     
  0.57070738601455928       -25.143285989403388     
  0.57572989571892086       -25.039175490728248     
  0.58079660601424832       -24.932123379736218     
  0.58590790588779229       -24.822247687521418     
  0.59106418775008551       -24.709660154671692     
  0.59626584746506894       -24.594466820787051     
  0.60151328438048379       -24.476768599738687     
  0.60680690135853055       -24.356661836709360     
  0.61214710480679835       -24.234238843415000     
  0.61753430470946546       -24.109588408289095     
  0.62296891465877557       -23.982796278809762     
  0.62845135188679058       -23.853945613559393     
  0.63398203729742231       -23.723117402023043     
  0.63956139549874758       -23.590390850548715     
  0.64518985483560576       -23.455843733306164     
  0.65086784742248427       -23.319552707484704     
  0.65659580917669391       -23.181593592361946     
  0.66237417985183533       -23.042041612248692     
  0.66820340307155990       -22.900971603668086     
  0.67408392636362879       -22.758458187455616     
  0.68001620119427053       -22.614575906768398     
  0.68600068300284167       -22.469399332265290     
  0.69203783123679252       -22.323003135961933     
  0.69812810938693981       -22.175462135476273     
  0.70427198502305099       -22.026851310559312     
  0.71046992982974055       -21.877245793953698     
  0.71672241964268280       -21.726720838738615     
  0.72302993448514363       -21.575351764405070     
  0.72939295860483311       -21.423213883962074     
  0.73581198051108265       -21.270382414402476     
  0.74228749301234931       -21.116932372859811     
  0.74881999325405046       -20.962938460766281     
  0.75540998275673144       -20.808474938278483     
  0.76205796745456844       -20.653615491175163     
  0.76876445773421065       -20.498433092351206     
  0.77552996847396438       -20.342999859937215     
  0.78235501908332239       -20.187386913966819     
  0.78924013354283951       -20.031664233395784     
  0.79618584044436080       -19.875900515150704     
  0.80319267303160391       -19.720163036752300     
  0.81026116924109648       -19.564517523921044     
  0.81739187174347661       -19.409028024432008     
  0.82458532798515416       -19.253756789344301     
  0.83184209023034084       -19.098764162587759     
  0.83916271560344879       -18.944108479748678     
  0.84654776613186311       -18.789845976756723     
  0.85399780878909004       -18.636030709039268     
  0.86151341553828553       -18.482714481576338     
  0.86909516337616677       -18.329946790161486     
  0.87674363437730984       -18.177774774050775     
  0.88445941573883746       -18.026243180064466     
  0.89224309982550010       -17.875394338094765     
  0.90009528421515317       -17.725268147868348     
  0.90801657174463579       -17.575902076714463     
  0.91600757055605175       -17.427331167999270     
  0.92406889414345850       -17.279588059804418     
  0.93220116139996789       -17.132703013353375     
  0.94040499666525912       -16.986703950622786     
  0.94868102977351287       -16.841616500518562     
  0.95702989610176414       -16.697464052947510     
  0.96545223661868307       -16.554267820075211     
  0.97394869793378369       -16.412046904029815     
  0.98251993234706680       -16.270818370289181     
  0.99116659789909789       -16.130597325975373     
  0.99988935842152848       -15.991397002275775     
   1.0086888835880592       -15.853228840213550     
   1.0175658489658532       -15.716102579001943     
   1.0265209360674028       -15.580026346235714     
   1.0355548324028487       -15.445006749199559     
   1.0446682315327649       -15.311048966605416     
   1.0538618331214042       -15.178156840109239     
   1.0631363429904135       -15.046332965000886     
   1.0724924731730230       -14.915578779508092     
   1.0819309419687095       -14.785894652206657     
   1.0914524739983447       -14.657279967081882     
   1.1010578002598246       -14.529733205841689     
   1.1107476581841915       -14.403252027137475     
   1.1205227916922493       -14.277833342404698     
   1.1303839512516758       -14.153473388090392     
   1.1403318939346383       -14.030167794088461     
   1.1503673834759174       -13.907911648255073     
   1.1604911903315402       -13.786699556925557     
   1.1707040917379319       -13.666525701399721     
   1.1810068717715860       -13.547383890404699     
   1.1914003214092592       -13.429267608582617     
   1.2018852385886998       -13.312170061084283     
   1.2124624282699048       -13.196084214380093     
   1.2231327024969219       -13.081002833424463     
   1.2338968804601911       -12.966918515331431     
   1.2447557885594365       -12.853823719735832     
   1.2557102604671133       -12.741710796027281     
   1.2667611371924088       -12.630572007653337     
   1.2779092671458114       -12.520399553693455     
   1.2891555062042450       -12.411185587907802     
   1.3005007177767773       -12.302922235464120     
   1.3119457728709065       -12.195601607542649     
   1.3234915501594315       -12.089215814013656     
   1.3351389360479096       -11.983756974374797     
   1.3468888247427102       -11.879217227126739     
   1.3587421183196642       -11.775588737755585     
   1.3706997267933194       -11.672863705479797     
   1.3827625681868065       -11.571034368907997     
   1.3949315686023174       -11.470093010742477     
   1.4072076622922047       -11.370031961651534     
   1.4195917917307088       -11.270843603422209     
   1.4320849076863129       -11.172520371493951     
   1.4446879692947372       -11.075054756962835     
   1.4574019441325750       -10.978439308135940     
   1.4702278082915761       -10.882666631705890     
   1.4831665464535848       -10.787729393606785     
   1.4962191519661365       -10.693620319604667     
   1.5093866269187208       -10.600332195668294     
   1.5226699822197147       -10.507857868159434     
   1.5360702376739934       -10.416190243875988     
   1.5495884220612230       -10.325322289976004     
   1.5632255732148446       -10.235247033806155     
   1.5769827381017514       -10.145957562654271     
   1.5908609729026670       -10.057447023442064     
   1.6048613430932324       -9.9697086223713356     
   1.6189849235258063       -9.8827356245344138     
   1.6332327985119834       -9.7965213534976154     
   1.6476060619058426       -9.7110591908646100     
   1.6621058171879235       -9.6263425758253458     
   1.6767331775499448       -9.5423650046948545     
   1.6914892659802685       -9.4591200304454190     
   1.7063752153501137       -9.3766012622347219     
   1.7213921685005316       -9.2948023649320781     
   1.7365412783301448       -9.2137170586442600     
   1.7518237078836587       -9.1333391182421657     
   1.7672406304411532       -9.0536623728891161     
   1.7827932296081566       -8.9746807055715667     
   1.7984826994065179       -8.8963880526325578     
   1.8143102443660732       -8.8187784033083663     
   1.8302770796171222       -8.7418457992685248     
   1.8463844309837174       -8.6655843341594050     
   1.8626335350777747       -8.5899881531514737     
   1.8790256393940115       -8.5150514524902423     
   1.8955620024057211       -8.4407684790510267     
   1.9122438936613899       -8.3671335298974601     
   1.9290725938821640       -8.2941409518437936     
   1.9460493950601745       -8.2217851410209750     
   1.9631756005577277       -8.1500605424464734     
   1.9804525252073686       -8.0789616495978436     
   1.9978814954128248       -8.0084830039900048     
