   3.8800019187216023E-006   85.217227400657606     
   3.9141478712136633E-006   85.217227399911536     
   3.9485943251219628E-006   85.217227398678403     
   3.9833439250088757E-006   85.217227397889161     
   4.0183993387102450E-006   85.217227397077693     
   4.0537632575401962E-006   85.217227396709347     
   4.0894383964977641E-006   85.217227395386686     
   4.1254274944753307E-006   85.217227394506267     
   4.1617333144688961E-006   85.217227393602087     
   4.1983586437902025E-006   85.217227392673692     
   4.2353062942807263E-006   85.217227392186288     
   4.2725791025275543E-006   85.217227390742494     
   4.3101799300811505E-006   85.217227390204499     
   4.3481116636750535E-006   85.217227389174866     
   4.3863772154474978E-006   85.217227388118829     
   4.4249795231649829E-006   85.217227387501538     
   4.4639215504478231E-006   85.217227386856848     
   4.5032062869976689E-006   85.217227386184277     
   4.5428367488270360E-006   85.217227384552075     
   4.5828159784908553E-006   85.217227382890968     
   4.6231470453200600E-006   85.217227382131910     
   4.6638330456572252E-006   85.217227380877233     
   4.7048771030942842E-006   85.217227380523497     
   4.7462823687123413E-006   85.217227378276164     
   4.7880520213235838E-006   85.217227377394295     
   4.8301892677153321E-006   85.217227376946028     
   4.8726973428962344E-006   85.217227375068148     
   4.9155795103446319E-006   85.217227374088395     
   4.9588390622591001E-006   85.217227372143640     
   5.0024793198112043E-006   85.217227372027054     
   5.0465036334004787E-006   85.217227370478497     
   5.0909153829116429E-006   85.217227368894328     
   5.1357179779740897E-006   85.217227367739582     
   5.1809148582236490E-006   85.217227366548002     
   5.2265094935666645E-006   85.217227364387526     
   5.2725053844463863E-006   85.217227363585806     
   5.3189060621117094E-006   85.217227362279630     
   5.3657150888882824E-006   85.217227360933890     
   5.4129360584519984E-006   85.217227359082187     
   5.4605725961048872E-006   85.217227357655247     
   5.5086283590534462E-006   85.217227356186555     
   5.5571070366894173E-006   85.217227354675430     
   5.6060123508730270E-006   85.217227353121189     
   5.6553480562187307E-006   85.217227351988640     
   5.7051179403834621E-006   85.217227349880034     
   5.7553258243574262E-006   85.217227348191557     
   5.8059755627574491E-006   85.217227346456752     
   5.8570710441229060E-006   85.217227345606261     
   5.9086161912142600E-006   85.217227342845035     
   5.9606149613142227E-006   85.217227340966360     
   6.0130713465315675E-006   85.217227339503694     
   6.0659893741076170E-006   85.217227337524747     
   6.1193731067254260E-006   85.217227336425765     
   6.1732266428216867E-006   85.217227334343022     
   6.2275541169013806E-006   85.217227332207045     
   6.2823596998551931E-006   85.217227330016840     
   6.3376475992797289E-006   85.217227328237072     
   6.3934220598005445E-006   85.217227326401172     
   6.4496873633980143E-006   85.217227324508173     
   6.5064478297360799E-006   85.217227322091247     
   6.5637078164938794E-006   85.217227319615205     
   6.6214717197003011E-006   85.217227318475835     
   6.6797439740714788E-006   85.217227316343894     
   6.7385290533512648E-006   85.217227313218245     
   6.7978314706546849E-006   85.217227310494764     
   6.8576557788144305E-006   85.217227308638002     
   6.9180065707303918E-006   85.217227306715500     
   6.9788884797222697E-006   85.217227304726038     
   7.0403061798852890E-006   85.217227301737182     
   7.1022643864490443E-006   85.217227298679006     
   7.1647678561395036E-006   85.217227296015949     
   7.2278213875441952E-006   85.217227292815494     
   7.2914298214806140E-006   85.217227290938951     
   7.3555980413678600E-006   85.217227288056790     
   7.4203309736015623E-006   85.217227285564604     
   7.4856335879320835E-006   85.217227282995424     
   7.5515108978460729E-006   85.217227279882280     
   7.6179679609513624E-006   85.217227277155018     
   7.6850098793652551E-006   85.217227274346641     
   7.7526418001062325E-006   85.217227270990037     
   7.8208689154891056E-006   85.217227268015051     
   7.8896964635236464E-006   85.217227264721686     
   7.9591297283167251E-006   85.217227261806954     
   8.0291740404779900E-006   85.217227258803689     
   8.0998347775291146E-006   85.217227255244552     
   8.1711173643166416E-006   85.217227252059416     
   8.2430272734284723E-006   85.217227248548056     
   8.3155700256140138E-006   85.217227244941711     
   8.3887511902080171E-006   85.217227241704336     
   8.4625763855581611E-006   85.217227238135735     
   8.5370512794563872E-006   85.217227234467032     
   8.6121815895740269E-006   85.217227230696381     
   8.6879730839007835E-006   85.217227227054906     
   8.7644315811875352E-006   85.217227223307844     
   8.8415629513930810E-006   85.217227219686237     
   8.9193731161347773E-006   85.217227215256827     
   8.9978680491431726E-006   85.217227211880356     
   9.0770537767206217E-006   85.217227207459302     
   9.1569363782039469E-006   85.217227203388831     
   9.2375219864311686E-006   85.217227198968203     
   9.3188167882123401E-006   85.217227194428233     
   9.4008270248045318E-006   85.217227190232535     
   9.4835589923909824E-006   85.217227185913259     
   9.5670190425644969E-006   85.217227181002613     
   9.6512135828150519E-006   85.217227176429645     
   9.7361490770217432E-006   85.217227171959280     
   9.8218320459490206E-006   85.217227166890694     
   9.9082690677473145E-006   85.217227162385683     
   9.9954667784580659E-006   85.217227157277847     
   1.0083431872523188E-005   85.217227152263064     
   1.0172171103299017E-005   85.217227147106115     
   1.0261691283574805E-005   85.217227141804500     
   1.0351999286095736E-005   85.217227136588548     
   1.0443102044090591E-005   85.217227130756982     
   1.0535006551804016E-005   85.217227125471538     
   1.0627719865033502E-005   85.217227120030856     
   1.0721249101671075E-005   85.217227114199432     
   1.0815601442249769E-005   85.217227108207283     
   1.0910784130494880E-005   85.217227102517256     
   1.1006804473880113E-005   85.217227096427962     
   1.1103669844188572E-005   85.217227089936358     
   1.1201387678078743E-005   85.217227083738152     
   1.1299965477655411E-005   85.217227077830074     
   1.1399410811045625E-005   85.217227071045045     
   1.1499731312979730E-005   85.217227064311118     
   1.1600934685377504E-005   85.217227057857940     
   1.1703028697939464E-005   85.217227051216611     
   1.1806021188743365E-005   85.217227044150945     
   1.1909920064845960E-005   85.217227037123223     
   1.2014733302890041E-005   85.217227029897174     
   1.2120468949716842E-005   85.217227022702161     
   1.2227135122983808E-005   85.217227015068886     
   1.2334740011787824E-005   85.217227007459400     
   1.2443291877293908E-005   85.217226999870007     
   1.2552799053369457E-005   85.217226991831296     
   1.2663269947224056E-005   85.217226984037922     
   1.2774713040054926E-005   85.217226975787497     
   1.2887136887698056E-005   85.217226967541762     
   1.3000550121285064E-005   85.217226959296653     
   1.3114961447905829E-005   85.217226950815189     
   1.3230379651276961E-005   85.217226941860417     
   1.3346813592416161E-005   85.217226932893766     
   1.3464272210322512E-005   85.217226924143688     
   1.3582764522662737E-005   85.217226915140088     
   1.3702299626463536E-005   85.217226905645759     
   1.3822886698809972E-005   85.217226896121701     
   1.3944534997550043E-005   85.217226886330536     
   1.4067253862005423E-005   85.217226876267404     
   1.4191052713688478E-005   85.217226866393361     
   1.4315941057025584E-005   85.217226856237659     
   1.4441928480086804E-005   85.217226845795494     
   1.4569024655322010E-005   85.217226835294412     
   1.4697239340303449E-005   85.217226824729437     
   1.4826582378474882E-005   85.217226813629651     
   1.4957063699907277E-005   85.217226802455343     
   1.5088693322061181E-005   85.217226791201028     
   1.5221481350555796E-005   85.217226779395560     
   1.5355437979944810E-005   85.217226767848189     
   1.5490573494499071E-005   85.217226756204042     
   1.5626898268996145E-005   85.217226743758658     
   1.5764422769516806E-005   85.217226731553950     
   1.5903157554248572E-005   85.217226718885314     
   1.6043113274296266E-005   85.217226706095914     
   1.6184300674499756E-005   85.217226692946667     
   1.6326730594258857E-005   85.217226680013226     
   1.6470413968365517E-005   85.217226666125015     
   1.6615361827843294E-005   85.217226652556008     
   1.6761585300794272E-005   85.217226638717449     
   1.6909095613253372E-005   85.217226624253186     
   1.7057904090050230E-005   85.217226609738390     
   1.7208022155678634E-005   85.217226595049624     
   1.7359461335173606E-005   85.217226580179670     
   1.7512233254996235E-005   85.217226564771948     
   1.7666349643926269E-005   85.217226549401062     
   1.7821822333962563E-005   85.217226533360957     
   1.7978663261231466E-005   85.217226517458869     
   1.8136884466903194E-005   85.217226500988431     
   1.8296498098116269E-005   85.217226484407263     
   1.8457516408910096E-005   85.217226467474518     
   1.8619951761165725E-005   85.217226450298199     
   1.8783816625554941E-005   85.217226432637176     
   1.8949123582497657E-005   85.217226414832027     
   1.9115885323127758E-005   85.217226396757724     
   1.9284114650267433E-005   85.217226378172455     
   1.9453824479410100E-005   85.217226359300042     
   1.9625027839711963E-005   85.217226340014918     
   1.9797737874992295E-005   85.217226320773364     
   1.9971967844742537E-005   85.217226300634536     
   2.0147731125144271E-005   85.217226280636510     
   2.0325041210096150E-005   85.217226260070845     
   2.0503911712249862E-005   85.217226239044066     
   2.0684356364055233E-005   85.217226217895103     
   2.0866389018814476E-005   85.217226196264392     
   2.1050023651745804E-005   85.217226173908386     
   2.1235274361056300E-005   85.217226151864224     
   2.1422155369024303E-005   85.217226128840338     
   2.1610681023091308E-005   85.217226105407605     
   2.1800865796963452E-005   85.217226081787544     
   2.1992724291722690E-005   85.217226057968674     
   2.2186271236947806E-005   85.217226033357008     
   2.2381521491845202E-005   85.217226008406413     
   2.2578490046389725E-005   85.217225982871838     
   2.2777192022475471E-005   85.217225957206523     
   2.2977642675076751E-005   85.217225931048688     
   2.3179857393419266E-005   85.217225904269014     
   2.3383851702161569E-005   85.217225876970957     
   2.3589641262586957E-005   85.217225849374017     
   2.3797241873805841E-005   85.217225821115449     
   2.4006669473968667E-005   85.217225792297882     
   2.4217940141489580E-005   85.217225763372966     
   2.4431070096280763E-005   85.217225733511611     
   2.4646075700997748E-005   85.217225703397816     
   2.4862973462295572E-005   85.217225672551081     
   2.5081780032096091E-005   85.217225641189316     
   2.5302512208866365E-005   85.217225609413589     
   2.5525186938908347E-005   85.217225577208410     
   2.5749821317659916E-005   85.217225544208588     
   2.5976432591007313E-005   85.217225510398151     
   2.6205038156609193E-005   85.217225476226361     
   2.6435655565232287E-005   85.217225441443588     
   2.6668302522098819E-005   85.217225406033037     
   2.6902996888245808E-005   85.217225369977285     
   2.7139756681896309E-005   85.217225333375239     
   2.7378600079842734E-005   85.217225296208994     
   2.7619545418842317E-005   85.217225258227472     
   2.7862611197024925E-005   85.217225219645087     
   2.8107816075313188E-005   85.217225180209994     
   2.8355178878855164E-005   85.217225140252367     
   2.8604718598469594E-005   85.217225099403407     
   2.8856454392103919E-005   85.217225057992465     
   2.9110405586305061E-005   85.217225015882946     
   2.9366591677703204E-005   85.217224973054215     
   2.9625032334508594E-005   85.217224929368911     
   2.9885747398021544E-005   85.217224884805773     
   3.0148756884155709E-005   85.217224839575891     
   3.0414080984974776E-005   85.217224793540794     
   3.0681740070242644E-005   85.217224746736179     
   3.0951754688987324E-005   85.217224699081044     
   3.1224145571078505E-005   85.217224650493847     
   3.1498933628819087E-005   85.217224601183801     
   3.1776139958550638E-005   85.217224551010332     
   3.2055785842273094E-005   85.217224499774346     
   3.2337892749278581E-005   85.217224447800078     
   3.2622482337799720E-005   85.217224394829373     
   3.2909576456672374E-005   85.217224340894461     
   3.3199197147013062E-005   85.217224286085582     
   3.3491366643911129E-005   85.217224230259461     
   3.3786107378135807E-005   85.217224173388956     
   3.4083441977858269E-005   85.217224115737309     
   3.4383393270388889E-005   85.217224056927023     
   3.4685984283929770E-005   85.217223996987656     
   3.4991238249342656E-005   85.217223936006405     
   3.5299178601932501E-005   85.217223874128081     
   3.5609828983246608E-005   85.217223810856808     
   3.5923213242889697E-005   85.217223746685704     
   3.6239355440354900E-005   85.217223681292296     
   3.6558279846870901E-005   85.217223614819375     
   3.6880010947265304E-005   85.217223547118039     
   3.7204573441844402E-005   85.217223478271649     
   3.7531992248289518E-005   85.217223408188431     
   3.7862292503569988E-005   85.217223336834138     
   3.8195499565873026E-005   85.217223264348547     
   3.8531639016550545E-005   85.217223190405207     
   3.8870736662083119E-005   85.217223115142673     
   3.9212818536061200E-005   85.217223038698933     
   3.9557910901183869E-005   85.217222960803724     
   3.9906040251275024E-005   85.217222881593699     
   4.0257233313317428E-005   85.217222800855552     
   4.0611517049504660E-005   85.217222718957373     
   4.0968918659311021E-005   85.217222635393455     
   4.1329465581579769E-005   85.217222550297606     
   4.1693185496629662E-005   85.217222463861276     
   4.2060106328380088E-005   85.217222375867493     
   4.2430256246494833E-005   85.217222286156954     
   4.2803663668544799E-005   85.217222195035106     
   4.3180357262189670E-005   85.217222102282875     
   4.3560365947378855E-005   85.217222007855014     
   4.3943718898571738E-005   85.217221911821838     
   4.4330445546977477E-005   85.217221813961743     
   4.4720575582814597E-005   85.217221714518075     
   4.5114138957590330E-005   85.217221613209460     
   4.5511165886400101E-005   85.217221510102831     
   4.5911686850247286E-005   85.217221405147939     
   4.6315732598383256E-005   85.217221298468161     
   4.6723334150668167E-005   85.217221189836835     
   4.7134522799952390E-005   85.217221079259048     
   4.7549330114479028E-005   85.217220966739092     
   4.7967787940307432E-005   85.217220852222084     
   4.8389928403758189E-005   85.217220735652091     
   4.8815783913879508E-005   85.217220617205072     
   4.9245387164935433E-005   85.217220496473942     
   4.9678771138915792E-005   85.217220373749058     
   5.0115969108068408E-005   85.217220248679382     
   5.0557014637453478E-005   85.217220121553140     
   5.1001941587520466E-005   85.217219992017249     
   5.1450784116707691E-005   85.217219860299593     
   5.1903576684064774E-005   85.217219726277648     
   5.2360354051898144E-005   85.217219589827778     
   5.2821151288439873E-005   85.217219451057986     
   5.3286003770540003E-005   85.217219309667769     
   5.3754947186382456E-005   85.217219165879015     
   5.4228017538225012E-005   85.217219019563458     
   5.4705251145163258E-005   85.217218870649731     
   5.5186684645918954E-005   85.217218719123252     
   5.5672355001652883E-005   85.217218564910041     
   5.6162299498802483E-005   85.217218407934894     
   5.6656555751944452E-005   85.217218248179364     
   5.7155161706682500E-005   85.217218085565520     
   5.7658155642560603E-005   85.217217920246753     
   5.8165576176001824E-005   85.217217751851479     
   5.8677462263273003E-005   85.217217580413688     
   5.9193853203475556E-005   85.217217406082739     
   5.9714788641562616E-005   85.217217228715270     
   6.0240308571382658E-005   85.217217048108296     
   6.0770453338749992E-005   85.217216864406424     
   6.1305263644542216E-005   85.217216677316344     
   6.1844780547824942E-005   85.217216486921359     
   6.2389045469004093E-005   85.217216293303096     
   6.2938100193005747E-005   85.217216096134308     
   6.3491986872484237E-005   85.217215895580637     
   6.4050748031058250E-005   85.217215691427839     
   6.4614426566575589E-005   85.217215483663495     
   6.5183065754406439E-005   85.217215272273506     
   6.5756709250765877E-005   85.217215057067477     
   6.6335401096065440E-005   85.217214838114899     
   6.6919185718294260E-005   85.217214615308933     
   6.7508107936429954E-005   85.217214388482631     
   6.8102212963879448E-005   85.217214157641621     
   6.8701546411950264E-005   85.217213922731588     
   6.9306154293352146E-005   85.217213683754181     
   6.9916083025729656E-005   85.217213440534664     
   7.0531379435225785E-005   85.217213192954205     
   7.1152090760076930E-005   85.217212941037474     
   7.1778264654239553E-005   85.217212684603453     
   7.2409949191048681E-005   85.217212423730558     
   7.3047192866908676E-005   85.217212158146026     
   7.3690044605016493E-005   85.217211888011263     
   7.4338553759117559E-005   85.217211612961478     
   7.4992770117294943E-005   85.217211333066331     
   7.5652743905791636E-005   85.217211048276397     
   7.6318525792866640E-005   85.217210758423647     
   7.6990166892684954E-005   85.217210463453853     
   7.7667718769241636E-005   85.217210163310426     
   7.8351233440320713E-005   85.217209857788589     
   7.9040763381488626E-005   85.217209546884760     
   7.9736361530122988E-005   85.217209230505404     
   8.0438081289476701E-005   85.217208908525265     
   8.1145976532778004E-005   85.217208580874427     
   8.1860101607366366E-005   85.217208247393017     
   8.2580511338864980E-005   85.217207908005520     
   8.3307261035389871E-005   85.217207562662793     
   8.4040406491796063E-005   85.217207211196182     
   8.4780003993961166E-005   85.217206853521503     
   8.5526110323106561E-005   85.217206489493321     
   8.6278782760156717E-005   85.217206119079435     
   8.7038079090136827E-005   85.217205742099082     
   8.7804057606609100E-005   85.217205358397280     
   8.8576777116148220E-005   85.217204967990568     
   8.9356296942856022E-005   85.217204570659305     
   9.0142676932916031E-005   85.217204166296796     
   9.0935977459188103E-005   85.217203754734896     
   9.1736259425843306E-005   85.217203336005440     
   9.2543584273039833E-005   85.217202909816820     
   9.3358013981639912E-005   85.217202476048357     
   9.4179611077968277E-005   85.217202034691951     
   9.5008438638612515E-005   85.217201585474015     
   9.5844560295265654E-005   85.217201128320937     
   9.6688040239611346E-005   85.217200663096804     
   9.7538943228252137E-005   85.217200189661838     
   9.8397334587680898E-005   85.217199707843292     
   9.9263280219296282E-005   85.217199217493146     
   1.0013684660446212E-004   85.217198718546854     
   1.0101810080961139E-004   85.217198210702634     
   1.0190711049139517E-004   85.217197693916262     
   1.0280394390187678E-004   85.217197167935581     
   1.0370866989377178E-004   85.217196632678508     
   1.0462135792573395E-004   85.217196087971047     
   1.0554207806768789E-004   85.217195533663897     
   1.0647090100620849E-004   85.217194969515504     
   1.0740789804994776E-004   85.217194395425196     
   1.0835314113510942E-004   85.217193811141840     
   1.0930670283097164E-004   85.217193216584121     
   1.1026865634545854E-004   85.217192611490759     
   1.1123907553076035E-004   85.217191995712085     
   1.1221803488900354E-004   85.217191369034794     
   1.1320560957797039E-004   85.217190731240379     
   1.1420187541686916E-004   85.217190082250340     
   1.1520690889215504E-004   85.217189421689767     
   1.1622078716340206E-004   85.217188749527310     
   1.1724358806922711E-004   85.217188065464001     
   1.1827539013326565E-004   85.217187369311432     
   1.1931627257020037E-004   85.217186660817191     
   1.2036631529184266E-004   85.217185939839226     
   1.2142559891326773E-004   85.217185206054722     
   1.2249420475900363E-004   85.217184459352978     
   1.2357221486927484E-004   85.217183699456825     
   1.2465971200630076E-004   85.217182926082728     
   1.2575677966064966E-004   85.217182139071525     
   1.2686350205764831E-004   85.217181338126380     
   1.2797996416384855E-004   85.217180523030976     
   1.2910625169355010E-004   85.217179693503994     
   1.3024245111538144E-004   85.217178849358788     
   1.3138864965893797E-004   85.217177990227043     
   1.3254493532147913E-004   85.217177115951415     
   1.3371139687468414E-004   85.217176226192493     
   1.3488812387146726E-004   85.217175320719747     
   1.3607520665285305E-004   85.217174399251320     
   1.3727273635491218E-004   85.217173461483043     
   1.3848080491575822E-004   85.217172507117226     
   1.3969950508260599E-004   85.217171535877299     
   1.4092893041889209E-004   85.217170547478446     
   1.4216917531145799E-004   85.217169541627442     
   1.4342033497779648E-004   85.217168517935193     
   1.4468250547336174E-004   85.217167476193168     
   1.4595578369894403E-004   85.217166416023900     
   1.4724026740810871E-004   85.217165337084595     
   1.4853605521470136E-004   85.217164239125140     
   1.4984324660041856E-004   85.217163121711621     
   1.5116194192244556E-004   85.217161984545953     
   1.5249224242116076E-004   85.217160827291480     
   1.5383425022790853E-004   85.217159649587131     
   1.5518806837283992E-004   85.217158451018122     
   1.5655380079282271E-004   85.217157231290656     
   1.5793155233942102E-004   85.217155989954847     
   1.5932142878694505E-004   85.217154726739693     
   1.6072353684057166E-004   85.217153441174162     
   1.6213798414453645E-004   85.217152132878141     
   1.6356487929039808E-004   85.217150801402369     
   1.6500433182537507E-004   85.217149446446257     
   1.6645645226075616E-004   85.217148067508589     
   1.6792135208038443E-004   85.217146664192853     
   1.6939914374921653E-004   85.217145236061640     
   1.7088994072195674E-004   85.217143782694365     
   1.7239385745176740E-004   85.217142303629089     
   1.7391100939905576E-004   85.217140798406035     
   1.7544151304033822E-004   85.217139266610559     
   1.7698548587718267E-004   85.217137707669849     
   1.7854304644522942E-004   85.217136121215873     
   1.8011431432329148E-004   85.217134506663683     
   1.8169941014253518E-004   85.217132863632656     
   1.8329845559574118E-004   85.217131191495639     
   1.8491157344664738E-004   85.217129489829375     
   1.8653888753937379E-004   85.217127758050907     
   1.8818052280793055E-004   85.217125995664219     
   1.8983660528580927E-004   85.217124202129384     
   1.9150726211565922E-004   85.217122376891211     
   1.9319262155904847E-004   85.217120519379108     
   1.9489281300631077E-004   85.217118629021229     
   1.9660796698647942E-004   85.217116705229671     
   1.9833821517730837E-004   85.217114747429434     
   2.0008369041538140E-004   85.217112755028836     
   2.0184452670631053E-004   85.217110727390207     
   2.0362085923502401E-004   85.217108663916918     
   2.0541282437614499E-004   85.217106563936596     
   2.0722055970446120E-004   85.217104426861056     
   2.0904420400548723E-004   85.217102251981856     
   2.1088389728611933E-004   85.217100038645270     
   2.1273978078538441E-004   85.217097786178471     
   2.1461199698528320E-004   85.217095493904253     
   2.1650068962172916E-004   85.217093161096784     
   2.1840600369558340E-004   85.217090787010562     
   2.2032808548378709E-004   85.217088370981770     
   2.2226708255059131E-004   85.217085912224235     
   2.2422314375888626E-004   85.217083410032785     
   2.2619641928162980E-004   85.217080863579184     
   2.2818706061337671E-004   85.217078272100963     
   2.3019522058190952E-004   85.217075634784521     
   2.3222105335997137E-004   85.217072950866736     
   2.3426471447710260E-004   85.217070219503455     
   2.3632636083158087E-004   85.217067439798257     
   2.3840615070246717E-004   85.217064610991343     
   2.4050424376175709E-004   85.217061732153184     
   2.4262080108663944E-004   85.217058802417455     
   2.4475598517186264E-004   85.217055820892796     
   2.4690995994221005E-004   85.217052786662606     
   2.4908289076508477E-004   85.217049698769983     
   2.5127494446320557E-004   85.217046556290171     
   2.5348628932741449E-004   85.217043358228011     
   2.5571709512959672E-004   85.217040103663066     
   2.5796753313571494E-004   85.217036791516563     
   2.6023777611895770E-004   85.217033420805052     
   2.6252799837300371E-004   85.217029990523912     
   2.6483837572540298E-004   85.217026499588599     
   2.6716908555107582E-004   85.217022946935828     
   2.6952030678593025E-004   85.217019331457578     
   2.7189221994059951E-004   85.217015652058905     
   2.7428500711430061E-004   85.217011907606434     
   2.7669885200881422E-004   85.217008096956818     
   2.7913393994258859E-004   85.217004218934477     
   2.8159045786496672E-004   85.217000272345359     
   2.8406859437053907E-004   85.216996255962101     
   2.8656853971362244E-004   85.216992168588746     
   2.8909048582286673E-004   85.216988008921902     
   2.9163462631598967E-004   85.216983775717523     
   2.9420115651464137E-004   85.216979467688418     
   2.9679027345939994E-004   85.216975083459829     
   2.9940217592489904E-004   85.216970621729160     
   3.0203706443508813E-004   85.216966081112218     
   3.0469514127862737E-004   85.216961460208211     
   3.0737661052441823E-004   85.216956757613389     
   3.1008167803727018E-004   85.216951971855337     
   3.1281055149370591E-004   85.216947101486227     
   3.1556344039790482E-004   85.216942145017242     
   3.1834055609778779E-004   85.216937100910059     
   3.2114211180124286E-004   85.216931967598242     
   3.2396832259249373E-004   85.216926743544576     
   3.2681940544861267E-004   85.216921427123907     
   3.2969557925617831E-004   85.216916016695194     
   3.3259706482808058E-004   85.216910510593237     
   3.3552408492047275E-004   85.216904907164434     
   3.3847686424987343E-004   85.216899204642260     
   3.4145562951041889E-004   85.216893401298989     
   3.4446060939126666E-004   85.216887495343400     
   3.4749203459415314E-004   85.216881484963125     
   3.5055013785110475E-004   85.216875368316664     
   3.5363515394230626E-004   85.216869143518153     
   3.5674731971412500E-004   85.216862808657766     
   3.5988687409729445E-004   85.216856361786853     
   3.6305405812525778E-004   85.216849800916435     
   3.6624911495267273E-004   85.216843124067452     
   3.6947228987407941E-004   85.216836329138886     
   3.7272383034273195E-004   85.216829414081076     
   3.7600398598959696E-004   85.216822376749548     
   3.7931300864251774E-004   85.216815214983740     
   3.8265115234554852E-004   85.216807926591429     
   3.8601867337845772E-004   85.216800509333325     
   3.8941583027640378E-004   85.216792960921651     
   3.9284288384978320E-004   85.216785279041176     
   3.9630009720425456E-004   85.216777461333294     
   3.9978773576093696E-004   85.216769505402254     
   4.0330606727678812E-004   85.216761408792223     
   4.0685536186516042E-004   85.216753169022269     
   4.1043589201653855E-004   85.216744783570817     
   4.1404793261945938E-004   85.216736249837879     
   4.1769176098161592E-004   85.216727565209396     
   4.2136765685114750E-004   85.216718727019554     
   4.2507590243811633E-004   85.216709732571189     
   4.2881678243617412E-004   85.216700579069141     
   4.3259058404441868E-004   85.216691263735214     
   4.3639759698944322E-004   85.216681783668662     
   4.4023811354757946E-004   85.216672135990223     
   4.4411242856733665E-004   85.216662317709734     
   4.4802083949203799E-004   85.216652325833905     
   4.5196364638265638E-004   85.216642157291943     
   4.5594115194085082E-004   85.216631808919715     
   4.5995366153220611E-004   85.216621277588985     
   4.6400148320967645E-004   85.216610560038646     
   4.6808492773723568E-004   85.216599652974992     
   4.7220430861373569E-004   85.216588553055374     
   4.7635994209697458E-004   85.216577256865094     
   4.8055214722797696E-004   85.216565760929996     
   4.8478124585548749E-004   85.216554061722150     
   4.8904756266068058E-004   85.216542155650870     
   4.9335142518208653E-004   85.216530039046461     
   4.9769316384073862E-004   85.216517708198126     
   5.0207311196553950E-004   85.216505159305513     
   5.0649160581885306E-004   85.216492388512478     
   5.1094898462231923E-004   85.216479391913083     
   5.1544559058289781E-004   85.216466165498446     
   5.1998176891914080E-004   85.216452705209349     
   5.2455786788769491E-004   85.216439006905489     
   5.2917423881003998E-004   85.216425066381106     
   5.3383123609945966E-004   85.216410879352480     
   5.3852921728825135E-004   85.216396441452019     
   5.4326854305517512E-004   85.216381748258925     
   5.4804957725314405E-004   85.216366795249627     
   5.5287268693715813E-004   85.216351577835724     
   5.5773824239248478E-004   85.216336091325331     
   5.6264661716308635E-004   85.216320330971712     
   5.6759818808029840E-004   85.216304291930868     
   5.7259333529176043E-004   85.216287969281211     
   5.7763244229060032E-004   85.216271357984596     
   5.8271589594487746E-004   85.216254452967604     
   5.8784408652728264E-004   85.216237249009936     
   5.9301740774510107E-004   85.216219740840131     
   5.9823625677043893E-004   85.216201923060027     
   6.0350103427071441E-004   85.216183790208021     
   6.0881214443941933E-004   85.216165336723208     
   6.1416999502714967E-004   85.216146556910275     
   6.1957499737291030E-004   85.216127445005583     
   6.2502756643569425E-004   85.216107995149173     
   6.3052812082634079E-004   85.216088201352505     
   6.3607708283967346E-004   85.216068057532198     
   6.4167487848692097E-004   85.216047557503231     
   6.4732193752842313E-004   85.216026694965080     
   6.5301869350662550E-004   85.216005463505894     
   6.5876558377936313E-004   85.215983856592175     
   6.6456304955343824E-004   85.215961867587367     
   6.7041153591849317E-004   85.215939489744926     
   6.7631149188118094E-004   85.215916716183301     
   6.8226337039963740E-004   85.215893539897195     
   6.8826762841825580E-004   85.215869953764695     
   6.9432472690276797E-004   85.215845950544349     
   7.0043513087563402E-004   85.215821522856629     
   7.0659930945174399E-004   85.215796663184278     
   7.1281773587443282E-004   85.215771363897488     
   7.1909088755181278E-004   85.215745617224911     
   7.2541924609342606E-004   85.215719415235270     
   7.3180329734721862E-004   85.215692749902587     
   7.3824353143684101E-004   85.215665613011339     
   7.4474044279927612E-004   85.215637996225183     
   7.5129453022279959E-004   85.215609891057511     
   7.5790629688527204E-004   85.215581288878155     
   7.6457625039277031E-004   85.215552180880053     
   7.7130490281855852E-004   85.215522558129607     
   7.7809277074240043E-004   85.215492411515015     
   7.8494037529021972E-004   85.215461731778220     
   7.9184824217410786E-004   85.215430509481138     
   7.9881690173268531E-004   85.215398735034114     
   8.0584688897181688E-004   85.215366398669062     
   8.1293874360568595E-004   85.215333490445971     
   8.2009301009822947E-004   85.215300000247794     
   8.2731023770493933E-004   85.215265917790134     
   8.3459098051502927E-004   85.215231232583619     
   8.4193579749397487E-004   85.215195933983182     
   8.4934525252642658E-004   85.215160011117518     
   8.5681991445950105E-004   85.215123452963752     
   8.6436035714645325E-004   85.215086248280329     
   8.7196715949073341E-004   85.215048385623192     
   8.7964090549043047E-004   85.215009853362147     
   8.8738218428310834E-004   85.214970639649806     
   8.9519159019103508E-004   85.214930732433714     
   9.0306972276681130E-004   85.214890119447290     
   9.1101718683939961E-004   85.214848788203426     
   9.1903459256055899E-004   85.214806725999523     
   9.2712255545168883E-004   85.214763919900463     
   9.3528169645108327E-004   85.214720356768453     
   9.4351264196160364E-004   85.214676023187650     
   9.5181602389876878E-004   85.214630905534108     
   9.6019247973926926E-004   85.214584989947156     
   9.6864265256990873E-004   85.214538262308167     
   9.7716719113697553E-004   85.214490708249969     
   9.8576674989604859E-004   85.214442313157349     
   9.9444198906224290E-004   85.214393062148730     
   1.0031935746608958E-003   85.214342940089097     
   1.0120221785786994E-003   85.214291931564475     
   1.0209284786152841E-003   85.214240020894266     
   1.0299131585352556E-003   85.214187192123831     
   1.0389769081206887E-003   85.214133429009223     
   1.0481204232240847E-003   85.214078715024016     
   1.0573444058217941E-003   85.214023033349207     
   1.0666495640679098E-003   85.213966366856255     
   1.0760366123486332E-003   85.213908698133082     
   1.0855062713371216E-003   85.213850009440989     
   1.0950592680488147E-003   85.213790282749812     
   1.1046963358972513E-003   85.213729499683694     
   1.1144182147503753E-003   85.213667641562864     
   1.1242256509873374E-003   85.213604689362000     
   1.1341193975557971E-003   85.213540623739107     
   1.1441002140297289E-003   85.213475424982420     
   1.1541688666677377E-003   85.213409073048069     
   1.1643261284718857E-003   85.213341547541347     
   1.1745727792470389E-003   85.213272827701218     
   1.1849096056607360E-003   85.213202892388523     
   1.1953374013035814E-003   85.213131720106219     
   1.2058569667501736E-003   85.213059288971323     
   1.2164691096205661E-003   85.212985576709343     
   1.2271746446422724E-003   85.212910560659822     
   1.2379743937128147E-003   85.212834217750753     
   1.2488691859628227E-003   85.212756524509444     
   1.2598598578196900E-003   85.212677457052450     
   1.2709472530717878E-003   85.212596991054482     
   1.2821322229332466E-003   85.212515101779672     
   1.2934156261093057E-003   85.212431764048148     
   1.3047983288622382E-003   85.212346952234412     
   1.3162812050778586E-003   85.212260640251401     
   1.3278651363326113E-003   85.212172801563156     
   1.3395510119612543E-003   85.212083409152058     
   1.3513397291251340E-003   85.211992435532721     
   1.3632321928810651E-003   85.211899852727839     
   1.3752293162508137E-003   85.211805632267442     
   1.3873320202911924E-003   85.211709745176506     
   1.3995412341647731E-003   85.211612161964950     
   1.4118578952112234E-003   85.211512852621951     
   1.4242829490192653E-003   85.211411786607073     
   1.4368173494992750E-003   85.211308932837198     
   1.4494620589565153E-003   85.211204259682177     
   1.4622180481650158E-003   85.211097734949590     
   1.4750862964421005E-003   85.210989325878217     
   1.4880677917235761E-003   85.210878999127317     
   1.5011635306395764E-003   85.210766720756993     
   1.5143745185910774E-003   85.210652456248084     
   1.5277017698270858E-003   85.210536170441458     
   1.5411463075225048E-003   85.210417827586838     
   1.5547091638566885E-003   85.210297391273997     
   1.5683913800926825E-003   85.210174824466264     
   1.5821940066571677E-003   85.210050089457127     
   1.5961181032211043E-003   85.209923147889782     
   1.6101647387810841E-003   85.209793960711551     
   1.6243349917414033E-003   85.209662488185415     
   1.6386299499968537E-003   85.209528689874872     
   1.6530507110162438E-003   85.209392524620029     
   1.6675983819266552E-003   85.209253950543598     
   1.6822740795984403E-003   85.209112925010118     
   1.6970789307309672E-003   85.208969404647377     
   1.7120140719391211E-003   85.208823345299663     
   1.7270806498405652E-003   85.208674702035410     
   1.7422798211437700E-003   85.208523429136335     
   1.7576127527368171E-003   85.208369480064476     
   1.7730806217769860E-003   85.208212807459148     
   1.7886846157811277E-003   85.208053363121678     
   1.8044259327168329E-003   85.207891098000658     
   1.8203057810944052E-003   85.207725962181257     
   1.8363253800596428E-003   85.207557904856856     
   1.8524859594874334E-003   85.207386874326630     
   1.8687887600761786E-003   85.207212817968411     
   1.8852350334430438E-003   85.207035682240360     
   1.9018260422200505E-003   85.206855412636855     
   1.9185630601510119E-003   85.206671953696429     
   1.9354473721893222E-003   85.206485248976918     
   1.9524802745966060E-003   85.206295241034212     
   1.9696630750422372E-003   85.206101871406105     
   1.9869970927037330E-003   85.205905080598683     
   2.0044836583680298E-003   85.205704808056396     
   2.0221241145336540E-003   85.205500992161546     
   2.0399198155137879E-003   85.205293570200297     
   2.0578721275402458E-003   85.205082478350874     
   2.0759824288683637E-003   85.204867651656457     
   2.0942521098828116E-003   85.204649024017101     
   2.1126825732043393E-003   85.204426528154301     
   2.1312752337974577E-003   85.204200095605245     
   2.1500315190790716E-003   85.203969656687093     
   2.1689528690280670E-003   85.203735140494928     
   2.1880407362958624E-003   85.203496474858298     
   2.2072965863179335E-003   85.203253586330504     
   2.2267218974263187E-003   85.203006400167823     
   2.2463181609631163E-003   85.202754840296734     
   2.2660868813949792E-003   85.202498829305910     
   2.2860295764286164E-003   85.202238288400906     
   2.3061477771273149E-003   85.201973137402803     
   2.3264430280284807E-003   85.201703294706732     
   2.3469168872622200E-003   85.201428677265909     
   2.3675709266709616E-003   85.201149200562412     
   2.3884067319301316E-003   85.200864778574953     
   2.4094259026698909E-003   85.200575323765747     
   2.4306300525979434E-003   85.200280747051295     
   2.4520208096234265E-003   85.199980957757560     
   2.4735998159818905E-003   85.199675863615170     
   2.4953687283613760E-003   85.199365370714560     
   2.5173292180296061E-003   85.199049383484066     
   2.5394829709622941E-003   85.198727804664628     
   2.5618316879725796E-003   85.198400535264142     
   2.5843770848416069E-003   85.198067474549106     
   2.6071208924502501E-003   85.197728519993461     
   2.6300648569119985E-003   85.197383567258157     
   2.6532107397070110E-003   85.197032510155395     
   2.6765603178173507E-003   85.196675240617736     
   2.7001153838634101E-003   85.196311648661208     
   2.7238777462415343E-003   85.195941622359470     
   2.7478492292628593E-003   85.195565047793281     
   2.7720316732933684E-003   85.195181809037678     
   2.7964269348951846E-003   85.194791788105391     
   2.8210368869691022E-003   85.194394864922856     
   2.8458634188983788E-003   85.193990917288744     
   2.8709084366937859E-003   85.193579820837442     
   2.8961738631399403E-003   85.193161449002503     
   2.9216616379429249E-003   85.192735672970628     
   2.9473737178792006E-003   85.192302361648586     
   2.9733120769458395E-003   85.191861381625216     
   2.9994787065120722E-003   85.191412597120234     
   3.0258756154721727E-003   85.190955869950756     
   3.0525048303996841E-003   85.190491059487613     
   3.0793683957030110E-003   85.190018022606722     
   3.1064683737823703E-003   85.189536613648755     
   3.1338068451881290E-003   85.189046684376791     
   3.1613859087805366E-003   85.188548083928481     
   3.1892076818908592E-003   85.188040658764606     
   3.2172743004839342E-003   85.187524252630510     
   3.2455879193221552E-003   85.186998706499452     
   3.2741507121309002E-003   85.186463858532107     
   3.3029648717654144E-003   85.185919544014723     
   3.3320326103791638E-003   85.185365595321201     
   3.3613561595936671E-003   85.184801841857734     
   3.3909377706698280E-003   85.184228110000134     
   3.4207797146807665E-003   85.183644223054301     
   3.4508842826861804E-003   85.183050001196875     
   3.4812537859082366E-003   85.182445261413079     
   3.5118905559090082E-003   85.181829817448886     
   3.5427969447694792E-003   85.181203479749740     
   3.5739753252701191E-003   85.180566055406501     
   3.6054280910730488E-003   85.179917348083791     
   3.6371576569058104E-003   85.179257157977474     
   3.6691664587467534E-003   85.178585281733149     
   3.7014569540120513E-003   85.177901512403650     
   3.7340316217443666E-003   85.177205639369163     
   3.7668929628031727E-003   85.176497448277189     
   3.8000435000567555E-003   85.175776720983009     
   3.8334857785758988E-003   85.175043235471037     
   3.8672223658292805E-003   85.174296765794509     
   3.9012558518805832E-003   85.173537082005112     
   3.9355888495873409E-003   85.172763950074085     
   3.9702239948015390E-003   85.171977131834467     
   4.0051639465719753E-003   85.171176384893670     
   4.0404113873484006E-003   85.170361462564927     
   4.0759690231874663E-003   85.169532113792201     
   4.1118395839604685E-003   85.168688083069327     
   4.1480258235629336E-003   85.167829110365346     
   4.1845305201260443E-003   85.166954931039925     
   4.2213564762299208E-003   85.166065275763231     
   4.2585065191187892E-003   85.165159870434962     
   4.2959835009180325E-003   85.164238436095189     
   4.3337902988531615E-003   85.163300688846590     
   4.3719298154707067E-003   85.162346339755629     
   4.4104049788610562E-003   85.161375094771955     
   4.4492187428832536E-003   85.160386654634721     
   4.4883740873917768E-003   85.159380714779644     
   4.5278740184653086E-003   85.158356965247862     
   4.5677215686375228E-003   85.157315090586877     
   4.6079197971299057E-003   85.156254769755378     
   4.6484717900866163E-003   85.155175676020889     
   4.6893806608114220E-003   85.154077476867116     
   4.7306495500067164E-003   85.152959833879521     
   4.7722816260146418E-003   85.151822402654233     
   4.8142800850603318E-003   85.150664832675830     
   4.8566481514972946E-003   85.149486767228552     
   4.8993890780549589E-003   85.148287843269770     
   4.9425061460883959E-003   85.147067691323628     
   4.9860026658302345E-003   85.145825935372756     
   5.0298819766448075E-003   85.144562192731627     
   5.0741474472845161E-003   85.143276073937187     
   5.1188024761484631E-003   85.141967182628150     
   5.1638504915433618E-003   85.140635115413801     
   5.2092949519467312E-003   85.139279461762811     
   5.2551393462724194E-003   85.137899803866418     
   5.3013871941384573E-003   85.136495716513707     
   5.3480420461372710E-003   85.135066766961984     
   5.3951074841082688E-003   85.133612514798841     
   5.4425871214128334E-003   85.132132511811079     
   5.4904846032117318E-003   85.130626301842256     
   5.5388036067449643E-003   85.129093420655835     
   5.5875478416140744E-003   85.127533395791573     
   5.6367210500669531E-003   85.125945746416136     
   5.6863270072851383E-003   85.124329983179678     
   5.7363695216736494E-003   85.122685608062085     
   5.7868524351533694E-003   85.121012114221116     
   5.8377796234560016E-003   85.119308985835232     
   5.8891549964216212E-003   85.117575697944346     
   5.9409824982988493E-003   85.115811716290551     
   5.9932661080476591E-003   85.114016497149521     
   6.0460098396448577E-003   85.112189487165807     
   6.0992177423922524E-003   85.110330123182479     
   6.1528939012275219E-003   85.108437832067438     
   6.2070424370378402E-003   85.106512030535555     
   6.2616675069762416E-003   85.104552124971775     
   6.3167733047807774E-003   85.102557511241884     
   6.3723640610964926E-003   85.100527574514530     
   6.4284440438002136E-003   85.098461689072309     
   6.4850175583282144E-003   85.096359218106983     
   6.5420889480067562E-003   85.094219513539059     
   6.5996625943855374E-003   85.092041915809233     
   6.6577429175740796E-003   85.089825753674319     
   6.7163343765810736E-003   85.087570344008640     
   6.7754414696567103E-003   85.085274991586914     
   6.8350687346380272E-003   85.082938988870865     
   6.8952207492972914E-003   85.080561615796114     
   6.9559021316934495E-003   85.078142139546458     
   7.0171175405266701E-003   85.075679814330044     
   7.0788716754960077E-003   85.073173881149927     
   7.1411692776602144E-003   85.070623567570522     
   7.2040151298017226E-003   85.068028087482389     
   7.2674140567938359E-003   85.065386640856417     
   7.3313709259711516E-003   85.062698413500470     
   7.3958906475032381E-003   85.059962576811614     
   7.4609781747716078E-003   85.057178287514830     
   7.5266385047499983E-003   85.054344687411373     
   7.5928766783880117E-003   85.051460903111888     
   7.6596977809981178E-003   85.048526045767147     
   7.7271069426460776E-003   85.045539210796221     
   7.7951093385447883E-003   85.042499477611130     
   7.8637101894515997E-003   85.039405909329957     
   7.9329147620691345E-003   85.036257552493566     
   8.0027283694496243E-003   85.033053436769535     
   8.0731563714028093E-003   85.029792574657705     
   8.1442041749074309E-003   85.026473961185019     
   8.2158772345263444E-003   85.023096573599929     
   8.2881810528252706E-003   85.019659371054729     
   8.3611211807952598E-003   85.016161294290981     
   8.4347032182788551E-003   85.012601265313720     
   8.5089328144000026E-003   85.008978187059682     
   8.5838156679977559E-003   85.005290943062363     
   8.6593575280638005E-003   85.001538397110863     
   8.7355641941838126E-003   84.997719392901217     
   8.8124415169827212E-003   84.993832753683222     
   8.8899953985738661E-003   84.989877281899652     
   8.9682317930121335E-003   84.985851758820019     
   9.0471567067510594E-003   84.981754944169865     
   9.1267761991039743E-003   84.977585575749345     
   9.2070963827091783E-003   84.973342369046463     
   9.2881234239992495E-003   84.969024016850312     
   9.3698635436744396E-003   84.964629188843617     
   9.4523230171802679E-003   84.960156531204575     
   9.5355081751893091E-003   84.955604666187924     
   9.6194254040872125E-003   84.950972191707166     
   9.7040811464630065E-003   84.946257680906967     
   9.7894819016037145E-003   84.941459681726457     
   9.8756342259933329E-003   84.936576716458546     
   9.9625447338161817E-003   84.931607281298170     
   1.0050220097464712E-002   84.926549845885603     
   1.0138667048051751E-002   84.921402852838071     
   1.0227892375927271E-002   84.916164717278747     
   1.0317902931199724E-002   84.910833826354121     
   1.0408705624261928E-002   84.905408538739096     
   1.0500307426321600E-002   84.899887184145257     
   1.0592715369936570E-002   84.894268062806844     
   1.0685936549554683E-002   84.888549444968419     
   1.0779978122058463E-002   84.882729570357753     
   1.0874847307314570E-002   84.876806647651961     
   1.0970551388728097E-002   84.870778853934553     
   1.1067097713801729E-002   84.864644334142810     
   1.1164493694699846E-002   84.858401200504090     
   1.1262746808817564E-002   84.852047531966292     
   1.1361864599354817E-002   84.845581373614209     
   1.1461854675895453E-002   84.839000736078816     
   1.1562724714991458E-002   84.832303594935837     
   1.1664482460752305E-002   84.825487890093086     
   1.1767135725439489E-002   84.818551525168033     
   1.1870692390066311E-002   84.811492366854822     
   1.1975160405002915E-002   84.804308244282311     
   1.2080547790586673E-002   84.796996948355400     
   1.2186862637737919E-002   84.789556231092234     
   1.2294113108581133E-002   84.781983804946520     
   1.2402307437071552E-002   84.774277342117813     
   1.2511453929627334E-002   84.766434473851348     
   1.2621560965767258E-002   84.758452789725538     
   1.2732636998754047E-002   84.750329836930177     
   1.2844690556243358E-002   84.742063119525312     
   1.2957730240938464E-002   84.733650097696142     
   1.3071764731250725E-002   84.725088186989609     
   1.3186802781965851E-002   84.716374757540478     
   1.3302853224916023E-002   84.707507133282576     
   1.3419924969657968E-002   84.698482591151333     
   1.3538027004156945E-002   84.689298360265383     
   1.3657168395476793E-002   84.679951621101083     
   1.3777358290476036E-002   84.670439504652222     
   1.3898605916510119E-002   84.660759091570782     
   1.4020920582139818E-002   84.650907411299727     
   1.4144311677845883E-002   84.640881441186622     
   1.4268788676749982E-002   84.630678105587009     
   1.4394361135341982E-002   84.620294274946730     
   1.4521038694213626E-002   84.609726764875660     
   1.4648831078798672E-002   84.598972335201097     
   1.4777748100119547E-002   84.588027689007447     
   1.4907799655540574E-002   84.576889471661616     
   1.5038995729527816E-002   84.565554269818591     
   1.5171346394415615E-002   84.554018610413351     
   1.5304861811179892E-002   84.542278959637031     
   1.5439552230218210E-002   84.530331721891571     
   1.5575427992136754E-002   84.518173238735017     
   1.5712499528544199E-002   84.505799787800811     
   1.5850777362852581E-002   84.493207581706372     
   1.5990272111085207E-002   84.480392766939389     
   1.6130994482691695E-002   84.467351422729564     
   1.6272955281370155E-002   84.454079559899299     
   1.6416165405896632E-002   84.440573119696978     
   1.6560635850961836E-002   84.426827972611534     
   1.6706377708015235E-002   84.412839917166480     
   1.6853402166116600E-002   84.398604678697183     
   1.7001720512794999E-002   84.384117908106731     
   1.7151344134915383E-002   84.369375180600144     
   1.7302284519552812E-002   84.354371994403266     
   1.7454553254874317E-002   84.339103769456074     
   1.7608162031028596E-002   84.323565846088684     
   1.7763122641043474E-002   84.307753483674389     
   1.7919446981731313E-002   84.291661859262206     
   1.8077147054602356E-002   84.275286066188528     
   1.8236234966786124E-002   84.258621112665338     
   1.8396722931960919E-002   84.241661920347326     
   1.8558623271291496E-002   84.224403322876412     
   1.8721948414375023E-002   84.206840064403650     
   1.8886710900195312E-002   84.188966798087336     
   1.9052923378085482E-002   84.170778084570514     
   1.9220598608699110E-002   84.152268390429498     
   1.9389749464989885E-002   84.133432086605211     
   1.9560388933199897E-002   84.114263446805722     
   1.9732530113856665E-002   84.094756645886122     
   1.9906186222778875E-002   84.074905758202590     
   2.0081370592091006E-002   84.054704755943817     
   2.0258096671246895E-002   84.034147507433516     
   2.0436378028062273E-002   84.013227775411394     
   2.0616228349756419E-002   83.991939215285100     
   2.0797661444002979E-002   83.970275373357481     
   2.0980691239990003E-002   83.948229685027229     
   2.1165331789489348E-002   83.925795472963387     
   2.1351597267935483E-002   83.902965945250685     
   2.1539501975513756E-002   83.879734193511240     
   2.1729060338258291E-002   83.856093190994869     
   2.1920286909159509E-002   83.832035790644539     
   2.2113196369281399E-002   83.807554723132597     
   2.2307803528888646E-002   83.782642594868122     
   2.2504123328583647E-002   83.757291885976059     
   2.2702170840453555E-002   83.731494948249292     
   2.2901961269227406E-002   83.705244003068117     
   2.3103509953443443E-002   83.678531139293341     
   2.3306832366626694E-002   83.651348311128316     
   2.3511944118476923E-002   83.623687335951558     
   2.3718860956067046E-002   83.595539892119774     
   2.3927598765052072E-002   83.566897516739232     
   2.4138173570888700E-002   83.537751603407941     
   2.4350601540065641E-002   83.508093399926452     
   2.4564898981344771E-002   83.477914005978448     
   2.4781082347013216E-002   83.447204370778138     
   2.4999168234146420E-002   83.415955290690647     
   2.5219173385882390E-002   83.384157406814666     
   2.5441114692707073E-002   83.351801202540031     
   2.5665009193751146E-002   83.318877001068245     
   2.5890874078098130E-002   83.285374962904598     
   2.6118726686104037E-002   83.251285083315850     
   2.6348584510728686E-002   83.216597189757181     
   2.6580465198878658E-002   83.181300939266350     
   2.6814386552762113E-002   83.145385815825421     
   2.7050366531255528E-002   83.108841127689686     
   2.7288423251282463E-002   83.071656004684684     
   2.7528574989204420E-002   83.033819395471028     
   2.7770840182224012E-002   82.995320064774830     
   2.8015237429800437E-002   82.956146590587565     
   2.8261785495077411E-002   82.916287361331882     
   2.8510503306323667E-002   82.875730572996844     
   2.8761409958386146E-002   82.834464226236946     
   2.9014524714155984E-002   82.792476123444203     
   2.9269867006047352E-002   82.749753865781969     
   2.9527456437489365E-002   82.706284850190627     
   2.9787312784431089E-002   82.662056266361361     
   3.0049455996859820E-002   82.617055093674537     
   3.0313906200332679E-002   82.571268098110437     
   3.0580683697521746E-002   82.524681829126195     
   3.0849808969772734E-002   82.477282616502578     
   3.1121302678677409E-002   82.429056567159705     
   3.1395185667659864E-002   82.379989561943034     
   3.1671478963576721E-002   82.330067252376864     
   3.1950203778331424E-002   82.279275057392283     
   3.2231381510502755E-002   82.227598160021472     
   3.2515033746987651E-002   82.175021504067018     
   3.2801182264658536E-002   82.121529790740027     
   3.3089849032035150E-002   82.067107475272906     
   3.3381056210971184E-002   82.011738763503558     
   3.3674826158355681E-002   81.955407608435536     
   3.3971181427829483E-002   81.898097706769335     
   3.4270144771516693E-002   81.839792495411444     
   3.4571739141771494E-002   81.780475147959180     
   3.4875987692940189E-002   81.720128571161212     
   3.5182913783138925E-002   81.658735401357376     
   3.5492540976046892E-002   81.596278000896518     
   3.5804893042715440E-002   81.532738454534069     
   3.6119993963392993E-002   81.468098565812681     
   3.6437867929366152E-002   81.402339853422035     
   3.6758539344816904E-002   81.335443547545538     
   3.7082032828696210E-002   81.267390586189123     
   3.7408373216614069E-002   81.198161611498904     
   3.7737585562746270E-002   81.127736966064560     
   3.8069695141757807E-002   81.056096689214030     
   3.8404727450743359E-002   80.983220513298448     
   3.8742708211184758E-002   80.909087859969503     
   3.9083663370925684E-002   80.833677836453575     
   3.9427619106163832E-002   80.756969231820165     
   3.9774601823460445E-002   80.678940513250694     
   4.0124638161767714E-002   80.599569822308410     
   4.0477754994473883E-002   80.518834971210197     
   4.0833979431466418E-002   80.436713439105375     
   4.1193338821213323E-002   80.353182368361928     
   4.1555860752862758E-002   80.268218560863460     
   4.1921573058361167E-002   80.181798474319493     
   4.2290503814589979E-002   80.093898218592614     
   4.2662681345521224E-002   80.004493552044181     
   4.3038134224391969E-002   79.913559877902287     
   4.3416891275898067E-002   79.821072240656378     
   4.3798981578407045E-002   79.727005322479755     
   4.4184434466190581E-002   79.631333439685136     
   4.4573279531676578E-002   79.534030539216474     
   4.4965546627721058E-002   79.435070195180060     
   4.5361265869900080E-002   79.334425605421870     
   4.5760467638821800E-002   79.232069588150040     
   4.6163182582458856E-002   79.127974578612680     
   4.6569441618501371E-002   79.022112625831625     
   4.6979275936730534E-002   78.914455389398029     
   4.7392717001413183E-002   78.804974136335062     
   4.7809796553717400E-002   78.693639738032147     
   4.8230546614149369E-002   78.580422667256698     
   4.8654999485011723E-002   78.465292995248234     
   4.9083187752883464E-002   78.348220388900586     
   4.9515144291121728E-002   78.229174108039047     
   4.9950902262385626E-002   78.108123002797555     
   5.0390495121182183E-002   77.985035511102467     
   5.0833956616434792E-002   77.859879656269896     
   5.1281320794074201E-002   77.732623044723596     
   5.1732621999652340E-002   77.603232863839736     
   5.2187894880979122E-002   77.471675879926465     
   5.2647174390782474E-002   77.337918436346513     
   5.3110495789391775E-002   77.201926451788296     
   5.3577894647444883E-002   77.063665418697980     
   5.4049406848619010E-002   76.923100401875104     
   5.4525068592385637E-002   76.780196037247066     
   5.5004916396789644E-002   76.634916530825677     
   5.5488987101252940E-002   76.487225657858545     
   5.5977317869402715E-002   76.337086762184043     
   5.6469946191924615E-002   76.184462755799586     
   5.6966909889441024E-002   76.029316118653270     
   5.7468247115414664E-002   75.871608898670530     
   5.7973996359077788E-002   75.711302712025145     
   5.8484196448387073E-002   75.548358743667762     
   5.8998886553004566E-002   75.382737748121258     
   5.9518106187304937E-002   75.214400050557430     
   6.0041895213408997E-002   75.043305548165449     
   6.0570293844244165E-002   74.869413711825331     
   6.1103342646631649E-002   74.692683588100209     
   6.1641082544400927E-002   74.513073801559557     
   6.2183554821531595E-002   74.330542557448268     
   6.2730801125322866E-002   74.145047644715419     
   6.3282863469590958E-002   73.956546439417679     
   6.3839784237894631E-002   73.764995908511082     
   6.4401606186789112E-002   73.570352614049114     
   6.4968372449108650E-002   73.372572717800068     
   6.5540126537277935E-002   73.171611986302253     
   6.6116912346652706E-002   72.967425796372055     
   6.6698774158889723E-002   72.759969141083801     
   6.7285756645346459E-002   72.549196636236346     
   6.7877904870510569E-002   72.335062527327281     
   6.8475264295459679E-002   72.117520697050807     
   6.9077880781351630E-002   71.896524673339357     
   6.9685800592945282E-002   71.672027637967702     
   7.0299070402152455E-002   71.443982435739471     
   7.0917737291621097E-002   71.212341584276274     
   7.1541848758349957E-002   70.977057284429037     
   7.2171452717335022E-002   70.738081431334408     
   7.2806597505248163E-002   70.495365626135282     
   7.3447331884148120E-002   70.248861188389554     
   7.4093705045224056E-002   69.998519169187261     
   7.4745766612572068E-002   69.744290365000182     
   7.5403566647005149E-002   69.486125332286576     
   7.6067155649896370E-002   69.223974402873608     
   7.6736584567056121E-002   68.957787700143129     
   7.7411904792643260E-002   68.687515156042608     
   7.8093168173110974E-002   68.413106528948134     
   7.8780427011187038E-002   68.134511422402255     
   7.9473734069889349E-002   67.851679304753276     
   8.0173142576576678E-002   67.564559529721350     
   8.0878706227035108E-002   67.273101357915891     
   8.1590479189600440E-002   66.977253979332886     
   8.2308516109316818E-002   66.676966536854977     
   8.3032872112132061E-002   66.372188150784751     
   8.3763602809129853E-002   66.062867944434302     
   8.4500764300799086E-002   65.748955070800903     
   8.5244413181341031E-002   65.430398740353553     
   8.5994606543014052E-002   65.107148249958968     
   8.6751401980516993E-002   64.779153012973794     
   8.7514857595410694E-002   64.446362590530043     
   8.8285032000578745E-002   64.108726724040523     
   8.9061984324727339E-002   63.766195368952765     
   8.9845774216924801E-002   63.418718729776316     
   9.0636461851180988E-002   63.066247296412655     
   9.1434107931067099E-002   62.708731881811758     
   9.2238773694375997E-002   62.346123660983523     
   9.3050520917823704E-002   61.978374211388939     
   9.3869411921792156E-002   61.605435554737028     
   9.4695509575113732E-002   61.227260200211958     
   9.5528877299897896E-002   60.843801189155229     
   9.6369579076400341E-002   60.455012141226987     
   9.7217679447934899E-002   60.060847302068382     
   9.8073243525828774E-002   59.661261592488856     
   9.8936336994421337E-002   59.256210659197706     
   9.9807026116106867E-002   58.845650927102284     
  0.10068537773642187        58.429539653190488     
  0.10157145928917680        58.007834982016220     
  0.10246533880163339        57.580496002804608     
  0.10336708489972711        57.147482808191484     
  0.10427676681333600        56.708756554611540     
  0.10519445438159550        56.264279524346620     
  0.10612021805826027        55.814015189244742     
  0.10705412891711324        55.357928276117306     
  0.10799625865742199        54.895984833820876     
  0.10894667960944346        54.428152302027826     
  0.10990546473997698        53.954399581686204     
  0.11087268765796603        53.474697107168168     
  0.11184842262014957        52.989016920103069     
  0.11283274453676291        52.497332744888240     
  0.11382572897728878        51.999620065866907     
  0.11482745217625905        51.495856206161335     
  0.11583799103910754        50.986020408142451     
  0.11685742314807418        50.470093915517708     
  0.11788582676816142        49.948060057011247     
  0.11892328085314267        49.419904331608805     
  0.11996986505162402        48.885614495334622     
  0.12102565971315897        48.345180649523286     
  0.12209074589441718        47.798595330544671     
  0.12316520536540748        47.245853600934552     
  0.12424912061575552        46.686953141880338     
  0.12534257486103684        46.121894347003490     
  0.12644565204916558        45.550680417376128     
  0.12755843686683929        44.973317457702791     
  0.12868101474604088        44.389814573593014     
  0.12981347187059719        43.800183969842564     
  0.13095589518279577        43.204441049636813     
  0.13210837239005968        42.602604514580349     
  0.13327099197168110        41.994696465451952     
  0.13444384318561400        41.380742503576499     
  0.13562701607532707        40.760771832695127     
  0.13682060147671621        40.134817361213024     
  0.13802469102507867        39.502915804689181     
  0.13923937716214801        38.865107788429924     
  0.14046475314319115        38.221437950037071     
  0.14170091304416788        37.571955041752418     
  0.14294795176895334        36.916712032434290     
  0.14420596505662414        36.255766208988703     
  0.14547504948880852        35.589179277073015     
  0.14675530249710125        34.917017460877162     
  0.14804682237054376        34.239351601779944     
  0.14934970826316996        33.556257255668299     
  0.15066406020161888        32.867814788695910     
  0.15198997909281375        32.174109471250972     
  0.15332756673170914        31.475231569890497     
  0.15467692580910597        30.771276436989055     
  0.15603815991953543        30.062344597842198     
  0.15741137356921231        29.348541834951462     
  0.15879667218405813        28.629979269212299     
  0.16019416211779525        27.906773437711934     
  0.16160395066011171        27.179046367840073     
  0.16302614604489840        26.446925647400363     
  0.16446085745855843        25.710544490407045     
  0.16590819504838977        24.970041798237389     
  0.16736826993104145        24.225562215806207     
  0.16884119420104454        23.477256182417776     
  0.17032708093941790        22.725279976943838     
  0.17182604422234968        21.969795756970612     
  0.17333819912995554        21.210971591547448     
  0.17486366175511342        20.448981487168481     
  0.17640254921237661        19.684005406609060     
  0.17795497964696483        18.916229280236919     
  0.17952107224383468        18.145845009413051     
  0.18110094723682990        17.373050461594758     
  0.18269472591791192        16.598049456751383     
  0.18430253064647203        15.821051744702146     
  0.18592448485872520        15.042272972986495     
  0.18756071307718664        14.261934644878039     
  0.18921134092023179        13.480264067156554     
  0.19087649511174051        12.697494287256077     
  0.19255630349082606        11.913864019413865     
  0.19425089502164952        11.129617559450466     
  0.19596039980332108        10.345004687822609     
  0.19768494907988793        9.5602805605974481     
  0.19942467525041033        8.7757055880133805     
  0.20117971187912639        7.9915453003031871     
  0.20295019370570611        7.2080702004742250     
  0.20473625665559575        6.4255556037566919     
  0.20653803785045341        5.6442814634530265     
  0.20835567561867610        4.8645321829430372     
  0.21018930950601974        4.0865964136250312     
  0.21203908028631263        3.3107668385999034     
  0.21390512997226280        2.5373399419353007     
  0.21578760182636111        1.7666157633786099     
  0.21768664037187971       0.99889763842259072     
  0.21960239140396773       0.23449192366358318     
  0.22153500200084425      -0.52629229256605470     
  0.22348462053509013       -1.2831434942705187     
  0.22545139668503894       -2.0357480565003527     
  0.22743548144626824       -2.7837905785845436     
  0.22943702714319197       -3.5269542317225131     
  0.23145618744075500       -4.2649211207182134     
  0.23349311735623021       -4.9973726595870005     
  0.23554797327112001       -5.7239899607072857     
  0.23762091294316193       -6.4444542371304863     
  0.23971209551844025       -7.1584472176021166     
  0.24182168154360431       -7.8656515737832677     
  0.24394983297819398       -8.5657513590970780     
  0.24609671320707385       -9.2584324585586160     
  0.24826248705297690       -9.9433830488787152     
  0.25044732078915832       -10.620294068063075     
  0.25265138215216093       -11.288859693658736     
  0.25487484035469282       -11.948777828728829     
  0.25711786609861825       -12.599750594566657     
  0.25938063158806318       -13.241484829088812     
  0.26166331054263564       -13.873692589776148     
  0.26396607821076296       -14.496091659964279     
  0.26628911138314598       -15.108406057213266     
  0.26863258840633197       -15.710366542422811     
  0.27099668919640690       -16.301711128292169     
  0.27338159525280770       -16.882185585663208     
  0.27578748967225730       -17.451543946225392     
  0.27821455716282084       -18.009549000005343     
  0.28066298405808671       -18.555972786013555     
  0.28313295833147184       -19.090597074372340     
  0.28562466961065291       -19.613213838208026     
  0.28813830919212485       -20.123625713555221     
  0.29067407005588713       -20.621646445489397     
  0.29323214688025950       -21.107101318682886     
  0.29581273605682806       -21.579827570563303     
  0.29841603570552278       -22.039674785245566     
  0.30104224568982790       -22.486505266410155     
  0.30369156763212601       -22.920194387310055     
  0.30636420492917726       -23.340630916108616     
  0.30906036276773480       -23.747717314778953     
  0.31178024814029742       -24.141370009836770     
  0.31452406986100134       -24.521519633227832     
  0.31729203858165134       -24.888111231753157     
  0.32008436680789293       -25.241104443487927     
  0.32290126891552762       -25.580473639734446     
  0.32574296116697071       -25.906208031145354     
  0.32860966172785472       -26.218311736760853     
  0.33150159068377860       -26.516803814822989     
  0.33441897005720433       -26.801718254361198     
  0.33736202382450231       -27.073103926684745     
  0.34033097793314671       -27.331024496071198     
  0.34332606031906221       -27.575558289103611     
  0.34634750092412347       -27.806798122282590     
  0.34939553171380805       -28.024851087722297     
  0.35247038669500574       -28.229838296931490     
  0.35557230193398359       -28.421894582879332     
  0.35870151557450947       -28.601168160752387     
  0.36185826785613534       -28.767820248020371     
  0.36504280113264098       -28.922024644644857     
  0.36825535989064040       -29.063967274483691     
  0.37149619076835178       -29.193845689165350     
  0.37476554257453260       -29.311868535928141     
  0.37806366630758148       -29.418254991138546     
  0.38139081517480838       -29.513234161419891     
  0.38474724461187371       -29.597044454533552     
  0.38813321230239911       -29.669932922359845     
  0.39154897819775086       -29.732154578522270     
  0.39499480453699659       -29.783971693384323     
  0.39847095586703890       -29.825653069321913     
  0.40197769906292496       -29.857473299334092     
  0.40551530334833535       -29.879712012198333     
  0.40908404031625362       -29.892653107502635     
  0.41268418394981687       -29.896583983993864     
  0.41631601064335055       -29.891794764767237     
  0.41997979922358808       -29.878577522885685     
  0.42367583097107714       -29.857225511058381     
  0.42740438964177468       -29.828032399022110     
  0.43116576148883146       -29.791291522260259     
  0.43496023528456906       -29.747295145656878     
  0.43878810234264920       -29.696333745620144     
  0.44264965654043936       -29.638695314119836     
  0.44654519434157441       -29.574664687965424     
  0.45047501481871710       -29.504522906508200     
  0.45443941967651880       -29.428546600780397     
  0.45843871327478247       -29.347007416889518     
  0.46247320265182884       -29.260171476266425     
  0.46654319754806928       -29.168298875124648     
  0.47064901042978535       -29.071643225225177     
  0.47479095651311759       -28.970451237760273     
  0.47896935378826594       -28.864962351871654     
  0.48318452304390269       -28.755408409006790     
  0.48743678789180039       -28.642013373993993     
  0.49172647479167692       -28.524993103385761     
  0.49605391307625823       -28.404555161283241     
  0.50041943497656272       -28.280898682516167     
  0.50482337564740731       -28.154214282715586     
  0.50926607319313866       -28.024684014484226     
  0.51374786869359046       -27.892481368544480     
  0.51826910623026901       -27.757771318431615     
  0.52283013291276914       -27.620710407000551     
  0.52743129890542384       -27.481446872733997     
  0.53207295745418670       -27.340120813579503     
  0.53675546491375170       -27.196864385805792     
  0.54147918077491231       -27.051802035157337     
  0.54624446769215984       -26.905050757402975     
  0.55105169151152666       -26.756720385220000     
  0.55590122129867203       -26.606913898232932     
  0.56079342936721777       -26.455727752934742     
  0.56572869130733083       -26.303252229161071     
  0.57070738601455928       -26.149571789762227     
  0.57572989571892086       -25.994765450125971     
  0.58079660601424832       -25.838907154243461     
  0.58590790588779229       -25.682066154081937     
  0.59106418775008551       -25.524307389127777     
  0.59626584746506894       -25.365691863092238     
  0.60151328438048379       -25.206277014925742     
  0.60680690135853055       -25.046117081464047     
  0.61214710480679835       -24.885263449226908     
  0.61753430470946546       -24.723764993105419     
  0.62296891465877557       -24.561668399903411     
  0.62845135188679058       -24.399018474939581     
  0.63398203729742231       -24.235858430165692     
  0.63956139549874758       -24.072230152509604     
  0.64518985483560576       -23.908174451407373     
  0.65086784742248427       -23.743731284741497     
  0.65659580917669391       -23.578939962651628     
  0.66237417985183533       -23.413839328925135     
  0.66820340307155990       -23.248467919906521     
  0.67408392636362879       -23.082864101083700     
  0.68001620119427053       -22.917066181714311     
  0.68600068300284167       -22.751112508044248     
  0.69203783123679252       -22.585041535842411     
  0.69812810938693981       -22.418891883129525     
  0.70427198502305099       -22.252702364113237     
  0.71046992982974055       -22.086512005457557     
  0.71672241964268280       -21.920360046110485     
  0.72302993448514363       -21.754285921990704     
  0.72939295860483311       -21.588329236892797     
  0.73581198051108265       -21.422529721010584     
  0.74228749301234931       -21.256927178501883     
  0.74881999325405046       -21.091561425525470     
  0.75540998275673144       -20.926472220173782     
  0.76205796745456844       -20.761699185704376     
  0.76876445773421065       -20.597281728440578     
  0.77552996847396438       -20.433258951667959     
  0.78235501908332239       -20.269669566801095     
  0.78924013354283951       -20.106551803033852     
  0.79618584044436080       -19.943943316619169     
  0.80319267303160391       -19.781881100851212     
  0.81026116924109648       -19.620401397745617     
  0.81739187174347661       -19.459539612332385     
  0.82458532798515416       -19.299330230393522     
  0.83184209023034084       -19.139806740392299     
  0.83916271560344879       -18.981001560256079     
  0.84654776613186311       -18.822945969589018     
  0.85399780878909004       -18.665670047806103     
  0.86151341553828553       -18.509202618596181     
  0.86909516337616677       -18.353571201039301     
  0.87674363437730984       -18.198801967623599     
  0.88445941573883746       -18.044919709328898     
  0.89224309982550010       -17.891947807869236     
  0.90009528421515317       -17.739908215114610     
  0.90801657174463579       -17.588821439643631     
  0.91600757055605175       -17.438706540314229     
  0.92406889414345850       -17.289581126678950     
  0.93220116139996789       -17.141461366015172     
  0.94040499666525912       -16.994361996689310     
  0.94868102977351287       -16.848296347527498     
  0.95702989610176414       -16.703276362824116     
  0.96545223661868307       -16.559312632583801     
  0.97394869793378369       -16.416414427562401     
  0.98251993234706680       -16.274589738648032     
  0.99116659789909789       -16.133845320104900     
  0.99988935842152848       -15.994186736189775     
   1.0086888835880592       -15.855618410644258     
   1.0175658489658532       -15.718143678564767     
   1.0265209360674028       -15.581764840156350     
   1.0355548324028487       -15.446483215886277     
   1.0446682315327649       -15.312299202567479     
   1.0538618331214042       -15.179212329921182     
   1.0631363429904135       -15.047221317191090     
   1.0724924731730230       -14.916324129408004     
   1.0819309419687095       -14.786518032933817     
   1.0914524739983447       -14.657799649945691     
   1.1010578002598246       -14.530165011555768     
   1.1107476581841915       -14.403609609296943     
   1.1205227916922493       -14.278128444741704     
   1.1303839512516758       -14.153716077057423     
   1.1403318939346383       -14.030366668337596     
   1.1503673834759174       -13.908074026583760     
   1.1604911903315402       -13.786831646246876     
   1.1707040917379319       -13.666632746269165     
   1.1810068717715860       -13.547470305597612     
   1.1914003214092592       -13.429337096168258     
   1.2018852385886998       -13.312225713385669     
   1.2124624282699048       -13.196128604144691     
   1.2231327024969219       -13.081038092461210     
   1.2338968804601911       -12.966946402795733     
   1.2447557885594365       -12.853845681167600     
   1.2557102604671133       -12.741728014168904     
   1.2667611371924088       -12.630585445996001     
   1.2779092671458114       -12.520409993622341     
   1.2891555062042450       -12.411193660240436     
   1.3005007177767773       -12.302928447102161     
   1.3119457728709065       -12.195606363886492     
   1.3234915501594315       -12.089219437721731     
   1.3351389360479096       -11.983759720985930     
   1.3468888247427102       -11.879219298004598     
   1.3587421183196642       -11.775590290759247     
   1.3706997267933194       -11.672864863713951     
   1.3827625681868065       -11.571035227860236     
   1.3949315686023174       -11.470093644073465     
   1.4072076622922047       -11.370032425866395     
   1.4195917917307088       -11.270843941618093     
   1.4320849076863129       -11.172520616349264     
   1.4446879692947372       -11.075054933107623     
   1.4574019441325750       -10.978439434020343     
   1.4702278082915761       -10.882666721063975     
   1.4831665464535848       -10.787729456596264     
   1.4962191519661365       -10.693620363688618     
   1.5093866269187208       -10.600332226292874     
   1.5226699822197147       -10.507857889271335     
   1.5360702376739934       -10.416190258314842     
   1.5495884220612230       -10.325322299769891     
   1.5632255732148446       -10.235247040392576     
   1.5769827381017514       -10.145957567044166     
   1.5908609729026670       -10.057447026340659     
   1.6048613430932324       -9.9697086242664810     
   1.6189849235258063       -9.8827356257606702     
   1.6332327985119834       -9.7965213542823566     
   1.6476060619058426       -9.7110591913609152     
   1.6621058171879235       -9.6263425761352686     
   1.6767331775499448       -9.5423650048857347     
   1.6914892659802685       -9.4591200305612055     
   1.7063752153501137       -9.3766012623037742     
   1.7213921685005316       -9.2948023649724689     
   1.7365412783301448       -9.2137170586673562     
   1.7518237078836587       -9.1333391182550159     
   1.7672406304411532       -9.0536623728960262     
   1.7827932296081566       -8.9746807055751159     
   1.7984826994065179       -8.8963880526342614     
   1.8143102443660732       -8.8187784033090963     
   1.8302770796171222       -8.7418457992687699     
   1.8463844309837174       -8.6655843341594281     
   1.8626335350777747       -8.5899881531514097     
   1.8790256393940115       -8.5150514524901553     
   1.8955620024057211       -8.4407684790509467     
   1.9122438936613899       -8.3671335298973961     
   1.9290725938821640       -8.2941409518437457     
   1.9460493950601745       -8.2217851410209413     
   1.9631756005577277       -8.1500605424464503     
   1.9804525252073686       -8.0789616495978294     
   1.9978814954128248       -8.0084830039899941     
