                                                  
                                                                                                                                                                                                                                                                
     Z,SCF,CCSD
   1.00,   -86.62309708,   -87.29162693
   1.05,   -86.67423566,   -87.33981894
   1.10,   -86.71651054,   -87.37888088
   1.15,   -86.75138889,   -87.41036315
   1.20,   -86.78007038,   -87.43553791
   1.25,   -86.80354430,   -87.45544110
   1.30,   -86.82262585,   -87.47095861
   1.35,   -86.83798688,   -87.48283929
   1.40,   -86.85018617,   -87.49170614
   1.45,   -86.85969504,   -87.49808635
   1.50,   -86.86691540,   -87.50240075
   1.55,   -86.87219185,   -87.50500874
   1.60,   -86.87582046,   -87.50621158
   1.65,   -86.87805549,   -87.50625591
   1.70,   -86.87911517,   -87.50535691
   1.75,   -86.87918654,   -87.50369499
   1.80,   -86.87842978,   -87.50139676
   1.85,   -86.87698192,   -87.49863298
   1.90,   -86.87496014,   -87.49548093
   1.95,   -86.87246453,   -87.49203309
   2.00,   -86.86958056,   -87.48836741
                                                  
