   3.3627886318793411E-006   385.89965653437753     
   3.3925042148090786E-006   385.89965653155139     
   3.4224823821488162E-006   385.89965652867517     
   3.4527254542492096E-006   385.89965652574779     
   3.4832357719649025E-006   385.89965652276851     
   3.5140156968357106E-006   385.89965651973637     
   3.5450676112694065E-006   385.89965651665028     
   3.5763939187261232E-006   385.89965651350946     
   3.6079970439043843E-006   385.89965651031292     
   3.6398794329287793E-006   385.89965650705960     
   3.6720435535392962E-006   385.89965650374864     
   3.7044918952823290E-006   385.89965650037880     
   3.7372269697033709E-006   385.89965649694921     
   3.7702513105414128E-006   385.89965649345868     
   3.8035674739250544E-006   385.89965648990619     
   3.8371780385703586E-006   385.89965648629072     
   3.8710856059804409E-006   385.89965648261091     
   3.9052928006468332E-006   385.89965647886584     
   3.9398022702526207E-006   385.89965647505437     
   3.9746166858773799E-006   385.89965647117521     
   4.0097387422039182E-006   385.89965646722715     
   4.0451711577268510E-006   385.89965646320900     
   4.0809166749630141E-006   385.89965645911963     
   4.1169780606637394E-006   385.89965645495755     
   4.1533581060290026E-006   385.89965645072164     
   4.1900596269234724E-006   385.89965644641052     
   4.2270854640944539E-006   385.89965644202289     
   4.2644384833917707E-006   385.89965643755738     
   4.3021215759895885E-006   385.89965643301264     
   4.3401376586101858E-006   385.89965642838712     
   4.3784896737497264E-006   385.89965642367952     
   4.4171805899059996E-006   385.89965641888836     
   4.4562134018081927E-006   385.89965641401216     
   4.4955911306486871E-006   385.89965640904944     
   4.5353168243168984E-006   385.89965640399862     
   4.5753935576351948E-006   385.89965639885804     
   4.6158244325968826E-006   385.89965639362634     
   4.6566125786063114E-006   385.89965638830165     
   4.6977611527210942E-006   385.89965638288254     
   4.7392733398964654E-006   385.89965637736719     
   4.7811523532318011E-006   385.89965637175396     
   4.8234014342193182E-006   385.89965636604109     
   4.8660238529949692E-006   385.89965636022680     
   4.9090229085915572E-006   385.89965635430929     
   4.9524019291940840E-006   385.89965634828673     
   4.9961642723973547E-006   385.89965634215724     
   5.0403133254658628E-006   385.89965633591891     
   5.0848525055959683E-006   385.89965632956995     
   5.1297852601803916E-006   385.89965632310827     
   5.1751150670750483E-006   385.89965631653189     
   5.2208454348682396E-006   385.89965630983875     
   5.2669799031522213E-006   385.89965630302675     
   5.3135220427971725E-006   385.89965629609389     
   5.3604754562275872E-006   385.89965628903792     
   5.4078437777011070E-006   385.89965628185678     
   5.4556306735898133E-006   385.89965627454802     
   5.5038398426640163E-006   385.89965626710966     
   5.5524750163785405E-006   385.89965625953914     
   5.6015399591615439E-006   385.89965625183436     
   5.6510384687058927E-006   385.89965624399264     
   5.7009743762631049E-006   385.89965623601188     
   5.7513515469398948E-006   385.89965622788941     
   5.8021738799973422E-006   385.89965621962278     
   5.8534453091526934E-006   385.89965621120933     
   5.9051698028838392E-006   385.89965620264661     
   5.9573513647364825E-006   385.89965619393183     
   6.0099940336340168E-006   385.89965618506238     
   6.0631018841901412E-006   385.89965617603548     
   6.1166790270242451E-006   385.89965616684833     
   6.1707296090795764E-006   385.89965615749810     
   6.2252578139442153E-006   385.89965614798189     
   6.2802678621748932E-006   385.89965613829679     
   6.3357640116236708E-006   385.89965612843969     
   6.3917505577674987E-006   385.89965611840773     
   6.4482318340406944E-006   385.89965610819763     
   6.5052122121703559E-006   385.89965609780626     
   6.5626961025147397E-006   385.89965608723043     
   6.6206879544046269E-006   385.89965607646690     
   6.6791922564877116E-006   385.89965606551226     
   6.7382135370760191E-006   385.89965605436328     
   6.7977563644964164E-006   385.89965604301625     
   6.8578253474441963E-006   385.89965603146783     
   6.9184251353398007E-006   385.89965601971448     
   6.9795604186886914E-006   385.89965600775236     
   7.0412359294444024E-006   385.89965599557797     
   7.1034564413748016E-006   385.89965598318759     
   7.1662267704315781E-006   385.89965597057710     
   7.2295517751230140E-006   385.89965595774288     
   7.2934363568900339E-006   385.89965594468066     
   7.3578854604855859E-006   385.89965593138675     
   7.4229040743573656E-006   385.89965591785688     
   7.4884972310339366E-006   385.89965590408667     
   7.5546700075142532E-006   385.89965589007215     
   7.6214275256606241E-006   385.89965587580872     
   7.6887749525951522E-006   385.89965586129222     
   7.7567175010996785E-006   385.89965584651793     
   7.8252604300192591E-006   385.89965583148148     
   7.8944090446692021E-006   385.89965581617810     
   7.9641686972457126E-006   385.89965580060300     
   8.0345447872401540E-006   385.89965578475142     
   8.1055427618569832E-006   385.89965576861852     
   8.1771681164353624E-006   385.89965575219929     
   8.2494263948745124E-006   385.89965573548841     
   8.3223231900628155E-006   385.89965571848109     
   8.3958641443107145E-006   385.89965570117175     
   8.4700549497874319E-006   385.89965568355518     
   8.5449013489615547E-006   385.89965566562586     
   8.6204091350455080E-006   385.89965564737832     
   8.6965841524439571E-006   385.89965562880690     
   8.7734322972061724E-006   385.89965560990572     
   8.8509595174823904E-006   385.89965559066911     
   8.9291718139842118E-006   385.89965557109088     
   9.0080752404490615E-006   385.89965555116532     
   9.0876759041087591E-006   385.89965553088587     
   9.1679799661622260E-006   385.89965551024648     
   9.2489936422523628E-006   385.89965548924084     
   9.3307232029471628E-006   385.89965546786220     
   9.4131749742250550E-006   385.89965544610408     
   9.4963553379645362E-006   385.89965542395976     
   9.5802707324381529E-006   385.89965540142231     
   9.6649276528108167E-006   385.89965537848474     
   9.7503326516425478E-006   385.89965535514011     
   9.8364923393956525E-006   385.89965533138098     
   9.9234133849463772E-006   385.89965530720019     
   1.0011102516101090E-005   385.89965528259017     
   1.0099566520117025E-005   385.89965525754320     
   1.0188812244227618E-005   385.89965523205171     
   1.0278846596172501E-005   385.89965520610764     
   1.0369676544732163E-005   385.89965517970307     
   1.0461309120267347E-005   385.89965515282978     
   1.0553751415263213E-005   385.89965512547940     
   1.0647010584878292E-005   385.89965509764363     
   1.0741093847498319E-005   385.89965506931367     
   1.0836008485294943E-005   385.89965504048081     
   1.0931761844789375E-005   385.89965501113608     
   1.1028361337421012E-005   385.89965498127054     
   1.1125814440121107E-005   385.89965495087478     
   1.1224128695891483E-005   385.89965491993951     
   1.1323311714388371E-005   385.89965488845513     
   1.1423371172511415E-005   385.89965485641176     
   1.1524314814997871E-005   385.89965482379966     
   1.1626150455022051E-005   385.89965479060868     
   1.1728885974800096E-005   385.89965475682840     
   1.1832529326200040E-005   385.89965472244853     
   1.1937088531357324E-005   385.89965468745845     
   1.2042571683295700E-005   385.89965465184707     
   1.2148986946553652E-005   385.89965461560371     
   1.2256342557816339E-005   385.89965457871699     
   1.2364646826553123E-005   385.89965454117538     
   1.2473908135660744E-005   385.89965450296745     
   1.2584134942112152E-005   385.89965446408121     
   1.2695335777611100E-005   385.89965442450466     
   1.2807519249252504E-005   385.89965438422570     
   1.2920694040188645E-005   385.89965434323165     
   1.3034868910301260E-005   385.89965430150994     
   1.3150052696879559E-005   385.89965425904757     
   1.3266254315304255E-005   385.89965421583145     
   1.3383482759737619E-005   385.89965417184823     
   1.3501747103819644E-005   385.89965412708420     
   1.3621056501370354E-005   385.89965408152563     
   1.3741420187098324E-005   385.89965403515833     
   1.3862847477315462E-005   385.89965398796784     
   1.3985347770658090E-005   385.89965393993975     
   1.4108930548814431E-005   385.89965389105919     
   1.4233605377258496E-005   385.89965384131074     
   1.4359381905990460E-005   385.89965379067922     
   1.4486269870283586E-005   385.89965373914902     
   1.4614279091437758E-005   385.89965368670408     
   1.4743419477539649E-005   385.89965363332817     
   1.4873701024229637E-005   385.89965357900485     
   1.5005133815475459E-005   385.89965352371701     
   1.5137728024352747E-005   385.89965346744799     
   1.5271493913832420E-005   385.89965341017995     
   1.5406441837575063E-005   385.89965335189538     
   1.5542582240732303E-005   385.89965329257615     
   1.5679925660755298E-005   385.89965323220400     
   1.5818482728210324E-005   385.89965317076013     
   1.5958264167601614E-005   385.89965310822549     
   1.6099280798201442E-005   385.89965304458093     
   1.6241543534887552E-005   385.89965297980643     
   1.6385063388987981E-005   385.89965291388228     
   1.6529851469133350E-005   385.89965284678783     
   1.6675918982116694E-005   385.89965277850229     
   1.6823277233760882E-005   385.89965270900467     
   1.6971937629793686E-005   385.89965263827332     
   1.7121911676730623E-005   385.89965256628642     
   1.7273210982765566E-005   385.89965249302168     
   1.7425847258669226E-005   385.89965241845636     
   1.7579832318695596E-005   385.89965234256744     
   1.7735178081496376E-005   385.89965226533138     
   1.7891896571043504E-005   385.89965218672432     
   1.8049999917559816E-005   385.89965210672187     
   1.8209500358457956E-005   385.89965202529925     
   1.8370410239287560E-005   385.89965194243132     
   1.8532742014690815E-005   385.89965185809240     
   1.8696508249366474E-005   385.89965177225633     
   1.8861721619042368E-005   385.89965168489647     
   1.9028394911456541E-005   385.89965159598597     
   1.9196541027347025E-005   385.89965150549710     
   1.9366172981450386E-005   385.89965141340201     
   1.9537303903509057E-005   385.89965131967216     
   1.9709947039287639E-005   385.89965122427839     
   1.9884115751598107E-005   385.89965112719131     
   2.0059823521334115E-005   385.89965102838084     
   2.0237083948514450E-005   385.89965092781625     
   2.0415910753335683E-005   385.89965082546661     
   2.0596317777234130E-005   385.89965072130008     
   2.0778318983957192E-005   385.89965061528454     
   2.0961928460644181E-005   385.89965050738704     
   2.1147160418916682E-005   385.89965039757419     
   2.1334029195978533E-005   385.89965028581207     
   2.1522549255725569E-005   385.89965017206600     
   2.1712735189865134E-005   385.89965005630086     
   2.1904601719045500E-005   385.89964993848071     
   2.2098163693995263E-005   385.89964981856906     
   2.2293436096672816E-005   385.89964969652885     
   2.2490434041425969E-005   385.89964957232235     
   2.2689172776161815E-005   385.89964944591088     
   2.2889667683526954E-005   385.89964931725558     
   2.3091934282098111E-005   385.89964918631637     
   2.3295988227583308E-005   385.89964905305283     
   2.3501845314033632E-005   385.89964891742386     
   2.3709521475065718E-005   385.89964877938712     
   2.3919032785095028E-005   385.89964863890009     
   2.4130395460580045E-005   385.89964849591928     
   2.4343625861277429E-005   385.89964835040041     
   2.4558740491508302E-005   385.89964820229835     
   2.4775756001435694E-005   385.89964805156734     
   2.4994689188353290E-005   385.89964789816054     
   2.5215556997985575E-005   385.89964774203065     
   2.5438376525799437E-005   385.89964758312931     
   2.5663165018327387E-005   385.89964742140722     
   2.5889939874502474E-005   385.89964725681432     
   2.6118718647004975E-005   385.89964708929978     
   2.6349519043620988E-005   385.89964691881158     
   2.6582358928613059E-005   385.89964674529699     
   2.6817256324102884E-005   385.89964656870234     
   2.7054229411466266E-005   385.89964638897288     
   2.7293296532740340E-005   385.89964620605303     
   2.7534476192043311E-005   385.89964601988606     
   2.7777787057006684E-005   385.89964583041450     
   2.8023247960220156E-005   385.89964563757951     
   2.8270877900689280E-005   385.89964544132135     
   2.8520696045306043E-005   385.89964524157949     
   2.8772721730332367E-005   385.89964503829196     
   2.9026974462896811E-005   385.89964483139579     
   2.9283473922504401E-005   385.89964462082696     
   2.9542239962559879E-005   385.89964440652028     
   2.9803292611904381E-005   385.89964418840941     
   3.0066652076365678E-005   385.89964396642677     
   3.0332338740322166E-005   385.89964374050362     
   3.0600373168280610E-005   385.89964351057006     
   3.0870776106467898E-005   385.89964327655491     
   3.1143568484436788E-005   385.89964303838565     
   3.1418771416685924E-005   385.89964279598865     
   3.1696406204294101E-005   385.89964254928873     
   3.1976494336569000E-005   385.89964229820959     
   3.2259057492710514E-005   385.89964204267358     
   3.2544117543488694E-005   385.89964178260135     
   3.2831696552936645E-005   385.89964151791253     
   3.3121816780058244E-005   385.89964124852520     
   3.3414500680551085E-005   385.89964097435586     
   3.3709770908544505E-005   385.89964069531970     
   3.4007650318353111E-005   385.89964041133032     
   3.4308161966245711E-005   385.89964012229973     
   3.4611329112229878E-005   385.89963982813856     
   3.4917175221852332E-005   385.89963952875553     
   3.5225723968015212E-005   385.89963922405809     
   3.5536999232808353E-005   385.89963891395189     
   3.5851025109357836E-005   385.89963859834108     
   3.6167825903690796E-005   385.89963827712756     
   3.6487426136616769E-005   385.89963795021214     
   3.6809850545625609E-005   385.89963761749362     
   3.7135124086802204E-005   385.89963727886897     
   3.7463271936758143E-005   385.89963693423323     
   3.7794319494580387E-005   385.89963658347978     
   3.8128292383797205E-005   385.89963622649998     
   3.8465216454361473E-005   385.89963586318339     
   3.8805117784651483E-005   385.89963549341746     
   3.9148022683489444E-005   385.89963511708777     
   3.9493957692177870E-005   385.89963473407761     
   3.9842949586553814E-005   385.89963434426863     
   4.0195025379061453E-005   385.89963394754011     
   4.0550212320842843E-005   385.89963354376903     
   4.0908537903847172E-005   385.89963313283056     
   4.1270029862958714E-005   385.89963271459737     
   4.1634716178143545E-005   385.89963228894004     
   4.2002625076615199E-005   385.89963185572685     
   4.2373785035019516E-005   385.89963141482349     
   4.2748224781638769E-005   385.89963096609347     
   4.3125973298615272E-005   385.89963050939798     
   4.3507059824194632E-005   385.89963004459565     
   4.3891513854988830E-005   385.89962957154239     
   4.4279365148259307E-005   385.89962909009188     
   4.4670643724220207E-005   385.89962860009507     
   4.5065379868361982E-005   385.89962810140014     
   4.5463604133795543E-005   385.89962759385276     
   4.5865347343617073E-005   385.89962707729569     
   4.6270640593293847E-005   385.89962655156921     
   4.6679515253070995E-005   385.89962601651030     
   4.7092002970399625E-005   385.89962547195353     
   4.7508135672386411E-005   385.89962491773014     
   4.7927945568264723E-005   385.89962435366851     
   4.8351465151887736E-005   385.89962377959421     
   4.8778727204243457E-005   385.89962319532930     
   4.9209764795992029E-005   385.89962260069296     
   4.9644611290025463E-005   385.89962199550104     
   5.0083300344049925E-005   385.89962137956627     
   5.0525865913190931E-005   385.89962075269779     
   5.0972342252621506E-005   385.89962011470169     
   5.1422763920213576E-005   385.89961946538028     
   5.1877165779212804E-005   385.89961880453262     
   5.2335583000937043E-005   385.89961813195407     
   5.2798051067498630E-005   385.89961744743641     
   5.3264605774550792E-005   385.89961675076773     
   5.3735283234058230E-005   385.89961604173232     
   5.4210119877092273E-005   385.89961532011057     
   5.4689152456650648E-005   385.89961458567916     
   5.5172418050502283E-005   385.89961383821066     
   5.5659954064057083E-005   385.89961307747359     
   5.6151798233261247E-005   385.89961230323257     
   5.6647988627518021E-005   385.89961151524778     
   5.7148563652634328E-005   385.89961071327519     
   5.7653562053793493E-005   385.89960989706663     
   5.8163022918554077E-005   385.89960906636929     
   5.8676985679875366E-005   385.89960822092610     
   5.9195490119169525E-005   385.89960736047522     
   5.9718576369380730E-005   385.89960648475022     
   6.0246284918091533E-005   385.89960559348003     
   6.0778656610656607E-005   385.89960468638861     
   6.1315732653364252E-005   385.89960376319522     
   6.1857554616625860E-005   385.89960282361398     
   6.2404164438193470E-005   385.89960186735391     
   6.2955604426405813E-005   385.89960089411909     
   6.3511917263463056E-005   385.89959990360808     
   6.4073146008730451E-005   385.89959889551432     
   6.4639334102071179E-005   385.89959786952562     
   6.5210525367208675E-005   385.89959682532424     
   6.5786764015118610E-005   385.89959576258707     
   6.6368094647450927E-005   385.89959468098488     
   6.6954562259982032E-005   385.89959358018297     
   6.7546212246097549E-005   385.89959245984039     
   6.8143090400305786E-005   385.89959131961029     
   6.8745242921782360E-005   385.89959015913968     
   6.9352716417946041E-005   385.89958897806929     
   6.9965557908066193E-005   385.89958777603340     
   7.0583814826902225E-005   385.89958655265985     
   7.1207535028374982E-005   385.89958530756991     
   7.1836766789270813E-005   385.89958404037810     
   7.2471558812978168E-005   385.89958275069193     
   7.3111960233257422E-005   385.89958143811219     
   7.3758020618043752E-005   385.89958010223262     
   7.4409789973283862E-005   385.89957874263939     
   7.5067318746806515E-005   385.89957735891176     
   7.5730657832227149E-005   385.89957595062111     
   7.6399858572887290E-005   385.89957451733164     
   7.7074972765828447E-005   385.89957305859940     
   7.7756052665801318E-005   385.89957157397288     
   7.8443150989310404E-005   385.89957006299227     
   7.9136320918694297E-005   385.89956852518992     
   7.9835616106242139E-005   385.89956696008971     
   8.0541090678346288E-005   385.89956536720683     
   8.1252799239691818E-005   385.89956374604844     
   8.1970796877483003E-005   385.89956209611239     
   8.2695139165707123E-005   385.89956041688788     
   8.3425882169435993E-005   385.89955870785502     
   8.4163082449165429E-005   385.89955696848472     
   8.4906797065193148E-005   385.89955519823832     
   8.5657083582035319E-005   385.89955339656791     
   8.6414000072882065E-005   385.89955156291552     
   8.7177605124092499E-005   385.89954969671345     
   8.7947957839729343E-005   385.89954779738400     
   8.8725117846133624E-005   385.89954586433907     
   8.9509145296539895E-005   385.89954389698016     
   9.0300100875732151E-005   385.89954189469819     
   9.1098045804740955E-005   385.89953985687316     
   9.1903041845581908E-005   385.89953778287412     
   9.2715151306036259E-005   385.89953567205907     
   9.3534437044473531E-005   385.89953352377427     
   9.4360962474716853E-005   385.89953133735480     
   9.5194791570951266E-005   385.89952911212367     
   9.6035988872675474E-005   385.89952684739183     
   9.6884619489697187E-005   385.89952454245815     
   9.7740749107172800E-005   385.89952219660904     
   9.8604443990691468E-005   385.89951980911815     
   9.9475770991404135E-005   385.89951737924622     
   1.0035479755119796E-004   385.89951490624111     
   1.0124159170791636E-004   385.89951238933691     
   1.0213622210062527E-004   385.89950982775463     
   1.0303875797492585E-004   385.89950722070103     
   1.0394926918831423E-004   385.89950456736892     
   1.0486782621558856E-004   385.89950186693682     
   1.0579450015430386E-004   385.89949911856871     
   1.0672936273027507E-004   385.89949632141355     
   1.0767248630312869E-004   385.89949347460538     
   1.0862394387190356E-004   385.89949057726278     
   1.0958380908070106E-004   385.89948762848883     
   1.1055215622438528E-004   385.89948462737033     
   1.1152906025433353E-004   385.89948157297823     
   1.1251459678423767E-004   385.89947846436678     
   1.1350884209595667E-004   385.89947530057367     
   1.1451187314542108E-004   385.89947208061915     
   1.1552376756858936E-004   385.89946880350647     
   1.1654460368745708E-004   385.89946546822091     
   1.1757446051611914E-004   385.89946207372986     
   1.1861341776688558E-004   385.89945861898229     
   1.1966155585645135E-004   385.89945510290869     
   1.2071895591212081E-004   385.89945152442039     
   1.2178569977808697E-004   385.89944788240933     
   1.2286187002176637E-004   385.89944417574804     
   1.2394754994018994E-004   385.89944040328891     
   1.2504282356645029E-004   385.89943656386390     
   1.2614777567620595E-004   385.89943265628420     
   1.2726249179424319E-004   385.89942867934013     
   1.2838705820109568E-004   385.89942463180040     
   1.2952156193972274E-004   385.89942051241161     
   1.3066609082224668E-004   385.89941631989859     
   1.3182073343674940E-004   385.89941205296321     
   1.3298557915412932E-004   385.89940771028438     
   1.3416071813501890E-004   385.89940329051757     
   1.3534624133676302E-004   385.89939879229433     
   1.3654224052045934E-004   385.89939421422201     
   1.3774880825806059E-004   385.89938955488316     
   1.3896603793953999E-004   385.89938481283525     
   1.4019402378011948E-004   385.89937998661009     
   1.4143286082756235E-004   385.89937507471348     
   1.4268264496952986E-004   385.89937007562435     
   1.4394347294100334E-004   385.89936498779525     
   1.4521544233177128E-004   385.89935980965083     
   1.4649865159398312E-004   385.89935453958788     
   1.4779320004976962E-004   385.89934917597469     
   1.4909918789893036E-004   385.89934371715071     
   1.5041671622668943E-004   385.89933816142576     
   1.5174588701151961E-004   385.89933250707975     
   1.5308680313303553E-004   385.89932675236201     
   1.5443956837995676E-004   385.89932089549092     
   1.5580428745814122E-004   385.89931493465309     
   1.5718106599868948E-004   385.89930886800289     
   1.5857001056612081E-004   385.89930269366204     
   1.5997122866662144E-004   385.89929640971900     
   1.6138482875636552E-004   385.89929001422814     
   1.6281092024991004E-004   385.89928350520933     
   1.6424961352866344E-004   385.89927688064739     
   1.6570101994942937E-004   385.89927013849115     
   1.6716525185302592E-004   385.89926327665330     
   1.6864242257298075E-004   385.89925629300922     
   1.7013264644430347E-004   385.89924918539680     
   1.7163603881233528E-004   385.89924195161541     
   1.7315271604167673E-004   385.89923458942542     
   1.7468279552519461E-004   385.89922709654741     
   1.7622639569310836E-004   385.89921947066148     
   1.7778363602215659E-004   385.89921170940659     
   1.7935463704484478E-004   385.89920381037990     
   1.8093952035877481E-004   385.89919577113557     
   1.8253840863605654E-004   385.89918758918469     
   1.8415142563280300E-004   385.89917926199399     
   1.8577869619870914E-004   385.89917078698539     
   1.8742034628671547E-004   385.89916216153483     
   1.8907650296275686E-004   385.89915338297186     
   1.9074729441559779E-004   385.89914444857851     
   1.9243284996675418E-004   385.89913535558867     
   1.9413330008050315E-004   385.89912610118688     
   1.9584877637398101E-004   385.89911668250818     
   1.9757941162737078E-004   385.89910709663610     
   1.9932533979417940E-004   385.89909734060302     
   2.0108669601160599E-004   385.89908741138822     
   2.0286361661100164E-004   385.89907730591773     
   2.0465623912842160E-004   385.89906702106254     
   2.0646470231527083E-004   385.89905655363850     
   2.0828914614904351E-004   385.89904590040481     
   2.1012971184415741E-004   385.89903505806302     
   2.1198654186288429E-004   385.89902402325629     
   2.1385977992637638E-004   385.89901279256816     
   2.1574957102579086E-004   385.89900136252146     
   2.1765606143351221E-004   385.89898972957741     
   2.1957939871447389E-004   385.89897789013423     
   2.2151973173758019E-004   385.89896584052639     
   2.2347721068722876E-004   385.89895357702318     
   2.2545198707493516E-004   385.89894109582775     
   2.2744421375106005E-004   385.89892839307578     
   2.2945404491663988E-004   385.89891546483426     
   2.3148163613532247E-004   385.89890230710063     
   2.3352714434540773E-004   385.89888891580114     
   2.3559072787199492E-004   385.89887528678963     
   2.3767254643923717E-004   385.89886141584651     
   2.3977276118270443E-004   385.89884729867714     
   2.4189153466185558E-004   385.89883293091077     
   2.4402903087262067E-004   385.89881830809890     
   2.4618541526009449E-004   385.89880342571428     
   2.4836085473134211E-004   385.89878827914919     
   2.5055551766831811E-004   385.89877286371404     
   2.5276957394089906E-004   385.89875717463605     
   2.5500319492003195E-004   385.89874120705792     
   2.5725655349099856E-004   385.89872495603578     
   2.5952982406679683E-004   385.89870841653817     
   2.6182318260164095E-004   385.89869158344442     
   2.6413680660458010E-004   385.89867445154277     
   2.6647087515323822E-004   385.89865701552907     
   2.6882556890767459E-004   385.89863927000488     
   2.7120107012436741E-004   385.89862120947618     
   2.7359756267032037E-004   385.89860282835116     
   2.7601523203729466E-004   385.89858412093895     
   2.7845426535616589E-004   385.89856508144749     
   2.8091485141140839E-004   385.89854570398199     
   2.8339718065570753E-004   385.89852598254311     
   2.8590144522470072E-004   385.89850591102481     
   2.8842783895184930E-004   385.89848548321294     
   2.9097655738344130E-004   385.89846469278268     
   2.9354779779372693E-004   385.89844353329732     
   2.9614175920018816E-004   385.89842199820566     
   2.9875864237894251E-004   385.89840008084013     
   3.0139864988028406E-004   385.89837777441517     
   3.0406198604436026E-004   385.89835507202423     
   3.0674885701698887E-004   385.89833196663869     
   3.0945947076561350E-004   385.89830845110498     
   3.1219403709540066E-004   385.89828451814230     
   3.1495276766547916E-004   385.89826016034101     
   3.1773587600532262E-004   385.89823537015957     
   3.2054357753127677E-004   385.89821013992275     
   3.2337608956323357E-004   385.89818446181937     
   3.2623363134145122E-004   385.89815832789895     
   3.2911642404352437E-004   385.89813173007053     
   3.3202469080150339E-004   385.89810466009897     
   3.3495865671916456E-004   385.89807710960326     
   3.3791854888943438E-004   385.89804907005362     
   3.4090459641196598E-004   385.89802053276878     
   3.4391703041087223E-004   385.89799148891342     
   3.4695608405261474E-004   385.89796192949530     
   3.5002199256405184E-004   385.89793184536279     
   3.5311499325064462E-004   385.89790122720132     
   3.5623532551482537E-004   385.89787006553161     
   3.5938323087452741E-004   385.89783835070557     
   3.6255895298187882E-004   385.89780607290425     
   3.6576273764206153E-004   385.89777322213405     
   3.6899483283233710E-004   385.89773978822433     
   3.7225548872124034E-004   385.89770576082367     
   3.7554495768794257E-004   385.89767112939683     
   3.7886349434178643E-004   385.89763588322194     
   3.8221135554199269E-004   385.89760001138654     
   3.8558880041754178E-004   385.89756350278429     
   3.8899609038723054E-004   385.89752634611210     
   3.9243348917990619E-004   385.89748852986588     
   3.9590126285487989E-004   385.89745004233771     
   3.9939967982251945E-004   385.89741087161144     
   4.0292901086502508E-004   385.89737100555976     
   4.0648952915738816E-004   385.89733043183980     
   4.1008151028853524E-004   385.89728913788974     
   4.1370523228265920E-004   385.89724711092481     
   4.1736097562073858E-004   385.89720433793315     
   4.2104902326224705E-004   385.89716080567212     
   4.2476966066705543E-004   385.89711650066386     
   4.2852317581752573E-004   385.89707140919137     
   4.3230985924080234E-004   385.89702551729408     
   4.3613000403129842E-004   385.89697881076364     
   4.3998390587338246E-004   385.89693127513959     
   4.4387186306426419E-004   385.89688289570455     
   4.4779417653708329E-004   385.89683365748016     
   4.5175114988420234E-004   385.89678354522198     
   4.5574308938070476E-004   385.89673254341517     
   4.5977030400810132E-004   385.89668063626925     
   4.6383310547824553E-004   385.89662780771357     
   4.6793180825746057E-004   385.89657404139234     
   4.7206672959087956E-004   385.89651932065937     
   4.7623818952700068E-004   385.89646362857263     
   4.8044651094245901E-004   385.89640694789000     
   4.8469201956701842E-004   385.89634926106282     
   4.8897504400878251E-004   385.89629055023119     
   4.9329591577963034E-004   385.89623079721792     
   4.9765496932087491E-004   385.89616998352346     
   5.0205254202915009E-004   385.89610809031967     
   5.0648897428252524E-004   385.89604509844423     
   5.1096460946685116E-004   385.89598098839497     
   5.1547979400233827E-004   385.89591574032295     
   5.2003487737037021E-004   385.89584933402762     
   5.2463021214055447E-004   385.89578174894916     
   5.2926615399801109E-004   385.89571296416329     
   5.3394306177090365E-004   385.89564295837414     
   5.3866129745821307E-004   385.89557170990793     
   5.4342122625775655E-004   385.89549919670588     
   5.4822321659445442E-004   385.89542539631805     
   5.5306764014884720E-004   385.89535028589580     
   5.5795487188586325E-004   385.89527384218474     
   5.6288529008384242E-004   385.89519604151798     
   5.6785927636381517E-004   385.89511685980858     
   5.7287721571904003E-004   385.89503627254180     
   5.7793949654480297E-004   385.89495425476775     
   5.8304651066847988E-004   385.89487078109403     
   5.8819865337986438E-004   385.89478582567710     
   5.9339632346176339E-004   385.89469936221496     
   5.9863992322086433E-004   385.89461136393857     
   6.0392985851887319E-004   385.89452180360388     
   6.0926653880392966E-004   385.89443065348314     
   6.1465037714229841E-004   385.89433788535638     
   6.2008179025034116E-004   385.89424347050294     
   6.2556119852677126E-004   385.89414737969230     
   6.3108902608519253E-004   385.89404958317488     
   6.3666570078692709E-004   385.89395005067308     
   6.4229165427413175E-004   385.89384875137210     
   6.4796732200320779E-004   385.89374565391012     
   6.5369314327850625E-004   385.89364072636846     
   6.5946956128633022E-004   385.89353393626209     
   6.6529702312923835E-004   385.89342525052916     
   6.7117597986065083E-004   385.89331463552105     
   6.7710688651976224E-004   385.89320205699210     
   6.8309020216676143E-004   385.89308748008830     
   6.8912638991836374E-004   385.89297086933766     
   6.9521591698365720E-004   385.89285218863785     
   7.0135925470026417E-004   385.89273140124612     
   7.0755687857082473E-004   385.89260846976771     
   7.1380926829980016E-004   385.89248335614366     
   7.2011690783060358E-004   385.89235602163967     
   7.2648028538305697E-004   385.89222642683404     
   7.3289989349118107E-004   385.89209453160527     
   7.3937622904131708E-004   385.89196029511953     
   7.4590979331058704E-004   385.89182367581844     
   7.5250109200569336E-004   385.89168463140584     
   7.5915063530206063E-004   385.89154311883487     
   7.6585893788332473E-004   385.89139909429457     
   7.7262651898116924E-004   385.89125251319643     
   7.7945390241551508E-004   385.89110333016049     
   7.8634161663506503E-004   385.89095149900112     
   7.9329019475820586E-004   385.89079697271325     
   8.0030017461427290E-004   385.89063970345728     
   8.0737209878517849E-004   385.89047964254456     
   8.1450651464740867E-004   385.89031674042207     
   8.2170397441439099E-004   385.89015094665751     
   8.2896503517923613E-004   385.88998220992323     
   8.3629025895785793E-004   385.88981047798086     
   8.4368021273247451E-004   385.88963569766429     
   8.5113546849549277E-004   385.88945781486427     
   8.5865660329378197E-004   385.88927677451090     
   8.6624419927333769E-004   385.88909252055691     
   8.7389884372434073E-004   385.88890499596022     
   8.8162112912661410E-004   385.88871414266623     
   8.8941165319548208E-004   385.88851990159003     
   8.9727101892803334E-004   385.88832221259798     
   9.0519983464979511E-004   385.88812101448912     
   9.1319871406181699E-004   385.88791624497605     
   9.2126827628817337E-004   385.88770784066639     
   9.2940914592388351E-004   385.88749573704183     
   9.3762195308325698E-004   385.88727986843963     
   9.4590733344866425E-004   385.88706016803121     
   9.5426592831974078E-004   385.88683656780199     
   9.6269838466302323E-004   385.88660899853016     
   9.7120535516202571E-004   385.88637738976541     
   9.7978749826775949E-004   385.88614166980699     
   9.8844547824969626E-004   385.88590176568152     
   9.9717996524718508E-004   385.88565760312053     
   1.0059916353213211E-003   385.88540910653734     
   1.0148811705072737E-003   385.88515619900375     
   1.0238492588670780E-003   385.88489880222619     
   1.0328965945428895E-003   385.88463683652145     
   1.0420238778107141E-003   385.88437022079222     
   1.0512318151346090E-003   385.88409887250168     
   1.0605211192213644E-003   385.88382270764828     
   1.0698925090756679E-003   385.88354164073968     
   1.0793467100557563E-003   385.88325558476589     
   1.0888844539295591E-003   385.88296445117282     
   1.0985064789313396E-003   385.88266814983501     
   1.1082135298188334E-003   385.88236658902701     
   1.1180063579308952E-003   385.88205967539568     
   1.1278857212456519E-003   385.88174731393110     
   1.1378523844391729E-003   385.88142940793705     
   1.1479071189446554E-003   385.88110585900114     
   1.1580507030121362E-003   385.88077656696458     
   1.1682839217687271E-003   385.88044142989077     
   1.1786075672793868E-003   385.88010034403413     
   1.1890224386082262E-003   385.87975320380787     
   1.1995293418803584E-003   385.87939990175130     
   1.2101290903442929E-003   385.87904032849667     
   1.2208225044348828E-003   385.87867437273508     
   1.2316104118368272E-003   385.87830192118224     
   1.2424936475487348E-003   385.87792285854368     
   1.2534730539477544E-003   385.87753706747856     
   1.2645494808547766E-003   385.87714442856344     
   1.2757237856002095E-003   385.87674482025602     
   1.2869968330903386E-003   385.87633811885644     
   1.2983694958742713E-003   385.87592419846993     
   1.3098426542114731E-003   385.87550293096751     
   1.3214171961399013E-003   385.87507418594623     
   1.3330940175447401E-003   385.87463783068904     
   1.3448740222277433E-003   385.87419373012341     
   1.3567581219771899E-003   385.87374174678041     
   1.3687472366384573E-003   385.87328174075077     
   1.3808422941852200E-003   385.87281356964297     
   1.3930442307912739E-003   385.87233708853836     
   1.4053539909029990E-003   385.87185214994662     
   1.4177725273124603E-003   385.87135860376020     
   1.4303008012311552E-003   385.87085629720764     
   1.4429397823644127E-003   385.87034507480644     
   1.4556904489864491E-003   385.86982477831526     
   1.4685537880160893E-003   385.86929524668437     
   1.4815307950931547E-003   385.86875631600651     
   1.4946224746555264E-003   385.86820781946551     
   1.5078298400168920E-003   385.86764958728543     
   1.5211539134451749E-003   385.86708144667716     
   1.5345957262416616E-003   385.86650322178610     
   1.5481563188208241E-003   385.86591473363649     
   1.5618367407908508E-003   385.86531580007733     
   1.5756380510348863E-003   385.86470623572512     
   1.5895613177929909E-003   385.86408585190685     
   1.6036076187448242E-003   385.86345445660169     
   1.6177780410930587E-003   385.86281185438162     
   1.6320736816475300E-003   385.86215784635101     
   1.6464956469101331E-003   385.86149223008482     
   1.6610450531604648E-003   385.86081479956647     
   1.6757230265422283E-003   385.86012534512383     
   1.6905307031503944E-003   385.85942365336444     
   1.7054692291191404E-003   385.85870950710955     
   1.7205397607105606E-003   385.85798268532710     
   1.7357434644041624E-003   385.85724296306302     
   1.7510815169871543E-003   385.85649011137207     
   1.7665551056455300E-003   385.85572389724689     
   1.7821654280559588E-003   385.85494408354600     
   1.7979136924784875E-003   385.85415042892009     
   1.8138011178500601E-003   385.85334268773846     
   1.8298289338788672E-003   385.85252061001188     
   1.8459983811395242E-003   385.85168394131597     
   1.8623107111690978E-003   385.85083242271230     
   1.8787671865639721E-003   385.84996579066870     
   1.8953690810775772E-003   385.84908377697741     
   1.9121176797189810E-003   385.84818610867228     
   1.9290142788523474E-003   385.84727250794452     
   1.9460601862972798E-003   385.84634269205674     
   1.9632567214300455E-003   385.84539637325554     
   1.9806052152856989E-003   385.84443325868290     
   1.9981070106611046E-003   385.84345305028495     
   2.0157634622188733E-003   385.84245544472060     
   2.0335759365922102E-003   385.84144013326750     
   2.0515458124907007E-003   385.84040680172632     
   2.0696744808070180E-003   385.83935513032452     
   2.0879633447245857E-003   385.83828479361659     
   2.1064138198261802E-003   385.83719546038401     
   2.1250273342035054E-003   385.83608679353296     
   2.1438053285677224E-003   385.83495844998970     
   2.1627492563609679E-003   385.83381008059513     
   2.1818605838688485E-003   385.83264132999682     
   2.2011407903339353E-003   385.83145183653858     
   2.2205913680702597E-003   385.83024123214972     
   2.2402138225788189E-003   385.82900914223069     
   2.2600096726641044E-003   385.82775518553780     
   2.2799804505516602E-003   385.82647897406480     
   2.3001277020066784E-003   385.82518011292382     
   2.3204529864536429E-003   385.82385820022273     
   2.3409578770970333E-003   385.82251282694170     
   2.3616439610430898E-003   385.82114357680632     
   2.3825128394226597E-003   385.81975002615923     
   2.4035661275151267E-003   385.81833174382922     
   2.4248054548734357E-003   385.81688829099852     
   2.4462324654502213E-003   385.81541922106675     
   2.4678488177250530E-003   385.81392407951324     
   2.4896561848328038E-003   385.81240240375672     
   2.5116562546931534E-003   385.81085372301254     
   2.5338507301412333E-003   385.80927755814730     
   2.5562413290594324E-003   385.80767342153104     
   2.5788297845103589E-003   385.80604081688631     
   2.6016178448709858E-003   385.80437923913564     
   2.6246072739679748E-003   385.80268817424519     
   2.6477998512142000E-003   385.80096709906627     
   2.6711973717464762E-003   385.79921548117380     
   2.6948016465645069E-003   385.79743277870216     
   2.7186145026710561E-003   385.79561844017758     
   2.7426377832133609E-003   385.79377190434866     
   2.7668733476257940E-003   385.79189260001283     
   2.7913230717737866E-003   385.78997994583995     
   2.8159888480990239E-003   385.78803335019302     
   2.8408725857659192E-003   385.78605221094620     
   2.8659762108093900E-003   385.78403591529832     
   2.8913016662839340E-003   385.78198383958443     
   2.9168509124140232E-003   385.77989534908340     
   2.9426259267458280E-003   385.77776979782163     
   2.9686287043002840E-003   385.77560652837479     
   2.9948612577275079E-003   385.77340487166396     
   3.0213256174625785E-003   385.77116414675049     
   3.0480238318826968E-003   385.76888366062525     
   3.0749579674657322E-003   385.76656270799521     
   3.1021301089501703E-003   385.76420057106634     
   3.1295423594964763E-003   385.76179651932176     
   3.1571968408498803E-003   385.75934980929719     
   3.1850956935046038E-003   385.75685968435141     
   3.2132410768695384E-003   385.75432537443339     
   3.2416351694353846E-003   385.75174609584479     
   3.2702801689432717E-003   385.74912105099850     
   3.2991782925548651E-003   385.74644942817315     
   3.3283317770239789E-003   385.74373040126289     
   3.3577428788697005E-003   385.74096312952270     
   3.3874138745510519E-003   385.73814675731001     
   3.4173470606431891E-003   385.73528041382065     
   3.4475447540151588E-003   385.73236321282110     
   3.4780092920092308E-003   385.72939425237524     
   3.5087430326218062E-003   385.72637261456691     
   3.5397483546859366E-003   385.72329736521726     
   3.5710276580554401E-003   385.72016755359726     
   3.6025833637906629E-003   385.71698221213489     
   3.6344179143458625E-003   385.71374035611768     
   3.6665337737582671E-003   385.71044098338933     
   3.6989334278387884E-003   385.70708307404163     
   3.7316193843644281E-003   385.70366559010068     
   3.7645941732723852E-003   385.70018747520731     
   3.7978603468558744E-003   385.69664765429252     
   3.8314204799616801E-003   385.69304503324668     
   3.8652771701894479E-003   385.68937849858287     
   3.8994330380927467E-003   385.68564691709514     
   3.9338907273819036E-003   385.68184913550931     
   3.9686529051286253E-003   385.67798398012917     
   4.0037222619724380E-003   385.67405025647520     
   4.0391015123289464E-003   385.67004674891791     
   4.0747933945999310E-003   385.66597222030407     
   4.1108006713853028E-003   385.66182541157656     
   4.1471261296969373E-003   385.65760504138791     
   4.1837725811743895E-003   385.65330980570639     
   4.2207428623025171E-003   385.64893837741573     
   4.2580398346310326E-003   385.64448940590739     
   4.2956663849959874E-003   385.63996151666652     
   4.3336254257432191E-003   385.63535331084910     
   4.3719198949537701E-003   385.63066336485343     
   4.4105527566712984E-003   385.62589022988277     
   4.4495270011314994E-003   385.62103243150096     
   4.4888456449935542E-003   385.61608846918023     
   4.5285117315736235E-003   385.61105681584081     
   4.5685283310804032E-003   385.60593591738245     
   4.6088985408527638E-003   385.60072419220830     
   4.6496254855994861E-003   385.59542003073989     
   4.6907123176411240E-003   385.59002179492342     
   4.7321622171539908E-003   385.58452781772826     
   4.7739783924163138E-003   385.57893640263609     
   4.8161640800565573E-003   385.57324582312071     
   4.8587225453039437E-003   385.56745432211972     
   4.9016570822411872E-003   385.56156011149653     
   4.9449710140594579E-003   385.55556137149222     
   4.9886676933156007E-003   385.54945625016933     
   5.0327505021916311E-003   385.54324286284452     
   5.0772228527565183E-003   385.53691929151205     
   5.1220881872302846E-003   385.53048358425718     
   5.1673499782504389E-003   385.52393375465874     
   5.2130117291407608E-003   385.51726778118234     
   5.2590769741824644E-003   385.51048360656171     
   5.3055492788877589E-003   385.50357913717050     
   5.3524322402758173E-003   385.49655224238205     
   5.3997294871511968E-003   385.48940075391863     
   5.4474446803847131E-003   385.48212246518926     
   5.4955815131967909E-003   385.47471513061589     
   5.5441437114433301E-003   385.46717646494756     
   5.5931350339040904E-003   385.45950414256333     
   5.6425592725736244E-003   385.45169579676281     
   5.6924202529547840E-003   385.44374901904331     
   5.7427218343548206E-003   385.43566135836636     
   5.7934679101841009E-003   385.42743032040983     
   5.8446624082574570E-003   385.41905336680793     
   5.8963092910982121E-003   385.41052791437733     
   5.9484125562448810E-003   385.40185133433090     
   6.0009762365605852E-003   385.39302095147650     
   6.0540044005452012E-003   385.38403404340301     
   6.1075011526502722E-003   385.37488783965131     
   6.1614706335966930E-003   385.36557952087168     
   6.2159170206952073E-003   385.35610621796616     
   6.2708445281697434E-003   385.34646501121586     
   6.3262574074835955E-003   385.33665292939389     
   6.3821599476684915E-003   385.32666694886206     
   6.4385564756565756E-003   385.31650399265288     
   6.4954513566153138E-003   385.30616092953449     
   6.5528489942853667E-003   385.29563457306062     
   6.6107538313214418E-003   385.28492168060393     
   6.6691703496361623E-003   385.27401895237153     
   6.7281030707469769E-003   385.26292303040503     
   6.7875565561261262E-003   385.25163049756242     
   6.8475354075537079E-003   385.24013787648283     
   6.9080442674738637E-003   385.22844162853301     
   6.9690878193541068E-003   385.21653815273623     
   7.0306707880478329E-003   385.20442378468226     
   7.0927979401600259E-003   385.19209479541883     
   7.1554740844162025E-003   385.17954739032422     
   7.2187040720346129E-003   385.16677770795991     
   7.2824927971017316E-003   385.15378181890389     
   7.3468451969510651E-003   385.14055572456465     
   7.4117662525453138E-003   385.12709535597321     
   7.4772609888618972E-003   385.11339657255593     
   7.5433344752819011E-003   385.09945516088561     
   7.6099918259824473E-003   385.08526683341125     
   7.6772382003325442E-003   385.07082722716655     
   7.7450788032924264E-003   385.05613190245515     
   7.8135188858164274E-003   385.04117634151550     
   7.8825637452594050E-003   385.02595594716064     
   7.9522187257867697E-003   385.01046604139617     
   8.0224892187881307E-003   384.99470186401459     
   8.0933806632945918E-003   384.97865857116494     
   8.1648985463997382E-003   384.96233123389908     
   8.2370484036843588E-003   384.94571483669250     
   8.3098358196448899E-003   384.92880427594048     
   8.3832664281256759E-003   384.91159435842820     
   8.4573459127550259E-003   384.89407979977585     
   8.5320800073851420E-003   384.87625522285612     
   8.6074744965359273E-003   384.85811515618582     
   8.6835352158427109E-003   384.83965403229013     
   8.7602680525079354E-003   384.82086618603904     
   8.8376789457568390E-003   384.80174585295561     
   8.9157738872971491E-003   384.78228716749607     
   8.9945589217828598E-003   384.76248416130079     
   9.0740401472820913E-003   384.74233076141513     
   9.1542237157490863E-003   384.72182078848198     
   9.2351158335003871E-003   384.70094795490178     
   9.3167227616952012E-003   384.67970586296377     
   9.3990508168200360E-003   384.65808800294434     
   9.4821063711775962E-003   384.63608775117439     
   9.5658958533800069E-003   384.61369836807387     
   9.6504257488464040E-003   384.59091299615409     
   9.7357026003049088E-003   384.56772465798588     
   9.8217330082990464E-003   384.54412625413443     
   9.9085236316986333E-003   384.52011056105960     
   9.9960811882151904E-003   384.49567022898151     
   1.0084412454921893E-002   384.47079777971015     
   1.0173524268778135E-002   384.44548560443940     
   1.0263423527158708E-002   384.41972596150458     
   1.0354117188387682E-002   384.39351097410241     
   1.0445612272276975E-002   384.36683262797408     
   1.0537915860669702E-002   384.33968276904886     
   1.0631035097988323E-002   384.31205310105065     
   1.0724977191787622E-002   384.28393518306302     
   1.0819749413312589E-002   384.25532042705629     
   1.0915359098061224E-002   384.22620009537252     
   1.1011813646352306E-002   384.19656529817013     
   1.1109120523898199E-002   384.16640699082654     
   1.1207287262382699E-002   384.13571597129805     
   1.1306321460044006E-002   384.10448287743731     
   1.1406230782262824E-002   384.07269818426664     
   1.1507022962155687E-002   384.04035220120704     
   1.1608705801173505E-002   384.00743506926290     
   1.1711287169705407E-002   383.97393675816011     
   1.1814775007687918E-002   383.93984706343872     
   1.1919177325219524E-002   383.90515560349854     
   1.2024502203180666E-002   383.86985181659696     
   1.2130757793859212E-002   383.83392495779844     
   1.2237952321581440E-002   383.79736409587588     
   1.2346094083348637E-002   383.76015811016100     
   1.2455191449479278E-002   383.72229568734593     
   1.2565252864256906E-002   383.68376531823264     
   1.2676286846583734E-002   383.64455529443143     
   1.2788301990640020E-002   383.60465370500657     
   1.2901306966549262E-002   383.56404843306922     
   1.3015310521049282E-002   383.52272715231589     
   1.3130321478169232E-002   383.48067732351348     
   1.3246348739912591E-002   383.43788619092749     
   1.3363401286946188E-002   383.39434077869601     
   1.3481488179295318E-002   383.35002788714536     
   1.3600618557045004E-002   383.30493408904931     
   1.3720801641047444E-002   383.25904572582965     
   1.3842046733635725E-002   383.21234890369817     
   1.3964363219343835E-002   383.16482948973811     
   1.4087760565633031E-002   383.11647310792631     
   1.4212248323624650E-002   383.06726513509318     
   1.4337836128839359E-002   383.01719069682110     
   1.4464533701942967E-002   382.96623466328026     
   1.4592350849498822E-002   382.91438164500096     
   1.4721297464726847E-002   382.86161598858098     
   1.4851383528269280E-002   382.80792177232865     
   1.4982619108963209E-002   382.75328280184084     
   1.5115014364619898E-002   382.69768260551211     
   1.5248579542811022E-002   382.64110442997924     
   1.5383324981661832E-002   382.58353123549580     
   1.5519261110651366E-002   382.52494569123888     
   1.5656398451419671E-002   382.46533017054605     
   1.5794747618582215E-002   382.40466674608149     
   1.5934319320551470E-002   382.34293718493183     
   1.6075124360365751E-002   382.28012294362958     
   1.6217173636525379E-002   382.21620516310412     
   1.6360478143836270E-002   382.15116466355960     
   1.6505048974260909E-002   382.08498193927869     
   1.6650897317776907E-002   382.01763715335096     
   1.6798034463243121E-002   381.94911013232729     
   1.6946471799273406E-002   381.87938036079595     
   1.7096220815118135E-002   381.80842697588378     
   1.7247293101553464E-002   381.73622876167832     
   1.7399700351778492E-002   381.66276414357276     
   1.7553454362320305E-002   381.58801118253115     
   1.7708567033947065E-002   381.51194756927396     
   1.7865050372589137E-002   381.43455061838443     
   1.8022916490268361E-002   381.35579726233260     
   1.8182177606035545E-002   381.27566404541892     
   1.8342846046916238E-002   381.19412711763533     
   1.8504934248864850E-002   381.11116222844362     
   1.8668454757727215E-002   381.02674472047084     
   1.8833420230211666E-002   380.94084952312062     
   1.8999843434868657E-002   380.85345114610044     
   1.9167737253079093E-002   380.76452367286390     
   1.9337114680051358E-002   380.67404075396814     
   1.9507988825827147E-002   380.58197560034517     
   1.9680372916296221E-002   380.48830097648710     
   1.9854280294220102E-002   380.39298919354536     
   2.0029724420264815E-002   380.29601210234250     
   2.0206718874042760E-002   380.19734108629746     
   2.0385277355163812E-002   380.09694705426244     
   2.0565413684295670E-002   379.99480043327355     
   2.0747141804233593E-002   379.89087116121220     
   2.0930475780979611E-002   379.78512867937928     
   2.1115429804831231E-002   379.67754192498080     
   2.1302018191479800E-002   379.56807932352535     
   2.1490255383118557E-002   379.45670878113367     
   2.1680155949560471E-002   379.34339767675948     
   2.1871734589365963E-002   379.22811285432249     
   2.2065006130980606E-002   379.11082061475315     
   2.2259985533882864E-002   378.99148670794966     
   2.2456687889741964E-002   378.87007632464781     
   2.2655128423586024E-002   378.74655408820269     
   2.2855322494980481E-002   378.62088404628457     
   2.3057285599216965E-002   378.49302966248740     
   2.3261033368512613E-002   378.36295380785253     
   2.3466581573220069E-002   378.23061875230553     
   2.3673946123048101E-002   378.09598615601021     
   2.3883143068293044E-002   377.95901706063779     
   2.4094188601081121E-002   377.81967188055336     
   2.4307099056621720E-002   377.67791039392000     
   2.4521890914471770E-002   377.53369173372272     
   2.4738580799811290E-002   377.38697437871173     
   2.4957185484730179E-002   377.23771614426761     
   2.5177721889526425E-002   377.08587417318944     
   2.5400207084015733E-002   376.93140492640640     
   2.5624658288852759E-002   376.77426417361590     
   2.5851092876864039E-002   376.61440698384928     
   2.6079528374392619E-002   376.45178771596636     
   2.6309982462654660E-002   376.28636000908176     
   2.6542472979107976E-002   376.11807677292450     
   2.6777017918832666E-002   375.94689017813317     
   2.7013635435923972E-002   375.77275164648967     
   2.7252343844897418E-002   375.59561184109293     
   2.7493161622106386E-002   375.41542065647627     
   2.7736107407172222E-002   375.23212720867099     
   2.7981200004426943E-002   375.04567982521934     
   2.8228458384368726E-002   374.85602603513951     
   2.8477901685130261E-002   374.66311255884705     
   2.8729549213960072E-002   374.46688529803498     
   2.8983420448716896E-002   374.26728932551828     
   2.9239535039377321E-002   374.06426887504460     
   2.9497912809556718E-002   373.85776733107735     
   2.9758573758043597E-002   373.64772721855371     
   3.0021538060347564E-002   373.43409019262447     
   3.0286826070260921E-002   373.21679702837821     
   3.0554458321434084E-002   372.99578761055687     
   3.0824455528964907E-002   372.77100092326748     
   3.1096838591002041E-002   372.54237503969489     
   3.1371628590362535E-002   372.30984711182293     
   3.1648846796163616E-002   372.07335336016922     
   3.1928514665468970E-002   371.83282906353998     
   3.2210653844949561E-002   371.58820854881304     
   3.2495286172559090E-002   371.33942518075418     
   3.2782433679224302E-002   371.08641135187611     
   3.3072118590550169E-002   370.82909847234623     
   3.3364363328540259E-002   370.56741695995288     
   3.3659190513332139E-002   370.30129623013698     
   3.3956622964948287E-002   370.03066468609973     
   3.4256683705062317E-002   369.75544970899296     
   3.4559395958780950E-002   369.47557764820510     
   3.4864783156441620E-002   369.19097381174942     
   3.5172868935426066E-002   368.90156245676707     
   3.5483677141989835E-002   368.60726678015567     
   3.5797231833108074E-002   368.30800890933335     
   3.6113557278337524E-002   368.00370989315087     
   3.6432677961695061E-002   367.69428969296473     
   3.6754618583552744E-002   367.37966717388207     
   3.7079404062549698E-002   367.05976009619224     
   3.7407059537520833E-002   366.73448510699774     
   3.7737610369442620E-002   366.40375773205881     
   3.8071082143396079E-002   366.06749236786641     
   3.8407500670547066E-002   365.72560227395940     
   3.8746891990144160E-002   365.37799956550032     
   3.9089282371534043E-002   365.02459520612797     
   3.9434698316194859E-002   364.66529900110174     
   3.9783166559787433E-002   364.30001959075707     
   4.0134714074224663E-002   363.92866444428915     
   4.0489368069759141E-002   363.55113985388374     
   4.0847155997089324E-002   363.16735092921522     
   4.1208105549484217E-002   362.77720159233104     
   4.1572244664926844E-002   362.38059457294457     
   4.1939601528276776E-002   361.97743140415639     
   4.2310204573451575E-002   361.56761241862733     
   4.2684082485627668E-002   361.15103674522692     
   4.3061264203460653E-002   360.72760230617803     
   4.3441778921325079E-002   360.29720581472606     
   4.3825656091574267E-002   359.85974277335424     
   4.4212925426819864E-002   359.41510747257473     
   4.4603616902231670E-002   358.96319299031808     
   4.4997760757857767E-002   358.50389119195347     
   4.5395387500965126E-002   358.03709273096376     
   4.5796527908400914E-002   357.56268705030828     
   4.6201213028974668E-002   357.08056238450155     
   4.6609474185861512E-002   356.59060576243940     
   4.7021342979026604E-002   356.09270301100497     
   4.7436851287671042E-002   355.58673875948745     
   4.7856031272699315E-002   355.07259644484662     
   4.8278915379208649E-002   354.55015831785920     
   4.8705536339000259E-002   354.01930545018217     
   4.9135927173112853E-002   353.47991774236897     
   4.9570121194378536E-002   352.93187393287820     
   5.0008152010001194E-002   352.37505160811133     
   5.0450053524157809E-002   351.80932721352053     
   5.0895859940622651E-002   351.23457606582684     
   5.1345605765414699E-002   350.65067236639027     
   5.1799325809468472E-002   350.05748921577464     
   5.2257055191328415E-002   349.45489862955026     
   5.2718829339867143E-002   348.84277155538064     
   5.3184683997027693E-002   348.22097789143726     
   5.3654655220589952E-002   347.58938650619052     
   5.4128779386961617E-002   346.94786525962326     
   5.4607093193993803E-002   346.29628102591727     
   5.5089633663821427E-002   345.63449971766170     
   5.5576438145728851E-002   344.96238631163408     
   5.6067544319040694E-002   344.27980487620607     
   5.6562990196038346E-002   343.58661860042719     
   5.7062814124902120E-002   342.88268982483908     
   5.7567054792679422E-002   342.16788007407683     
   5.8075751228279245E-002   341.44205009131190     
   5.8588942805493038E-002   340.70505987459262     
   5.9106669246042257E-002   339.95676871514183     
   5.9628970622652946E-002   339.19703523766805     
   6.0155887362157358E-002   338.42571744275119     
   6.0687460248623065E-002   337.64267275136081     
   6.1223730426509720E-002   336.84775805156897     
   6.1764739403853658E-002   336.04082974751975     
   6.2310529055480714E-002   335.22174381071613     
   6.2861141626247369E-002   334.39035583368758     
   6.3416619734310578E-002   333.54652108610225     
   6.3977006374426396E-002   332.69009457338746     
   6.4542344921277972E-002   331.82093109792129     
   6.5112679132832654E-002   330.93888532286269     
   6.5688053153729054E-002   330.04381183868207     
   6.6268511518693785E-002   329.13556523245967     
   6.6854099155988583E-002   328.21400016001638     
   6.7444861390887803E-002   327.27897142094082     
   6.8040843949186608E-002   326.33033403658067     
   6.8642092960740295E-002   325.36794333105973     
   6.9248654963034714E-002   324.39165501538889     
   6.9860576904788418E-002   323.40132527473253     
   7.0477906149586475E-002   322.39681085889492     
   7.1100690479546549E-002   321.37796917608995     
   7.1728978099017252E-002   320.34465839005532     
   7.2362817638309235E-002   319.29673752057300     
   7.3002258157459241E-002   318.23406654745531     
   7.3647349150027436E-002   317.15650651805504     
   7.4298140546928279E-002   316.06391965835672     
   7.4954682720295179E-002   314.95616948770453     
   7.5617026487379460E-002   313.83312093721833     
   7.6285223114483602E-002   312.69464047195208     
   7.6959324320929376E-002   311.54059621683928     
   7.7639382283060956E-002   310.37085808647430     
   7.8325449638283529E-002   309.18529791877188     
   7.9017579489137305E-002   307.98378961254440     
   7.9715825407407931E-002   306.76620926903331     
   8.0420241438272907E-002   305.53243533742813     
   8.1130882104484825E-002   304.28234876440155     
   8.1847802410591378E-002   303.01583314768482     
   8.2571057847192972E-002   301.73277489370366     
   8.3300704395237596E-002   300.43306337928931     
   8.4036798530353923E-002   299.11659111747468     
   8.4779397227222608E-002   297.78325392737861     
   8.5528557963986118E-002   296.43295110817712     
   8.6284338726697746E-002   295.06558561715292     
   8.7046798013809656E-002   293.68106425180639     
   8.7815994840700906E-002   292.27929783600791     
   8.8591988744245148E-002   290.86020141015871     
   8.9374839787419044E-002   289.42369442532345     
   9.0164608563951046E-002   287.96970094128750     
   9.0961356203011573E-002   286.49814982848193     
   9.1765144373944410E-002   285.00897497371250     
   9.2576035291040012E-002   283.50211548961647     
   9.3394091718351016E-002   281.97751592776092     
   9.4219376974550184E-002   280.43512649528805     
   9.5051954937831459E-002   278.87490327499711     
   9.5891890050854106E-002   277.29680844874497     
   9.6739247325730762E-002   275.70081052403185     
   9.7594092349059386E-002   274.08688456362768     
   9.8456491286999848E-002   272.45501241807932     
   9.9326510890395153E-002   270.80518296092765     
  0.10020421849993810        269.13739232644491     
  0.10108968205138362        267.45164414969196     
  0.10198297008080696        265.74794980867648     
  0.10288415172990859        264.02632866837769     
  0.10379329675136575        262.28680832638810     
  0.10471047551423150        260.52942485990337     
  0.10563575900938134        258.75422307377448     
  0.10656921885500796        256.96125674931989     
  0.10751092730216470        255.15058889357397     
  0.10846095724035772        253.32229198863203     
  0.10941938220318785        251.47644824072802     
  0.11038627637404223        249.61314982866855     
  0.11136171459183611        247.73249915121835     
  0.11234577235680544        245.83460907301756     
  0.11333852583635089        243.91960316858766     
  0.11434005187093314        241.98761596396207     
  0.11535042798002045        240.03879317545744     
  0.11636973236808881        238.07329194507616     
  0.11739804393067513        236.09128107201425     
  0.11843544226048373        234.09294123972268     
  0.11948200765354704        232.07846523794979     
  0.12053782111544051        230.04805817917199     
  0.12160296436755268        228.00193770879486     
  0.12267751985341041        225.94033420848973     
  0.12376157074506021        223.86349099200629     
  0.12485520094950579        221.77166449278209     
  0.12595849511520263        219.66512444265018     
  0.12707153863860987        217.54415404092464     
  0.12819441767080011        215.40905011312765     
  0.12932721912412762        213.26012325860009     
  0.13047003067895546        211.09769798622256     
  0.13162294079044207        208.92211283745729     
  0.13278603869538785        206.73372049590458     
  0.13395941441914216        204.53288788255654     
  0.13514315878257144        202.31999623591526     
  0.13633736340908878        200.09544117613439     
  0.13754212073174588        197.85963275233206     
  0.13875752400038724        195.61299547221836     
  0.13998366728886810        193.35596831317253     
  0.14122064550233568        191.08900471390507     
  0.14246855438457506        188.81257254583775     
  0.14372749052541978        186.52715406333778     
  0.14499755136822820        184.23324583194574     
  0.14627883521742557        181.93135863374820     
  0.14757144124611302        179.62201734905202     
  0.14887546950374370        177.30576081353678     
  0.15019102092386666        174.98314165007628     
  0.15151819733193930        172.65472607444238     
  0.15285710145320883        170.32109367413074     
  0.15420783692066334        167.98283715957672     
  0.15557050828305299        165.64056208706307     
  0.15694522101298244        163.29488655265999     
  0.15833208151507441        160.94644085657956     
  0.15973119713420561        158.59586713737494     
  0.16114267616381536        156.24381897546604     
  0.16256662785428772        153.89096096553001     
  0.16400316242140744        151.53796825735878     
  0.16545239105489101        149.18552606485034     
  0.16691442592699279        146.83432914287545     
  0.16838938020118732        144.48508123183822     
  0.16987736804092826        142.13849446983127     
  0.17137850461848492        139.79528877237610     
  0.17289290612385669        137.45619117983273     
  0.17442068977376621        135.12193517266087     
  0.17596197382073225        132.79325995481963     
  0.17751687756222259        130.47090970570372     
  0.17908552134988770        128.15563280112519     
  0.18066802659887621        125.84818100397295     
  0.18226451579723260        123.54930862530239     
  0.18387511251537789        121.25977165673834     
  0.18549994141567425        118.98032687520509     
  0.18713912826207393        116.71173092113372     
  0.18879279992985365        114.45473935143571     
  0.19046108441543480        112.21010566867403     
  0.19214411084629068        109.97858032800630     
  0.19384200949094110        107.76090972362232     
  0.19555491176903522        105.55783515654338     
  0.19728295026152376        103.37009178579987     
  0.19902625872092086        101.19840756515099     
  0.20078497208165677        99.043502167656740     
  0.20255922647052185        96.906085900557713     
  0.20434915921720315        94.786858613059707     
  0.20615490886491364        92.686508599760685     
  0.20797661518111593        90.605711502590083     
  0.20981441916834032        88.545129214260726     
  0.21166846307509854        86.505408786356625     
  0.21353889040689400        84.487181345293322     
  0.21542584593732947        82.491061019495632     
  0.21732947571931258        80.517643881233823     
  0.21924992709636049        78.567506906645406     
  0.22118734871400458        76.641206957542920     
  0.22314189053129585        74.739279788670629     
  0.22511370383241180        72.862239084118016     
  0.22710294123836619        71.010575526630532     
  0.22910975671882192        69.184755903572153     
  0.23113430560400874        67.385222253291317     
  0.23317674459674584        65.612391055622197     
  0.23523723178457084        63.866652470210482     
  0.23731592665197609        62.148369626292947     
  0.23941299009275302        60.457877967477842     
  0.24152858442244537        58.795484654969044     
  0.24366287339091267        57.161468032549664     
  0.24581602219500487        55.556077156492407     
  0.24798819749134865        53.979531393390957     
  0.25017956740924685        52.432020088710317     
  0.25239030156369202        50.913702308635038     
  0.25462057106849462        49.424706657551468     
  0.25687054854952784        47.965131173233935     
  0.25914040815808881        46.535043301518414     
  0.26143032558437801        45.134479951935759     
  0.26374047807109841        43.763447635447250     
  0.26607104442717366        42.421922685076630     
  0.26842220504158881        41.109851559862491     
  0.27079414189735207        39.827151232174074     
  0.27318703858558102        38.573709658031852     
  0.27560108031971242        37.349386329665720     
  0.27803645394983822        36.154012909120794     
  0.28049334797716796        34.987393941292780     
  0.28297195256861896        33.849307644341629     
  0.28547245957153561        32.739506774995647     
  0.28799506252853840        31.657719565825378     
  0.29053995669250465        30.603650731135005     
  0.29310733904168124        29.576982537698896     
  0.29569740829493080        28.577375936158685     
  0.29831036492711316        27.604471748501346     
  0.30094641118460214        26.657891906661686     
  0.30360575110093979        25.737240736937139     
  0.30628859051262869        24.842106284574328     
  0.30899513707506426        23.972061672586420     
  0.31172560027860746        23.126666488594260     
  0.31448019146479939        22.305468193252882     
  0.31725912384271981        21.508003543633645     
  0.32006261250548945        20.733800024783420     
  0.32289087444691877        19.982377282576948     
  0.32574412857830337        19.253248550921768     
  0.32862259574536828        18.545922066365762     
  0.33152649874536139        17.859902463200136     
  0.33445606234429859        17.194692142243213     
  0.33741151329436064        16.549792606636796     
  0.34039308035144433        15.924705758184219     
  0.34340099429286836        15.318935148009091     
  0.34643548793523604        14.731987175614087     
  0.34949679615245538        14.163372230769324     
  0.35258515589391848        13.612605773056268     
  0.35570080620284228        13.079209344335171     
  0.35884398823477037        12.562711509886972     
  0.36201494527623890        12.062648724500654     
  0.36521392276360742        11.578566120331306     
  0.36844116830205559        11.110018213936479     
  0.37169693168474865        10.656569530504028     
  0.37498146491217144        10.217795143908960     
  0.37829502221163364        9.7932811318719537     
  0.38163786005694728        9.3826249461345199     
  0.38501023718827837        8.9854356982067110     
  0.38841241463217335        8.6013343618779636     
  0.39184465572176325        8.2299538943027191     
  0.39530722611714592        7.8709392780741521     
  0.39880039382594829        7.5239474872748371     
  0.40232442922407091        7.1886473810368026     
  0.40587960507661508        6.8647195286495588     
  0.40946619655899524        6.5518559707174919     
  0.41308448127823827        6.2497599212833004     
  0.41673473929447025        5.9581454161972536     
  0.42041725314259365        5.6767369133192789     
  0.42413230785415590        5.4052688503894819     
  0.42788019097941132        5.1434851665901267     
  0.43166119260957769        4.8911387939472837     
  0.43547560539928998        4.6479911247817238     
  0.43932372458925179        4.4138114614175539     
  0.44320584802908791        4.1883764542930422     
  0.44712227620039796        3.9714695344939788     
  0.45107331224001390        3.7628803465472820     
  0.45505926196346369        3.5624041870750807     
  0.45908043388864161        3.3698414546209707     
  0.46313713925968786        3.1849971156246801     
  0.46722969207107923        3.0076801911444346     
  0.47135840909193311        2.8377032685129331     
  0.47552360989052528        2.6748820416692904     
  0.47972561685902554        2.5190348834409826     
  0.48396475523845062        2.3699824525640065     
  0.48824135314383882        2.2275473377313046     
  0.49255574158964638        2.0915537404564839     
  0.49690825451536830        1.9618271980372946     
  0.50129922881138611        1.8381943474076328     
  0.50572900434504287        1.7204827301838217     
  0.51019792398695041        1.6085206387453355     
  0.51470633363752716        1.5021370027476890     
  0.51925458225377141        1.4011613150494169     
  0.52384302187627163        1.3054235956503324     
  0.52847200765645408        1.2147543918877071     
  0.53314189788407274        1.1289848128228770     
  0.53785305401494099        1.0479465954757186     
  0.54260584069890849       0.97147220032921611     
  0.54740062580808668       0.89939493333207388     
  0.55223778046532124       0.83154909147420253     
  0.55711767907291843       0.76777012889725782     
  0.56204069934162404       0.70789484042983319     
  0.56700722231985823       0.65176155940257374     
  0.57201763242321046       0.59921036660094684     
  0.57707231746419241       0.55008330725051147     
  0.58217166868225567       0.50422461299862364     
  0.58731608077407460       0.46148092595528650     
  0.59250595192409605       0.42170152198115307     
  0.59774168383535919       0.38473853055965446     
  0.60302368176058840       0.35044714875977551     
  0.60835235453355962       0.31868584698305069     
  0.61372811460074539       0.28931656438970010     
  0.61915137805323839       0.26220489211162112     
  0.62462256465895749       0.23722024258101471     
  0.63014209789513820       0.21423600353006775     
  0.63571040498111087       0.19312967544653006     
  0.64132791691136748       0.17378299149968285     
  0.64699506848892163       0.15608201917865225     
  0.65271229835896227       0.13991724310810841     
  0.65848004904280655       0.12518362872299230     
  0.66429876697215018       0.11178066669223941     
  0.67016890252362304        9.9612398179771397E-002
  0.67609091005364808        8.8587421217922596E-002
  0.68206524793360979        7.8618878642559245E-002
  0.68809237858533223        6.9624428199427865E-002
  0.69417276851687115        6.1526195576746580E-002
  0.70030688835862320        5.4250711249041031E-002
  0.70649521289975181        4.7728832131159686E-002
  0.71273822112493801        4.1895649138889879E-002
  0.71903639625145366        3.6690381833488321E-002
  0.72539022576656320        3.2056261391658458E-002
  0.73180020146525615        2.7940403190242491E-002
  0.73826681948831252        2.4293670326439563E-002
  0.74479058036070445        2.1070529410181015E-002
  0.75137198903033808        1.8228899966017533E-002
  0.75801155490713701        1.5729998768259954E-002
  0.76470979190247090        1.3538180406052905E-002
  0.77146721846893374        1.1620775335575173E-002
  0.77828435764047188        9.9479266257596639E-003
  0.78516173707286829        8.4924265430264354E-003
  0.79209988908458318        7.2295540508062429E-003
  0.79909935069795701        6.1369142224390093E-003
  0.80616066368077566        5.1942804827351339E-003
  0.81328437458820524        4.3834405054813015E-003
  0.82047103480509487        3.6880465028440211E-003
  0.82772120058865561        3.0934705493339647E-003
  0.83503543311151518        2.5866654890672539E-003
  0.84241429850515359        2.1560318817494140E-003
  0.84985836790372205        1.7912913512949282E-003
  0.85736821748824998        1.4833666123627279E-003
  0.86494442853124254        1.2242683653112421E-003
  0.87258758744167064        1.0069891700114967E-003
  0.88029828581036107        8.2540433433177913E-004
  0.88807712045578602        6.7417978451836922E-004
  0.89592469347025716        5.4868682260167032E-004
  0.90384161226652926        4.4492362067977262E-004
  0.91182848962481389        3.5944325366114529E-004
  0.91988594374021015        2.8928803084598843E-004
  0.92801459827055321        2.3192985253333632E-004
  0.93621508238468709        1.8521629048784668E-004
  0.94448803081116173        1.4732207031782992E-004
  0.95283408388736390        1.1670561924858282E-004
  0.96125388760907804        9.2070333994797508E-005
  0.96974809368048887        7.2330219956224357E-005
  0.97831735956462318        5.6579554252559221E-005
  0.98696234853423837        4.4066230617798846E-005
  0.99568372972316188        3.4168453317533029E-005
   1.0044821781780813        2.6374459459029334E-005
   1.0133583749107951        2.0264963767820481E-005
   1.0223130069509234        1.5498036560743626E-005
   1.0313467673990855        1.1796143738537793E-005
   1.0404603554805454        8.9350966730118690E-006
   1.0496544765993348        6.7346794392325763E-006
   1.0589298423928508        5.0507405541392108E-006
   1.0682871707869384        3.7685558911575422E-006
   1.0777271860514579        2.7972884581978302E-006
   1.0872506188563462        2.0653890166997370E-006
   1.0968582063281700        1.5167988937642587E-006
   1.1065506921071802        1.1078326557382904E-006
   1.1163288264048727        8.0463347052090267E-007
   1.1261933660620536        5.8110792668576781E-007
   1.1361450746074211        4.1725977382875217E-007
   1.1461847223166624        2.9785350340867618E-007
   1.1563130862720754        2.1134893048152601E-007
   1.1665309504227153        1.4905701182380383E-007
   1.1768391056450731        1.0447510813053853E-007
   1.1872383498042904        7.2766841642314254E-008
   1.1977294878159170        5.0357697539482622E-008
   1.2083133317082093        3.4622653679317734E-008
   1.2189907006849854        2.3646485911898986E-008
   1.2297624211890306        1.6041071306873499E-008
   1.2406293269660655        1.0807082105527453E-008
   1.2515922591292810        7.2300075098285782E-009
   1.2626520662244387        4.8025313978372879E-009
   1.2738096042955507        3.1669983431370758E-009
   1.2850657369511400        2.0730779561777883E-009
   1.2964213354310825        1.3468419250648711E-009
   1.3078772786740434        8.6834603548440009E-010
   1.3194344533855085        5.5550146842189669E-010
   1.3310937541064161        3.5256055106103547E-010
   1.3428560832823953        2.2196127335744931E-010
   1.3547223513336166        1.3859688414116287E-010
   1.3666934767252612        8.5822106683281981E-011
   1.3787703860386082        5.2692629703780852E-011
   1.3909540140427568        3.2073029413255210E-011
   1.4032453037669759        1.9350970179903761E-011
   1.4156452065736977        1.1570981956591487E-011
   1.4281546822321536        6.8560386040910911E-012
   1.4407746989926615        4.0247738605326449E-012
   1.4535062336615703        2.3404710940780680E-012
   1.4663502716768659        1.3479871555272529E-012
   1.4793078071844441        7.6880236760857261E-013
   1.4923798431150614        4.3412485463394470E-013
   1.5055673912619612        2.4266588449163041E-013
   1.5188714723591874        1.3425136930685986E-013
   1.5322931161605937        7.3496228008127085E-014
   1.5458333615195445        3.9807664075174122E-014
   1.5594932564693256        2.1327561569902883E-014
   1.5732738583042625        1.1300682409192547E-014
   1.5871762336615569        5.9206813490300825E-015
   1.6012014586038457        3.0665873565618129E-015
   1.6153506187024893        1.5698825680848823E-015
   1.6296248091215975        7.9417668962282561E-016
   1.6440251347027945        3.9692971923605213E-016
   1.6585527100507380        1.9595816093372295E-016
   1.6732086596193882        9.5536964470043675E-017
   1.6879941177990445        4.5987655609730894E-017
   1.7029102290041473        2.1851162190740783E-017
   1.7179581477618575        1.0246397330307397E-017
   1.7331390388014190        4.7405572372150967E-018
   1.7484540771443098        2.1634432434877114E-018
   1.7639044481951911        9.7367506475724595E-019
   1.7794913478336569        4.3204369153718870E-019
   1.7952159825068001        1.8896314513772590E-019
   1.8110795693225910        8.1442514318093312E-020
   1.8270833361440828        3.4580931641840587E-020
   1.8432285216844504        1.4461671040781091E-020
   1.8595163756028699        5.9549664013285037E-021
   1.8759481586012419        2.4137922866503023E-021
   1.8925251425217717        9.6285035359658877E-022
   1.9092486104454127        3.7786131712387161E-022
   1.9261198567911788        1.4584617455853977E-022
   1.9431401874163321        5.5350126044486690E-023
   1.9603109197174602        2.0647756617509353E-023
   1.9776333827324433        7.5687685895501778E-024
   1.9951089172433236        2.7254657898535531E-024
