   3.36278868E-06   4.23773059E-07
   3.39250414E-06   4.27517790E-07
   3.42248245E-06   4.31295575E-07
   3.45272542E-06   4.35106756E-07
   3.48323579E-06   4.38951616E-07
   3.51401559E-06   4.42830469E-07
   3.54506756E-06   4.46743570E-07
   3.57639396E-06   4.50691260E-07
   3.60799709E-06   4.54673824E-07
   3.63987942E-06   4.58691602E-07
   3.67204348E-06   4.62744850E-07
   3.70449197E-06   4.66833939E-07
   3.73722696E-06   4.70959179E-07
   3.77025140E-06   4.75120856E-07
   3.80356755E-06   4.79319283E-07
   3.83717816E-06   4.83554857E-07
   3.87108548E-06   4.87827833E-07
   3.90529294E-06   4.92138554E-07
   3.93980235E-06   4.96487360E-07
   3.97461690E-06   5.00874648E-07
   4.00973886E-06   5.05300648E-07
   4.04517095E-06   5.09765812E-07
   4.08091682E-06   5.14270369E-07
   4.11697783E-06   5.18814772E-07
   4.15335808E-06   5.23399308E-07
   4.19005983E-06   5.28024373E-07
   4.22708536E-06   5.32690308E-07
   4.26443830E-06   5.37397511E-07
   4.30212140E-06   5.42146267E-07
   4.34013782E-06   5.46936974E-07
   4.37848985E-06   5.51770029E-07
   4.41718066E-06   5.56645830E-07
   4.45621345E-06   5.61564661E-07
   4.49559093E-06   5.66526978E-07
   4.53531675E-06   5.71533121E-07
   4.57539363E-06   5.76583545E-07
   4.61582431E-06   5.81678592E-07
   4.65661242E-06   5.86818601E-07
   4.69776114E-06   5.92004085E-07
   4.73927321E-06   5.97235385E-07
   4.78115226E-06   6.02512898E-07
   4.82340147E-06   6.07837080E-07
   4.86602403E-06   6.13208272E-07
   4.90902312E-06   6.18626984E-07
   4.95240192E-06   6.24093502E-07
   4.99616408E-06   6.29608394E-07
   5.04031323E-06   6.35171943E-07
   5.08485255E-06   6.40784720E-07
   5.12978522E-06   6.46447063E-07
   5.17511489E-06   6.52159429E-07
   5.22084565E-06   6.57922328E-07
   5.26697977E-06   6.63736103E-07
   5.31352225E-06   6.69601263E-07
   5.36047537E-06   6.75518265E-07
   5.40784367E-06   6.81487563E-07
   5.45563080E-06   6.87509555E-07
   5.50383993E-06   6.93584809E-07
   5.55247516E-06   6.99713723E-07
   5.60154012E-06   7.05896809E-07
   5.65103846E-06   7.12134522E-07
   5.70097427E-06   7.18427373E-07
   5.75135164E-06   7.24775816E-07
   5.80217375E-06   7.31180364E-07
   5.85344515E-06   7.37641528E-07
   5.90516993E-06   7.44159763E-07
   5.95735128E-06   7.50735580E-07
   6.00999419E-06   7.57369548E-07
   6.06310186E-06   7.64062065E-07
   6.11667883E-06   7.70813813E-07
   6.17072965E-06   7.77625132E-07
   6.22525795E-06   7.84496706E-07
   6.28026783E-06   7.91428988E-07
   6.33576383E-06   7.98422548E-07
   6.39175050E-06   8.05477839E-07
   6.44823194E-06   8.12595545E-07
   6.50521224E-06   8.19776119E-07
   6.56269594E-06   8.27020131E-07
   6.62068805E-06   8.34328148E-07
   6.67919221E-06   8.41700796E-07
   6.73821341E-06   8.49138530E-07
   6.79775621E-06   8.56642032E-07
   6.85782516E-06   8.64211813E-07
   6.91842524E-06   8.71848499E-07
   6.97956057E-06   8.79552658E-07
   7.04123613E-06   8.87324916E-07
   7.10345648E-06   8.95165840E-07
   7.16622662E-06   9.03076057E-07
   7.22955156E-06   9.11056190E-07
   7.29343628E-06   9.19106810E-07
   7.35788535E-06   9.27228598E-07
   7.42290422E-06   9.35422122E-07
   7.48849743E-06   9.43688065E-07
   7.55466999E-06   9.52027051E-07
   7.62142736E-06   9.60439706E-07
   7.68877453E-06   9.68926770E-07
   7.75671742E-06   9.77488753E-07
   7.82526058E-06   9.86126452E-07
   7.89440946E-06   9.94840434E-07
   7.96416862E-06   1.00363138E-06
   8.03454441E-06   1.01250009E-06
   8.10554320E-06   1.02144713E-06
   8.17716773E-06   1.03047319E-06
   8.24942617E-06   1.03957905E-06
   8.32232308E-06   1.04876540E-06
   8.39586392E-06   1.05803292E-06
   8.47005504E-06   1.06738230E-06
   8.54490099E-06   1.07681433E-06
   8.62040906E-06   1.08632969E-06
   8.69658379E-06   1.09592918E-06
   8.77343246E-06   1.10561348E-06
   8.85095960E-06   1.11538327E-06
   8.92917160E-06   1.12523946E-06
   9.00807481E-06   1.13518274E-06
   9.08767561E-06   1.14521390E-06
   9.16798035E-06   1.15533373E-06
   9.24899359E-06   1.16554293E-06
   9.33072351E-06   1.17584239E-06
   9.41317467E-06   1.18623279E-06
   9.49635523E-06   1.19671506E-06
   9.58027067E-06   1.20728987E-06
   9.66492735E-06   1.21795824E-06
   9.75033254E-06   1.22872086E-06
   9.83649261E-06   1.23957852E-06
   9.92341302E-06   1.25053214E-06
   1.00111029E-05   1.26158261E-06
   1.00995667E-05   1.27273074E-06
   1.01888127E-05   1.28397733E-06
   1.02788463E-05   1.29532327E-06
   1.03696766E-05   1.30676949E-06
   1.04613091E-05   1.31831689E-06
   1.05537511E-05   1.32996638E-06
   1.06470106E-05   1.34171876E-06
   1.07410942E-05   1.35357493E-06
   1.08360082E-05   1.36553592E-06
   1.09317616E-05   1.37760264E-06
   1.10283618E-05   1.38977589E-06
   1.11258141E-05   1.40205680E-06
   1.12241287E-05   1.41444616E-06
   1.13233118E-05   1.42694500E-06
   1.14233708E-05   1.43955435E-06
   1.15243147E-05   1.45227511E-06
   1.16261508E-05   1.46510831E-06
   1.17288864E-05   1.47805486E-06
   1.18325297E-05   1.49111588E-06
   1.19370889E-05   1.50429219E-06
   1.20425721E-05   1.51758502E-06
   1.21489866E-05   1.53099529E-06
   1.22563424E-05   1.54452403E-06
   1.23646469E-05   1.55817236E-06
   1.24739081E-05   1.57194131E-06
   1.25841352E-05   1.58583191E-06
   1.26953355E-05   1.59984529E-06
   1.28075189E-05   1.61398248E-06
   1.29206937E-05   1.62824460E-06
   1.30348690E-05   1.64263270E-06
   1.31500528E-05   1.65714800E-06
   1.32662544E-05   1.67179144E-06
   1.33834828E-05   1.68656447E-06
   1.35017472E-05   1.70146791E-06
   1.36210565E-05   1.71650311E-06
   1.37414199E-05   1.73167109E-06
   1.38628475E-05   1.74697323E-06
   1.39853473E-05   1.76241042E-06
   1.41089304E-05   1.77798415E-06
   1.42336057E-05   1.79369545E-06
   1.43593816E-05   1.80954567E-06
   1.44862697E-05   1.82553583E-06
   1.46142793E-05   1.84166731E-06
   1.47434193E-05   1.85794147E-06
   1.48737008E-05   1.87435933E-06
   1.50051337E-05   1.89092225E-06
   1.51377280E-05   1.90763149E-06
   1.52714947E-05   1.92448852E-06
   1.54064419E-05   1.94149447E-06
   1.55425823E-05   1.95865050E-06
   1.56799251E-05   1.97595841E-06
   1.58184830E-05   1.99341912E-06
   1.59582651E-05   2.01103421E-06
   1.60992804E-05   2.02880483E-06
   1.62415436E-05   2.04673256E-06
   1.63850636E-05   2.06481877E-06
   1.65298516E-05   2.08306460E-06
   1.66759182E-05   2.10147186E-06
   1.68232764E-05   2.12004170E-06
   1.69719369E-05   2.13877570E-06
   1.71219108E-05   2.15767500E-06
   1.72732107E-05   2.17674165E-06
   1.74258475E-05   2.19597655E-06
   1.75798323E-05   2.21538153E-06
   1.77351776E-05   2.23495795E-06
   1.78918963E-05   2.25470740E-06
   1.80499992E-05   2.27463124E-06
   1.82095009E-05   2.29473130E-06
   1.83704105E-05   2.31500894E-06
   1.85327426E-05   2.33546552E-06
   1.86965081E-05   2.35610310E-06
   1.88617214E-05   2.37692302E-06
   1.90283954E-05   2.39792689E-06
   1.91965410E-05   2.41911653E-06
   1.93661726E-05   2.44049329E-06
   1.95373032E-05   2.46205877E-06
   1.97099471E-05   2.48381502E-06
   1.98841153E-05   2.50576363E-06
   2.00598242E-05   2.52790596E-06
   2.02370848E-05   2.55024406E-06
   2.04159114E-05   2.57277952E-06
   2.05963170E-05   2.59551416E-06
   2.07783196E-05   2.61844957E-06
   2.09619284E-05   2.64158780E-06
   2.11471597E-05   2.66493043E-06
   2.13340300E-05   2.68847930E-06
   2.15225500E-05   2.71223621E-06
   2.17127345E-05   2.73620321E-06
   2.19046015E-05   2.76038190E-06
   2.20981638E-05   2.78477432E-06
   2.22934359E-05   2.80938207E-06
   2.24904343E-05   2.83420741E-06
   2.26891734E-05   2.85925216E-06
   2.28896679E-05   2.88451838E-06
   2.30919341E-05   2.91000765E-06
   2.32959883E-05   2.93572225E-06
   2.35018451E-05   2.96166399E-06
   2.37095210E-05   2.98783493E-06
   2.39190322E-05   3.01423711E-06
   2.41303951E-05   3.04087280E-06
   2.43436261E-05   3.06774382E-06
   2.45587398E-05   3.09485222E-06
   2.47757562E-05   3.12220004E-06
   2.49946897E-05   3.14978956E-06
   2.52155569E-05   3.17762306E-06
   2.54383758E-05   3.20570234E-06
   2.56631647E-05   3.23402992E-06
   2.58899399E-05   3.26260761E-06
   2.61187179E-05   3.29143813E-06
   2.63495185E-05   3.32052309E-06
   2.65823583E-05   3.34986521E-06
   2.68172571E-05   3.37946653E-06
   2.70542296E-05   3.40932957E-06
   2.72932957E-05   3.43945635E-06
   2.75344755E-05   3.46984962E-06
   2.77777872E-05   3.50051118E-06
   2.80232471E-05   3.53144378E-06
   2.82708770E-05   3.56264968E-06
   2.85206952E-05   3.59413139E-06
   2.87727216E-05   3.62589117E-06
   2.90269745E-05   3.65793176E-06
   2.92834739E-05   3.69025543E-06
   2.95422396E-05   3.72286468E-06
   2.98032919E-05   3.75576201E-06
   3.00666525E-05   3.78895015E-06
   3.03323395E-05   3.82243161E-06
   3.06003749E-05   3.85620888E-06
   3.08707749E-05   3.89028446E-06
   3.11435688E-05   3.92466154E-06
   3.14187710E-05   3.95934194E-06
   3.16964069E-05   3.99432929E-06
   3.19764949E-05   4.02962542E-06
   3.22590568E-05   4.06523350E-06
   3.25441179E-05   4.10115626E-06
   3.28316964E-05   4.13739690E-06
   3.31218180E-05   4.17395722E-06
   3.34145006E-05   4.21084087E-06
   3.37097699E-05   4.24805012E-06
   3.40076513E-05   4.28558860E-06
   3.43081629E-05   4.32345860E-06
   3.46113302E-05   4.36166329E-06
   3.49171751E-05   4.40020540E-06
   3.52257230E-05   4.43908812E-06
   3.55369993E-05   4.47831462E-06
   3.58510260E-05   4.51788765E-06
   3.61678249E-05   4.55781037E-06
   3.64874249E-05   4.59808598E-06
   3.68098517E-05   4.63871720E-06
   3.71351234E-05   4.67970767E-06
   3.74632727E-05   4.72106058E-06
   3.77943179E-05   4.76277864E-06
   3.81282916E-05   4.80486506E-06
   3.84652158E-05   4.84732391E-06
   3.88051194E-05   4.89015792E-06
   3.91480244E-05   4.93336984E-06
   3.94939561E-05   4.97696419E-06
   3.98429511E-05   5.02094372E-06
   4.01950238E-05   5.06531160E-06
   4.05502105E-05   5.11007192E-06
   4.09085369E-05   5.15522743E-06
   4.12700283E-05   5.20078220E-06
   4.16347175E-05   5.24673942E-06
   4.20026263E-05   5.29310273E-06
   4.23737838E-05   5.33987532E-06
   4.27482264E-05   5.38706172E-06
   4.31259723E-05   5.43466513E-06
   4.35070615E-05   5.48268918E-06
   4.38915122E-05   5.53113750E-06
   4.42793644E-05   5.58001375E-06
   4.46706435E-05   5.62932200E-06
   4.50653788E-05   5.67906591E-06
   4.54636029E-05   5.72924955E-06
   4.58653485E-05   5.77987657E-06
   4.62706412E-05   5.83095107E-06
   4.66795136E-05   5.88247667E-06
   4.70920022E-05   5.93445793E-06
   4.75081360E-05   5.98689849E-06
   4.79279443E-05   6.03980197E-06
   4.83514668E-05   6.09317340E-06
   4.87787256E-05   6.14701639E-06
   4.92097643E-05   6.20133505E-06
   4.96446119E-05   6.25613393E-06
   5.00833012E-05   6.31141666E-06
   5.05258649E-05   6.36718823E-06
   5.09723432E-05   6.42345231E-06
   5.14227650E-05   6.48021387E-06
   5.18771667E-05   6.53747657E-06
   5.23355848E-05   6.59524585E-06
   5.27980519E-05   6.65352536E-06
   5.32646045E-05   6.71231965E-06
   5.37352826E-05   6.77163371E-06
   5.42101188E-05   6.83147209E-06
   5.46891533E-05   6.89183889E-06
   5.51724188E-05   6.95273957E-06
   5.56599553E-05   7.01417821E-06
   5.61517991E-05   7.07615936E-06
   5.66479903E-05   7.13868849E-06
   5.71485652E-05   7.20177013E-06
   5.76535604E-05   7.26540929E-06
   5.81630229E-05   7.32961098E-06
   5.86769856E-05   7.39437974E-06
   5.91954886E-05   7.45972102E-06
   5.97185754E-05   7.52563938E-06
   6.02462860E-05   7.59214072E-06
   6.07786569E-05   7.65922960E-06
   6.13157317E-05   7.72691055E-06
   6.18575577E-05   7.79518996E-06
   6.24041641E-05   7.86407327E-06
   6.29556016E-05   7.93356503E-06
   6.35119140E-05   8.00367070E-06
   6.40731450E-05   8.07439574E-06
   6.46393310E-05   8.14574651E-06
   6.52105227E-05   8.21772664E-06
   6.57867640E-05   8.29034343E-06
   6.63680912E-05   8.36360232E-06
   6.69545625E-05   8.43750786E-06
   6.75462143E-05   8.51206642E-06
   6.81430902E-05   8.58728436E-06
   6.87452412E-05   8.66316714E-06
   6.93527181E-05   8.73971931E-06
   6.99655575E-05   8.81694905E-06
   7.05838174E-05   8.89486091E-06
   7.12075343E-05   8.97346126E-06
   7.18367664E-05   9.05275647E-06
   7.24715574E-05   9.13275198E-06
   7.31119580E-05   9.21345418E-06
   7.37580194E-05   9.29486941E-06
   7.44097924E-05   9.37700497E-06
   7.50673207E-05   9.45986540E-06
   7.57306552E-05   9.54345887E-06
   7.63998614E-05   9.62779086E-06
   7.70749757E-05   9.71286772E-06
   7.77560563E-05   9.79869583E-06
   7.84431541E-05   9.88528336E-06
   7.91363200E-05   9.97263578E-06
   7.98356195E-05   1.00607604E-05
   8.05410891E-05   1.01496626E-05
   8.12528015E-05   1.02393515E-05
   8.19708002E-05   1.03298325E-05
   8.26951364E-05   1.04211131E-05
   8.34258826E-05   1.05132003E-05
   8.41630826E-05   1.06061016E-05
   8.49067947E-05   1.06998232E-05
   8.56570841E-05   1.07943733E-05
   8.64140020E-05   1.08897593E-05
   8.71776065E-05   1.09859875E-05
   8.79479558E-05   1.10830661E-05
   8.87251153E-05   1.11810032E-05
   8.95091434E-05   1.12798052E-05
   9.03000982E-05   1.13794804E-05
   9.10980452E-05   1.14800359E-05
   9.19030426E-05   1.15814810E-05
   9.27151486E-05   1.16838219E-05
   9.35344360E-05   1.17870677E-05
   9.43609630E-05   1.18912249E-05
   9.51947950E-05   1.19963033E-05
   9.60359903E-05   1.21023095E-05
   9.68846216E-05   1.22092533E-05
   9.77407472E-05   1.23171412E-05
   9.86044470E-05   1.24259832E-05
   9.94757720E-05   1.25357865E-05
   1.00354795E-04   1.26465602E-05
   1.01241589E-04   1.27583135E-05
   1.02136219E-04   1.28710535E-05
   1.03038758E-04   1.29847904E-05
   1.03949271E-04   1.30995313E-05
   1.04867824E-04   1.32152873E-05
   1.05794497E-04   1.33320655E-05
   1.06729363E-04   1.34498760E-05
   1.07672488E-04   1.35687269E-05
   1.08623943E-04   1.36886292E-05
   1.09583809E-04   1.38095902E-05
   1.10552159E-04   1.39316198E-05
   1.11529058E-04   1.40547281E-05
   1.12514594E-04   1.41789242E-05
   1.13508839E-04   1.43042180E-05
   1.14511873E-04   1.44306196E-05
   1.15523770E-04   1.45581371E-05
   1.16544601E-04   1.46867815E-05
   1.17574462E-04   1.48165627E-05
   1.18613418E-04   1.49474918E-05
   1.19661556E-04   1.50795768E-05
   1.20718956E-04   1.52128296E-05
   1.21785699E-04   1.53472593E-05
   1.22861864E-04   1.54828776E-05
   1.23947553E-04   1.56196929E-05
   1.25042818E-04   1.57577178E-05
   1.26147774E-04   1.58969633E-05
   1.27262494E-04   1.60374384E-05
   1.28387052E-04   1.61791559E-05
   1.29521562E-04   1.63221248E-05
   1.30666085E-04   1.64663579E-05
   1.31820736E-04   1.66118643E-05
   1.32985573E-04   1.67586568E-05
   1.34160713E-04   1.69067480E-05
   1.35346243E-04   1.70561470E-05
   1.36542236E-04   1.72068649E-05
   1.37748808E-04   1.73589160E-05
   1.38966032E-04   1.75123096E-05
   1.40194024E-04   1.76670601E-05
   1.41432858E-04   1.78231767E-05
   1.42682649E-04   1.79806739E-05
   1.43943471E-04   1.81395626E-05
   1.45215439E-04   1.82998556E-05
   1.46498656E-04   1.84615637E-05
   1.47793195E-04   1.86247016E-05
   1.49099185E-04   1.87892820E-05
   1.50416716E-04   1.89553157E-05
   1.51745888E-04   1.91228173E-05
   1.53086803E-04   1.92917978E-05
   1.54439564E-04   1.94622735E-05
   1.55804286E-04   1.96342553E-05
   1.57181072E-04   1.98077560E-05
   1.58570008E-04   1.99827900E-05
   1.59971227E-04   2.01593703E-05
   1.61384829E-04   2.03375112E-05
   1.62810917E-04   2.05172273E-05
   1.64249606E-04   2.06985296E-05
   1.65701014E-04   2.08814363E-05
   1.67165257E-04   2.10659582E-05
   1.68642422E-04   2.12521099E-05
   1.70132640E-04   2.14399079E-05
   1.71636042E-04   2.16293647E-05
   1.73152715E-04   2.18204950E-05
   1.74682791E-04   2.20133152E-05
   1.76226400E-04   2.22078397E-05
   1.77783630E-04   2.24040832E-05
   1.79354640E-04   2.26020602E-05
   1.80939518E-04   2.28017871E-05
   1.82538410E-04   2.30032783E-05
   1.84151431E-04   2.32065504E-05
   1.85778699E-04   2.34116178E-05
   1.87420344E-04   2.36184987E-05
   1.89076498E-04   2.38272078E-05
   1.90747291E-04   2.40377612E-05
   1.92432854E-04   2.42501737E-05
   1.94133303E-04   2.44644652E-05
   1.95848770E-04   2.46806503E-05
   1.97579415E-04   2.48987435E-05
   1.99325339E-04   2.51187666E-05
   2.01086703E-04   2.53407325E-05
   2.02863623E-04   2.55646610E-05
   2.04656244E-04   2.57905667E-05
   2.06464698E-04   2.60184697E-05
   2.08289144E-04   2.62483863E-05
   2.10129714E-04   2.64803348E-05
   2.11986538E-04   2.67143332E-05
   2.13859777E-04   2.69503998E-05
   2.15749576E-04   2.71885510E-05
   2.17656067E-04   2.74288086E-05
   2.19579393E-04   2.76711889E-05
   2.21519731E-04   2.79157102E-05
   2.23477211E-04   2.81623925E-05
   2.25451993E-04   2.84112557E-05
   2.27444209E-04   2.86623163E-05
   2.29454046E-04   2.89155978E-05
   2.31481637E-04   2.91711149E-05
   2.33527142E-04   2.94288911E-05
   2.35590735E-04   2.96889466E-05
   2.37672546E-04   2.99512994E-05
   2.39772766E-04   3.02159697E-05
   2.41891539E-04   3.04829791E-05
   2.44029026E-04   3.07523478E-05
   2.46185402E-04   3.10240976E-05
   2.48360855E-04   3.12982484E-05
   2.50555517E-04   3.15748221E-05
   2.52769561E-04   3.18538405E-05
   2.55003193E-04   3.21353255E-05
   2.57256557E-04   3.24192952E-05
   2.59529828E-04   3.27057751E-05
   2.61823181E-04   3.29947870E-05
   2.64136819E-04   3.32863528E-05
   2.66470888E-04   3.35804980E-05
   2.68825563E-04   3.38772406E-05
   2.71201076E-04   3.41766026E-05
   2.73597572E-04   3.44786131E-05
   2.76015227E-04   3.47832938E-05
   2.78454274E-04   3.50906630E-05
   2.80914857E-04   3.54007498E-05
   2.83397181E-04   3.57135796E-05
   2.85901449E-04   3.60291706E-05
   2.88427836E-04   3.63475519E-05
   2.90976546E-04   3.66687455E-05
   2.93547811E-04   3.69927802E-05
   2.96141749E-04   3.73196781E-05
   2.98758649E-04   3.76494609E-05
   3.01398657E-04   3.79821613E-05
   3.04061978E-04   3.83178012E-05
   3.06748843E-04   3.86564061E-05
   3.09459458E-04   3.89980050E-05
   3.12194024E-04   3.93426235E-05
   3.14952777E-04   3.96902869E-05
   3.17735889E-04   4.00410208E-05
   3.20543564E-04   4.03948543E-05
   3.23376094E-04   4.07518164E-05
   3.26233625E-04   4.11119327E-05
   3.29116418E-04   4.14752321E-05
   3.32024705E-04   4.18417403E-05
   3.34958662E-04   4.22114863E-05
   3.37918551E-04   4.25845028E-05
   3.40904604E-04   4.29608153E-05
   3.43917025E-04   4.33404530E-05
   3.46956076E-04   4.37234448E-05
   3.50021990E-04   4.41098236E-05
   3.53115000E-04   4.44996149E-05
   3.56235338E-04   4.48928513E-05
   3.59383237E-04   4.52895620E-05
   3.62558960E-04   4.56897797E-05
   3.65762739E-04   4.60935335E-05
   3.68994835E-04   4.65008561E-05
   3.72255483E-04   4.69117804E-05
   3.75544943E-04   4.73263317E-05
   3.78863508E-04   4.77445501E-05
   3.82211350E-04   4.81664647E-05
   3.85588792E-04   4.85921046E-05
   3.88996094E-04   4.90215098E-05
   3.92433489E-04   4.94547057E-05
   3.95901268E-04   4.98917325E-05
   3.99399694E-04   5.03326228E-05
   4.02928999E-04   5.07774093E-05
   4.06489533E-04   5.12261249E-05
   4.10081499E-04   5.16788059E-05
   4.13705246E-04   5.21354887E-05
   4.17360978E-04   5.25962059E-05
   4.21049015E-04   5.30609977E-05
   4.24769649E-04   5.35298968E-05
   4.28523170E-04   5.40029359E-05
   4.32309869E-04   5.44801587E-05
   4.36130009E-04   5.49616016E-05
   4.39983909E-04   5.54472936E-05
   4.43871861E-04   5.59372820E-05
   4.47794184E-04   5.64315997E-05
   4.51751141E-04   5.69302865E-05
   4.55743080E-04   5.74333790E-05
   4.59770294E-04   5.79409207E-05
   4.63833101E-04   5.84529444E-05
   4.67931823E-04   5.89694973E-05
   4.72066720E-04   5.94906123E-05
   4.76238201E-04   6.00163366E-05
   4.80446499E-04   6.05467030E-05
   4.84692020E-04   6.10817588E-05
   4.88975027E-04   6.16215402E-05
   4.93295898E-04   6.21660947E-05
   4.97654954E-04   6.27154659E-05
   5.02052542E-04   6.32696901E-05
   5.06488956E-04   6.38288111E-05
   5.10964601E-04   6.43928724E-05
   5.15479769E-04   6.49619251E-05
   5.20034868E-04   6.55359981E-05
   5.24630188E-04   6.61151498E-05
   5.29266137E-04   6.66994238E-05
   5.33943065E-04   6.72888564E-05
   5.38661319E-04   6.78834986E-05
   5.43421251E-04   6.84834013E-05
   5.48223208E-04   6.90886009E-05
   5.53067657E-04   6.96991556E-05
   5.57954889E-04   7.03151018E-05
   5.62885311E-04   7.09364904E-05
   5.67859272E-04   7.15633723E-05
   5.72877238E-04   7.21957986E-05
   5.77939500E-04   7.28338127E-05
   5.83046523E-04   7.34774658E-05
   5.88198658E-04   7.41268086E-05
   5.93396311E-04   7.47818922E-05
   5.98639948E-04   7.54427601E-05
   6.03929861E-04   7.61094780E-05
   6.09266513E-04   7.67820820E-05
   6.14650373E-04   7.74606306E-05
   6.20081788E-04   7.81451818E-05
   6.25561224E-04   7.88357793E-05
   6.31089031E-04   7.95324813E-05
   6.36665674E-04   8.02353461E-05
   6.42291678E-04   8.09444246E-05
   6.47967332E-04   8.16597603E-05
   6.53693161E-04   8.23814262E-05
   6.59469573E-04   8.31094731E-05
   6.65297033E-04   8.38439519E-05
   6.71176007E-04   8.45849281E-05
   6.77106902E-04   8.53324455E-05
   6.83090184E-04   8.60865766E-05
   6.89126377E-04   8.68473726E-05
   6.95215946E-04   8.76148915E-05
   7.01359240E-04   8.83891989E-05
   7.07556901E-04   8.91703457E-05
   7.13809277E-04   8.99584047E-05
   7.20116892E-04   9.07534195E-05
   7.26480270E-04   9.15554701E-05
   7.32899876E-04   9.23646076E-05
   7.39376235E-04   9.31809045E-05
   7.45909812E-04   9.40044119E-05
   7.52501073E-04   9.48351953E-05
   7.59150658E-04   9.56733275E-05
   7.65858917E-04   9.65188665E-05
   7.72626547E-04   9.73718852E-05
   7.79453898E-04   9.82324418E-05
   7.86341610E-04   9.91006091E-05
   7.93290208E-04   9.99764452E-05
   8.00300157E-04   1.00860030E-04
   8.07372096E-04   1.01751422E-04
   8.14506493E-04   1.02650694E-04
   8.21703987E-04   1.03557919E-04
   8.28965043E-04   1.04473162E-04
   8.36290244E-04   1.05396502E-04
   8.43680231E-04   1.06328000E-04
   8.51135468E-04   1.07267733E-04
   8.58656596E-04   1.08215776E-04
   8.66244198E-04   1.09172201E-04
   8.73898854E-04   1.10137080E-04
   8.81621148E-04   1.11110494E-04
   8.89411662E-04   1.12092508E-04
   8.97271035E-04   1.13083210E-04
   9.05199850E-04   1.14082672E-04
   9.13198688E-04   1.15090967E-04
   9.21268249E-04   1.16108182E-04
   9.29409172E-04   1.17134383E-04
   9.37621924E-04   1.18169664E-04
   9.45907319E-04   1.19214099E-04
   9.54265939E-04   1.20267767E-04
   9.62698366E-04   1.21330755E-04
   9.71205358E-04   1.22403144E-04
   9.79787554E-04   1.23485006E-04
   9.88445478E-04   1.24576443E-04
   9.97180003E-04   1.25677529E-04
   1.00599159E-03   1.26788349E-04
   1.01488119E-03   1.27908992E-04
   1.02384924E-03   1.29039545E-04
   1.03289657E-03   1.30180095E-04
   1.04202388E-03   1.31330729E-04
   1.05123187E-03   1.32491550E-04
   1.06052111E-03   1.33662616E-04
   1.06989255E-03   1.34844056E-04
   1.07934675E-03   1.36035946E-04
   1.08888443E-03   1.37238370E-04
   1.09850650E-03   1.38451418E-04
   1.10821356E-03   1.39675205E-04
   1.11800630E-03   1.40909819E-04
   1.12788577E-03   1.42155346E-04
   1.13785244E-03   1.43411889E-04
   1.14790711E-03   1.44679550E-04
   1.15805073E-03   1.45958431E-04
   1.16828387E-03   1.47248604E-04
   1.17860758E-03   1.48550200E-04
   1.18902244E-03   1.49863306E-04
   1.19952939E-03   1.51188040E-04
   1.21012912E-03   1.52524473E-04
   1.22082245E-03   1.53872737E-04
   1.23161043E-03   1.55232919E-04
   1.24249363E-03   1.56605151E-04
   1.25347311E-03   1.57989503E-04
   1.26454944E-03   1.59386109E-04
   1.27572380E-03   1.60795069E-04
   1.28699688E-03   1.62216500E-04
   1.29836949E-03   1.63650504E-04
   1.30984269E-03   1.65097183E-04
   1.32141716E-03   1.66556667E-04
   1.33309397E-03   1.68029073E-04
   1.34487404E-03   1.69514504E-04
   1.35675818E-03   1.71013060E-04
   1.36874721E-03   1.72524902E-04
   1.38084230E-03   1.74050103E-04
   1.39304425E-03   1.75588808E-04
   1.40535401E-03   1.77141119E-04
   1.41777250E-03   1.78707167E-04
   1.43030076E-03   1.80287083E-04
   1.44293974E-03   1.81880969E-04
   1.45569048E-03   1.83488970E-04
   1.46855379E-03   1.85111203E-04
   1.48153084E-03   1.86747784E-04
   1.49462244E-03   1.88398844E-04
   1.50782987E-03   1.90064529E-04
   1.52115396E-03   1.91744955E-04
   1.53459574E-03   1.93440253E-04
   1.54815638E-03   1.95150555E-04
   1.56183669E-03   1.96875990E-04
   1.57563807E-03   1.98616704E-04
   1.58956135E-03   2.00372830E-04
   1.60360767E-03   2.02144496E-04
   1.61777809E-03   2.03931850E-04
   1.63207366E-03   2.05735021E-04
   1.64649566E-03   2.07554156E-04
   1.66104501E-03   2.09389400E-04
   1.67572300E-03   2.11240898E-04
   1.69053068E-03   2.13108782E-04
   1.70546921E-03   2.14993212E-04
   1.72053976E-03   2.16894317E-04
   1.73574348E-03   2.18812260E-04
   1.75108155E-03   2.20747199E-04
   1.76655513E-03   2.22699251E-04
   1.78216537E-03   2.24668605E-04
   1.79791369E-03   2.26655393E-04
   1.81380112E-03   2.28659788E-04
   1.82982895E-03   2.30681922E-04
   1.84599834E-03   2.32721985E-04
   1.86231069E-03   2.34780106E-04
   1.87876716E-03   2.36856460E-04
   1.89536903E-03   2.38951208E-04
   1.91211770E-03   2.41064510E-04
   1.92901422E-03   2.43196526E-04
   1.94606022E-03   2.45347444E-04
   1.96325663E-03   2.47517426E-04
   1.98060530E-03   2.49706616E-04
   1.99810695E-03   2.51915219E-04
   2.01576343E-03   2.54143379E-04
   2.03357590E-03   2.56391300E-04
   2.05154577E-03   2.58659129E-04
   2.06967443E-03   2.60947068E-04
   2.08796328E-03   2.63255264E-04
   2.10641371E-03   2.65583949E-04
   2.12502736E-03   2.67933268E-04
   2.14380538E-03   2.70303397E-04
   2.16274918E-03   2.72694539E-04
   2.18186062E-03   2.75106897E-04
   2.20114086E-03   2.77540646E-04
   2.22059130E-03   2.79995962E-04
   2.24021380E-03   2.82473047E-04
   2.26000976E-03   2.84972077E-04
   2.27998034E-03   2.87493312E-04
   2.30012764E-03   2.90036871E-04
   2.32045306E-03   2.92603014E-04
   2.34095799E-03   2.95191916E-04
   2.36164406E-03   2.97803781E-04
   2.38251290E-03   3.00438813E-04
   2.40356615E-03   3.03097215E-04
   2.42480543E-03   3.05779220E-04
   2.44623236E-03   3.08485003E-04
   2.46784883E-03   3.11214797E-04
   2.48965621E-03   3.13968834E-04
   2.51165614E-03   3.16747319E-04
   2.53385073E-03   3.19550425E-04
   2.55624135E-03   3.22378444E-04
   2.57882988E-03   3.25231580E-04
   2.60161795E-03   3.28110007E-04
   2.62460718E-03   3.31014016E-04
   2.64779991E-03   3.33943812E-04
   2.67119729E-03   3.36899597E-04
   2.69480166E-03   3.39881663E-04
   2.71861441E-03   3.42890213E-04
   2.74263788E-03   3.45925451E-04
   2.76687345E-03   3.48987698E-04
   2.79132300E-03   3.52077128E-04
   2.81598885E-03   3.55194003E-04
   2.84087262E-03   3.58338555E-04
   2.86597619E-03   3.61511076E-04
   2.89130164E-03   3.64711799E-04
   2.91685085E-03   3.67940956E-04
   2.94262590E-03   3.71198839E-04
   2.96862866E-03   3.74485651E-04
   2.99486122E-03   3.77801713E-04
   3.02132568E-03   3.81147256E-04
   3.04802391E-03   3.84522544E-04
   3.07495799E-03   3.87927867E-04
   3.10213002E-03   3.91363457E-04
   3.12954234E-03   3.94829636E-04
   3.15719680E-03   3.98326636E-04
   3.18509573E-03   4.01854748E-04
   3.21324100E-03   4.05414292E-04
   3.24163516E-03   4.09005472E-04
   3.27028008E-03   4.12628637E-04
   3.29917832E-03   4.16284078E-04
   3.32833175E-03   4.19972057E-04
   3.35774291E-03   4.23692865E-04
   3.38741392E-03   4.27446823E-04
   3.41734709E-03   4.31234221E-04
   3.44754476E-03   4.35055350E-04
   3.47800925E-03   4.38910531E-04
   3.50874313E-03   4.42800054E-04
   3.53974826E-03   4.46724269E-04
   3.57102766E-03   4.50683438E-04
   3.60258343E-03   4.54677909E-04
   3.63441790E-03   4.58708004E-04
   3.66653386E-03   4.62774042E-04
   3.69893340E-03   4.66876372E-04
   3.73161933E-03   4.71015257E-04
   3.76459421E-03   4.75191104E-04
   3.79786035E-03   4.79404203E-04
   3.83142056E-03   4.83654905E-04
   3.86527716E-03   4.87943558E-04
   3.89943295E-03   4.92270512E-04
   3.93389072E-03   4.96636087E-04
   3.96865280E-03   5.01040660E-04
   4.00372222E-03   5.05484582E-04
   4.03910130E-03   5.09968202E-04
   4.07479331E-03   5.14491927E-04
   4.11080057E-03   5.19056106E-04
   4.14712634E-03   5.23661030E-04
   4.18377249E-03   5.28307166E-04
   4.22074273E-03   5.32994862E-04
   4.25803987E-03   5.37724525E-04
   4.29566624E-03   5.42496447E-04
   4.33362555E-03   5.47311152E-04
   4.37191967E-03   5.52168873E-04
   4.41055279E-03   5.57070191E-04
   4.44952678E-03   5.62015339E-04
   4.48884582E-03   5.67004783E-04
   4.52851178E-03   5.72038989E-04
   4.56852838E-03   5.77118306E-04
   4.60889842E-03   5.82243141E-04
   4.64962563E-03   5.87413961E-04
   4.69071232E-03   5.92631113E-04
   4.73216223E-03   5.97895123E-04
   4.77397861E-03   6.03206339E-04
   4.81616426E-03   6.08565228E-04
   4.85872244E-03   6.13972254E-04
   4.90165688E-03   6.19427883E-04
   4.94497083E-03   6.24932465E-04
   4.98866756E-03   6.30486582E-04
   5.03275031E-03   6.36090583E-04
   5.07722283E-03   6.41744991E-04
   5.12208836E-03   6.47450273E-04
   5.16735017E-03   6.53206895E-04
   5.21301152E-03   6.59015321E-04
   5.25907706E-03   6.64876075E-04
   5.30554913E-03   6.70789566E-04
   5.35243237E-03   6.76756375E-04
   5.39972959E-03   6.82776910E-04
   5.44744451E-03   6.88851811E-04
   5.49558131E-03   6.94981427E-04
   5.54414373E-03   7.01166398E-04
   5.59313502E-03   7.07407133E-04
   5.64255938E-03   7.13704270E-04
   5.69242006E-03   7.20058277E-04
   5.74272173E-03   7.26469676E-04
   5.79346810E-03   7.32939050E-04
   5.84466243E-03   7.39466923E-04
   5.89630939E-03   7.46053818E-04
   5.94841270E-03   7.52700376E-04
   6.00097608E-03   7.59407063E-04
   6.05400419E-03   7.66174519E-04
   6.10750122E-03   7.73003325E-04
   6.16147043E-03   7.79894006E-04
   6.21591695E-03   7.86847202E-04
   6.27084449E-03   7.93863495E-04
   6.32625725E-03   8.00943468E-04
   6.38215989E-03   8.08087760E-04
   6.43855659E-03   8.15296953E-04
   6.49545155E-03   8.22571688E-04
   6.55284896E-03   8.29912606E-04
   6.61075395E-03   8.37320287E-04
   6.66917022E-03   8.44795431E-04
   6.72810292E-03   8.52338679E-04
   6.78755669E-03   8.59950669E-04
   6.84753526E-03   8.67632043E-04
   6.90804422E-03   8.75383557E-04
   6.96908776E-03   8.83205794E-04
   7.03067100E-03   8.91099451E-04
   7.09279813E-03   8.99065286E-04
   7.15547428E-03   9.07103997E-04
   7.21870409E-03   9.15216224E-04
   7.28249270E-03   9.23402724E-04
   7.34684523E-03   9.31664254E-04
   7.41176633E-03   9.40001453E-04
   7.47726113E-03   9.48415138E-04
   7.54333427E-03   9.56906064E-04
   7.60999182E-03   9.65474988E-04
   7.67723797E-03   9.74122668E-04
   7.74507876E-03   9.82849859E-04
   7.81351887E-03   9.91657376E-04
   7.88256340E-03   1.00054592E-03
   7.95221888E-03   1.00951653E-03
   8.02248903E-03   1.01856980E-03
   8.09338037E-03   1.02770654E-03
   8.16489849E-03   1.03692780E-03
   8.23704805E-03   1.04623416E-03
   8.30983557E-03   1.05562678E-03
   8.38326663E-03   1.06510625E-03
   8.45734589E-03   1.07467349E-03
   8.53207987E-03   1.08432944E-03
   8.60747416E-03   1.09407504E-03
   8.68353527E-03   1.10391120E-03
   8.76026787E-03   1.11383875E-03
   8.83767940E-03   1.12385862E-03
   8.91577359E-03   1.13397185E-03
   8.99455883E-03   1.14417926E-03
   9.07403976E-03   1.15448190E-03
   9.15422384E-03   1.16488081E-03
   9.23511572E-03   1.17537682E-03
   9.31672286E-03   1.18597108E-03
   9.39905085E-03   1.19666441E-03
   9.48210619E-03   1.20745809E-03
   9.56589542E-03   1.21835293E-03
   9.65042599E-03   1.22935011E-03
   9.73570254E-03   1.24045066E-03
   9.82173346E-03   1.25165575E-03
   9.90852341E-03   1.26296631E-03
   9.99608077E-03   1.27438351E-03
   1.00844121E-02   1.28590863E-03
   1.01735247E-02   1.29754259E-03
   1.02634234E-02   1.30928657E-03
   1.03541175E-02   1.32114184E-03
   1.04456125E-02   1.33310957E-03
   1.05379159E-02   1.34519092E-03
   1.06310351E-02   1.35738705E-03
   1.07249776E-02   1.36969925E-03
   1.08197490E-02   1.38212892E-03
   1.09153595E-02   1.39467709E-03
   1.10118138E-02   1.40734506E-03
   1.11091202E-02   1.42013433E-03
   1.12072872E-02   1.43304595E-03
   1.13063212E-02   1.44608156E-03
   1.14062307E-02   1.45924231E-03
   1.15070231E-02   1.47252961E-03
   1.16087059E-02   1.48594484E-03
   1.17112873E-02   1.49948953E-03
   1.18147749E-02   1.51316496E-03
   1.19191771E-02   1.52697274E-03
   1.20245023E-02   1.54091418E-03
   1.21307578E-02   1.55499089E-03
   1.22379521E-02   1.56920438E-03
   1.23460945E-02   1.58355606E-03
   1.24551915E-02   1.59804779E-03
   1.25652533E-02   1.61268085E-03
   1.26762865E-02   1.62745710E-03
   1.27883023E-02   1.64237793E-03
   1.29013071E-02   1.65744522E-03
   1.30153103E-02   1.67266047E-03
   1.31303212E-02   1.68802554E-03
   1.32463491E-02   1.70354208E-03
   1.33634014E-02   1.71921193E-03
   1.34814885E-02   1.73503673E-03
   1.36006186E-02   1.75101846E-03
   1.37208020E-02   1.76715897E-03
   1.38420472E-02   1.78345991E-03
   1.39643634E-02   1.79992348E-03
   1.40877608E-02   1.81655143E-03
   1.42122479E-02   1.83334586E-03
   1.43378358E-02   1.85030862E-03
   1.44645339E-02   1.86744181E-03
   1.45923505E-02   1.88474741E-03
   1.47212977E-02   1.90222764E-03
   1.48513839E-02   1.91988470E-03
   1.49826193E-02   1.93772046E-03
   1.51150143E-02   1.95573736E-03
   1.52485799E-02   1.97393750E-03
   1.53833246E-02   1.99232344E-03
   1.55192614E-02   2.01089703E-03
   1.56563986E-02   2.02966086E-03
   1.57947484E-02   2.04861746E-03
   1.59343202E-02   2.06776895E-03
   1.60751250E-02   2.08711810E-03
   1.62171740E-02   2.10666726E-03
   1.63604785E-02   2.12641899E-03
   1.65050495E-02   2.14637606E-03
   1.66508965E-02   2.16654083E-03
   1.67980343E-02   2.18691607E-03
   1.69464722E-02   2.20750459E-03
   1.70962214E-02   2.22830940E-03
   1.72472931E-02   2.24933284E-03
   1.73997004E-02   2.27057817E-03
   1.75534543E-02   2.29204842E-03
   1.77085679E-02   2.31374614E-03
   1.78650506E-02   2.33567460E-03
   1.80229172E-02   2.35783705E-03
   1.81821771E-02   2.38023652E-03
   1.83428451E-02   2.40287604E-03
   1.85049344E-02   2.42575933E-03
   1.86684541E-02   2.44888943E-03
   1.88334193E-02   2.47226958E-03
   1.89998429E-02   2.49590352E-03
   1.91677380E-02   2.51979474E-03
   1.93371139E-02   2.54394696E-03
   1.95079893E-02   2.56836344E-03
   1.96803734E-02   2.59304815E-03
   1.98542811E-02   2.61800503E-03
   2.00297236E-02   2.64323759E-03
   2.02067196E-02   2.66875024E-03
   2.03852765E-02   2.69454671E-03
   2.05654129E-02   2.72063096E-03
   2.07471419E-02   2.74700765E-03
   2.09304765E-02   2.77368072E-03
   2.11154297E-02   2.80065439E-03
   2.13020183E-02   2.82793352E-03
   2.14902554E-02   2.85552233E-03
   2.16801558E-02   2.88342568E-03
   2.18717344E-02   2.91164801E-03
   2.20650062E-02   2.94019445E-03
   2.22599860E-02   2.96906941E-03
   2.24566888E-02   2.99827848E-03
   2.26551276E-02   3.02782631E-03
   2.28553228E-02   3.05771851E-03
   2.30572857E-02   3.08795995E-03
   2.32610330E-02   3.11855646E-03
   2.34665815E-02   3.14951339E-03
   2.36739460E-02   3.18083656E-03
   2.38831434E-02   3.21253156E-03
   2.40941886E-02   3.24460468E-03
   2.43070982E-02   3.27706127E-03
   2.45218910E-02   3.30990832E-03
   2.47385800E-02   3.34315142E-03
   2.49571856E-02   3.37679731E-03
   2.51777228E-02   3.41085275E-03
   2.54002064E-02   3.44532402E-03
   2.56246589E-02   3.48021835E-03
   2.58510932E-02   3.51554272E-03
   2.60795280E-02   3.55130387E-03
   2.63099819E-02   3.58750974E-03
   2.65424736E-02   3.62416753E-03
   2.67770179E-02   3.66128469E-03
   2.70136353E-02   3.69886938E-03
   2.72523444E-02   3.73692950E-03
   2.74931621E-02   3.77547322E-03
   2.77361069E-02   3.81450891E-03
   2.79811993E-02   3.85404518E-03
   2.82284580E-02   3.89409065E-03
   2.84779016E-02   3.93465441E-03
   2.87295487E-02   3.97574529E-03
   2.89834198E-02   4.01737355E-03
   2.92395353E-02   4.05954756E-03
   2.94979122E-02   4.10227804E-03
   2.97585744E-02   4.14557476E-03
   3.00215390E-02   4.18944797E-03
   3.02868262E-02   4.23390837E-03
   3.05544585E-02   4.27896623E-03
   3.08244564E-02   4.32463316E-03
   3.10968384E-02   4.37092036E-03
   3.13716270E-02   4.41783899E-03
   3.16488482E-02   4.46540164E-03
   3.19285132E-02   4.51361947E-03
   3.22106555E-02   4.56250552E-03
   3.24952863E-02   4.61207284E-03
   3.27824354E-02   4.66233352E-03
   3.30721177E-02   4.71330155E-03
   3.33643630E-02   4.76499042E-03
   3.36591899E-02   4.81741410E-03
   3.39566246E-02   4.87058749E-03
   3.42566855E-02   4.92452458E-03
   3.45593952E-02   4.97924071E-03
   3.48647833E-02   5.03475126E-03
   3.51728685E-02   5.09107253E-03
   3.54836769E-02   5.14822034E-03
   3.57972309E-02   5.20621147E-03
   3.61135565E-02   5.26506314E-03
   3.64326797E-02   5.32479258E-03
   3.67546193E-02   5.38541796E-03
   3.70794050E-02   5.44695789E-03
   3.74070592E-02   5.50943054E-03
   3.77376117E-02   5.57285640E-03
   3.80710810E-02   5.63725457E-03
   3.84075008E-02   5.70264552E-03
   3.87468934E-02   5.76905021E-03
   3.90892811E-02   5.83649054E-03
   3.94346975E-02   5.90498839E-03
   3.97831649E-02   5.97456610E-03
   4.01347131E-02   6.04524696E-03
   4.04893681E-02   6.11705473E-03
   4.08471562E-02   6.19001454E-03
   4.12081070E-02   6.26415107E-03
   4.15722430E-02   6.33948995E-03
   4.19396013E-02   6.41605770E-03
   4.23102044E-02   6.49388181E-03
   4.26840819E-02   6.57299021E-03
   4.30612639E-02   6.65341131E-03
   4.34417799E-02   6.73517492E-03
   4.38256562E-02   6.81831082E-03
   4.42129262E-02   6.90285070E-03
   4.46036160E-02   6.98882621E-03
   4.49977592E-02   7.07627041E-03
   4.53953892E-02   7.16521684E-03
   4.57965285E-02   7.25569995E-03
   4.62012142E-02   7.34775607E-03
   4.66094725E-02   7.44142104E-03
   4.70213443E-02   7.53673306E-03
   4.74368520E-02   7.63373077E-03
   4.78560328E-02   7.73245376E-03
   4.82789166E-02   7.83294346E-03
   4.87055369E-02   7.93524086E-03
   4.91359271E-02   8.03939067E-03
   4.95701209E-02   8.14543571E-03
   5.00081517E-02   8.25342350E-03
   5.04500531E-02   8.36340059E-03
   5.08958586E-02   8.47541448E-03
   5.13456054E-02   8.58951546E-03
   5.17993271E-02   8.70575570E-03
   5.22570536E-02   8.82418733E-03
   5.27188294E-02   8.94486438E-03
   5.31846844E-02   9.06784181E-03
   5.36546558E-02   9.19317920E-03
   5.41287810E-02   9.32093430E-03
   5.46070933E-02   9.45116859E-03
   5.50896339E-02   9.58394445E-03
   5.55764399E-02   9.71932616E-03
   5.60675450E-02   9.85738169E-03
   5.65629900E-02   9.99817718E-03
   5.70628159E-02   1.01417843E-02
   5.75670563E-02   1.02882758E-02
   5.80757521E-02   1.04377251E-02
   5.85889444E-02   1.05902115E-02
   5.91066703E-02   1.07458122E-02
   5.96289709E-02   1.09046092E-02
   6.01558872E-02   1.10666873E-02
   6.06874600E-02   1.12321330E-02
   6.12237304E-02   1.14010358E-02
   6.17647395E-02   1.15734870E-02
   6.23105280E-02   1.17495824E-02
   6.28611445E-02   1.19294189E-02
   6.34166226E-02   1.21130971E-02
   6.39770031E-02   1.23007223E-02
   6.45423457E-02   1.24923997E-02
   6.51126802E-02   1.26882410E-02
   6.56880513E-02   1.28883589E-02
   6.62685111E-02   1.30928708E-02
   6.68540969E-02   1.33018987E-02
   6.74448609E-02   1.35155674E-02
   6.80408403E-02   1.37340035E-02
   6.86420947E-02   1.39573412E-02
   6.92486539E-02   1.41857173E-02
   6.98605776E-02   1.44192725E-02
   7.04779029E-02   1.46581531E-02
   7.11006895E-02   1.49025079E-02
   7.17289746E-02   1.51524926E-02
   7.23628178E-02   1.54082673E-02
   7.30022565E-02   1.56699959E-02
   7.36473501E-02   1.59378499E-02
   7.42981434E-02   1.62120052E-02
   7.49546811E-02   1.64926406E-02
   7.56170228E-02   1.67799462E-02
   7.62852207E-02   1.70741118E-02
   7.69593269E-02   1.73753388E-02
   7.76393786E-02   1.76838320E-02
   7.83254504E-02   1.79998055E-02
   7.90175796E-02   1.83234755E-02
   7.97158256E-02   1.86550692E-02
   8.04202408E-02   1.89948212E-02
   8.11308846E-02   1.93429738E-02
   8.18478018E-02   1.96997728E-02
   8.25710595E-02   2.00654771E-02
   8.33007023E-02   2.04403512E-02
   8.40367973E-02   2.08246708E-02
   8.47793967E-02   2.12187171E-02
   8.55285600E-02   2.16227863E-02
   8.62843394E-02   2.20371746E-02
   8.70467946E-02   2.24621985E-02
   8.78159925E-02   2.28981785E-02
   8.85919854E-02   2.33454481E-02
   8.93748403E-02   2.38043498E-02
   9.01646093E-02   2.42752396E-02
   9.09613594E-02   2.47584824E-02
   9.17651430E-02   2.52544582E-02
   9.25760344E-02   2.57635601E-02
   9.33940932E-02   2.62861885E-02
   9.42193791E-02   2.68227644E-02
   9.50519517E-02   2.73737162E-02
   9.58918929E-02   2.79394910E-02
   9.67392474E-02   2.85205487E-02
   9.75940898E-02   2.91173663E-02
   9.84564945E-02   2.97304317E-02
   9.93265137E-02   3.03602554E-02
  0.100204222       3.10073588E-02
  0.101089679       3.16722877E-02
  0.101982974       3.23555954E-02
  0.102884151       3.30578610E-02
  0.103793293       3.37796882E-02
  0.104710475       3.45216841E-02
  0.105635762       3.52844894E-02
  0.106569216       3.60687636E-02
  0.107510924       3.68751809E-02
  0.108460955       3.77044491E-02
  0.109419383       3.85572873E-02
  0.110386275       3.94344442E-02
  0.111361712       4.03366946E-02
  0.112345770       4.12648320E-02
  0.113338523       4.22196835E-02
  0.114340052       4.32020985E-02
  0.115350425       4.42129523E-02
  0.116369732       4.52531539E-02
  0.117398046       4.63236347E-02
  0.118435442       4.74253595E-02
  0.119482011       4.85593267E-02
  0.120537817       4.97265644E-02
  0.121602967       5.09281233E-02
  0.122677520       5.21651097E-02
  0.123761572       5.34386374E-02
  0.124855198       5.47498800E-02
  0.125958502       5.61000332E-02
  0.127071545       5.74903265E-02
  0.128194422       5.89220449E-02
  0.129327223       6.03964925E-02
  0.130470037       6.19150251E-02
  0.131622940       6.34790361E-02
  0.132786036       6.50899634E-02
  0.133959413       6.67492822E-02
  0.135143161       6.84585199E-02
  0.136337370       7.02192411E-02
  0.137542114       7.20330551E-02
  0.138757527       7.39016235E-02
  0.139983669       7.58266598E-02
  0.141220644       7.78099075E-02
  0.142468557       7.98531771E-02
  0.143727496       8.19583237E-02
  0.144997552       8.41272473E-02
  0.146278828       8.63619149E-02
  0.147571445       8.86643231E-02
  0.148875475       9.10365507E-02
  0.150191024       9.34806988E-02
  0.151518196       9.59989503E-02
  0.152857095       9.85935181E-02
  0.154207841      0.101266690    
  0.155570507      0.104020804    
  0.156945214      0.106858253    
  0.158332080      0.109781481    
  0.159731194      0.112792999    
  0.161142677      0.115895361    
  0.162566632      0.119091190    
  0.164003164      0.122383155    
  0.165452391      0.125773981    
  0.166914433      0.129266471    
  0.168389380      0.132863447    
  0.169877365      0.136567801    
  0.171378508      0.140382499    
  0.172892913      0.144310504    
  0.174420685      0.148354903    
  0.175961971      0.152518749    
  0.177516878      0.156805232    
  0.179085523      0.161217496    
  0.180668026      0.165758803    
  0.182264522      0.170432404    
  0.183875114      0.175241634    
  0.185499936      0.180189803    
  0.187139124      0.185280323    
  0.188792795      0.190516576    
  0.190461084      0.195901990    
  0.192144111      0.201440036    
  0.193842009      0.207134157    
  0.195554912      0.212987825    
  0.197282955      0.219004542    
  0.199026257      0.225187793    
  0.200784966      0.231541023    
  0.202559233      0.238067731    
  0.204349160      0.244771361    
  0.206154913      0.251655340    
  0.207976609      0.258723021    
  0.209814414      0.265977830    
  0.211668462      0.273423016    
  0.213538885      0.281061828    
  0.215425849      0.288897514    
  0.217329472      0.296933144    
  0.219249934      0.305171728    
  0.221187353      0.313616246    
  0.223141894      0.322269529    
  0.225113705      0.331134319    
  0.227102935      0.340213180    
  0.229109764      0.349508613    
  0.231134310      0.359022915    
  0.233176738      0.368758261    
  0.235237226      0.378716677    
  0.237315923      0.388899982    
  0.239412993      0.399309754    
  0.241528586      0.409947455    
  0.243662879      0.420814306    
  0.245816022      0.431911230    
  0.247988194      0.443239033    
  0.250179559      0.454798132    
  0.252390295      0.466588795    
  0.254620582      0.478610933    
  0.256870538      0.490864217    
  0.259140402      0.503347993    
  0.261430323      0.516061246    
  0.263740480      0.529002726    
  0.266071051      0.542170763    
  0.268422216      0.555563450    
  0.270794153      0.569178402    
  0.273187041      0.583012938    
  0.275601089      0.597063959    
  0.278036445      0.611328065    
  0.280493349      0.625801265    
  0.282971948      0.640479445    
  0.285472453      0.655357897    
  0.287995070      0.670431495    
  0.290539950      0.685694754    
  0.293107331      0.701141834    
  0.295697421      0.716766298    
  0.298310369      0.732561409    
  0.300946414      0.748519957    
  0.303605765      0.764634371    
  0.306288600      0.780896485    
  0.308995128      0.797297835    
  0.311725587      0.813829541    
  0.314480186      0.830482244    
  0.317259133      0.847246170    
  0.320062608      0.864111185    
  0.322890878      0.881066620    
  0.325744122      0.898101628    
  0.328622609      0.915204704    
  0.331526488      0.932364225    
  0.334456056      0.949567974    
  0.337411523      0.966803491    
  0.340393066      0.984058022    
  0.343400985       1.00131834    
  0.346435487       1.01857102    
  0.349496782       1.03580225    
  0.352585167       1.05299795    
  0.355700821       1.07014382    
  0.358843982       1.08722532    
  0.362014949       1.10422754    
  0.365213931       1.12113535    
  0.368441164       1.13793385    
  0.371696919       1.15460730    
  0.374981463       1.17114019    
  0.378295034       1.18751693    
  0.381637871       1.20372152    
  0.385010242       1.21973825    
  0.388412416       1.23555100    
  0.391844660       1.25114369    
  0.395307213       1.26650035    
  0.398800403       1.28160489    
  0.402324438       1.29644132    
  0.405879617       1.31099355    
  0.409466207       1.32524562    
  0.413084477       1.33918178    
  0.416734725       1.35278630    
  0.420417249       1.36604357    
  0.424132317       1.37893820    
  0.427880198       1.39145505    
  0.431661189       1.40357888    
  0.435475618       1.41529512    
  0.439323723       1.42658925    
  0.443205833       1.43744707    
  0.447122276       1.44785464    
  0.451073319       1.45779848    
  0.455059260       1.46726537    
  0.459080428       1.47624254    
  0.463137150       1.48471761    
  0.467229694       1.49267876    
  0.471358418       1.50011444    
  0.475523621       1.50701368    
  0.479725629       1.51336610    
  0.483964741       1.51916182    
  0.488241345       1.52439153    
  0.492555737       1.52904630    
  0.496908247       1.53311813    
  0.501299202       1.53659940    
  0.505729020       1.53948331    
  0.510197937       1.54176366    
  0.514706314       1.54343474    
  0.519254565       1.54449201    
  0.523843050       1.54493105    
  0.528472006       1.54474878    
  0.533141911       1.54394233    
  0.537853062       1.54250991    
  0.542605817       1.54045045    
  0.547400653       1.53776348    
  0.552237809       1.53444958    
  0.557117701       1.53050983    
  0.562040687       1.52594638    
  0.567007244       1.52076185    
  0.572017610       1.51496005    
  0.577072322       1.50854528    
  0.582171679       1.50152266    
  0.587316096       1.49389815    
  0.592505932       1.48567855    
  0.597741663       1.47687137    
  0.603023708       1.46748459    
  0.608352363       1.45752752    
  0.613728106       1.44700968    
  0.619151354       1.43594146    
  0.624622583       1.42433393    
  0.630142093       1.41219902    
  0.635710418       1.39954913    
  0.641327918       1.38639712    
  0.646995068       1.37275672    
  0.652712286       1.35864210    
  0.658480048       1.34406817    
  0.664298773       1.32905018    
  0.670168877       1.31360388    
  0.676090896       1.29774547    
  0.682065248       1.28149164    
  0.688092351       1.26485956    
  0.694172740       1.24786663    
  0.700306892       1.23053062    
  0.706495225       1.21286964    
  0.712738216       1.19490218    
  0.719036400       1.17664659    
  0.725390255       1.15812194    
  0.731800199       1.13934708    
  0.738266826       1.12034118    
  0.744790554       1.10112345    
  0.751371980       1.08171308    
  0.758011580       1.06212962    
  0.764709771       1.04239225    
  0.771467209       1.02252018    
  0.778284371       1.00253284    
  0.785161734      0.982449353    
  0.792099893      0.962288678    
  0.799099326      0.942069650    
  0.806160688      0.921811044    
  0.813284397      0.901531219    
  0.820471048      0.881248534    
  0.827721179      0.860980809    
  0.835035443      0.840745807    
  0.842414320      0.820560813    
  0.849858344      0.800442815    
  0.857368231      0.780408442    
  0.864944458      0.760473847    
  0.872587562      0.740654945    
  0.880298257      0.720966995    
  0.888077140      0.701425016    
  0.895924687      0.682043374    
  0.903841615      0.662836015    
  0.911828518      0.643816411    
  0.919885933      0.624997497    
  0.928014576      0.606391609    
  0.936215103      0.588010609    
  0.944488049      0.569865823    
  0.952834070      0.551967919    
  0.961253881      0.534327090    
  0.969748080      0.516952813    
  0.978317380      0.499854177    
  0.986962378      0.483039528    
  0.995683730      0.466516644    
   1.00448215      0.450292766    
   1.01335835      0.434374481    
   1.02231300      0.418767840    
   1.03134680      0.403478235    
   1.04046035      0.388510555    
   1.04965448      0.373869032    
   1.05892980      0.359557360    
   1.06828713      0.345578671    
   1.07772720      0.331935555    
   1.08725059      0.318629950    
   1.09685826      0.305663407    
   1.10655069      0.293036848    
   1.11632884      0.280750692    
   1.12619340      0.268804908    
   1.13614511      0.257198870    
   1.14618468      0.245931625    
   1.15631306      0.235001653    
   1.16653097      0.224407017    
   1.17683911      0.214145377    
   1.18723834      0.204213962    
   1.19772947      0.194609657    
   1.20831335      0.185328931    
   1.21899068      0.176367909    
   1.22976243      0.167722404    
   1.24062932      0.159387901    
   1.25159228      0.151359588    
   1.26265204      0.143632412    
   1.27380955      0.136201039    
   1.28506577      0.129059881    
   1.29642129      0.122203179    
   1.30787730      0.115624964    
   1.31943440      0.109319083    
   1.33109379      0.103279233    
   1.34285605       9.74989757E-02
   1.35472238       9.19717550E-02
   1.36669350       8.66909102E-02
   1.37877035       8.16497058E-02
   1.39095402       7.68413320E-02
   1.40324533       7.22589493E-02
   1.41564524       6.78956583E-02
   1.42815471       6.37445748E-02
   1.44077468       5.97987920E-02
   1.45350623       5.60514256E-02
   1.46635032       5.24956249E-02
   1.47930777       4.91245724E-02
   1.49237978       4.59315106E-02
   1.50556743       4.29097451E-02
   1.51887143       4.00526598E-02
   1.53229308       3.73537317E-02
   1.54583335       3.48065272E-02
   1.55949330       3.24047282E-02
   1.57327390       3.01421247E-02
   1.58717620       2.80126389E-02
   1.60120142       2.60103121E-02
   1.61535060       2.41293330E-02
   1.62962484       2.23640259E-02
   1.64402509       2.07088646E-02
   1.65855277       1.91584714E-02
   1.67320871       1.77076235E-02
   1.68799412       1.63512621E-02
   1.70291018       1.50844790E-02
   1.71795809       1.39025338E-02
   1.73313904       1.28008481E-02
   1.74845409       1.17750047E-02
   1.76390445       1.08207520E-02
   1.77949131       9.93400160E-03
   1.79521596       9.11082700E-03
   1.81107962       8.34746193E-03
   1.82708335       7.64030265E-03
   1.84322858       6.98589953E-03
   1.85951638       6.38096035E-03
   1.87594819       5.82234375E-03
   1.89252520       5.30705880E-03
   1.90924859       4.83226078E-03
   1.92611980       4.39524697E-03
   1.94314015       3.99345439E-03
   1.96031094       3.62445507E-03
   1.97763336       3.28595191E-03
   1.99510896       2.97577563E-03
   2.01273894       2.69187894E-03
   2.03052473       2.43233307E-03
   2.04846764       2.19532428E-03
   2.06656909       1.97914755E-03
   2.08483052       1.78220321E-03
   2.10325313       1.60299300E-03
   2.12183881       1.44011446E-03
   2.14058852       1.29225757E-03
   2.15950418       1.15819951E-03
   2.17858672       1.03680126E-03
   2.19783807       9.27002751E-04
   2.21725941       8.27819051E-04
   2.23685241       7.38336239E-04
   2.25661850       6.57707453E-04
   2.27655935       5.85149159E-04
   2.29667640       5.19937370E-04
   2.31697130       4.61404270E-04
   2.33744526       4.08934429E-04
   2.35810041       3.61961720E-04
   2.37893796       3.19966144E-04
   2.39995956       2.82470661E-04
   2.42116714       2.49038363E-04
   2.44256186       2.19269670E-04
   2.46414590       1.92799649E-04
   2.48592043       1.69295585E-04
   2.50788760       1.48454550E-04
   2.53004885       1.30001135E-04
   2.55240583       1.13685412E-04
   2.57496023       9.92808564E-05
   2.59771419       8.65825423E-05
   2.62066913       7.54053326E-05
   2.64382696       6.55822878E-05
   2.66718936       5.69630865E-05
   2.69075823       4.94126616E-05
   2.71453524       4.28098283E-05
   2.73852253       3.70460912E-05
   2.76272178       3.20244944E-05
   2.78713489       2.76586088E-05
   2.81176353       2.38715547E-05
   2.83660984       2.05951437E-05
   2.86167598       1.77690908E-05
   2.88696337       1.53402889E-05
   2.91247416       1.32621835E-05
   2.93821073       1.14941950E-05
   2.96417427       1.00012267E-05
   2.99036765       8.75323803E-06
   3.01679230       7.72488875E-06
   3.04345036       6.89526087E-06
   3.07034421       6.24765062E-06
   3.09747553       5.76944876E-06
   3.12484670       5.45210514E-06
   3.15245962       5.29119825E-06
   3.18031645       5.28661258E-06
   3.20841980       1.34544268E-06
   3.23677111       8.84658846E-07
   3.26537323       4.47791365E-07
   3.29422808       2.14984848E-08
   3.32333779      -4.07899392E-07
   3.35270476      -8.29466136E-33
   3.38233113       0.00000000    
   3.41221952       0.00000000    
   3.44237185       0.00000000    
   3.47279072       0.00000000    
   3.50347829       0.00000000    
   3.53443718       0.00000000    
   3.56566954       0.00000000    
   3.59717774       0.00000000    
   3.62896466       0.00000000    
   3.66103220       0.00000000    
   3.69338322       0.00000000    
   3.72602010       0.00000000    
   3.75894547       0.00000000    
   3.79216170       0.00000000    
   3.82567167       0.00000000    
   3.85947752       0.00000000    
   3.89358211       0.00000000    
   3.92798805       0.00000000    
   3.96269798       0.00000000    
   3.99771476       0.00000000    
   4.03304100       0.00000000    
   4.06867933       0.00000000    
   4.10463238       0.00000000    
   4.14090347       0.00000000    
   4.17749500       0.00000000    
   4.21440983       0.00000000    
   4.25165081       0.00000000    
   4.28922081       0.00000000    
   4.32712317       0.00000000    
   4.36535978       0.00000000    
   4.40393496       0.00000000    
   4.44285059       0.00000000    
   4.48211050       0.00000000    
   4.52171707       0.00000000    
   4.56167364       0.00000000    
   4.60198307       0.00000000    
   4.64264870       0.00000000    
   4.68367386       0.00000000    
   4.72506189       0.00000000    
   4.76681519       0.00000000    
   4.80893755       0.00000000    
   4.85143232       0.00000000    
   4.89430237       0.00000000    
   4.93755102       0.00000000    
   4.98118258       0.00000000    
   5.02519894       0.00000000    
   5.06960487       0.00000000    
   5.11440277       0.00000000    
   5.15959644       0.00000000    
   5.20518970       0.00000000    
   5.25118589       0.00000000    
   5.29758835       0.00000000    
   5.34440088       0.00000000    
   5.39162731       0.00000000    
   5.43927097       0.00000000    
   5.48733568       0.00000000    
   5.53582478       0.00000000    
   5.58474255       0.00000000    
   5.63409281       0.00000000    
   5.68387890       0.00000000    
   5.73410511       0.00000000    
   5.78477478       0.00000000    
   5.83589268       0.00000000    
   5.88746214       0.00000000    
   5.93948698       0.00000000    
   5.99197197       0.00000000    
   6.04492044       0.00000000    
   6.09833717       0.00000000    
   6.15222549       0.00000000    
   6.20659018       0.00000000    
   6.26143551       0.00000000    
   6.31676483       0.00000000    
   6.37258387       0.00000000    
   6.42889547       0.00000000    
   6.48570538       0.00000000    
   6.54301643       0.00000000    
   6.60083485       0.00000000    
   6.65916348       0.00000000    
   6.71800756       0.00000000    
   6.77737188       0.00000000    
   6.83726072       0.00000000    
   6.89767885       0.00000000    
   6.95863104       0.00000000    
   7.02012157       0.00000000    
   7.08215523       0.00000000    
   7.14473772       0.00000000    
   7.20787287       0.00000000    
   7.27156544       0.00000000    
   7.33582163       0.00000000    
   7.40064526       0.00000000    
   7.46604156       0.00000000    
   7.53201580       0.00000000    
   7.59857321       0.00000000    
   7.66571856       0.00000000    
   7.73345757       0.00000000    
   7.80179501       0.00000000    
   7.87073612       0.00000000    
   7.94028664       0.00000000    
   8.01045132       0.00000000    
   8.08123684       0.00000000    
   8.15264702       0.00000000    
   8.22468853       0.00000000    
   8.29736710       0.00000000    
   8.37068748       0.00000000    
   8.44465637       0.00000000    
   8.51927757       0.00000000    
   8.59455967       0.00000000    
   8.67050552       0.00000000    
   8.74712372       0.00000000    
   8.82441807       0.00000000    
   8.90239620       0.00000000    
   8.98106289       0.00000000    
   9.06042480       0.00000000    
   9.14048767       0.00000000    
   9.22125912       0.00000000    
   9.30274296       0.00000000    
   9.38494778       0.00000000    
   9.46787834       0.00000000    
   9.55154228       0.00000000    
   9.63594532       0.00000000    
   9.72109413       0.00000000    
   9.80699539       0.00000000    
   9.89365578       0.00000000    
   9.98108196       0.00000000    
   10.0692816       0.00000000    
   10.1582594       0.00000000    
   10.2480240       0.00000000    
   10.3385811       0.00000000    
   10.4299393       0.00000000    
   10.5221043       0.00000000    
   10.6150837       0.00000000    
   10.7088852       0.00000000    
   10.8035145       0.00000000    
   10.8989811       0.00000000    
   10.9952908       0.00000000    
   11.0924520       0.00000000    
   11.1904707       0.00000000    
   11.2893562       0.00000000    
   11.3891163       0.00000000    
   11.4897566       0.00000000    
   11.5912876       0.00000000    
   11.6937151       0.00000000    
   11.7970476       0.00000000    
   11.9012928       0.00000000    
   12.0064602       0.00000000    
   12.1125565       0.00000000    
   12.2195892       0.00000000    
   12.3275690       0.00000000    
   12.4365025       0.00000000    
   12.5463991       0.00000000    
   12.6572666       0.00000000    
   12.7691135       0.00000000    
   12.8819494       0.00000000    
   12.9957819       0.00000000    
   13.1106195       0.00000000    
   13.2264729       0.00000000    
   13.3433504       0.00000000    
   13.4612598       0.00000000    
   13.5802116       0.00000000    
   13.7002144       0.00000000    
   13.8212776       0.00000000    
   13.9434099       0.00000000    
   14.0666227       0.00000000    
   14.1909237       0.00000000    
   14.3163223       0.00000000    
   14.4428301       0.00000000    
   14.5704556       0.00000000    
   14.6992083       0.00000000    
   14.8290997       0.00000000    
   14.9601383       0.00000000    
   15.0923347       0.00000000    
   15.2256994       0.00000000    
   15.3602428       0.00000000    
   15.4959745       0.00000000    
   15.6329069       0.00000000    
   15.7710485       0.00000000    
   15.9104099       0.00000000    
   16.0510044       0.00000000    
   16.1928406       0.00000000    
   16.3359299       0.00000000    
   16.4802837       0.00000000    
   16.6259136       0.00000000    
   16.7728291       0.00000000    
   16.9210434       0.00000000    
   17.0705681       0.00000000    
   17.2214146       0.00000000    
   17.3735924       0.00000000    
   17.5271168       0.00000000    
   17.6819954       0.00000000    
   17.8382454       0.00000000    
   17.9958744       0.00000000    
   18.1548958       0.00000000    
   18.3153229       0.00000000    
   18.4771690       0.00000000    
   18.6404438       0.00000000    
   18.8051605       0.00000000    
   18.9713345       0.00000000    
   19.1389771       0.00000000    
   19.3080997       0.00000000    
   19.4787178       0.00000000    
   19.6508427       0.00000000    
   19.8244896       0.00000000    
   19.9996700       0.00000000    
   20.1763992       0.00000000    
   20.3546906       0.00000000    
   20.5345554       0.00000000    
   20.7160110       0.00000000    
   20.8990707       0.00000000    
   21.0837460       0.00000000    
   21.2700558       0.00000000    
   21.4580097       0.00000000    
   21.6476250       0.00000000    
   21.8389168       0.00000000    
   22.0318985       0.00000000    
   22.2265854       0.00000000    
   22.4229927       0.00000000    
   22.6211357       0.00000000    
   22.8210297       0.00000000    
   23.0226898       0.00000000    
   23.2261314       0.00000000    
   23.4313717       0.00000000    
   23.6384239       0.00000000    
   23.8473072       0.00000000    
   24.0580368       0.00000000    
   24.2706280       0.00000000    
   24.4850960       0.00000000    
   24.7014618       0.00000000    
   24.9197388       0.00000000    
   25.1399441       0.00000000    
   25.3620949       0.00000000    
   25.5862103       0.00000000    
   25.8123035       0.00000000    
   26.0403976       0.00000000    
   26.2705059       0.00000000    
   26.5026474       0.00000000    
   26.7368393       0.00000000    
   26.9731026       0.00000000    
   27.2114525       0.00000000    
   27.4519081       0.00000000    
   27.6944904       0.00000000    
   27.9392147       0.00000000    
   28.1861019       0.00000000    
   28.4351711       0.00000000    
   28.6864414       0.00000000    
   28.9399319       0.00000000    
   29.1956615       0.00000000    
   29.4536514       0.00000000    
   29.7139225       0.00000000    
   29.9764919       0.00000000    
   30.2413826       0.00000000    
   30.5086117       0.00000000    
   30.7782040       0.00000000    
   31.0501785       0.00000000    
   31.3245564       0.00000000    
   31.6013584       0.00000000    
   31.8806076       0.00000000    
   32.1623230       0.00000000    
   32.4465294       0.00000000    
   32.7332458       0.00000000    
   33.0224953       0.00000000    
   33.3143005       0.00000000    
   33.6086845       0.00000000    
   33.9056740       0.00000000    
   34.2052841       0.00000000    
   34.5075417       0.00000000    
   34.8124695       0.00000000    
   35.1200943       0.00000000    
   35.4304352       0.00000000    
   35.7435188       0.00000000    
   36.0593719       0.00000000    
   36.3780136       0.00000000    
   36.6994705       0.00000000    
   37.0237694       0.00000000    
   37.3509331       0.00000000    
   37.6809845       0.00000000    
   38.0139580       0.00000000    
   38.3498726       0.00000000    
   38.6887550       0.00000000    
   39.0306320       0.00000000    
   39.3755264       0.00000000    
   39.7234726       0.00000000    
   40.0744934       0.00000000    
   40.4286156       0.00000000    
   40.7858658       0.00000000    
   41.1462746       0.00000000    
   41.5098686       0.00000000    
   41.8766708       0.00000000    
   42.2467194       0.00000000    
   42.6200371       0.00000000    
   42.9966507       0.00000000    
   43.3765945       0.00000000    
   43.7598953       0.00000000    
   44.1465836       0.00000000    
   44.5366898       0.00000000    
   44.9302444       0.00000000    
   45.3272743       0.00000000    
   45.7278099       0.00000000    
   46.1318893       0.00000000    
   46.5395393       0.00000000    
   46.9507904       0.00000000    
   47.3656731       0.00000000    
   47.7842255       0.00000000    
   48.2064743       0.00000000    
   48.6324539       0.00000000    
   49.0621986       0.00000000    
   49.4957428       0.00000000    
   49.9331169       0.00000000    
   50.3743553       0.00000000    
   50.8194923       0.00000000    
   51.2685623       0.00000000    
   51.7216034       0.00000000    
   52.1786461       0.00000000    
   52.6397247       0.00000000    
   53.1048813       0.00000000    
   53.5741501       0.00000000    
   54.0475616       0.00000000    
   54.5251579       0.00000000    
   55.0069733       0.00000000    
   55.4930458       0.00000000    
   55.9834175       0.00000000    
   56.4781189       0.00000000    
   56.9771919       0.00000000    
   57.4806786       0.00000000    
   57.9886093       0.00000000    
   58.5010338       0.00000000    
   59.0179825       0.00000000    
   59.5395012       0.00000000    
   60.0656242       0.00000000    
   60.5964012       0.00000000    
   61.1318665       0.00000000    
   61.6720619       0.00000000    
   62.2170334       0.00000000    
   62.7668190       0.00000000    
   63.3214645       0.00000000    
   63.8810120       0.00000000    
   64.4455032       0.00000000    
   65.0149765       0.00000000    
   65.5894928       0.00000000    
   66.1690750       0.00000000    
   66.7537842       0.00000000    
   67.3436661       0.00000000    
   67.9387512       0.00000000    
   68.5391006       0.00000000    
   69.1447525       0.00000000    
   69.7557526       0.00000000    
   70.3721542       0.00000000    
   70.9940033       0.00000000    
   71.6213531       0.00000000    
   72.2542419       0.00000000    
   72.8927231       0.00000000    
   73.5368423       0.00000000    
   74.1866608       0.00000000    
   74.8422165       0.00000000    
   75.5035629       0.00000000    
   76.1707611       0.00000000    
   76.8438492       0.00000000    
   77.5228882       0.00000000    
   78.2079239       0.00000000    
   78.8990173       0.00000000    
   79.5962143       0.00000000    
   80.2995758       0.00000000    
   81.0091476       0.00000000    
   81.7249908       0.00000000    
   82.4471664       0.00000000    
   83.1757126       0.00000000    
   83.9107056       0.00000000    
   84.6521912       0.00000000    
   85.4002228       0.00000000    
   86.1548691       0.00000000    
   86.9161835       0.00000000    
   87.6842270       0.00000000    
   88.4590607       0.00000000    
   89.2407379       0.00000000    
   90.0293198       0.00000000    
   90.8248749       0.00000000    
   91.6274567       0.00000000    
   92.4371262       0.00000000    
   93.2539597       0.00000000    
   94.0780029       0.00000000    
   94.9093323       0.00000000    
   95.7480087       0.00000000    
   96.5940933       0.00000000    
   97.4476547       0.00000000    
   98.3087616       0.00000000    
   99.1774750       0.00000000    
   100.053864       0.00000000    
   100.938004       0.00000000    
   101.829948       0.00000000    
   102.729774       0.00000000    
   103.637558       0.00000000    
   104.553360       0.00000000    
   105.477257       0.00000000    
   106.409317       0.00000000    
   107.349609       0.00000000    
   108.298218       0.00000000    
   109.255203       0.00000000    
   110.220642       0.00000000    
   111.194618       0.00000000    
   112.177200       0.00000000    
   113.168465       0.00000000    
   114.168488       0.00000000    
   115.177345       0.00000000    
   116.195122       0.00000000    
   117.221893       0.00000000    
   118.257736       0.00000000    
   119.302727       0.00000000    
  20. 0.
  20. -100000.
  0. -100000.
