   3.3627886318793411E-006   182.35602917912979     
   3.3925042148090786E-006   182.35602917816630     
   3.4224823821488162E-006   182.35602917622140     
   3.4527254542492096E-006   182.35602917422534     
   3.4832357719649025E-006   182.35602917124606     
   3.5140156968357106E-006   182.35602917007657     
   3.5450676112694065E-006   182.35602916978445     
   3.5763939187261232E-006   182.35602916664362     
   3.6079970439043843E-006   182.35602916530974     
   3.6398794329287793E-006   182.35602916298774     
   3.6720435535392962E-006   182.35602916060810     
   3.7044918952823290E-006   182.35602916003222     
   3.7372269697033709E-006   182.35602915753395     
   3.7702513105414128E-006   182.35602915590607     
   3.8035674739250544E-006   182.35602915235359     
   3.8371780385703586E-006   182.35602915060076     
   3.8710856059804409E-006   182.35602914971491     
   3.9052928006468332E-006   182.35602914690116     
   3.9398022702526207E-006   182.35602914495234     
   3.9746166858773799E-006   182.35602914293582     
   4.0097387422039182E-006   182.35602914178173     
   4.0451711577268510E-006   182.35602913869491     
   4.0809166749630141E-006   182.35602913646818     
   4.1169780606637394E-006   182.35602913323743     
   4.1533581060290026E-006   182.35602912993284     
   4.1900596269234724E-006   182.35602912934701     
   4.2270854640944539E-006   182.35602912495938     
   4.2644384833917707E-006   182.35602912421916     
   4.3021215759895885E-006   182.35602912060574     
   4.3401376586101858E-006   182.35602911784287     
   4.3784896737497264E-006   182.35602911499791     
   4.4171805899059996E-006   182.35602911300072     
   4.4562134018081927E-006   182.35602910905584     
   4.4955911306486871E-006   182.35602910595577     
   4.5353168243168984E-006   182.35602910369892     
   4.5753935576351948E-006   182.35602910135231     
   4.6158244325968826E-006   182.35602909705193     
   4.6566125786063114E-006   182.35602909358988     
   4.6977611527210942E-006   182.35602909096474     
   4.7392733398964654E-006   182.35602908917468     
   4.7811523532318011E-006   182.35602908402711     
   4.8234014342193182E-006   182.35602908157387     
   4.8660238529949692E-006   182.35602907762222     
   4.9090229085915572E-006   182.35602907496434     
   4.9524019291940840E-006   182.35602907080442     
   4.9961642723973547E-006   182.35602906700325     
   5.0403133254658628E-006   182.35602906355888     
   5.0848525055959683E-006   182.35602906000389     
   5.1297852601803916E-006   182.35602905633618     
   5.1751150670750483E-006   182.35602905162244     
   5.2208454348682396E-006   182.35602904772327     
   5.2669799031522213E-006   182.35602904463656     
   5.3135220427971725E-006   182.35602904049767     
   5.3604754562275872E-006   182.35602903623567     
   5.4078437777011070E-006   182.35602903138283     
   5.4556306735898133E-006   182.35602902779937     
   5.5038398426640163E-006   182.35602902315497     
   5.5524750163785405E-006   182.35602901930974     
   5.6015399591615439E-006   182.35602901439893     
   5.6510384687058927E-006   182.35602900981684     
   5.7009743762631049E-006   182.35602900556137     
   5.7513515469398948E-006   182.35602900023287     
   5.8021738799973422E-006   182.35602899522587     
   5.8534453091526934E-006   182.35602899053771     
   5.9051698028838392E-006   182.35602898570028     
   5.9573513647364825E-006   182.35602898117645     
   6.0099940336340168E-006   182.35602897556663     
   6.0631018841901412E-006   182.35602897073068     
   6.1166790270242451E-006   182.35602896526882     
   6.1707296090795764E-006   182.35602895917822     
   6.2252578139442153E-006   182.35602895431862     
   6.2802678621748932E-006   182.35602894882447     
   6.3357640116236708E-006   182.35602894269266     
   6.3917505577674987E-006   182.35602893638600     
   6.4482318340406944E-006   182.35602893036685     
   6.5052122121703559E-006   182.35602892416642     
   6.5626961025147397E-006   182.35602891871287     
   6.6206879544046269E-006   182.35602891214029     
   6.6791922564877116E-006   182.35602890584227     
   6.7382135370760191E-006   182.35602889888423     
   6.7977563644964164E-006   182.35602889172816     
   6.8578253474441963E-006   182.35602888623333     
   6.9184251353398007E-006   182.35602887867094     
   6.9795604186886914E-006   182.35602887229675     
   7.0412359294444024E-006   182.35602886524464     
   7.1034564413748016E-006   182.35602885704520     
   7.1662267704315781E-006   182.35602884955699     
   7.2295517751230140E-006   182.35602884231071     
   7.2934363568900339E-006   182.35602883530208     
   7.3578854604855859E-006   182.35602882713044     
   7.4229040743573656E-006   182.35602881918851     
   7.4884972310339366E-006   182.35602881100624     
   7.5546700075142532E-006   182.35602880304532     
   7.6214275256606241E-006   182.35602879483548     
   7.6887749525951522E-006   182.35602878590691     
   7.7567175010996785E-006   182.35602877718622     
   7.8252604300192591E-006   182.35602876913470     
   7.8944090446692021E-006   182.35602875988491     
   7.9641686972457126E-006   182.35602874989775     
   8.0345447872401540E-006   182.35602874149674     
   8.1055427618569832E-006   182.35602873188310     
   8.1771681164353624E-006   182.35602872338012     
   8.2494263948745124E-006   182.35602871132585     
   8.3223231900628155E-006   182.35602870270043     
   8.3958641443107145E-006   182.35602869237601     
   8.4700549497874319E-006   182.35602868174436     
   8.5449013489615547E-006   182.35602867126562     
   8.6204091350455080E-006   182.35602866093433     
   8.6965841524439571E-006   182.35602865074480     
   8.7734322972061724E-006   182.35602863929421     
   8.8509595174823904E-006   182.35602862797384     
   8.9291718139842118E-006   182.35602861584618     
   9.0080752404490615E-006   182.35602860523386     
   9.0876759041087591E-006   182.35602859287064     
   9.1679799661622260E-006   182.35602858061316     
   9.2489936422523628E-006   182.35602856798943     
   9.3307232029471628E-006   182.35602855592401     
   9.4131749742250550E-006   182.35602854254779     
   9.4963553379645362E-006   182.35602853018236     
   9.5802707324381529E-006   182.35602851719096     
   9.6649276528108167E-006   182.35602850379945     
   9.7503326516425478E-006   182.35602849023371     
   9.8364923393956525E-006   182.35602847625347     
   9.9234133849463772E-006   182.35602846231723     
   1.0011102516101090E-005   182.35602844771893     
   1.0099566520117025E-005   182.35602843338216     
   1.0188812244227618E-005   182.35602841836806     
   1.0278846596172501E-005   182.35602840313419     
   1.0369676544732163E-005   182.35602838767267     
   1.0461309120267347E-005   182.35602837197524     
   1.0553751415263213E-005   182.35602835603356     
   1.0647010584878292E-005   182.35602833983933     
   1.0741093847498319E-005   182.35602832291806     
   1.0836008485294943E-005   182.35602830642523     
   1.0931761844789375E-005   182.35602828895486     
   1.1028361337421012E-005   182.35602827142935     
   1.1125814440121107E-005   182.35602825407210     
   1.1224128695891483E-005   182.35602823570969     
   1.1323311714388371E-005   182.35602821679817     
   1.1423371172511415E-005   182.35602819849180     
   1.1524314814997871E-005   182.35602817915105     
   1.1626150455022051E-005   182.35602816016274     
   1.1728885974800096E-005   182.35602814035229     
   1.1832529326200040E-005   182.35602812017510     
   1.1937088531357324E-005   182.35602809938769     
   1.2042571683295700E-005   182.35602807867747     
   1.2148986946553652E-005   182.35602805756810     
   1.2256342557816339E-005   182.35602803558254     
   1.2364646826553123E-005   182.35602801433907     
   1.2473908135660744E-005   182.35602799196363     
   1.2584134942112152E-005   182.35602796890987     
   1.2695335777611100E-005   182.35602794586430     
   1.2807519249252504E-005   182.35602792188348     
   1.2920694040188645E-005   182.35602789811890     
   1.3034868910301260E-005   182.35602787409232     
   1.3150052696879559E-005   182.35602784909224     
   1.3266254315304255E-005   182.35602782403691     
   1.3383482759737619E-005   182.35602779844731     
   1.3501747103819644E-005   182.35602777184408     
   1.3621056501370354E-005   182.35602774561045     
   1.3741420187098324E-005   182.35602771810244     
   1.3862847477315462E-005   182.35602769023689     
   1.3985347770658090E-005   182.35602766246507     
   1.4108930548814431E-005   182.35602763384077     
   1.4233605377258496E-005   182.35602760458141     
   1.4359381905990460E-005   182.35602757537032     
   1.4486269870283586E-005   182.35602754479487     
   1.4614279091437758E-005   182.35602751423602     
   1.4743419477539649E-005   182.35602748297902     
   1.4873701024229637E-005   182.35602745124027     
   1.5005133815475459E-005   182.35602741876983     
   1.5137728024352747E-005   182.35602738624954     
   1.5271493913832420E-005   182.35602735249739     
   1.5406441837575063E-005   182.35602731866004     
   1.5542582240732303E-005   182.35602728402085     
   1.5679925660755298E-005   182.35602724879442     
   1.5818482728210324E-005   182.35602721272909     
   1.5958264167601614E-005   182.35602717580582     
   1.6099280798201442E-005   182.35602713870395     
   1.6241543534887552E-005   182.35602710070498     
   1.6385063388987981E-005   182.35602706225484     
   1.6529851469133350E-005   182.35602702263441     
   1.6675918982116694E-005   182.35602698275420     
   1.6823277233760882E-005   182.35602694259325     
   1.6971937629793686E-005   182.35602690096573     
   1.7121911676730623E-005   182.35602685901398     
   1.7273210982765566E-005   182.35602681625005     
   1.7425847258669226E-005   182.35602677288404     
   1.7579832318695596E-005   182.35602672772876     
   1.7735178081496376E-005   182.35602668285617     
   1.7891896571043504E-005   182.35602663684540     
   1.8049999917559816E-005   182.35602659013773     
   1.8209500358457956E-005   182.35602654247555     
   1.8370410239287560E-005   182.35602649383372     
   1.8532742014690815E-005   182.35602644488506     
   1.8696508249366474E-005   182.35602639467209     
   1.8861721619042368E-005   182.35602634316814     
   1.9028394911456541E-005   182.35602629151055     
   1.9196541027347025E-005   182.35602623850741     
   1.9366172981450386E-005   182.35602618482937     
   1.9537303903509057E-005   182.35602612986582     
   1.9709947039287639E-005   182.35602607405326     
   1.9884115751598107E-005   182.35602601712947     
   2.0059823521334115E-005   182.35602595941361     
   2.0237083948514450E-005   182.35602590040929     
   2.0415910753335683E-005   182.35602584078407     
   2.0596317777234130E-005   182.35602577969121     
   2.0778318983957192E-005   182.35602571779708     
   2.0961928460644181E-005   182.35602565448664     
   2.1147160418916682E-005   182.35602559042502     
   2.1334029195978533E-005   182.35602552499620     
   2.1522549255725569E-005   182.35602545851475     
   2.1712735189865134E-005   182.35602539082913     
   2.1904601719045500E-005   182.35602532201983     
   2.2098163693995263E-005   182.35602525181753     
   2.2293436096672816E-005   182.35602518030157     
   2.2490434041425969E-005   182.35602510755064     
   2.2689172776161815E-005   182.35602503387531     
   2.2889667683526954E-005   182.35602495865464     
   2.3091934282098111E-005   182.35602488196497     
   2.3295988227583308E-005   182.35602480411512     
   2.3501845314033632E-005   182.35602472471476     
   2.3709521475065718E-005   182.35602464395436     
   2.3919032785095028E-005   182.35602456202423     
   2.4130395460580045E-005   182.35602447794957     
   2.4343625861277429E-005   182.35602439308309     
   2.4558740491508302E-005   182.35602430644832     
   2.4775756001435694E-005   182.35602421834875     
   2.4994689188353290E-005   182.35602412850471     
   2.5215556997985575E-005   182.35602403698533     
   2.5438376525799437E-005   182.35602394420789     
   2.5663165018327387E-005   182.35602384977386     
   2.5889939874502474E-005   182.35602375340034     
   2.6118718647004975E-005   182.35602365561857     
   2.6349519043620988E-005   182.35602355556165     
   2.6582358928613059E-005   182.35602345410814     
   2.6817256324102884E-005   182.35602335085514     
   2.7054229411466266E-005   182.35602324563149     
   2.7293296532740340E-005   182.35602313873085     
   2.7534476192043311E-005   182.35602302986365     
   2.7777787057006684E-005   182.35602291920526     
   2.8023247960220156E-005   182.35602280611477     
   2.8270877900689280E-005   182.35602269134733     
   2.8520696045306043E-005   182.35602257460960     
   2.8772721730332367E-005   182.35602245583959     
   2.9026974462896811E-005   182.35602233474151     
   2.9283473922504401E-005   182.35602221160059     
   2.9542239962559879E-005   182.35602208611880     
   2.9803292611904381E-005   182.35602195857905     
   3.0066652076365678E-005   182.35602182891375     
   3.0332338740322166E-005   182.35602169670494     
   3.0600373168280610E-005   182.35602156211553     
   3.0870776106467898E-005   182.35602142530718     
   3.1143568484436788E-005   182.35602128597452     
   3.1418771416685924E-005   182.35602114427678     
   3.1696406204294101E-005   182.35602099990592     
   3.1976494336569000E-005   182.35602085301849     
   3.2259057492710514E-005   182.35602070353684     
   3.2544117543488694E-005   182.35602055149803     
   3.2831696552936645E-005   182.35602039658886     
   3.3121816780058244E-005   182.35602023907666     
   3.3414500680551085E-005   182.35602007852867     
   3.3709770908544505E-005   182.35601991544218     
   3.4007650318353111E-005   182.35601974938152     
   3.4308161966245711E-005   182.35601958049153     
   3.4611329112229878E-005   182.35601940821721     
   3.4917175221852332E-005   182.35601923304932     
   3.5225723968015212E-005   182.35601905477893     
   3.5536999232808353E-005   182.35601887354449     
   3.5851025109357836E-005   182.35601868901733     
   3.6167825903690796E-005   182.35601850098294     
   3.6487426136616769E-005   182.35601830992420     
   3.6809850545625609E-005   182.35601811515784     
   3.7135124086802204E-005   182.35601791704647     
   3.7463271936758143E-005   182.35601771548517     
   3.7794319494580387E-005   182.35601751025087     
   3.8128292383797205E-005   182.35601730158419     
   3.8465216454361473E-005   182.35601708902544     
   3.8805117784651483E-005   182.35601687269491     
   3.9148022683489444E-005   182.35601665265278     
   3.9493957692177870E-005   182.35601642860775     
   3.9842949586553814E-005   182.35601620067428     
   4.0195025379061453E-005   182.35601596849881     
   4.0550212320842843E-005   182.35601573242400     
   4.0908537903847172E-005   182.35601549191756     
   4.1270029862958714E-005   182.35601524737604     
   4.1634716178143545E-005   182.35601499843716     
   4.2002625076615199E-005   182.35601474491102     
   4.2373785035019516E-005   182.35601448707075     
   4.2748224781638769E-005   182.35601422460525     
   4.3125973298615272E-005   182.35601395743390     
   4.3507059824194632E-005   182.35601368553176     
   4.3891513854988830E-005   182.35601340892936     
   4.4279365148259307E-005   182.35601312718933     
   4.4670643724220207E-005   182.35601284068650     
   4.5065379868361982E-005   182.35601254897801     
   4.5463604133795543E-005   182.35601225196774     
   4.5865347343617073E-005   182.35601194990591     
   4.6270640593293847E-005   182.35601164228353     
   4.6679515253070995E-005   182.35601132940326     
   4.7092002970399625E-005   182.35601101086684     
   4.7508135672386411E-005   182.35601068668012     
   4.7927945568264723E-005   182.35601035672971     
   4.8351465151887736E-005   182.35601002101578     
   4.8778727204243457E-005   182.35600967918577     
   4.9209764795992029E-005   182.35600933129172     
   4.9644611290025463E-005   182.35600897744047     
   5.0083300344049925E-005   182.35600861703733     
   5.0525865913190931E-005   182.35600825035709     
   5.0972342252621506E-005   182.35600787726406     
   5.1422763920213576E-005   182.35600749744412     
   5.1877165779212804E-005   182.35600711087096     
   5.2335583000937043E-005   182.35600671739815     
   5.2798051067498630E-005   182.35600631693387     
   5.3264605774550792E-005   182.35600590955727     
   5.3735283234058230E-005   182.35600549470337     
   5.4210119877092273E-005   182.35600507267645     
   5.4689152456650648E-005   182.35600464302036     
   5.5172418050502283E-005   182.35600420574048     
   5.5659954064057083E-005   182.35600376077997     
   5.6151798233261247E-005   182.35600330796166     
   5.6647988627518021E-005   182.35600284692930     
   5.7148563652634328E-005   182.35600237790453     
   5.7653562053793493E-005   182.35600190046455     
   5.8163022918554077E-005   182.35600141453119     
   5.8676985679875366E-005   182.35600092008019     
   5.9195490119169525E-005   182.35600041667510     
   5.9718576369380730E-005   182.35599990439874     
   6.0246284918091533E-005   182.35599938303824     
   6.0778656610656607E-005   182.35599885243397     
   6.1315732653364252E-005   182.35599831236340     
   6.1857554616625860E-005   182.35599776277348     
   6.2404164438193470E-005   182.35599720343146     
   6.2955604426405813E-005   182.35599663409960     
   6.3511917263463056E-005   182.35599605476750     
   6.4073146008730451E-005   182.35599546507041     
   6.4639334102071179E-005   182.35599486487075     
   6.5210525367208675E-005   182.35599425408361     
   6.5786764015118610E-005   182.35599363232768     
   6.6368094647450927E-005   182.35599299973939     
   6.6954562259982032E-005   182.35599235569299     
   6.7546212246097549E-005   182.35599170048783     
   6.8143090400305786E-005   182.35599103348602     
   6.8745242921782360E-005   182.35599035450917     
   6.9352716417946041E-005   182.35598966372191     
   6.9965557908066193E-005   182.35598896052568     
   7.0583814826902225E-005   182.35598824495577     
   7.1207535028374982E-005   182.35598751657523     
   7.1836766789270813E-005   182.35598677534784     
   7.2471558812978168E-005   182.35598602088112     
   7.3111960233257422E-005   182.35598525306688     
   7.3758020618043752E-005   182.35598447173169     
   7.4409789973283862E-005   182.35598367628711     
   7.5067318746806515E-005   182.35598286689446     
   7.5730657832227149E-005   182.35598204312515     
   7.6399858572887290E-005   182.35598120465977     
   7.7074972765828447E-005   182.35598035131630     
   7.7756052665801318E-005   182.35597948284698     
   7.8443150989310404E-005   182.35597859893750     
   7.9136320918694297E-005   182.35597769938215     
   7.9835616106242139E-005   182.35597678382123     
   8.0541090678346288E-005   182.35597585203186     
   8.1252799239691818E-005   182.35597490366672     
   8.1970796877483003E-005   182.35597393857290     
   8.2695139165707123E-005   182.35597295618140     
   8.3425882169435993E-005   182.35597195646710     
   8.4163082449165429E-005   182.35597093898821     
   8.4906797065193148E-005   182.35596990340980     
   8.5657083582035319E-005   182.35596884944590     
   8.6414000072882065E-005   182.35596777677137     
   8.7177605124092499E-005   182.35596668508043     
   8.7947957839729343E-005   182.35596557397002     
   8.8725117846133624E-005   182.35596444317218     
   8.9509145296539895E-005   182.35596329226303     
   9.0300100875732151E-005   182.35596212095362     
   9.1098045804740955E-005   182.35596092882770     
   9.1903041845581908E-005   182.35595971560355     
   9.2715151306036259E-005   182.35595848084290     
   9.3534437044473531E-005   182.35595722409573     
   9.4360962474716853E-005   182.35595594501729     
   9.5194791570951266E-005   182.35595464325070     
   9.6035988872675474E-005   182.35595331842705     
   9.6884619489697187E-005   182.35595196999077     
   9.7740749107172800E-005   182.35595059772299     
   9.8604443990691468E-005   182.35594920098470     
   9.9475770991404135E-005   182.35594777950229     
   1.0035479755119796E-004   182.35594633281465     
   1.0124159170791636E-004   182.35594486044693     
   1.0213622210062527E-004   182.35594336188205     
   1.0303875797492585E-004   182.35594183676335     
   1.0394926918831423E-004   182.35594028451646     
   1.0486782621558856E-004   182.35593870475645     
   1.0579450015430386E-004   182.35593709688015     
   1.0672936273027507E-004   182.35593546058948     
   1.0767248630312869E-004   182.35593379513489     
   1.0862394387190356E-004   182.35593210018794     
   1.0958380908070106E-004   182.35593037508454     
   1.1055215622438528E-004   182.35592861934805     
   1.1152906025433353E-004   182.35592683254418     
   1.1251459678423767E-004   182.35592501393091     
   1.1350884209595667E-004   182.35592316304070     
   1.1451187314542108E-004   182.35592127935945     
   1.1552376756858936E-004   182.35591936212325     
   1.1654460368745708E-004   182.35591741095766     
   1.1757446051611914E-004   182.35591542509201     
   1.1861341776688558E-004   182.35591340397002     
   1.1966155585645135E-004   182.35591134698785     
   1.2071895591212081E-004   182.35590925352250     
   1.2178569977808697E-004   182.35590712278605     
   1.2286187002176637E-004   182.35590495423310     
   1.2394754994018994E-004   182.35590274723990     
   1.2504282356645029E-004   182.35590050107498     
   1.2614777567620595E-004   182.35589821498610     
   1.2726249179424319E-004   182.35589588834563     
   1.2838705820109568E-004   182.35589352035885     
   1.2952156193972274E-004   182.35589111041264     
   1.3066609082224668E-004   182.35588865758109     
   1.3182073343674940E-004   182.35588616129365     
   1.3298557915412932E-004   182.35588362066579     
   1.3416071813501890E-004   182.35588103484776     
   1.3534624133676302E-004   182.35587840322779     
   1.3654224052045934E-004   182.35587572484980     
   1.3774880825806059E-004   182.35587299887840     
   1.3896603793953999E-004   182.35587022454047     
   1.4019402378011948E-004   182.35586740094988     
   1.4143286082756235E-004   182.35586452725272     
   1.4268264496952986E-004   182.35586160253911     
   1.4394347294100334E-004   182.35585862578546     
   1.4521544233177128E-004   182.35585559631863     
   1.4649865159398312E-004   182.35585251297198     
   1.4779320004976962E-004   182.35584937501602     
   1.4909918789893036E-004   182.35584618125586     
   1.5041671622668943E-004   182.35584293081621     
   1.5174588701151961E-004   182.35583962261728     
   1.5308680313303553E-004   182.35583625573787     
   1.5443956837995676E-004   182.35583282903661     
   1.5580428745814122E-004   182.35582934155872     
   1.5718106599868948E-004   182.35582579212792     
   1.5857001056612081E-004   182.35582217966629     
   1.5997122866662144E-004   182.35581850310632     
   1.6138482875636552E-004   182.35581476122996     
   1.6281092024991004E-004   182.35581095294475     
   1.6424961352866344E-004   182.35580707703588     
   1.6570101994942937E-004   182.35580313232526     
   1.6716525185302592E-004   182.35579911754053     
   1.6864242257298075E-004   182.35579503153201     
   1.7013264644430347E-004   182.35579087298163     
   1.7163603881233528E-004   182.35578664053276     
   1.7315271604167673E-004   182.35578233297895     
   1.7468279552519461E-004   182.35577794894300     
   1.7622639569310836E-004   182.35577348706545     
   1.7778363602215659E-004   182.35576894596022     
   1.7935463704484478E-004   182.35576432428678     
   1.8093952035877481E-004   182.35575962050149     
   1.8253840863605654E-004   182.35575483322140     
   1.8415142563280300E-004   182.35574996094641     
   1.8577869619870914E-004   182.35574500214619     
   1.8742034628671547E-004   182.35573995530262     
   1.8907650296275686E-004   182.35573481889486     
   1.9074729441559779E-004   182.35572959123812     
   1.9243284996675418E-004   182.35572427078864     
   1.9413330008050315E-004   182.35571885588058     
   1.9584877637398101E-004   182.35571334484223     
   1.9757941162737078E-004   182.35570773593582     
   1.9932533979417940E-004   182.35570202744520     
   2.0108669601160599E-004   182.35569621760112     
   2.0286361661100164E-004   182.35569030458106     
   2.0465623912842160E-004   182.35568428660935     
   2.0646470231527083E-004   182.35567816176786     
   2.0828914614904351E-004   182.35567192822731     
   2.1012971184415741E-004   182.35566558395527     
   2.1198654186288429E-004   182.35565912705010     
   2.1385977992637638E-004   182.35565255550688     
   2.1574957102579086E-004   182.35564586727452     
   2.1765606143351221E-004   182.35563906029853     
   2.1957939871447389E-004   182.35563213247599     
   2.2151973173758019E-004   182.35562508164020     
   2.2347721068722876E-004   182.35561790557387     
   2.2545198707493516E-004   182.35561060213905     
   2.2744421375106005E-004   182.35560316901393     
   2.2945404491663988E-004   182.35559560392443     
   2.3148163613532247E-004   182.35558790448323     
   2.3352714434540773E-004   182.35558006836283     
   2.3559072787199492E-004   182.35557209310508     
   2.3767254643923717E-004   182.35556397622207     
   2.3977276118270443E-004   182.35555571525271     
   2.4189153466185558E-004   182.35554730754336     
   2.4402903087262067E-004   182.35553875059549     
   2.4618541526009449E-004   182.35553004170083     
   2.4836085473134211E-004   182.35552117815797     
   2.5055551766831811E-004   182.35551215725638     
   2.5276957394089906E-004   182.35550297615868     
   2.5500319492003195E-004   182.35549363205939     
   2.5725655349099856E-004   182.35548412205191     
   2.5952982406679683E-004   182.35547444315660     
   2.6182318260164095E-004   182.35546459242101     
   2.6413680660458010E-004   182.35545456675800     
   2.6647087515323822E-004   182.35544436313347     
   2.6882556890767459E-004   182.35543397827360     
   2.7120107012436741E-004   182.35542340901264     
   2.7359756267032037E-004   182.35541265213078     
   2.7601523203729466E-004   182.35540170420722     
   2.7845426535616589E-004   182.35539056189464     
   2.8091485141140839E-004   182.35537922172841     
   2.8339718065570753E-004   182.35536768019756     
   2.8590144522470072E-004   182.35535593374266     
   2.8842783895184930E-004   182.35534397871066     
   2.9097655738344130E-004   182.35533181141068     
   2.9354779779372693E-004   182.35531942802533     
   2.9614175920018816E-004   182.35530682476826     
   2.9875864237894251E-004   182.35529399769314     
   3.0139864988028406E-004   182.35528094288111     
   3.0406198604436026E-004   182.35526765624871     
   3.0674885701698887E-004   182.35525413369953     
   3.0945947076561350E-004   182.35524037100492     
   3.1219403709540066E-004   182.35522636394001     
   3.1495276766547916E-004   182.35521210815830     
   3.1773587600532262E-004   182.35519759921056     
   3.2054357753127677E-004   182.35518283264480     
   3.2337608956323357E-004   182.35516780385126     
   3.2623363134145122E-004   182.35515250821186     
   3.2911642404352437E-004   182.35513694094618     
   3.3202469080150339E-004   182.35512109723879     
   3.3495865671916456E-004   182.35510497220844     
   3.3791854888943438E-004   182.35508856080321     
   3.4090459641196598E-004   182.35507185799440     
   3.4391703041087223E-004   182.35505485858465     
   3.4695608405261474E-004   182.35503755730701     
   3.5002199256405184E-004   182.35501994879337     
   3.5311499325064462E-004   182.35500202758539     
   3.5623532551482537E-004   182.35498378815464     
   3.5938323087452741E-004   182.35496522481844     
   3.6255895298187882E-004   182.35494633181054     
   3.6576273764206153E-004   182.35492710334285     
   3.6899483283233710E-004   182.35490753338473     
   3.7225548872124034E-004   182.35488761591398     
   3.7554495768794257E-004   182.35486734474637     
   3.7886349434178643E-004   182.35484671359836     
   3.8221135554199269E-004   182.35482571606860     
   3.8558880041754178E-004   182.35480434566369     
   3.8899609038723054E-004   182.35478259575171     
   3.9243348917990619E-004   182.35476045958706     
   3.9590126285487989E-004   182.35473793031485     
   3.9939967982251945E-004   182.35471500098845     
   4.0292901086502508E-004   182.35469166441362     
   4.0648952915738816E-004   182.35466791345709     
   4.1008151028853524E-004   182.35464374067203     
   4.1370523228265920E-004   182.35461913864333     
   4.1736097562073858E-004   182.35459409968513     
   4.2104902326224705E-004   182.35456861607724     
   4.2476966066705543E-004   182.35454267989337     
   4.2852317581752573E-004   182.35451628308448     
   4.3230985924080234E-004   182.35448941752531     
   4.3613000403129842E-004   182.35446207482829     
   4.3998390587338246E-004   182.35443424655745     
   4.4387186306426419E-004   182.35440592407082     
   4.4779417653708329E-004   182.35437709857462     
   4.5175114988420234E-004   182.35434776116176     
   4.5574308938070476E-004   182.35431790273481     
   4.5977030400810132E-004   182.35428751402253     
   4.6383310547824553E-004   182.35425658560450     
   4.6793180825746057E-004   182.35422510792068     
   4.7206672959087956E-004   182.35419307119338     
   4.7623818952700068E-004   182.35416046548733     
   4.8044651094245901E-004   182.35412728069809     
   4.8469201956701842E-004   182.35409350654572     
   4.8897504400878251E-004   182.35405913255539     
   4.9329591577963034E-004   182.35402414809511     
   4.9765496932087491E-004   182.35398854225411     
   5.0205254202915009E-004   182.35395230406232     
   5.0648897428252524E-004   182.35391542225909     
   5.1096460946685116E-004   182.35387788540402     
   5.1547979400233827E-004   182.35383968187728     
   5.2003487737037021E-004   182.35380079981655     
   5.2463021214055447E-004   182.35376122719674     
   5.2926615399801109E-004   182.35372095171556     
   5.3394306177090365E-004   182.35367996089559     
   5.3866129745821307E-004   182.35363824205615     
   5.4342122625775655E-004   182.35359578221158     
   5.4822321659445442E-004   182.35355256823243     
   5.5306764014884720E-004   182.35350858669972     
   5.5795487188586325E-004   182.35346382402150     
   5.6288529008384242E-004   182.35341826628070     
   5.6785927636381517E-004   182.35337189935115     
   5.7287721571904003E-004   182.35332470887533     
   5.7793949654480297E-004   182.35327668021341     
   5.8304651066847988E-004   182.35322779845035     
   5.8819865337986438E-004   182.35317804846738     
   5.9339632346176339E-004   182.35312741481096     
   5.9863992322086433E-004   182.35307588180058     
   6.0392985851887319E-004   182.35302343342630     
   6.0926653880392966E-004   182.35297005346365     
   6.1465037714229841E-004   182.35291572533419     
   6.2008179025034116E-004   182.35286043219890     
   6.2556119852677126E-004   182.35280415691625     
   6.3108902608519253E-004   182.35274688202577     
   6.3666570078692709E-004   182.35268858976451     
   6.4229165427413175E-004   182.35262926206514     
   6.4796732200320779E-004   182.35256888052066     
   6.5369314327850625E-004   182.35250742641466     
   6.5946956128633022E-004   182.35244488067531     
   6.6529702312923835E-004   182.35238122392320     
   6.7117597986065083E-004   182.35231643640680     
   6.7710688651976224E-004   182.35225049802852     
   6.8309020216676143E-004   182.35218338833715     
   6.8912638991836374E-004   182.35211508653629     
   6.9521591698365720E-004   182.35204557142475     
   7.0135925470026417E-004   182.35197482145202     
   7.0755687857082473E-004   182.35190281465560     
   7.1380926829980016E-004   182.35182952871810     
   7.2011690783060358E-004   182.35175494092323     
   7.2648028538305697E-004   182.35167902810014     
   7.3289989349118107E-004   182.35160176672741     
   7.3937622904131708E-004   182.35152313283328     
   7.4590979331058704E-004   182.35144310201969     
   7.5250109200569336E-004   182.35136164947824     
   7.5915063530206063E-004   182.35127874992634     
   7.6585893788332473E-004   182.35119437765195     
   7.7262651898116924E-004   182.35110850648931     
   7.7945390241551508E-004   182.35102110979403     
   7.8634161663506503E-004   182.35093216045078     
   7.9329019475820586E-004   182.35084163087038     
   8.0030017461427290E-004   182.35074949296745     
   8.0737209878517849E-004   182.35065571815318     
   8.1450651464740867E-004   182.35056027734908     
   8.2170397441439099E-004   182.35046314092483     
   8.2896503517923613E-004   182.35036427875855     
   8.3629025895785793E-004   182.35026366016689     
   8.4368021273247451E-004   182.35016125394259     
   8.5113546849549277E-004   182.35005702831359     
   8.5865660329378197E-004   182.34995095092916     
   8.6624419927333769E-004   182.34984298887957     
   8.7389884372434073E-004   182.34973310867503     
   8.8162112912661410E-004   182.34962127620611     
   8.8941165319548208E-004   182.34950745679510     
   8.9727101892803334E-004   182.34939161509755     
   9.0519983464979511E-004   182.34927371518552     
   9.1319871406181699E-004   182.34915372046305     
   9.2126827628817337E-004   182.34903159369844     
   9.2940914592388351E-004   182.34890729699612     
   9.3762195308325698E-004   182.34878079177446     
   9.4590733344866425E-004   182.34865203877712     
   9.5426592831974078E-004   182.34852099805653     
   9.6269838466302323E-004   182.34838762892718     
   9.7120535516202571E-004   182.34825189001350     
   9.7978749826775949E-004   182.34811373918058     
   9.8844547824969626E-004   182.34797313355205     
   9.9717996524718508E-004   182.34783002948393     
   1.0059916353213211E-003   182.34768438255975     
   1.0148811705072737E-003   182.34753614758176     
   1.0238492588670780E-003   182.34738527853256     
   1.0328965945428895E-003   182.34723172857986     
   1.0420238778107141E-003   182.34707545007393     
   1.0512318151346090E-003   182.34691639448215     
   1.0605211192213644E-003   182.34675451245107     
   1.0698925090756679E-003   182.34658975372582     
   1.0793467100557563E-003   182.34642206714869     
   1.0888844539295591E-003   182.34625140067271     
   1.0985064789313396E-003   182.34607770131981     
   1.1082135298188334E-003   182.34590091514860     
   1.1180063579308952E-003   182.34572098729211     
   1.1278857212456519E-003   182.34553786187416     
   1.1378523844391729E-003   182.34535148205259     
   1.1479071189446554E-003   182.34516178994937     
   1.1580507030121362E-003   182.34496872667131     
   1.1682839217687271E-003   182.34477223227861     
   1.1786075672793868E-003   182.34457224574288     
   1.1890224386082262E-003   182.34436870498752     
   1.1995293418803584E-003   182.34416154680787     
   1.2101290903442929E-003   182.34395070685980     
   1.2208225044348828E-003   182.34373611968385     
   1.2316104118368272E-003   182.34351771863646     
   1.2424936475487348E-003   182.34329543590604     
   1.2534730539477544E-003   182.34306920244410     
   1.2645494808547766E-003   182.34283894800541     
   1.2757237856002095E-003   182.34260460107350     
   1.2869968330903386E-003   182.34236608886931     
   1.2983694958742713E-003   182.34212333731017     
   1.3098426542114731E-003   182.34187627100141     
   1.3214171961399013E-003   182.34162481320391     
   1.3330940175447401E-003   182.34136888581213     
   1.3448740222277433E-003   182.34110840933459     
   1.3567581219771899E-003   182.34084330285293     
   1.3687472366384573E-003   182.34057348402524     
   1.3808422941852200E-003   182.34029886902783     
   1.3930442307912739E-003   182.34001937255579     
   1.4053539909029990E-003   182.33973490778027     
   1.4177725273124603E-003   182.33944538632477     
   1.4303008012311552E-003   182.33915071824936     
   1.4429397823644127E-003   182.33885081199810     
   1.4556904489864491E-003   182.33854557439673     
   1.4685537880160893E-003   182.33823491060127     
   1.4815307950931547E-003   182.33791872408892     
   1.4946224746555264E-003   182.33759691661578     
   1.5078298400168920E-003   182.33726938819325     
   1.5211539134451749E-003   182.33693603703284     
   1.5345957262416616E-003   182.33659675955931     
   1.5481563188208241E-003   182.33625145033500     
   1.5618367407908508E-003   182.33590000204759     
   1.5756380510348863E-003   182.33554230548560     
   1.5895613177929909E-003   182.33517824947040     
   1.6036076187448242E-003   182.33480772086710     
   1.6177780410930587E-003   182.33443060450878     
   1.6320736816475300E-003   182.33404678318698     
   1.6464956469101331E-003   182.33365613760446     
   1.6610450531604648E-003   182.33325854633131     
   1.6757230265422283E-003   182.33285388578270     
   1.6905307031503944E-003   182.33244203017415     
   1.7054692291191404E-003   182.33202285147013     
   1.7205397607105606E-003   182.33159621936068     
   1.7357434644041624E-003   182.33116200122180     
   1.7510815169871543E-003   182.33072006205543     
   1.7665551056455300E-003   182.33027026446575     
   1.7821654280559588E-003   182.32981246860356     
   1.7979136924784875E-003   182.32934653213260     
   1.8138011178500601E-003   182.32887231017963     
   1.8298289338788672E-003   182.32838965529368     
   1.8459983811395242E-003   182.32789841738213     
   1.8623107111690978E-003   182.32739844369917     
   1.8787671865639721E-003   182.32688957876604     
   1.8953690810775772E-003   182.32637166433290     
   1.9121176797189810E-003   182.32584453933418     
   1.9290142788523474E-003   182.32530803982985     
   1.9460601862972798E-003   182.32476199896303     
   1.9632567214300455E-003   182.32420624689814     
   1.9806052152856989E-003   182.32364061077953     
   1.9981070106611046E-003   182.32306491466755     
   2.0157634622188733E-003   182.32247897948537     
   2.0335759365922102E-003   182.32188262296677     
   2.0515458124907007E-003   182.32127565960047     
   2.0696744808070180E-003   182.32065790055935     
   2.0879633447245857E-003   182.32002915366070     
   2.1064138198261802E-003   182.31938922328982     
   2.1250273342035054E-003   182.31873791034508     
   2.1438053285677224E-003   182.31807501218236     
   2.1627492563609679E-003   182.31740032254237     
   2.1818605838688485E-003   182.31671363148632     
   2.2011407903339353E-003   182.31601472532918     
   2.2205913680702597E-003   182.31530338659076     
   2.2402138225788189E-003   182.31457939389770     
   2.2600096726641044E-003   182.31384252194283     
   2.2799804505516602E-003   182.31309254138853     
   2.3001277020066784E-003   182.31232921882042     
   2.3204529864536429E-003   182.31155231665934     
   2.3409578770970333E-003   182.31076159308697     
   2.3616439610430898E-003   182.30995680196986     
   2.3825128394226597E-003   182.30913769279846     
   2.4035661275151267E-003   182.30830401058250     
   2.4248054548734357E-003   182.30745549579291     
   2.4462324654502213E-003   182.30659188426756     
   2.4678488177250530E-003   182.30571290713732     
   2.4896561848328038E-003   182.30481829073568     
   2.5116562546931534E-003   182.30390775651517     
   2.5338507301412333E-003   182.30298102096287     
   2.5562413290594324E-003   182.30203779550720     
   2.5788297845103589E-003   182.30107778642611     
   2.6016178448709858E-003   182.30010069476725     
   2.6246072739679748E-003   182.29910621623628     
   2.6477998512142000E-003   182.29809404111745     
   2.6711973717464762E-003   182.29706385416847     
   2.6948016465645069E-003   182.29601533452183     
   2.7186145026710561E-003   182.29494815558633     
   2.7426377832133609E-003   182.29386198494672     
   2.7668733476257940E-003   182.29275648425289     
   2.7913230717737866E-003   182.29163130912445     
   2.8159888480990239E-003   182.29048610902692     
   2.8408725857659192E-003   182.28932052718335     
   2.8659762108093900E-003   182.28813420043980     
   2.8913016662839340E-003   182.28692675916955     
   2.9168509124140232E-003   182.28569782714897     
   2.9426259267458280E-003   182.28444702144213     
   2.9686287043002840E-003   182.28317395227083     
   2.9948612577275079E-003   182.28187822291068     
   3.0213256174625785E-003   182.28055942955427     
   3.0480238318826968E-003   182.27921716118766     
   3.0749579674657322E-003   182.27785099945885     
   3.1021301089501703E-003   182.27646051855527     
   3.1295423594964763E-003   182.27504528505466     
   3.1571968408498803E-003   182.27360485780969     
   3.1850956935046038E-003   182.27213878778844     
   3.2132410768695384E-003   182.27064661794884     
   3.2416351694353846E-003   182.26912788309033     
   3.2702801689432717E-003   182.26758210970786     
   3.2991782925548651E-003   182.26600881584011     
   3.3283317770239789E-003   182.26440751092474     
   3.3577428788697005E-003   182.26277769564467     
   3.3874138745510519E-003   182.26111886175795     
   3.4173470606431891E-003   182.25943049195735     
   3.4475447540151588E-003   182.25771205969812     
   3.4780092920092308E-003   182.25596302902755     
   3.5087430326218062E-003   182.25418285443300     
   3.5397483546859366E-003   182.25237098065384     
   3.5710276580554401E-003   182.25052684251403     
   3.6025833637906629E-003   182.24864986474847     
   3.6344179143458625E-003   182.24673946181645     
   3.6665337737582671E-003   182.24479503772108     
   3.6989334278387884E-003   182.24281598582490     
   3.7316193843644281E-003   182.24080168864890     
   3.7645941732723852E-003   182.23875151768840     
   3.7978603468558744E-003   182.23666483322131     
   3.8314204799616801E-003   182.23454098408376     
   3.8652771701894479E-003   182.23237930749258     
   3.8994330380927467E-003   182.23017912882631     
   3.9338907273819036E-003   182.22793976140520     
   3.9686529051286253E-003   182.22566050628927     
   4.0037222619724380E-003   182.22334065204893     
   4.0391015123289464E-003   182.22097947454472     
   4.0747933945999310E-003   182.21857623670815     
   4.1108006713853028E-003   182.21613018829345     
   4.1471261296969373E-003   182.21364056565483     
   4.1837725811743895E-003   182.21110659150531     
   4.2207428623025171E-003   182.20852747466660     
   4.2580398346310326E-003   182.20590240982222     
   4.2956663849959874E-003   182.20323057727455     
   4.3336254257432191E-003   182.20051114267113     
   4.3719198949537701E-003   182.19774325675434     
   4.4105527566712984E-003   182.19492605509049     
   4.4495270011314994E-003   182.19205865779833     
   4.4888456449935542E-003   182.18914016927408     
   4.5285117315736235E-003   182.18616967790763     
   4.5685283310804032E-003   182.18314625579671     
   4.6088985408527638E-003   182.18006895845917     
   4.6496254855994861E-003   182.17693682453069     
   4.6907123176411240E-003   182.17374887546526     
   4.7321622171539908E-003   182.17050411522928     
   4.7739783924163138E-003   182.16720152998340     
   4.8161640800565573E-003   182.16384008777209     
   4.8587225453039437E-003   182.16041873819302     
   4.9016570822411872E-003   182.15693641206519     
   4.9449710140594579E-003   182.15339202110124     
   4.9886676933156007E-003   182.14978445755821     
   5.0327505021916311E-003   182.14611259389301     
   5.0772228527565183E-003   182.14237528240415     
   5.1220881872302846E-003   182.13857135488030     
   5.1673499782504389E-003   182.13469962221973     
   5.2130117291407608E-003   182.13075887406592     
   5.2590769741824644E-003   182.12674787842718     
   5.3055492788877589E-003   182.12266538128540     
   5.3524322402758173E-003   182.11851010620359     
   5.3997294871511968E-003   182.11428075392530     
   5.4474446803847131E-003   182.10997600196754     
   5.4955815131967909E-003   182.10559450420112     
   5.5441437114433301E-003   182.10113489043363     
   5.5931350339040904E-003   182.09659576597198     
   5.6425592725736244E-003   182.09197571118989     
   5.6924202529547840E-003   182.08727328107972     
   5.7427218343548206E-003   182.08248700479680     
   5.7934679101841009E-003   182.07761538520083     
   5.8446624082574570E-003   182.07265689838368     
   5.8963092910982121E-003   182.06760999318703     
   5.9484125562448810E-003   182.06247309072444     
   6.0009762365605852E-003   182.05724458387385     
   6.0540044005452012E-003   182.05192283678383     
   6.1075011526502722E-003   182.04650618434829     
   6.1614706335966930E-003   182.04099293169446     
   6.2159170206952073E-003   182.03538135364545     
   6.2708445281697434E-003   182.02966969417628     
   6.3262574074835955E-003   182.02385616586520     
   6.3821599476684915E-003   182.01793894933320     
   6.4385564756565756E-003   182.01191619267263     
   6.4954513566153138E-003   182.00578601086306     
   6.5528489942853667E-003   181.99954648518019     
   6.6107538313214418E-003   181.99319566260010     
   6.6691703496361623E-003   181.98673155517417     
   6.7281030707469769E-003   181.98015213941693     
   6.7875565561261262E-003   181.97345535566132     
   6.8475354075537079E-003   181.96663910742183     
   6.9080442674738637E-003   181.95970126073064     
   6.9690878193541068E-003   181.95263964346861     
   7.0306707880478329E-003   181.94545204468352     
   7.0927979401600259E-003   181.93813621390132     
   7.1554740844162025E-003   181.93068986041663     
   7.2187040720346129E-003   181.92311065257286     
   7.2824927971017316E-003   181.91539621703703     
   7.3468451969510651E-003   181.90754413804854     
   7.4117662525453138E-003   181.89955195666823     
   7.4772609888618972E-003   181.89141717000638     
   7.5433344752819011E-003   181.88313723043490     
   7.6099918259824473E-003   181.87470954479505     
   7.6772382003325442E-003   181.86613147358071     
   7.7450788032924264E-003   181.85740033011427     
   7.8135188858164274E-003   181.84851337970400     
   7.8825637452594050E-003   181.83946783879270     
   7.9522187257867697E-003   181.83026087407768     
   8.0224892187881307E-003   181.82088960163264     
   8.0933806632945918E-003   181.81135108600301     
   8.1648985463997382E-003   181.80164233928605     
   8.2370484036843588E-003   181.79176032019967     
   8.3098358196448899E-003   181.78170193313019     
   8.3832664281256759E-003   181.77146402716227     
   8.4573459127550259E-003   181.76104339510192     
   8.5320800073851420E-003   181.75043677246708     
   8.6074744965359273E-003   181.73964083647490     
   8.6835352158427109E-003   181.72865220499853     
   8.7602680525079354E-003   181.71746743551427     
   8.8376789457568390E-003   181.70608302403059     
   8.9157738872971491E-003   181.69449540399103     
   8.9945589217828598E-003   181.68270094516333     
   9.0740401472820913E-003   181.67069595251155     
   9.1542237157490863E-003   181.65847666503794     
   9.2351158335003871E-003   181.64603925461921     
   9.3167227616952012E-003   181.63337982481102     
   9.3990508168200360E-003   181.62049440963568     
   9.4821063711775962E-003   181.60737897234742     
   9.5658958533800069E-003   181.59402940418011     
   9.6504257488464040E-003   181.58044152306741     
   9.7357026003049088E-003   181.56661107234493     
   9.8217330082990464E-003   181.55253371942808     
   9.9085236316986333E-003   181.53820505446595     
   9.9960811882151904E-003   181.52362058897580     
   1.0084412454921893E-002   181.50877575444810     
   1.0173524268778135E-002   181.49366590093263     
   1.0263423527158708E-002   181.47828629559558     
   1.0354117188387682E-002   181.46263212125774     
   1.0445612272276975E-002   181.44669847489820     
   1.0537915860669702E-002   181.43048036614266     
   1.0631035097988323E-002   181.41397271571896     
   1.0724977191787622E-002   181.39717035388617     
   1.0819749413312589E-002   181.38006801884137     
   1.0915359098061224E-002   181.36266035509186     
   1.1011813646352306E-002   181.34494191180653     
   1.1109120523898199E-002   181.32690714113505     
   1.1207287262382699E-002   181.30855039649884     
   1.1306321460044006E-002   181.28986593085261     
   1.1406230782262824E-002   181.27084789491607     
   1.1507022962155687E-002   181.25149033537787     
   1.1608705801173505E-002   181.23178719306532     
   1.1711287169705407E-002   181.21173230108502     
   1.1814775007687918E-002   181.19131938293253     
   1.1919177325219524E-002   181.17054205056525     
   1.2024502203180666E-002   181.14939380245158     
   1.2130757793859212E-002   181.12786802157711     
   1.2237952321581440E-002   181.10595797342455     
   1.2346094083348637E-002   181.08365680391535     
   1.2455191449479278E-002   181.06095753731807     
   1.2565252864256906E-002   181.03785307412204     
   1.2676286846583734E-002   181.01433618887239     
   1.2788301990640020E-002   180.99039952797608     
   1.2901306966549262E-002   180.96603560746183     
   1.3015310521049282E-002   180.94123681070738     
   1.3130321478169232E-002   180.91599538612996     
   1.3246348739912591E-002   180.89030344483632     
   1.3363401286946188E-002   180.86415295823394     
   1.3481488179295318E-002   180.83753575560280     
   1.3600618557045004E-002   180.81044352162667     
   1.3720801641047444E-002   180.78286779388452     
   1.3842046733635725E-002   180.75479996030015     
   1.3964363219343835E-002   180.72623125654849     
   1.4087760565633031E-002   180.69715276342203     
   1.4212248323624650E-002   180.66755540415068     
   1.4337836128839359E-002   180.63742994168285     
   1.4464533701942967E-002   180.60676697591464     
   1.4592350849498822E-002   180.57555694088342     
   1.4721297464726847E-002   180.54379010190701     
   1.4851383528269280E-002   180.51145655268238     
   1.4982619108963209E-002   180.47854621233517     
   1.5115014364619898E-002   180.44504882242188     
   1.5248579542811022E-002   180.41095394388492     
   1.5383324981661832E-002   180.37625095395776     
   1.5519261110651366E-002   180.34092904302071     
   1.5656398451419671E-002   180.30497721140807     
   1.5794747618582215E-002   180.26838426616530     
   1.5934319320551470E-002   180.23113881774844     
   1.6075124360365751E-002   180.19322927668151     
   1.6217173636525379E-002   180.15464385015269     
   1.6360478143836270E-002   180.11537053856455     
   1.6505048974260909E-002   180.07539713202243     
   1.6650897317776907E-002   180.03471120677523     
   1.6798034463243121E-002   179.99330012160021     
   1.6946471799273406E-002   179.95115101412478     
   1.7096220815118135E-002   179.90825079710362     
   1.7247293101553464E-002   179.86458615462703     
   1.7399700351778492E-002   179.82014353827992     
   1.7553454362320305E-002   179.77490916323922     
   1.7708567033947065E-002   179.72886900431183     
   1.7865050372589137E-002   179.68200879191505     
   1.8022916490268361E-002   179.63431400799340     
   1.8182177606035545E-002   179.58576988187872     
   1.8342846046916238E-002   179.53636138608573     
   1.8504934248864850E-002   179.48607323204726     
   1.8668454757727215E-002   179.43488986578740     
   1.8833420230211666E-002   179.38279546352817     
   1.8999843434868657E-002   179.32977392723552     
   1.9167737253079093E-002   179.27580888010232     
   1.9337114680051358E-002   179.22088366196169     
   1.9507988825827147E-002   179.16498132463863     
   1.9680372916296221E-002   179.10808462723543     
   1.9854280294220102E-002   179.05017603134917     
   2.0029724420264815E-002   178.99123769622463     
   2.0206718874042760E-002   178.93125147383637     
   2.0385277355163812E-002   178.87019890390633     
   2.0565413684295670E-002   178.80806120885245     
   2.0747141804233593E-002   178.74481928866749     
   2.0930475780979611E-002   178.68045371572879     
   2.1115429804831231E-002   178.61494472954064     
   2.1302018191479800E-002   178.54827223140478     
   2.1490255383118557E-002   178.48041577902211     
   2.1680155949560471E-002   178.41135458102355     
   2.1871734589365963E-002   178.34106749142973     
   2.2065006130980606E-002   178.26953300404182     
   2.2259985533882864E-002   178.19672924675854     
   2.2456687889741964E-002   178.12263397582535     
   2.2655128423586024E-002   178.04722457000986     
   2.2855322494980481E-002   177.97047802470559     
   2.3057285599216965E-002   177.89237094596831     
   2.3261033368512613E-002   177.81287954447674     
   2.3466581573220069E-002   177.73197962942209     
   2.3673946123048101E-002   177.64964660233090     
   2.3883143068293044E-002   177.56585545081197     
   2.4094188601081121E-002   177.48058074223542     
   2.4307099056621720E-002   177.39379661733983     
   2.4521890914471770E-002   177.30547678377008     
   2.4738580799811290E-002   177.21559450954538     
   2.4957185484730179E-002   177.12412261645744     
   2.5177721889526425E-002   177.03103347340056     
   2.5400207084015733E-002   176.93629898963303     
   2.5624658288852759E-002   176.83989060797120     
   2.5851092876864039E-002   176.74177929791796     
   2.6079528374392619E-002   176.64193554872384     
   2.6309982462654660E-002   176.54032936238315     
   2.6542472979107976E-002   176.43693024656864     
   2.6777017918832666E-002   176.33170720749939     
   2.7013635435923972E-002   176.22462874275101     
   2.7252343844897418E-002   176.11566283400339     
   2.7493161622106386E-002   176.00477693973085     
   2.7736107407172222E-002   175.89193798783270     
   2.7981200004426943E-002   175.77711236821261     
   2.8228458384368726E-002   175.66026592529795     
   2.8477901685130261E-002   175.54136395051387     
   2.8729549213960072E-002   175.42037117470102     
   2.8983420448716896E-002   175.29725176049169     
   2.9239535039377321E-002   175.17196929463489     
   2.9497912809556718E-002   175.04448678028240     
   2.9758573758043597E-002   174.91476662923213     
   3.0021538060347564E-002   174.78277065413602     
   3.0286826070260921E-002   174.64846006067023     
   3.0554458321434084E-002   174.51179543967697     
   3.0824455528964907E-002   174.37273675927531     
   3.1096838591002041E-002   174.23124335694996     
   3.1371628590362535E-002   174.08727393161564     
   3.1648846796163616E-002   173.94078653566748     
   3.1928514665468970E-002   173.79173856701516     
   3.2210653844949561E-002   173.64008676111115     
   3.2495286172559090E-002   173.48578718297222     
   3.2782433679224302E-002   173.32879521920182     
   3.3072118590550169E-002   173.16906557001892     
   3.3364363328540259E-002   173.00655224129622     
   3.3659190513332139E-002   172.84120853661437     
   3.3956622964948287E-002   172.67298704933995     
   3.4256683705062317E-002   172.50183965472763     
   3.4559395958780950E-002   172.32771750206058     
   3.4864783156441620E-002   172.15057100682918     
   3.5172868935426066E-002   171.97034984295715     
   3.5483677141989835E-002   171.78700293508513     
   3.5797231833108074E-002   171.60047845091435     
   3.6113557278337524E-002   171.41072379362089     
   3.6432677961695061E-002   171.21768559434986     
   3.6754618583552744E-002   171.02130970479647     
   3.7079404062549698E-002   170.82154118988188     
   3.7407059537520833E-002   170.61832432053683     
   3.7737610369442620E-002   170.41160256659867     
   3.8071082143396079E-002   170.20131858983422     
   3.8407500670547066E-002   169.98741423710050     
   3.8746891990144160E-002   169.76983053364961     
   3.9089282371534043E-002   169.54850767659366     
   3.9434698316194859E-002   169.32338502854071     
   3.9783166559787433E-002   169.09440111141117     
   4.0134714074224663E-002   168.86149360045295     
   4.0489368069759141E-002   168.62459931846189     
   4.0847155997089324E-002   168.38365423022856     
   4.1208105549484217E-002   168.13859343721919     
   4.1572244664926844E-002   167.88935117251140     
   4.1939601528276776E-002   167.63586079599548     
   4.2310204573451575E-002   167.37805478985996     
   4.2684082485627668E-002   167.11586475437809     
   4.3061264203460653E-002   166.84922140401108     
   4.3441778921325079E-002   166.57805456384733     
   4.3825656091574267E-002   166.30229316639469     
   4.4212925426819864E-002   166.02186524874713     
   4.4603616902231670E-002   165.73669795014229     
   4.4997760757857767E-002   165.44671750993413     
   4.5395387500965126E-002   165.15184926599855     
   4.5796527908400914E-002   164.85201765359636     
   4.6201213028974668E-002   164.54714620471444     
   4.6609474185861512E-002   164.23715754790965     
   4.7021342979026604E-002   163.92197340867793     
   4.7436851287671042E-002   163.60151461037589     
   4.7856031272699315E-002   163.27570107571779     
   4.8278915379208649E-002   162.94445182887682     
   4.8705536339000259E-002   162.60768499821623     
   4.9135927173112853E-002   162.26531781967822     
   4.9570121194378536E-002   161.91726664086153     
   5.0008152010001194E-002   161.56344692581527     
   5.0450053524157809E-002   161.20377326058022     
   5.0895859940622651E-002   160.83815935951012     
   5.1345605765414699E-002   160.46651807240417     
   5.1799325809468472E-002   160.08876139248369     
   5.2257055191328415E-002   159.70480046524887     
   5.2718829339867143E-002   159.31454559824928     
   5.3184683997027693E-002   158.91790627180444     
   5.3654655220589952E-002   158.51479115071203     
   5.4128779386961617E-002   158.10510809698022     
   5.4607093193993803E-002   157.68876418362464     
   5.5089633663821427E-002   157.26566570956970     
   5.5576438145728851E-002   156.83571821569333     
   5.6067544319040694E-002   156.39882650205803     
   5.6562990196038346E-002   155.95489464637245     
   5.7062814124902120E-002   155.50382602372324     
   5.7567054792679422E-002   155.04552332762589     
   5.8075751228279245E-002   154.57988859243744     
   5.8588942805493038E-002   154.10682321717837     
   5.9106669246042257E-002   153.62622799081157     
   5.9628970622652946E-002   153.13800311902472     
   6.0155887362157358E-002   152.64204825256942     
   6.0687460248623065E-002   152.13826251720096     
   6.1223730426509720E-002   151.62654454527629     
   6.1764739403853658E-002   151.10679250905605     
   6.2310529055480714E-002   150.57890415576884     
   6.2861141626247369E-002   150.04277684448513     
   6.3416619734310578E-002   149.49830758486030     
   6.3977006374426396E-002   148.94539307779934     
   6.4542344921277972E-002   148.38392975809580     
   6.5112679132832654E-002   147.81381383910764     
   6.5688053153729054E-002   147.23494135952038     
   6.6268511518693785E-002   146.64720823225730     
   6.6854099155988583E-002   146.05051029559618     
   6.7444861390887803E-002   145.44474336654542     
   6.8040843949186608E-002   144.82980329654413     
   6.8642092960740295E-002   144.20558602953849     
   6.9248654963034714E-002   143.57198766249843     
   6.9860576904788418E-002   142.92890450842981     
   7.0477906149586475E-002   142.27623316194257     
   7.1100690479546549E-002   141.61387056743229     
   7.1728978099017252E-002   140.94171408993424     
   7.2362817638309235E-002   140.25966158870773     
   7.3002258157459241E-002   139.56761149360835     
   7.3647349150027436E-002   138.86546288430415     
   7.4298140546928279E-002   138.15311557239255     
   7.4954682720295179E-002   137.43047018647357     
   7.5617026487379460E-002   136.69742826023190     
   7.6285223114483602E-002   135.95389232358272     
   7.6959324320929376E-002   135.19976599693058     
   7.7639382283060956E-002   134.43495408859246     
   7.8325449638283529E-002   133.65936269543369     
   7.9017579489137305E-002   132.87289930676013     
   7.9715825407407931E-002   132.07547291151343     
   8.0420241438272907E-002   131.26699410880863     
   8.1130882104484825E-002   130.44737522185352     
   8.1847802410591378E-002   129.61653041528504     
   8.2571057847192972E-002   128.77437581595632     
   8.3300704395237596E-002   127.92082963720085     
   8.4036798530353923E-002   127.05581230660241     
   8.4779397227222608E-002   126.17924659728828     
   8.5528557963986118E-002   125.29105776276469     
   8.6284338726697746E-002   124.39117367530716     
   8.7046798013809656E-002   123.47952496790941     
   8.7815994840700906E-002   122.55604517979603     
   8.8591988744245148E-002   121.62067090549243     
   8.9374839787419044E-002   120.67334194744288     
   9.0164608563951046E-002   119.71400147215869     
   9.0961356203011573E-002   118.74259616987413     
   9.1765144373944410E-002   117.75907641767714     
   9.2576035291040012E-002   116.76339644607879     
   9.3394091718351016E-002   115.75551450897032     
   9.4219376974550184E-002   114.73539305691634     
   9.5051954937831459E-002   113.70299891371616     
   9.5891890050854106E-002   112.65830345616058     
   9.6739247325730762E-002   111.60128279689923     
   9.7594092349059386E-002   110.53191797032366     
   9.8456491286999848E-002   109.45019512135951     
   9.9326510890395153E-002   108.35610569705193     
  0.10020421849993810        107.24964664081244     
  0.10108968205138362        106.13082058918755     
  0.10198297008080696        104.99963607099247     
  0.10288415172990859        103.85610770864159     
  0.10379329675136575        102.70025642149378     
  0.10471047551423150        101.53210963101387     
  0.10563575900938134        100.35170146753896     
  0.10656921885500796        99.159072978420511     
  0.10751092730216470        97.954272337299216     
  0.10846095724035772        96.737355054250969     
  0.10941938220318785        95.508384186525120     
  0.11038627637404223        94.267430549581661     
  0.11136171459183611        93.014572928112102     
  0.11234577235680544        91.749898286712295     
  0.11333852583635089        90.473501979856877     
  0.11434005187093314        89.185487960804011     
  0.11535042798002045        87.885968989043107     
  0.11636973236808881        86.575066835872349     
  0.11739804393067513        85.252912487679083     
  0.11843544226048373        83.919646346472177     
  0.11948200765354704        82.575418427193540     
  0.12053782111544051        81.220388551320923     
  0.12160296436755268        79.854726536244641     
  0.12267751985341041        78.478612379889427     
  0.12376157074506021        77.092236440024379     
  0.12485520094950579        75.695799607687235     
  0.12595849511520263        74.289513474127006     
  0.12707153863860987        72.873600490649892     
  0.12819441767080011        71.448294120732669     
  0.12932721912412762        70.013838983748826     
  0.13047003067895546        68.570490989633527     
  0.13162294079044207        67.118517463795513     
  0.13278603869538785        65.658197261566528     
  0.13395941441914216        64.189820871462842     
  0.13514315878257144        62.713690506517253     
  0.13633736340908878        61.230120182925788     
  0.13754212073174588        59.739435785240545     
  0.13875752400038724        58.241975117329218     
  0.13998366728886810        56.738087938309292     
  0.14122064550233568        55.228135982660376     
  0.14246855438457506        53.712492963708627     
  0.14372749052541978        52.191544559674355     
  0.14499755136822820        50.665688381471170     
  0.14627883521742557        49.135333921447256     
  0.14757144124611302        47.600902482258135     
  0.14887546950374370        46.062827085072115     
  0.15019102092386666        44.521552356311702     
  0.15151819733193930        42.977534392150886     
  0.15285710145320883        41.431240600001161     
  0.15420783692066334        39.883149516238234     
  0.15557050828305299        38.333750599443619     
  0.15694522101298244        36.783543998461312     
  0.15833208151507441        35.233040294600244     
  0.15973119713420561        33.682760217347948     
  0.16114267616381536        32.133234332998668     
  0.16256662785428772        30.585002705643149     
  0.16400316242140744        29.038614530016432     
  0.16545239105489101        27.494627735750313     
  0.16691442592699279        25.953608562637584     
  0.16838938020118732        24.416131106577126     
  0.16987736804092826        22.882776835936113     
  0.17137850461848492        21.354134078140333     
  0.17289290612385669        19.830797476382145     
  0.17442068977376621        18.313367416418046     
  0.17596197382073225        16.802449423518894     
  0.17751687756222259        15.298653529729904     
  0.17908552134988770        13.802593611696480     
  0.18066802659887621        12.314886699418565     
  0.18226451579723260        10.836152256404745     
  0.18387511251537789        9.3670114318135518     
  0.18549994141567425        7.9080862852881779     
  0.18713912826207393        6.4599989853158490     
  0.18879279992985365        5.0233709820707020     
  0.19046108441543480        3.5988221558314706     
  0.19214411084629068        2.1869699422009035     
  0.19384200949094110       0.78842843549359998     
  0.19555491176903522      -0.59619252820198199     
  0.19728295026152376       -1.9662883066358035     
  0.19902625872092086       -3.3212604038877345     
  0.20078497208165677       -4.6605174377969263     
  0.20255922647052185       -5.9834761202420452     
  0.20434915921720315       -7.2895622480403119     
  0.20615490886491364       -8.5782117020882396     
  0.20797661518111593       -9.8488714522263052     
  0.20981441916834032       -11.101000565171290     
  0.21166846307509854       -12.334071212723487     
  0.21353889040689400       -13.547569677329349     
  0.21542584593732947       -14.740997351953880     
  0.21732947571931258       -15.913871731102631     
  0.21924992709636049       -17.065727389723705     
  0.22118734871400458       -18.196116946622183     
  0.22314189053129585       -19.304612008931173     
  0.22511370383241180       -20.390804094105889     
  0.22710294123836619       -21.454305525845356     
  0.22910975671882192       -22.494750300294243     
  0.23113430560400874       -23.511794918845780     
  0.23317674459674584       -24.505119183844471     
  0.23523723178457084       -25.474426953490791     
  0.23731592665197609       -26.419446852264372     
  0.23941299009275302       -27.339932933220965     
  0.24152858442244537       -28.235665288575575     
  0.24366287339091267       -29.106450605063444     
  0.24581602219500487       -29.952122660670582     
  0.24798819749134865       -30.772542759450488     
  0.25017956740924685       -31.567600101289230     
  0.25239030156369202       -32.337212083653128     
  0.25462057106849462       -33.081324532546489     
  0.25687054854952784       -33.799911860126507     
  0.25914040815808881       -34.492977146663833     
  0.26143032558437801       -35.160552144804711     
  0.26374047807109841       -35.802697204379257     
  0.26607104442717366       -36.419501116312013     
  0.26842220504158881       -37.011080874526243     
  0.27079414189735207       -37.577581355084703     
  0.27318703858558102       -38.119174912186402     
  0.27560108031971242       -38.636060891026560     
  0.27803645394983822       -39.128465057935927     
  0.28049334797716796       -39.596638948635047     
  0.28297195256861896       -40.040859135870797     
  0.28547245957153561       -40.461426418144214     
  0.28799506252853840       -40.858664931683762     
  0.29053995669250465       -41.232921188270936     
  0.29310733904168124       -41.584563041972075     
  0.29569740829493080       -41.913978588280102     
  0.29831036492711316       -42.221574999608144     
  0.30094641118460214       -42.507777301507701     
  0.30360575110093979       -42.773027094399467     
  0.30628859051262869       -43.017781226002938     
  0.30899513707506426       -43.242510420027628     
  0.31172560027860746       -43.447697867038592     
  0.31448019146479939       -43.633837783731650     
  0.31725912384271981       -43.801433947141561     
  0.32006261250548945       -43.950998210559078     
  0.32289087444691877       -44.083049008144386     
  0.32574412857830337       -44.198109855394115     
  0.32862259574536828       -44.296707852741832     
  0.33152649874536139       -44.379372199646092     
  0.33445606234429859       -44.446632726543797     
  0.33741151329436064       -44.499018452016855     
  0.34039308035144433       -44.537056172436237     
  0.34340099429286836       -44.561269091208572     
  0.34643548793523604       -44.572175494555445     
  0.34949679615245538       -44.570287480504447     
  0.35258515589391848       -44.556109747466230     
  0.35570080620284228       -44.530138448410810     
  0.35884398823477037       -44.492860116245893     
  0.36201494527623890       -44.444750665537434     
  0.36521392276360742       -44.386274475204800     
  0.36844116830205559       -44.317883556271433     
  0.37169693168474865       -44.240016808161052     
  0.37498146491217144       -44.153099366404724     
  0.37829502221163364       -44.057542043969818     
  0.38163786005694728       -43.953740867744024     
  0.38501023718827837       -43.842076711012211     
  0.38841241463217335       -43.722915022057535     
  0.39184465572176325       -43.596605648306607     
  0.39530722611714592       -43.463482754730464     
  0.39880039382594829       -43.323864834512975     
  0.40232442922407091       -43.178054809315618     
  0.40587960507661508       -43.026340215807693     
  0.40946619655899524       -42.868993474501579     
  0.41308448127823827       -42.706272236339807     
  0.41673473929447025       -42.538419801931319     
  0.42041725314259365       -42.365665607833428     
  0.42413230785415590       -42.188225773830339     
  0.42788019097941132       -42.006303704771547     
  0.43166119260957769       -41.820090740210667     
  0.43547560539928998       -41.629766844828239     
  0.43932372458925179       -41.435501332435244     
  0.44320584802908791       -41.237453616238497     
  0.44712227620039796       -41.035773978006240     
  0.45107331224001390       -40.830604348801529     
  0.45505926196346369       -40.622079094052637     
  0.45908043388864161       -40.410325795901194     
  0.46313713925968786       -40.195466026008255     
  0.46722969207107923       -39.977616102301937     
  0.47135840909193311       -39.756887823514070     
  0.47552360989052528       -39.533389175772733     
  0.47972561685902554       -39.307225005986119     
  0.48396475523845062       -39.078497657265530     
  0.48824135314383882       -38.847307562185080     
  0.49255574158964638       -38.613753790254314     
  0.49690825451536830       -38.377934546582239     
  0.50129922881138611       -38.139947619327280     
  0.50572900434504287       -37.899890774152205     
  0.51019792398695041       -37.657862094526180     
  0.51470633363752716       -37.413960267332051     
  0.51925458225377141       -37.168284813838007     
  0.52384302187627163       -36.920936266671283     
  0.52847200765645408       -36.672016293982395     
  0.53314189788407274       -36.421627772504912     
  0.53785305401494099       -36.169874811692516     
  0.54260584069890849       -35.916862731548257     
  0.54740062580808668       -35.662697997145727     
  0.55223778046532124       -35.407488113176228     
  0.55711767907291843       -35.151341482136331     
  0.56204069934162404       -34.894367229996789     
  0.56700722231985823       -34.636675003363806     
  0.57201763242321046       -34.378374742259432     
  0.57707231746419241       -34.119576432708669     
  0.58217166868225567       -33.860389843328896     
  0.58731608077407460       -33.600924250075195     
  0.59250595192409605       -33.341288153205170     
  0.59774168383535919       -33.081588990393215     
  0.60302368176058840       -32.821932849749480     
  0.60835235453355962       -32.562424186289775     
  0.61372811460074539       -32.303165545160503     
  0.61915137805323839       -32.044257294655601     
  0.62462256465895749       -31.785797371773167     
  0.63014209789513820       -31.527881042753563     
  0.63571040498111087       -31.270600680723714     
  0.64132791691136748       -31.014045562248075     
  0.64699506848892163       -30.758301684260640     
  0.65271229835896227       -30.503451602528497     
  0.65848004904280655       -30.249574292479739     
  0.66429876697215018       -29.996745032921428     
  0.67016890252362304       -29.745035312878965     
  0.67609091005364808       -29.494512761511192     
  0.68206524793360979       -29.245241100796541     
  0.68809237858533223       -28.997280120448451     
  0.69417276851687115       -28.750685674303163     
  0.70030688835862320       -28.505509697232089     
  0.70649521289975181       -28.261800241464954     
  0.71273822112493801       -28.019601531068240     
  0.71903639625145366       -27.778954033207825     
  0.72539022576656320       -27.539894544732942     
  0.73180020146525615       -27.302456292551536     
  0.73826681948831252       -27.066669046222927     
  0.74479058036070445       -26.832559241171516     
  0.75137198903033808       -26.600150110923877     
  0.75801155490713701       -26.369461826789127     
  0.76470979190247090       -26.140511643437474     
  0.77146721846893374       -25.913314048882327     
  0.77828435764047188       -25.687880917435987     
  0.78516173707286829       -25.464221664284615     
  0.79209988908458318       -25.242343400414946     
  0.79909935069795701       -25.022251086718843     
  0.80616066368077566       -24.803947686202712     
  0.81328437458820524       -24.587434313333208     
  0.82047103480509487       -24.372710379658699     
  0.82772120058865561       -24.159773734954193     
  0.83503543311151518       -23.948620803246168     
  0.84241429850515359       -23.739246713179938     
  0.84985836790372205       -23.531645422296045     
  0.85736821748824998       -23.325809834881230     
  0.86494442853124254       -23.121731913154228     
  0.87258758744167064       -22.919402781634911     
  0.88029828581036107       -22.718812824627161     
  0.88807712045578602       -22.519951776820832     
  0.89592469347025716       -22.322808807085554     
  0.90384161226652926       -22.127372595588739     
  0.91182848962481389       -21.933631404422378     
  0.91988594374021015       -21.741573141967272     
  0.92801459827055321       -21.551185421260236     
  0.93621508238468709       -21.362455612659094     
  0.94448803081116173       -21.175370891122760     
  0.95283408388736390       -20.989918278439468     
  0.96125388760907804       -20.806084680746203     
  0.96974809368048887       -20.623856921686400     
  0.97831735956462318       -20.443221771552519     
  0.98696234853423837       -20.264165972754927     
  0.99568372972316188       -20.086676261949684     
   1.0044821781780813       -19.910739389146048     
   1.0133583749107951       -19.736342134099729     
   1.0223130069509234       -19.563471320281579     
   1.0313467673990855       -19.392113826693279     
   1.0404603554805454       -19.222256597782611     
   1.0496544765993348       -19.053886651691283     
   1.0589298423928508       -18.886991087048617     
   1.0682871707869384       -18.721557088504863     
   1.0777271860514579       -18.557571931178757     
   1.0872506188563462       -18.395022984175771     
   1.0968582063281700       -18.233897713315944     
   1.1065506921071802       -18.074183683193908     
   1.1163288264048727       -17.915868558678358     
   1.1261933660620536       -17.758940105944486     
   1.1361450746074211       -17.603386193119885     
   1.1461847223166624       -17.449194790613120     
   1.1563130862720754       -17.296353971183660     
   1.1665309504227153       -17.144851909803055     
   1.1768391056450731       -16.994676883348944     
   1.1872383498042904       -16.845817270166624     
   1.1977294878159170       -16.698261549526812     
   1.2083133317082093       -16.551998301003369     
   1.2189907006849854       -16.407016203789723     
   1.2297624211890306       -16.263304035969799     
   1.2406293269660655       -16.120850673755619     
   1.2515922591292810       -15.979645090701380     
   1.2626520662244387       -15.839676356901814     
   1.2738096042955507       -15.700933638180725     
   1.2850657369511400       -15.563406195274331     
   1.2964213354310825       -15.427083383012969     
   1.3078772786740434       -15.291954649503772     
   1.3194344533855085       -15.158009535316248     
   1.3310937541064161       -15.025237672672221     
   1.3428560832823953       -14.893628784641118     
   1.3547223513336166       -14.763172684341320     
   1.3666934767252612       -14.633859274147994     
   1.3787703860386082       -14.505678544907788     
   1.3909540140427568       -14.378620575160445     
   1.4032453037669759       -14.252675530367499     
   1.4156452065736977       -14.127833662148022     
   1.4281546822321536       -14.004085307521397     
   1.4407746989926615       -13.881420888157058     
   1.4535062336615703       -13.759830909631148     
   1.4663502716768659       -13.639305960689946     
   1.4793078071844441       -13.519836712520055     
   1.4923798431150614       -13.401413918025172     
   1.5055673912619612       -13.284028411109421     
   1.5188714723591874       -13.167671105967148     
   1.5322931161605937       -13.052332996379018     
   1.5458333615195445       -12.938005155014473     
   1.5594932564693256       -12.824678732740340     
   1.5732738583042625       -12.712344957935615     
   1.5871762336615569       -12.600995135812269     
   1.6012014586038457       -12.490620647742100     
   1.6153506187024893       -12.381212950589489     
   1.6296248091215975       -12.272763576050046     
   1.6440251347027945       -12.165264129995071     
   1.6585527100507380       -12.058706291821775     
   1.6732086596193882       -11.953081813809224     
   1.6879941177990445       -11.848382520479888     
   1.7029102290041473       -11.744600307966859     
   1.7179581477618575       -11.641727143386566     
   1.7331390388014190       -11.539755064217003     
   1.7484540771443098       -11.438676177681414     
   1.7639044481951911       -11.338482660137371     
   1.7794913478336569       -11.239166756471233     
   1.7952159825068001       -11.140720779497840     
   1.8110795693225910       -11.043137109365555     
   1.8270833361440828       -10.946408192966446     
   1.8432285216844504       -10.850526543351695     
   1.8595163756028699       -10.755484739152061     
   1.8759481586012419       -10.661275424003486     
   1.8925251425217717       -10.567891305977684     
   1.9092486104454127       -10.475325157017744     
   1.9261198567911788       -10.383569812378665     
   1.9431401874163321       -10.292618170072798     
   1.9603109197174602       -10.202463190320136     
   1.9776333827324433       -10.113097895003438     
   1.9951089172433236       -10.024515367128100     
