   3.3627886318793411E-006   5947241.3270967146     
   3.3925042148090786E-006   5895146.5380896563     
   3.4224823821488162E-006   5843508.0571444063     
   3.4527254542492096E-006   5792321.8873727722     
   3.4832357719649025E-006   5741584.0668960521     
   3.5140156968357106E-006   5691290.6685383888     
   3.5450676112694065E-006   5641437.7995227948     
   3.5763939187261232E-006   5592021.6011698479     
   3.6079970439043843E-006   5543038.2485990291     
   3.6398794329287793E-006   5494483.9504326647     
   3.6720435535392962E-006   5446354.9485024726     
   3.7044918952823290E-006   5398647.5175586762     
   3.7372269697033709E-006   5351357.9649816575     
   3.7702513105414128E-006   5304482.6304961517     
   3.8035674739250544E-006   5258017.8858879367     
   3.8371780385703586E-006   5211960.1347229984     
   3.8710856059804409E-006   5166305.8120691665     
   3.9052928006468332E-006   5121051.3842201782     
   3.9398022702526207E-006   5076193.3484221781     
   3.9746166858773799E-006   5031728.2326025814     
   4.0097387422039182E-006   4987652.5951013472     
   4.0451711577268510E-006   4943963.0244045770     
   4.0809166749630141E-006   4900656.1388804717     
   4.1169780606637394E-006   4857728.5865175733     
   4.1533581060290026E-006   4815177.0446653329     
   4.1900596269234724E-006   4772998.2197769154     
   4.2270854640944539E-006   4731188.8471542811     
   4.2644384833917707E-006   4689745.6906955056     
   4.3021215759895885E-006   4648665.5426442754     
   4.3401376586101858E-006   4607945.2233416317     
   4.3784896737497264E-006   4567581.5809798380     
   4.4171805899059996E-006   4527571.4913584413     
   4.4562134018081927E-006   4487911.8576424420     
   4.4955911306486871E-006   4448599.6101226062     
   4.5353168243168984E-006   4409631.7059778618     
   4.5753935576351948E-006   4371005.1290397719     
   4.6158244325968826E-006   4332716.8895590920     
   4.6566125786063114E-006   4294764.0239743562     
   4.6977611527210942E-006   4257143.5946824877     
   4.7392733398964654E-006   4219852.6898114271     
   4.7811523532318011E-006   4182888.4229947506     
   4.8234014342193182E-006   4146247.9331482658     
   4.8660238529949692E-006   4109928.3842485500     
   4.9090229085915572E-006   4073926.9651134466     
   4.9524019291940840E-006   4038240.8891844689     
   4.9961642723973547E-006   4002867.3943111245     
   5.0403133254658628E-006   3967803.7425371157     
   5.0848525055959683E-006   3933047.2198884180     
   5.1297852601803916E-006   3898595.1361632179     
   5.1751150670750483E-006   3864444.8247236847     
   5.2208454348682396E-006   3830593.6422895715     
   5.2669799031522213E-006   3797038.9687336204     
   5.3135220427971725E-006   3763778.2068787599     
   5.3604754562275872E-006   3730808.7822970818     
   5.4078437777011070E-006   3698128.1431105770     
   5.4556306735898133E-006   3665733.7597936187     
   5.5038398426640163E-006   3633623.1249771658     
   5.5524750163785405E-006   3601793.7532546981     
   5.6015399591615439E-006   3570243.1809898377     
   5.6510384687058927E-006   3538968.9661256624     
   5.7009743762631049E-006   3507968.6879956857     
   5.7513515469398948E-006   3477239.9471364943     
   5.8021738799973422E-006   3446780.3651020261     
   5.8534453091526934E-006   3416587.5842794771     
   5.9051698028838392E-006   3386659.2677068166     
   5.9573513647364825E-006   3356993.0988919046     
   6.0099940336340168E-006   3327586.7816331889     
   6.0631018841901412E-006   3298438.0398419853     
   6.1166790270242451E-006   3269544.6173662925     
   6.1707296090795764E-006   3240904.2778161708     
   6.2252578139442153E-006   3212514.8043906447     
   6.2802678621748932E-006   3184373.9997061109     
   6.3357640116236708E-006   3156479.6856262637     
   6.3917505577674987E-006   3128829.7030935050     
   6.4482318340406944E-006   3101421.9119618279     
   6.5052122121703559E-006   3074254.1908311667     
   6.5626961025147397E-006   3047324.4368831981     
   6.6206879544046269E-006   3020630.5657185800     
   6.6791922564877116E-006   2994170.5111956168     
   6.7382135370760191E-006   2967942.2252703379     
   6.7977563644964164E-006   2941943.6778379735     
   6.8578253474441963E-006   2916172.8565758266     
   6.9184251353398007E-006   2890627.7667875076     
   6.9795604186886914E-006   2865306.4312485554     
   7.0412359294444024E-006   2840206.8900533849     
   7.1034564413748016E-006   2815327.2004635921     
   7.1662267704315781E-006   2790665.4367575902     
   7.2295517751230140E-006   2766219.6900815456     
   7.2934363568900339E-006   2741988.0683016363     
   7.3578854604855859E-006   2717968.6958575933     
   7.4229040743573656E-006   2694159.7136175386     
   7.4884972310339366E-006   2670559.2787340763     
   7.5546700075142532E-006   2647165.5645016595     
   7.6214275256606241E-006   2623976.7602151972     
   7.6887749525951522E-006   2600991.0710299062     
   7.7567175010996785E-006   2578206.7178223873     
   7.8252604300192591E-006   2555621.9370529177     
   7.8944090446692021E-006   2533234.9806289487     
   7.9641686972457126E-006   2511044.1157698049     
   8.0345447872401540E-006   2489047.6248725662     
   8.1055427618569832E-006   2467243.8053791132     
   8.1771681164353624E-006   2445630.9696443593     
   8.2494263948745124E-006   2424207.4448056128     
   8.3223231900628155E-006   2402971.5726531106     
   8.3958641443107145E-006   2381921.7095016511     
   8.4700549497874319E-006   2361056.2260633861     
   8.5449013489615547E-006   2340373.5073217051     
   8.6204091350455080E-006   2319871.9524062327     
   8.6965841524439571E-006   2299549.9744689171     
   8.7734322972061724E-006   2279406.0005612071     
   8.8509595174823904E-006   2259438.4715123060     
   8.9291718139842118E-006   2239645.8418084858     
   9.0080752404490615E-006   2220026.5794734666     
   9.0876759041087591E-006   2200579.1659498322     
   9.1679799661622260E-006   2181302.0959815006     
   9.2489936422523628E-006   2162193.8774972106     
   9.3307232029471628E-006   2143253.0314950342     
   9.4131749742250550E-006   2124478.0919278963     
   9.4963553379645362E-006   2105867.6055901102     
   9.5802707324381529E-006   2087420.1320048852     
   9.6649276528108167E-006   2069134.2433128413     
   9.7503326516425478E-006   2051008.5241614876     
   9.8364923393956525E-006   2033041.5715956702     
   9.9234133849463772E-006   2015231.9949489848     
   1.0011102516101090E-005   1997578.4157361358     
   1.0099566520117025E-005   1980079.4675462393     
   1.0188812244227618E-005   1962733.7959370618     
   1.0278846596172501E-005   1945540.0583301841     
   1.0369676544732163E-005   1928496.9239070849     
   1.0461309120267347E-005   1911603.0735061313     
   1.0553751415263213E-005   1894857.1995204762     
   1.0647010584878292E-005   1878258.0057968472     
   1.0741093847498319E-005   1861804.2075352219     
   1.0836008485294943E-005   1845494.5311893844     
   1.0931761844789375E-005   1829327.7143683466     
   1.1028361337421012E-005   1813302.5057386451     
   1.1125814440121107E-005   1797417.6649274784     
   1.1224128695891483E-005   1781671.9624267046     
   1.1323311714388371E-005   1766064.1794976760     
   1.1423371172511415E-005   1750593.1080769061     
   1.1524314814997871E-005   1735257.5506825615     
   1.1626150455022051E-005   1720056.3203217813     
   1.1728885974800096E-005   1704988.2403987946     
   1.1832529326200040E-005   1690052.1446238577     
   1.1937088531357324E-005   1675246.8769229755     
   1.2042571683295700E-005   1660571.2913484250     
   1.2148986946553652E-005   1646024.2519900529     
   1.2256342557816339E-005   1631604.6328873578     
   1.2364646826553123E-005   1617311.3179423397     
   1.2473908135660744E-005   1603143.2008331073     
   1.2584134942112152E-005   1589099.1849282538     
   1.2695335777611100E-005   1575178.1832019731     
   1.2807519249252504E-005   1561379.1181499218     
   1.2920694040188645E-005   1547700.9217058208     
   1.3034868910301260E-005   1534142.5351587839     
   1.3150052696879559E-005   1520702.9090713726     
   1.3266254315304255E-005   1507381.0031983696     
   1.3383482759737619E-005   1494175.7864062598     
   1.3501747103819644E-005   1481086.2365934209     
   1.3621056501370354E-005   1468111.3406110131     
   1.3741420187098324E-005   1455250.0941845542     
   1.3862847477315462E-005   1442501.5018361947     
   1.3985347770658090E-005   1429864.5768076619     
   1.4108930548814431E-005   1417338.3409838839     
   1.4233605377258496E-005   1404921.8248172824     
   1.4359381905990460E-005   1392614.0672527307     
   1.4486269870283586E-005   1380414.1156531628     
   1.4614279091437758E-005   1368321.0257258415     
   1.4743419477539649E-005   1356333.8614492670     
   1.4873701024229637E-005   1344451.6950007272     
   1.5005133815475459E-005   1332673.6066844850     
   1.5137728024352747E-005   1320998.6848605911     
   1.5271493913832420E-005   1309426.0258743207     
   1.5406441837575063E-005   1297954.7339862329     
   1.5542582240732303E-005   1286583.9213028359     
   1.5679925660755298E-005   1275312.7077078640     
   1.5818482728210324E-005   1264140.2207941562     
   1.5958264167601614E-005   1253065.5957961294     
   1.6099280798201442E-005   1242087.9755228460     
   1.6241543534887552E-005   1231206.5102916637     
   1.6385063388987981E-005   1220420.3578624718     
   1.6529851469133350E-005   1209728.6833724980     
   1.6675918982116694E-005   1199130.6592716915     
   1.6823277233760882E-005   1188625.4652586668     
   1.6971937629793686E-005   1178212.2882172132     
   1.7121911676730623E-005   1167890.3221533585     
   1.7273210982765566E-005   1157658.7681329825     
   1.7425847258669226E-005   1147516.8342199798     
   1.7579832318695596E-005   1137463.7354149614     
   1.7735178081496376E-005   1127498.6935944981     
   1.7891896571043504E-005   1117620.9374508879     
   1.8049999917559816E-005   1107829.7024324592     
   1.8209500358457956E-005   1098124.2306843924     
   1.8370410239287560E-005   1088503.7709900599     
   1.8532742014690815E-005   1078967.5787128839     
   1.8696508249366474E-005   1069514.9157386962     
   1.8861721619042368E-005   1060145.0504186109     
   1.9028394911456541E-005   1050857.2575123932     
   1.9196541027347025E-005   1041650.8181323217     
   1.9366172981450386E-005   1032525.0196875497     
   1.9537303903509057E-005   1023479.1558289472     
   1.9709947039287639E-005   1014512.5263944293     
   1.9884115751598107E-005   1005624.4373547622     
   2.0059823521334115E-005   996814.20075984590     
   2.0237083948514450E-005   988081.13468546339     
   2.0415910753335683E-005   979424.56318050134     
   2.0596317777234130E-005   970843.81621462828     
   2.0778318983957192E-005   962338.22962643590     
   2.0961928460644181E-005   953907.14507202955     
   2.1147160418916682E-005   945549.90997407329     
   2.1334029195978533E-005   937265.87747127865     
   2.1522549255725569E-005   929054.40636833711     
   2.1712735189865134E-005   920914.86108629010     
   2.1904601719045500E-005   912846.61161333532     
   2.2098163693995263E-005   904849.03345606208     
   2.2293436096672816E-005   896921.50759111485     
   2.2490434041425969E-005   889063.42041728087     
   2.2689172776161815E-005   881274.16370799579     
   2.2889667683526954E-005   873553.13456426514     
   2.3091934282098111E-005   865899.73536800104     
   2.3295988227583308E-005   858313.37373576511     
   2.3501845314033632E-005   850793.46247291670     
   2.3709521475065718E-005   843339.41952816350     
   2.3919032785095028E-005   835950.66794851038     
   2.4130395460580045E-005   828626.63583460089     
   2.4343625861277429E-005   821366.75629645481     
   2.4558740491508302E-005   814170.46740958607     
   2.4775756001435694E-005   807037.21217151161     
   2.4994689188353290E-005   799966.43845863803     
   2.5215556997985575E-005   792957.59898352600     
   2.5438376525799437E-005   786010.15125253086     
   2.5663165018327387E-005   779123.55752381100     
   2.5889939874502474E-005   772297.28476570651     
   2.6118718647004975E-005   765530.80461548315     
   2.6349519043620988E-005   758823.59333843424     
   2.6582358928613059E-005   752175.13178734528     
   2.6817256324102884E-005   745584.90536230896     
   2.7054229411466266E-005   739052.40397089510     
   2.7293296532740340E-005   732577.12198867043     
   2.7534476192043311E-005   726158.55822005996     
   2.7777787057006684E-005   719796.21585955587     
   2.8023247960220156E-005   713489.60245326231     
   2.8270877900689280E-005   707238.22986078146     
   2.8520696045306043E-005   701041.61421742768     
   2.8772721730332367E-005   694899.27589677798     
   2.9026974462896811E-005   688810.73947354651     
   2.9283473922504401E-005   682775.53368678817     
   2.9542239962559879E-005   676793.19140342041     
   2.9803292611904381E-005   670863.24958206748     
   3.0066652076365678E-005   664985.24923722062     
   3.0332338740322166E-005   659158.73540371051     
   3.0600373168280610E-005   653383.25710149412     
   3.0870776106467898E-005   647658.36730074766     
   3.1143568484436788E-005   641983.62288726517     
   3.1418771416685924E-005   636358.58462816174     
   3.1696406204294101E-005   630782.81713787583     
   3.1976494336569000E-005   625255.88884447003     
   3.2259057492710514E-005   619777.37195622677     
   3.2544117543488694E-005   614346.84242853674     
   3.2831696552936645E-005   608963.87993107678     
   3.3121816780058244E-005   603628.06781527691     
   3.3414500680551085E-005   598338.99308206933     
   3.3709770908544505E-005   593096.24634992401     
   3.4007650318353111E-005   587899.42182316002     
   3.4308161966245711E-005   582748.11726053711     
   3.4611329112229878E-005   577641.93394412182     
   3.4917175221852332E-005   572580.47664842673     
   3.5225723968015212E-005   567563.35360981827     
   3.5536999232808353E-005   562590.17649619456     
   3.5851025109357836E-005   557660.56037692726     
   3.6167825903690796E-005   552774.12369306816     
   3.6487426136616769E-005   547930.48822781583     
   3.6809850545625609E-005   543129.27907724050     
   3.7135124086802204E-005   538370.12462126720     
   3.7463271936758143E-005   533652.65649491060     
   3.7794319494580387E-005   528976.50955976360     
   3.8128292383797205E-005   524341.32187573577     
   3.8465216454361473E-005   519746.73467303696     
   3.8805117784651483E-005   515192.39232441003     
   3.9148022683489444E-005   510677.94231760397     
   3.9493957692177870E-005   506203.03522808797     
   3.9842949586553814E-005   501767.32469200768     
   4.0195025379061453E-005   497370.46737937379     
   4.0550212320842843E-005   493012.12296748994     
   4.0908537903847172E-005   488691.95411460963     
   4.1270029862958714E-005   484409.62643382692     
   4.1634716178143545E-005   480164.80846719298     
   4.2002625076615199E-005   475957.17166006181     
   4.2373785035019516E-005   471786.39033565967     
   4.2748224781638769E-005   467652.14166987670     
   4.3125973298615272E-005   463554.10566628008     
   4.3507059824194632E-005   459491.96513134619     
   4.3891513854988830E-005   455465.40564990934     
   4.4279365148259307E-005   451474.11556082481     
   4.4670643724220207E-005   447517.78593284742     
   4.5065379868361982E-005   443596.11054071801     
   4.5463604133795543E-005   439708.78584146255     
   4.5865347343617073E-005   435855.51095089747     
   4.6270640593293847E-005   432035.98762033938     
   4.6679515253070995E-005   428249.92021352221     
   4.7092002970399625E-005   424497.01568371308     
   4.7508135672386411E-005   420776.98355103051     
   4.7927945568264723E-005   417089.53587996139     
   4.8351465151887736E-005   413434.38725707377     
   4.8778727204243457E-005   409811.25476892543     
   4.9209764795992029E-005   406219.85798016668     
   4.9644611290025463E-005   402659.91891183361     
   5.0083300344049925E-005   399131.16201983206     
   5.0525865913190931E-005   395633.31417361117     
   5.0972342252621506E-005   392166.10463502159     
   5.1422763920213576E-005   388729.26503736019     
   5.1877165779212804E-005   385322.52936459845     
   5.2335583000937043E-005   381945.63393079245     
   5.2798051067498630E-005   378598.31735967303     
   5.3264605774550792E-005   375280.32056441507     
   5.3735283234058230E-005   371991.38672758319     
   5.4210119877092273E-005   368731.26128125511     
   5.4689152456650648E-005   365499.69188731612     
   5.5172418050502283E-005   362296.42841792892     
   5.5659954064057083E-005   359121.22293617314     
   5.6151798233261247E-005   355973.82967685431     
   5.6647988627518021E-005   352854.00502748141     
   5.7148563652634328E-005   349761.50750941178     
   5.7653562053793493E-005   346696.09775915876     
   5.8163022918554077E-005   343657.53850986605     
   5.8676985679875366E-005   340645.59457294253     
   5.9195490119169525E-005   337660.03281985759     
   5.9718576369380730E-005   334700.62216409802     
   6.0246284918091533E-005   331767.13354328036     
   6.0778656610656607E-005   328859.33990142186     
   6.1315732653364252E-005   325977.01617136603     
   6.1857554616625860E-005   323119.93925736175     
   6.2404164438193470E-005   320287.88801779557     
   6.2955604426405813E-005   317480.64324807510     
   6.3511917263463056E-005   314697.98766366241     
   6.4073146008730451E-005   311939.70588325540     
   6.4639334102071179E-005   309205.58441211761     
   6.5210525367208675E-005   306495.41162555310     
   6.5786764015118610E-005   303808.97775252635     
   6.6368094647450927E-005   301146.07485942612     
   6.6954562259982032E-005   298506.49683397030     
   6.7546212246097549E-005   295890.03936925373     
   6.8143090400305786E-005   293296.49994793331     
   6.8745242921782360E-005   290725.67782655352     
   6.9352716417946041E-005   288177.37402000913     
   6.9965557908066193E-005   285651.39128614223     
   7.0583814826902225E-005   283147.53411047638     
   7.1207535028374982E-005   280665.60869108327     
   7.1836766789270813E-005   278205.42292358208     
   7.2471558812978168E-005   275766.78638627048     
   7.3111960233257422E-005   273349.51032538567     
   7.3758020618043752E-005   270953.40764049458     
   7.4409789973283862E-005   268578.29287001188     
   7.5067318746806515E-005   266223.98217684549     
   7.5730657832227149E-005   263890.29333416693     
   7.6399858572887290E-005   261577.04571130656     
   7.7074972765828447E-005   259284.06025977302     
   7.7756052665801318E-005   257011.15949939442     
   7.8443150989310404E-005   254758.16750458101     
   7.9136320918694297E-005   252524.90989070848     
   7.9835616106242139E-005   250311.21380062005     
   8.0541090678346288E-005   248116.90789124754     
   8.1252799239691818E-005   245941.82232034887     
   8.1970796877483003E-005   243785.78873336228     
   8.2695139165707123E-005   241648.64025037491     
   8.3425882169435993E-005   239530.21145320698     
   8.4163082449165429E-005   237430.33837260737     
   8.4906797065193148E-005   235348.85847556253     
   8.5657083582035319E-005   233285.61065271619     
   8.6414000072882065E-005   231240.43520589938     
   8.7177605124092499E-005   229213.17383576932     
   8.7947957839729343E-005   227203.66962955694     
   8.8725117846133624E-005   225211.76704892184     
   8.9509145296539895E-005   223237.31191791303     
   9.0300100875732151E-005   221280.15141103588     
   9.1098045804740955E-005   219340.13404142277     
   9.1903041845581908E-005   217417.10964910846     
   9.2715151306036259E-005   215510.92938940675     
   9.3534437044473531E-005   213621.44572139019     
   9.4360962474716853E-005   211748.51239647012     
   9.5194791570951266E-005   209891.98444707689     
   9.6035988872675474E-005   208051.71817543893     
   9.6884619489697187E-005   206227.57114246051     
   9.7740749107172800E-005   204419.40215669695     
   9.8604443990691468E-005   202627.07126342566     
   9.9475770991404135E-005   200850.43973381424     
   1.0035479755119796E-004   199089.37005418199     
   1.0124159170791636E-004   197343.72591535642     
   1.0213622210062527E-004   195613.37220212276     
   1.0303875797492585E-004   193898.17498276604     
   1.0394926918831423E-004   192198.00149870408     
   1.0486782621558856E-004   190512.72015421244     
   1.0579450015430386E-004   188842.20050623812     
   1.0672936273027507E-004   187186.31325430368     
   1.0767248630312869E-004   185544.93023049855     
   1.0862394387190356E-004   183917.92438955937     
   1.0958380908070106E-004   182305.16979903588     
   1.1055215622438528E-004   180706.54162954402     
   1.1152906025433353E-004   179121.91614510393     
   1.1251459678423767E-004   177551.17069356208     
   1.1350884209595667E-004   175994.18369709872     
   1.1451187314542108E-004   174450.83464281689     
   1.1552376756858936E-004   172921.00407341466     
   1.1654460368745708E-004   171404.57357793942     
   1.1757446051611914E-004   169901.42578262210     
   1.1861341776688558E-004   168411.44434179273     
   1.1966155585645135E-004   166934.51392887498     
   1.2071895591212081E-004   165470.52022745970     
   1.2178569977808697E-004   164019.34992245649     
   1.2286187002176637E-004   162580.89069132353     
   1.2394754994018994E-004   161155.03119537310     
   1.2504282356645029E-004   159741.66107115400     
   1.2614777567620595E-004   158340.67092190927     
   1.2726249179424319E-004   156951.95230910886     
   1.2838705820109568E-004   155575.39774405610     
   1.2952156193972274E-004   154210.90067956824     
   1.3066609082224668E-004   152858.35550172903     
   1.3182073343674940E-004   151517.65752171483     
   1.3298557915412932E-004   150188.70296769086     
   1.3416071813501890E-004   148871.38897677930     
   1.3534624133676302E-004   147565.61358709802     
   1.3654224052045934E-004   146271.27572986786     
   1.3774880825806059E-004   144988.27522159027     
   1.3896603793953999E-004   143716.51275629285     
   1.4019402378011948E-004   142455.88989784295     
   1.4143286082756235E-004   141206.30907232847     
   1.4268264496952986E-004   139967.67356050567     
   1.4394347294100334E-004   138739.88749031263     
   1.4521544233177128E-004   137522.85582944937     
   1.4649865159398312E-004   136316.48437802130     
   1.4779320004976962E-004   135120.67976124870     
   1.4909918789893036E-004   133935.34942223888     
   1.5041671622668943E-004   132760.40161482271     
   1.5174588701151961E-004   131595.74539645278     
   1.5308680313303553E-004   130441.29062116482     
   1.5443956837995676E-004   129296.94793259987     
   1.5580428745814122E-004   128162.62875708830     
   1.5718106599868948E-004   127038.24529679379     
   1.5857001056612081E-004   125923.71052291791     
   1.5997122866662144E-004   124818.93816896387     
   1.6138482875636552E-004   123723.84272405936     
   1.6281092024991004E-004   122638.33942633793     
   1.6424961352866344E-004   121562.34425637829     
   1.6570101994942937E-004   120495.77393070111     
   1.6716525185302592E-004   119438.54589532265     
   1.6864242257298075E-004   118390.57831936529     
   1.7013264644430347E-004   117351.79008872333     
   1.7163603881233528E-004   116322.10079978473     
   1.7315271604167673E-004   115301.43075320811     
   1.7468279552519461E-004   114289.70094775344     
   1.7622639569310836E-004   113286.83307416750     
   1.7778363602215659E-004   112292.74950912256     
   1.7935463704484478E-004   111307.37330920839     
   1.8093952035877481E-004   110330.62820497632     
   1.8253840863605654E-004   109362.43859503645     
   1.8415142563280300E-004   108402.72954020556     
   1.8577869619870914E-004   107451.42675770688     
   1.8742034628671547E-004   106508.45661542052     
   1.8907650296275686E-004   105573.74612618427     
   1.9074729441559779E-004   104647.22294214406     
   1.9243284996675418E-004   103728.81534915451     
   1.9413330008050315E-004   102818.45226122788     
   1.9584877637398101E-004   101916.06321503205     
   1.9757941162737078E-004   101021.57836443643     
   1.9932533979417940E-004   100134.92847510595     
   2.0108669601160599E-004   99256.044919142136     
   2.0286361661100164E-004   98384.859669771176     
   2.0465623912842160E-004   97521.305296078703     
   2.0646470231527083E-004   96665.314957790339     
   2.0828914614904351E-004   95816.822400098390     
   2.1012971184415741E-004   94975.761948533414     
   2.1198654186288429E-004   94142.068503881135     
   2.1385977992637638E-004   93315.677537143565     
   2.1574957102579086E-004   92496.525084544366     
   2.1765606143351221E-004   91684.547742578012     
   2.1957939871447389E-004   90879.682663102300     
   2.2151973173758019E-004   90081.867548473689     
   2.2347721068722876E-004   89291.040646725451     
   2.2545198707493516E-004   88507.140746788151     
   2.2744421375106005E-004   87730.107173751472     
   2.2945404491663988E-004   86959.879784168283     
   2.3148163613532247E-004   86196.398961399114     
   2.3352714434540773E-004   85439.605610998013     
   2.3559072787199492E-004   84689.441156138404     
   2.3767254643923717E-004   83945.847533079184     
   2.3977276118270443E-004   83208.767186670622     
   2.4189153466185558E-004   82478.143065899232     
   2.4402903087262067E-004   81753.918619472402     
   2.4618541526009449E-004   81036.037791440773     
   2.4836085473134211E-004   80324.445016859783     
   2.5055551766831811E-004   79619.085217488624     
   2.5276957394089906E-004   78919.903797527266     
   2.5500319492003195E-004   78226.846639390642     
   2.5725655349099856E-004   77539.860099519807     
   2.5952982406679683E-004   76858.891004229910     
   2.6182318260164095E-004   76183.886645594495     
   2.6413680660458010E-004   75514.794777365780     
   2.6647087515323822E-004   74851.563610930811     
   2.6882556890767459E-004   74194.141811302790     
   2.7120107012436741E-004   73542.478493147879     
   2.7359756267032037E-004   72896.523216846574     
   2.7601523203729466E-004   72256.225984589371     
   2.7845426535616589E-004   71621.537236507211     
   2.8091485141140839E-004   70992.407846835267     
   2.8339718065570753E-004   70368.789120110552     
   2.8590144522470072E-004   69750.632787402981     
   2.8842783895184930E-004   69137.891002579068     
   2.9097655738344130E-004   68530.516338598740     
   2.9354779779372693E-004   67928.461783844323     
   2.9614175920018816E-004   67331.680738481897     
   2.9875864237894251E-004   66740.127010854252     
   3.0139864988028406E-004   66153.754813905718     
   3.0406198604436026E-004   65572.518761638115     
   3.0674885701698887E-004   64996.373865597845     
   3.0945947076561350E-004   64425.275531393701     
   3.1219403709540066E-004   63859.179555245275     
   3.1495276766547916E-004   63298.042120561426     
   3.1773587600532262E-004   62741.819794548828     
   3.2054357753127677E-004   62190.469524850363     
   3.2337608956323357E-004   61643.948636212561     
   3.2623363134145122E-004   61102.214827182739     
   3.2911642404352437E-004   60565.226166834596     
   3.3202469080150339E-004   60032.941091522800     
   3.3495865671916456E-004   59505.318401666009     
   3.3791854888943438E-004   58982.317258557683     
   3.4090459641196598E-004   58463.897181205466     
   3.4391703041087223E-004   57950.018043197619     
   3.4695608405261474E-004   57440.640069597350     
   3.5002199256405184E-004   56935.723833864053     
   3.5311499325064462E-004   56435.230254801798     
   3.5623532551482537E-004   55939.120593534266     
   3.5938323087452741E-004   55447.356450506333     
   3.6255895298187882E-004   54959.899762511923     
   3.6576273764206153E-004   54476.712799747918     
   3.6899483283233710E-004   53997.758162893639     
   3.7225548872124034E-004   53522.998780216294     
   3.7554495768794257E-004   53052.397904701473     
   3.7886349434178643E-004   52585.919111208874     
   3.8221135554199269E-004   52123.526293652991     
   3.8558880041754178E-004   51665.183662208437     
   3.8899609038723054E-004   51210.855740539737     
   3.9243348917990619E-004   50760.507363055483     
   3.9590126285487989E-004   50314.103672186393     
   3.9939967982251945E-004   49871.610115687377     
   4.0292901086502508E-004   49432.992443962961     
   4.0648952915738816E-004   48998.216707416643     
   4.1008151028853524E-004   48567.249253822789     
   4.1370523228265920E-004   48140.056725722228     
   4.1736097562073858E-004   47716.606057840065     
   4.2104902326224705E-004   47296.864474526621     
   4.2476966066705543E-004   46880.799487220342     
   4.2852317581752573E-004   46468.378891933331     
   4.3230985924080234E-004   46059.570766758618     
   4.3613000403129842E-004   45654.343469399340     
   4.3998390587338246E-004   45252.665634719655     
   4.4387186306426419E-004   44854.506172317000     
   4.4779417653708329E-004   44459.834264115656     
   4.5175114988420234E-004   44068.619361981393     
   4.5574308938070476E-004   43680.831185357034     
   4.5977030400810132E-004   43296.439718918620     
   4.6383310547824553E-004   42915.415210252271     
   4.6793180825746057E-004   42537.728167551293     
   4.7206672959087956E-004   42163.349357333405     
   4.7623818952700068E-004   41792.249802178114     
   4.8044651094245901E-004   41424.400778483796     
   4.8469201956701842E-004   41059.773814244443     
   4.8897504400878251E-004   40698.340686845899     
   4.9329591577963034E-004   40340.073420881396     
   4.9765496932087491E-004   39984.944285986174     
   5.0205254202915009E-004   39632.925794691255     
   5.0648897428252524E-004   39283.990700295697     
   5.1096460946685116E-004   38938.111994757775     
   5.1547979400233827E-004   38595.262906604519     
   5.2003487737037021E-004   38255.416898859519     
   5.2463021214055447E-004   37918.547666988983     
   5.2926615399801109E-004   37584.629136865668     
   5.3394306177090365E-004   37253.635462750783     
   5.3866129745821307E-004   36925.541025293467     
   5.4342122625775655E-004   36600.320429547748     
   5.4822321659445442E-004   36277.948503007108     
   5.5306764014884720E-004   35958.400293655890     
   5.5795487188586325E-004   35641.651068038205     
   5.6288529008384242E-004   35327.676309343326     
   5.6785927636381517E-004   35016.451715508141     
   5.7287721571904003E-004   34707.953197336203     
   5.7793949654480297E-004   34402.156876633118     
   5.8304651066847988E-004   34099.039084358330     
   5.8819865337986438E-004   33798.576358793187     
   5.9339632346176339E-004   33500.745443724911     
   5.9863992322086433E-004   33205.523286646552     
   6.0392985851887319E-004   32912.887036972701     
   6.0926653880392966E-004   32622.814044270854     
   6.1465037714229841E-004   32335.281856508165     
   6.2008179025034116E-004   32050.268218313711     
   6.2556119852677126E-004   31767.751069255854     
   6.3108902608519253E-004   31487.708542134755     
   6.3666570078692709E-004   31210.118961289805     
   6.4229165427413175E-004   30934.960840921940     
   6.4796732200320779E-004   30662.212883430573     
   6.5369314327850625E-004   30391.853977765164     
   6.5946956128633022E-004   30123.863197791168     
   6.6529702312923835E-004   29858.219800670377     
   6.7117597986065083E-004   29594.903225255348     
   6.7710688651976224E-004   29333.893090497961     
   6.8309020216676143E-004   29075.169193871916     
   6.8912638991836374E-004   28818.711509809043     
   6.9521591698365720E-004   28564.500188149239     
   7.0135925470026417E-004   28312.515552604127     
   7.0755687857082473E-004   28062.738099233997     
   7.1380926829980016E-004   27815.148494938283     
   7.2011690783060358E-004   27569.727575959078     
   7.2648028538305697E-004   27326.456346397830     
   7.3289989349118107E-004   27085.315976745114     
   7.3937622904131708E-004   26846.287802423140     
   7.4590979331058704E-004   26609.353322341110     
   7.5250109200569336E-004   26374.494197463235     
   7.5915063530206063E-004   26141.692249389238     
   7.6585893788332473E-004   25910.929458947336     
   7.7262651898116924E-004   25682.187964799570     
   7.7945390241551508E-004   25455.450062059266     
   7.8634161663506503E-004   25230.698200920677     
   7.9329019475820586E-004   25007.914985300631     
   8.0030017461427290E-004   24787.083171492028     
   8.0737209878517849E-004   24568.185666829158     
   8.1450651464740867E-004   24351.205528364746     
   8.2170397441439099E-004   24136.125961558479     
   8.2896503517923613E-004   23922.930318977171     
   8.3629025895785793E-004   23711.602099006181     
   8.4368021273247451E-004   23502.124944572195     
   8.5113546849549277E-004   23294.482641877166     
   8.5865660329378197E-004   23088.659119143333     
   8.6624419927333769E-004   22884.638445369263     
   8.7389884372434073E-004   22682.404829096795     
   8.8162112912661410E-004   22481.942617188721     
   8.8941165319548208E-004   22283.236293617265     
   8.9727101892803334E-004   22086.270478263083     
   9.0519983464979511E-004   21891.029925724863     
   9.1319871406181699E-004   21697.499524139286     
   9.2126827628817337E-004   21505.664294011378     
   9.2940914592388351E-004   21315.509387055081     
   9.3762195308325698E-004   21127.020085043947     
   9.4590733344866425E-004   20940.181798671983     
   9.5426592831974078E-004   20754.980066424407     
   9.6269838466302323E-004   20571.400553458268     
   9.7120535516202571E-004   20389.429050493021     
   9.7978749826775949E-004   20209.051472710598     
   9.8844547824969626E-004   20030.253858665317     
   9.9717996524718508E-004   19853.022369203198     
   1.0059916353213211E-003   19677.343286390846     
   1.0148811705072737E-003   19503.203012453650     
   1.0238492588670780E-003   19330.588068723286     
   1.0328965945428895E-003   19159.485094594500     
   1.0420238778107141E-003   18989.880846490956     
   1.0512318151346090E-003   18821.762196840158     
   1.0605211192213644E-003   18655.116133057429     
   1.0698925090756679E-003   18489.929756538648     
   1.0793467100557563E-003   18326.190281661944     
   1.0888844539295591E-003   18163.885034798070     
   1.0985064789313396E-003   18003.001453329438     
   1.1082135298188334E-003   17843.527084677764     
   1.1180063579308952E-003   17685.449585340259     
   1.1278857212456519E-003   17528.756719934208     
   1.1378523844391729E-003   17373.436360249954     
   1.1479071189446554E-003   17219.476484312159     
   1.1580507030121362E-003   17066.865175449297     
   1.1682839217687271E-003   16915.590621371324     
   1.1786075672793868E-003   16765.641113255340     
   1.1890224386082262E-003   16617.005044839407     
   1.1995293418803584E-003   16469.670911524139     
   1.2101290903442929E-003   16323.627309482261     
   1.2208225044348828E-003   16178.862934775980     
   1.2316104118368272E-003   16035.366582482025     
   1.2424936475487348E-003   15893.127145824403     
   1.2534730539477544E-003   15752.133615314688     
   1.2645494808547766E-003   15612.375077899942     
   1.2757237856002095E-003   15473.840716117991     
   1.2869968330903386E-003   15336.519807260185     
   1.2983694958742713E-003   15200.401722541430     
   1.3098426542114731E-003   15065.475926277539     
   1.3214171961399013E-003   14931.731975069757     
   1.3330940175447401E-003   14799.159516996440     
   1.3448740222277433E-003   14667.748290811825     
   1.3567581219771899E-003   14537.488125151791     
   1.3687472366384573E-003   14408.368937746616     
   1.3808422941852200E-003   14280.380734640579     
   1.3930442307912739E-003   14153.513609418467     
   1.4053539909029990E-003   14027.757742438782     
   1.4177725273124603E-003   13903.103400073720     
   1.4303008012311552E-003   13779.540933955794     
   1.4429397823644127E-003   13657.060780231031     
   1.4556904489864491E-003   13535.653458818759     
   1.4685537880160893E-003   13415.309572677817     
   1.4815307950931547E-003   13296.019807079261     
   1.4946224746555264E-003   13177.774928885388     
   1.5078298400168920E-003   13060.565785835095     
   1.5211539134451749E-003   12944.383305835496     
   1.5345957262416616E-003   12829.218496259758     
   1.5481563188208241E-003   12715.062443251065     
   1.5618367407908508E-003   12601.906311032682     
   1.5756380510348863E-003   12489.741341224106     
   1.5895613177929909E-003   12378.558852163122     
   1.6036076187448242E-003   12268.350238233894     
   1.6177780410930587E-003   12159.106969200870     
   1.6320736816475300E-003   12050.820589548559     
   1.6464956469101331E-003   11943.482717827079     
   1.6610450531604648E-003   11837.085046003438     
   1.6757230265422283E-003   11731.619338818500     
   1.6905307031503944E-003   11627.077433149596     
   1.7054692291191404E-003   11523.451237378687     
   1.7205397607105606E-003   11420.732730766093     
   1.7357434644041624E-003   11318.913962829713     
   1.7510815169871543E-003   11217.987052729633     
   1.7665551056455300E-003   11117.944188658197     
   1.7821654280559588E-003   11018.777627235351     
   1.7979136924784875E-003   10920.479692909337     
   1.8138011178500601E-003   10823.042777362622     
   1.8298289338788672E-003   10726.459338923007     
   1.8459983811395242E-003   10630.721901979929     
   1.8623107111690978E-003   10535.823056405856     
   1.8787671865639721E-003   10441.755456982768     
   1.8953690810775772E-003   10348.511822833641     
   1.9121176797189810E-003   10256.084936858917     
   1.9290142788523474E-003   10164.467645177932     
   1.9460601862972798E-003   10073.652856575212     
   1.9632567214300455E-003   9983.6335419516290     
   1.9806052152856989E-003   9894.4027337803727     
   1.9981070106611046E-003   9805.9535255676783     
   2.0157634622188733E-003   9718.2790713182712     
   2.0335759365922102E-003   9631.3725850055307     
   2.0515458124907007E-003   9545.2273400462454     
   2.0696744808070180E-003   9459.8366687800135     
   2.0879633447245857E-003   9375.1939619531713     
   2.1064138198261802E-003   9291.2926682072793     
   2.1250273342035054E-003   9208.1262935720388     
   2.1438053285677224E-003   9125.6884009627174     
   2.1627492563609679E-003   9043.9726096819122     
   2.1818605838688485E-003   8962.9725949257190     
   2.2011407903339353E-003   8882.6820872942135     
   2.2205913680702597E-003   8803.0948723062374     
   2.2402138225788189E-003   8724.2047899183999     
   2.2600096726641044E-003   8646.0057340483399     
   2.2799804505516602E-003   8568.4916521021205     
   2.3001277020066784E-003   8491.6565445058095     
   2.3204529864536429E-003   8415.4944642411247     
   2.3409578770970333E-003   8339.9995163851636     
   2.3616439610430898E-003   8265.1658576541686     
   2.3825128394226597E-003   8190.9876959513003     
   2.4035661275151267E-003   8117.4592899183363     
   2.4248054548734357E-003   8044.5749484913385     
   2.4462324654502213E-003   7972.3290304601960     
   2.4678488177250530E-003   7900.7159440320265     
   2.4896561848328038E-003   7829.7301463984013     
   2.5116562546931534E-003   7759.3661433063735     
   2.5338507301412333E-003   7689.6184886332612     
   2.5562413290594324E-003   7620.4817839651414     
   2.5788297845103589E-003   7551.9506781790624     
   2.6016178448709858E-003   7484.0198670289028     
   2.6246072739679748E-003   7416.6840927348558     
   2.6477998512142000E-003   7349.9381435765272     
   2.6711973717464762E-003   7283.7768534895822     
   2.6948016465645069E-003   7218.1951016659323     
   2.7186145026710561E-003   7153.1878121574291     
   2.7426377832133609E-003   7088.7499534830376     
   2.7668733476257940E-003   7024.8765382394295     
   2.7913230717737866E-003   6961.5626227150206     
   2.8159888480990239E-003   6898.8033065073505     
   2.8408725857659192E-003   6836.5937321438714     
   2.8659762108093900E-003   6774.9290847059929     
   2.8913016662839340E-003   6713.8045914564818     
   2.9168509124140232E-003   6653.2155214700942     
   2.9426259267458280E-003   6593.1571852674579     
   2.9686287043002840E-003   6533.6249344521411     
   2.9948612577275079E-003   6474.6141613509444     
   3.0213256174625785E-003   6416.1202986573107     
   3.0480238318826968E-003   6358.1388190778698     
   3.0749579674657322E-003   6300.6652349820806     
   3.1021301089501703E-003   6243.6950980549609     
   3.1295423594964763E-003   6187.2239989528225     
   3.1571968408498803E-003   6131.2475669620753     
   3.1850956935046038E-003   6075.7614696609744     
   3.2132410768695384E-003   6020.7614125843620     
   3.2416351694353846E-003   5966.2431388913437     
   3.2702801689432717E-003   5912.2024290358677     
   3.2991782925548651E-003   5858.6351004401977     
   3.3283317770239789E-003   5805.5370071712514     
   3.3577428788697005E-003   5752.9040396197852     
   3.3874138745510519E-003   5700.7321241823538     
   3.4173470606431891E-003   5649.0172229461114     
   3.4475447540151588E-003   5597.7553333763426     
   3.4780092920092308E-003   5546.9424880067263     
   3.5087430326218062E-003   5496.5747541323581     
   3.5397483546859366E-003   5446.6482335054043     
   3.5710276580554401E-003   5397.1590620334819     
   3.6025833637906629E-003   5348.1034094806400     
   3.6344179143458625E-003   5299.4774791709979     
   3.6665337737582671E-003   5251.2775076949483     
   3.6989334278387884E-003   5203.4997646179700     
   3.7316193843644281E-003   5156.1405521919642     
   3.7645941732723852E-003   5109.1962050691463     
   3.7978603468558744E-003   5062.6630900184427     
   3.8314204799616801E-003   5016.5376056443438     
   3.8652771701894479E-003   4970.8161821082849     
   3.8994330380927467E-003   4925.4952808524122     
   3.9338907273819036E-003   4880.5713943257952     
   3.9686529051286253E-003   4836.0410457130511     
   4.0037222619724380E-003   4791.9007886653308     
   4.0391015123289464E-003   4748.1472070336713     
   4.0747933945999310E-003   4704.7769146047031     
   4.1108006713853028E-003   4661.7865548386444     
   4.1471261296969373E-003   4619.1728006096237     
   4.1837725811743895E-003   4576.9323539482675     
   4.2207428623025171E-003   4535.0619457865459     
   4.2580398346310326E-003   4493.5583357048599     
   4.2956663849959874E-003   4452.4183116813547     
   4.3336254257432191E-003   4411.6386898434148     
   4.3719198949537701E-003   4371.2163142213612     
   4.4105527566712984E-003   4331.1480565042984     
   4.4495270011314994E-003   4291.4308157981031     
   4.4888456449935542E-003   4252.0615183855462     
   4.5285117315736235E-003   4213.0371174885076     
   4.5685283310804032E-003   4174.3545930322925     
   4.6088985408527638E-003   4136.0109514120095     
   4.6496254855994861E-003   4098.0032252609963     
   4.6907123176411240E-003   4060.3284732212828     
   4.7321622171539908E-003   4022.9837797160758     
   4.7739783924163138E-003   3985.9662547242274     
   4.8161640800565573E-003   3949.2730335566985     
   4.8587225453039437E-003   3912.9012766349742     
   4.9016570822411872E-003   3876.8481692714286     
   4.9449710140594579E-003   3841.1109214516255     
   4.9886676933156007E-003   3805.6867676185234     
   5.0327505021916311E-003   3770.5729664585783     
   5.0772228527565183E-003   3735.7668006897229     
   5.1220881872302846E-003   3701.2655768512222     
   5.1673499782504389E-003   3667.0666250953500     
   5.2130117291407608E-003   3633.1672989809231     
   5.2590769741824644E-003   3599.5649752686363     
   5.3055492788877589E-003   3566.2570537181905     
   5.3524322402758173E-003   3533.2409568872217     
   5.3997294871511968E-003   3500.5141299319789     
   5.4474446803847131E-003   3468.0740404097669     
   5.4955815131967909E-003   3435.9181780831186     
   5.5441437114433301E-003   3404.0440547256985     
   5.5931350339040904E-003   3372.4492039298957     
   5.6425592725736244E-003   3341.1311809161302     
   5.6924202529547840E-003   3310.0875623438228     
   5.7427218343548206E-003   3279.3159461240284     
   5.7934679101841009E-003   3248.8139512337234     
   5.8446624082574570E-003   3218.5792175317270     
   5.8963092910982121E-003   3188.6094055762287     
   5.9484125562448810E-003   3158.9021964439462     
   6.0009762365605852E-003   3129.4552915508484     
   6.0540044005452012E-003   3100.2664124744792     
   6.1075011526502722E-003   3071.3333007778238     
   6.1614706335966930E-003   3042.6537178347476     
   6.2159170206952073E-003   3014.2254446569609     
   6.2708445281697434E-003   2986.0462817224980     
   6.3262574074835955E-003   2958.1140488057267     
   6.3821599476684915E-003   2930.4265848088457     
   6.4385564756565756E-003   2902.9817475948630     
   6.4954513566153138E-003   2875.7774138220502     
   6.5528489942853667E-003   2848.8114787798554     
   6.6107538313214418E-003   2822.0818562262689     
   6.6691703496361623E-003   2795.5864782266035     
   6.7281030707469769E-003   2769.3232949937205     
   6.7875565561261262E-003   2743.2902747296434     
   6.8475354075537079E-003   2717.4854034685882     
   6.9080442674738637E-003   2691.9066849213596     
   6.9690878193541068E-003   2666.5521403211333     
   7.0306707880478329E-003   2641.4198082705907     
   7.0927979401600259E-003   2616.5077445904135     
   7.1554740844162025E-003   2591.8140221691042     
   7.2187040720346129E-003   2567.3367308141355     
   7.2824927971017316E-003   2543.0739771044236     
   7.3468451969510651E-003   2519.0238842440895     
   7.4117662525453138E-003   2495.1845919175225     
   7.4772609888618972E-003   2471.5542561457260     
   7.5433344752819011E-003   2448.1310491439203     
   7.6099918259824473E-003   2424.9131591804230     
   7.6772382003325442E-003   2401.8987904367591     
   7.7450788032924264E-003   2379.0861628690195     
   7.8135188858164274E-003   2356.4735120704408     
   7.8825637452594050E-003   2334.0590891352103     
   7.9522187257867697E-003   2311.8411605234569     
   8.0224892187881307E-003   2289.8180079274593     
   8.0933806632945918E-003   2267.9879281390267     
   8.1648985463997382E-003   2246.3492329180563     
   8.2370484036843588E-003   2224.9002488622536     
   8.3098358196448899E-003   2203.6393172780136     
   8.3832664281256759E-003   2182.5647940524368     
   8.4573459127550259E-003   2161.6750495264941     
   8.5320800073851420E-003   2140.9684683692999     
   8.6074744965359273E-003   2120.4434494535153     
   8.6835352158427109E-003   2100.0984057318460     
   8.7602680525079354E-003   2079.9317641146454     
   8.8376789457568390E-003   2059.9419653485993     
   8.9157738872971491E-003   2040.1274638964921     
   8.9945589217828598E-003   2020.4867278180350     
   9.0740401472820913E-003   2001.0182386517636     
   9.1542237157490863E-003   1981.7204912979746     
   9.2351158335003871E-003   1962.5919939027137     
   9.3167227616952012E-003   1943.6312677427907     
   9.3990508168200360E-003   1924.8368471118181     
   9.4821063711775962E-003   1906.2072792072654     
   9.5658958533800069E-003   1887.7411240185234     
   9.6504257488464040E-003   1869.4369542159577     
   9.7357026003049088E-003   1851.2933550409609     
   9.8217330082990464E-003   1833.3089241969792     
   9.9085236316986333E-003   1815.4822717415127     
   9.9960811882151904E-003   1797.8120199790826     
   1.0084412454921893E-002   1780.2968033551510     
   1.0173524268778135E-002   1762.9352683509899     
   1.0263423527158708E-002   1745.7260733794903     
   1.0354117188387682E-002   1728.6678886819036     
   1.0445612272276975E-002   1711.7593962255030     
   1.0537915860669702E-002   1694.9992896021690     
   1.0631035097988323E-002   1678.3862739278750     
   1.0724977191787622E-002   1661.9190657430775     
   1.0819749413312589E-002   1645.5963929140007     
   1.0915359098061224E-002   1629.4169945348017     
   1.1011813646352306E-002   1613.3796208306194     
   1.1109120523898199E-002   1597.4830330614902     
   1.1207287262382699E-002   1581.7260034271299     
   1.1306321460044006E-002   1566.1073149725664     
   1.1406230782262824E-002   1550.6257614946276     
   1.1507022962155687E-002   1535.2801474492671     
   1.1608705801173505E-002   1520.0692878597251     
   1.1711287169705407E-002   1504.9920082255171     
   1.1814775007687918E-002   1490.0471444322447     
   1.1919177325219524E-002   1475.2335426622142     
   1.2024502203180666E-002   1460.5500593058723     
   1.2130757793859212E-002   1445.9955608740302     
   1.2237952321581440E-002   1431.5689239108917     
   1.2346094083348637E-002   1417.2690349078596     
   1.2455191449479278E-002   1403.0947902181276     
   1.2565252864256906E-002   1389.0450959720440     
   1.2676286846583734E-002   1375.1188679932400     
   1.2788301990640020E-002   1361.3150317155257     
   1.2901306966549262E-002   1347.6325221005327     
   1.3015310521049282E-002   1334.0702835561085     
   1.3130321478169232E-002   1320.6272698554535     
   1.3246348739912591E-002   1307.3024440569911     
   1.3363401286946188E-002   1294.0947784249699     
   1.3481488179295318E-002   1281.0032543507873     
   1.3600618557045004E-002   1268.0268622750311     
   1.3720801641047444E-002   1255.1646016102336     
   1.3842046733635725E-002   1242.4154806643296     
   1.3964363219343835E-002   1229.7785165648147     
   1.4087760565633031E-002   1217.2527351835990     
   1.4212248323624650E-002   1204.8371710625433     
   1.4337836128839359E-002   1192.5308673396878     
   1.4464533701942967E-002   1180.3328756761452     
   1.4592350849498822E-002   1168.2422561836754     
   1.4721297464726847E-002   1156.2580773529187     
   1.4851383528269280E-002   1144.3794159822930     
   1.4982619108963209E-002   1132.6053571075429     
   1.5115014364619898E-002   1120.9349939319395     
   1.5248579542811022E-002   1109.3674277571229     
   1.5383324981661832E-002   1097.9017679145845     
   1.5519261110651366E-002   1086.5371316977787     
   1.5656398451419671E-002   1075.2726442948674     
   1.5794747618582215E-002   1064.1074387220856     
   1.5934319320551470E-002   1053.0406557577176     
   1.6075124360365751E-002   1042.0714438766968     
   1.6217173636525379E-002   1031.1989591858051     
   1.6360478143836270E-002   1020.4223653594757     
   1.6505048974260909E-002   1009.7408335761943     
   1.6650897317776907E-002   999.15354245549111     
   1.6798034463243121E-002   988.65967799552197     
   1.6946471799273406E-002   978.25843351122933     
   1.7096220815118135E-002   967.94900957308278     
   1.7247293101553464E-002   957.73061394639001     
   1.7399700351778492E-002   947.60246153117748     
   1.7553454362320305E-002   937.56377430263444     
   1.7708567033947065E-002   927.61378125211354     
   1.7865050372589137E-002   917.75171832868693     
   1.8022916490268361E-002   907.97682838124899     
   1.8182177606035545E-002   898.28836110116640     
   1.8342846046916238E-002   888.68557296546567     
   1.8504934248864850E-002   879.16772718055734     
   1.8668454757727215E-002   869.73409362649079     
   1.8833420230211666E-002   860.38394880173405     
   1.8999843434868657E-002   851.11657576847540     
   1.9167737253079093E-002   841.93126409844604     
   1.9337114680051358E-002   832.82730981924851     
   1.9507988825827147E-002   823.80401536120019     
   1.9680372916296221E-002   814.86068950467723     
   1.9854280294220102E-002   805.99664732795918     
   2.0029724420264815E-002   797.21121015556980     
   2.0206718874042760E-002   788.50370550710636     
   2.0385277355163812E-002   779.87346704655818     
   2.0565413684295670E-002   771.31983453210705     
   2.0747141804233593E-002   762.84215376640577     
   2.0930475780979611E-002   754.43977654732885     
   2.1115429804831231E-002   746.11206061919643     
   2.1302018191479800E-002   737.85836962446069     
   2.1490255383118557E-002   729.67807305585484     
   2.1680155949560471E-002   721.57054620899953     
   2.1871734589365963E-002   713.53517013546104     
   2.2065006130980606E-002   705.57133159625948     
   2.2259985533882864E-002   697.67842301582016     
   2.2456687889741964E-002   689.85584243636799     
   2.2655128423586024E-002   682.10299347275532     
   2.2855322494980481E-002   674.41928526772256     
   2.3057285599216965E-002   666.80413244758950     
   2.3261033368512613E-002   659.25695507836770     
   2.3466581573220069E-002   651.77717862229201     
   2.3673946123048101E-002   644.36423389477170     
   2.3883143068293044E-002   637.01755702174933     
   2.4094188601081121E-002   629.73658939746849     
   2.4307099056621720E-002   622.52077764264561     
   2.4521890914471770E-002   615.36957356303913     
   2.4738580799811290E-002   608.28243410841492     
   2.4957185484730179E-002   601.25882133190282     
   2.5177721889526425E-002   594.29820234973806     
   2.5400207084015733E-002   587.40004930138741     
   2.5624658288852759E-002   580.56383931005246     
   2.5851092876864039E-002   573.78905444354677     
   2.6079528374392619E-002   567.07518167554417     
   2.6309982462654660E-002   560.42171284719097     
   2.6542472979107976E-002   553.82814462908152     
   2.6777017918832666E-002   547.29397848358883     
   2.7013635435923972E-002   540.81872062755008     
   2.7252343844897418E-002   534.40188199529939     
   2.7493161622106386E-002   528.04297820204579     
   2.7736107407172222E-002   521.74152950758867     
   2.7981200004426943E-002   515.49706078037309     
   2.8228458384368726E-002   509.30910146187057     
   2.8477901685130261E-002   503.17718553129134     
   2.8729549213960072E-002   497.10085147061466     
   2.8983420448716896E-002   491.07964222994065     
   2.9239535039377321E-002   485.11310519315111     
   2.9497912809556718E-002   479.20079214388090     
   2.9758573758043597E-002   473.34225923179292     
   3.0021538060347564E-002   467.53706693915149     
   3.0286826070260921E-002   461.78478004768942     
   3.0554458321434084E-002   456.08496760576634     
   3.0824455528964907E-002   450.43720289580847     
   3.1096838591002041E-002   444.84106340203317     
   3.1371628590362535E-002   439.29613077844101     
   3.1648846796163616E-002   433.80199081708486     
   3.1928514665468970E-002   428.35823341659830     
   3.2210653844949561E-002   422.96445255098638     
   3.2495286172559090E-002   417.62024623866961     
   3.2782433679224302E-002   412.32521651177632     
   3.3072118590550169E-002   407.07896938568092     
   3.3364363328540259E-002   401.88111482877770     
   3.3659190513332139E-002   396.73126673248942     
   3.3956622964948287E-002   391.62904288150236     
   3.4256683705062317E-002   386.57406492422297     
   3.4559395958780950E-002   381.56595834345040     
   3.4864783156441620E-002   376.60435242726015     
   3.5172868935426066E-002   371.68888024008942     
   3.5483677141989835E-002   366.81917859402421     
   3.5797231833108074E-002   361.99488802027577     
   3.6113557278337524E-002   357.21565274084446     
   3.6432677961695061E-002   352.48112064036241     
   3.6754618583552744E-002   347.79094323811216     
   3.7079404062549698E-002   343.14477566020850     
   3.7407059537520833E-002   338.54227661194432     
   3.7737610369442620E-002   333.98310835028843     
   3.8071082143396079E-002   329.46693665653055     
   3.8407500670547066E-002   324.99343080906806     
   3.8746891990144160E-002   320.56226355632418     
   3.9089282371534043E-002   316.17311108979322     
   3.9434698316194859E-002   311.82565301720575     
   3.9783166559787433E-002   307.51957233580328     
   4.0134714074224663E-002   303.25455540572017     
   4.0489368069759141E-002   299.03029192345957     
   4.0847155997089324E-002   294.84647489546057     
   4.1208105549484217E-002   290.70280061174498     
   4.1572244664926844E-002   286.59896861963972     
   4.1939601528276776E-002   282.53468169756206     
   4.2310204573451575E-002   278.50964582886422     
   4.2684082485627668E-002   274.52357017572535     
   4.3061264203460653E-002   270.57616705308521     
   4.3441778921325079E-002   266.66715190260993     
   4.3825656091574267E-002   262.79624326667926     
   4.4212925426819864E-002   258.96316276239082     
   4.4603616902231670E-002   255.16763505556838     
   4.4997760757857767E-002   251.40938783476648     
   4.5395387500965126E-002   247.68815178526350     
   4.5796527908400914E-002   244.00366056303159     
   4.6201213028974668E-002   240.35565076867553     
   4.6609474185861512E-002   236.74386192133073     
   4.7021342979026604E-002   233.16803643250947     
   4.7436851287671042E-002   229.62791957988742     
   4.7856031272699315E-002   226.12325948101869     
   4.8278915379208649E-002   222.65380706697078     
   4.8705536339000259E-002   219.21931605586772     
   4.9135927173112853E-002   215.81954292633208     
   4.9570121194378536E-002   212.45424689081486     
   5.0008152010001194E-002   209.12318986880379     
   5.0450053524157809E-002   205.82613645989701     
   5.0895859940622651E-002   202.56285391673353     
   5.1345605765414699E-002   199.33311211776928     
   5.1799325809468472E-002   196.13668353988496     
   5.2257055191328415E-002   192.97334323081992     
   5.2718829339867143E-002   189.84286878141509     
   5.3184683997027693E-002   186.74504029765768     
   5.3654655220589952E-002   183.67964037251494     
   5.4128779386961617E-002   180.64645405754462     
   5.4607093193993803E-002   177.64526883427192     
   5.5089633663821427E-002   174.67587458532239     
   5.5576438145728851E-002   171.73806356529539     
   5.6067544319040694E-002   168.83163037137078     
   5.6562990196038346E-002   165.95637191363500     
   5.7062814124902120E-002   163.11208738511445     
   5.7567054792679422E-002   160.29857823150664     
   5.8075751228279245E-002   157.51564812059468     
   5.8588942805493038E-002   154.76310291133609     
   5.9106669246042257E-002   152.04075062261342     
   5.9628970622652946E-002   149.34840140163337     
   6.0155887362157358E-002   146.68586749196723     
   6.0687460248623065E-002   144.05296320121604     
   6.1223730426509720E-002   141.44950486829450     
   6.1764739403853658E-002   138.87531083031729     
   6.2310529055480714E-002   136.33020138908216     
   6.2861141626247369E-002   133.81399877713412     
   6.3416619734310578E-002   131.32652712340399     
   6.3977006374426396E-002   128.86761241840935     
   6.4542344921277972E-002   126.43708247900565     
   6.5112679132832654E-002   124.03476691268298     
   6.5688053153729054E-002   121.66049708139323     
   6.6268511518693785E-002   119.31410606490165     
   6.6854099155988583E-002   116.99542862365374     
   6.7444861390887803E-002   114.70430116114717     
   6.8040843949186608E-002   112.44056168580325     
   6.8642092960740295E-002   110.20404977232714     
   6.9248654963034714E-002   107.99460652255304     
   6.9860576904788418E-002   105.81207452576450     
   7.0477906149586475E-002   103.65629781848672     
   7.1100690479546549E-002   101.52712184374252     
   7.1728978099017252E-002   99.424393409769095     
   7.2362817638309235E-002   97.347960648190451     
   7.3002258157459241E-002   95.297672971642569     
   7.3647349150027436E-002   93.273381030847503     
   7.4298140546928279E-002   91.274936671135592     
   7.4954682720295179E-002   89.302192888414453     
   7.5617026487379460E-002   87.355003784583843     
   7.6285223114483602E-002   85.433224522397808     
   7.6959324320929376E-002   83.536711279775787     
   7.7639382283060956E-002   81.665321203564929     
   7.8325449638283529E-002   79.818912362758525     
   7.9017579489137305E-002   77.997343701174117     
   7.9715825407407931E-002   76.200474989598874     
   8.0420241438272907E-002   74.428166777408848     
   8.1130882104484825E-002   72.680280343671242     
   8.1847802410591378E-002   70.956677647739724     
   8.2571057847192972E-002   69.257221279354624     
   8.3300704395237596E-002   67.581774408260685     
   8.4036798530353923E-002   65.930200733357253     
   8.4779397227222608E-002   64.302364431397180     
   8.5528557963986118E-002   62.698130105251678     
   8.6284338726697746E-002   61.117362731762313     
   8.7046798013809656E-002   59.559927609199676     
   8.7815994840700906E-002   58.025690304352416     
   8.8591988744245148E-002   56.514516599273264     
   8.9374839787419044E-002   55.026272437706957     
   9.0164608563951046E-002   53.560823871230419     
   9.0961356203011573E-002   52.118037005136436     
   9.1765144373944410E-002   50.697777944092877     
   9.2576035291040012E-002   49.299912737615095     
   9.3394091718351016E-002   47.924307325386593     
   9.4219376974550184E-002   46.570827482469959     
   9.5051954937831459E-002   45.239338764449172     
   9.5891890050854106E-002   43.929706452548764     
   9.6739247325730762E-002   42.641795498775785     
   9.7594092349059386E-002   41.375470471135358     
   9.8456491286999848E-002   40.130595498970521     
   9.9326510890395153E-002   38.907034218481762     
  0.10020421849993810        37.704649718482720     
  0.10108968205138362        36.523304486451480     
  0.10198297008080696        35.362860354939983     
  0.10288415172990859        34.223178448405868     
  0.10379329675136575        33.104119130533917     
  0.10471047551423150        32.005541952116623     
  0.10563575900938134        30.927305599567323     
  0.10656921885500796        29.869267844138410     
  0.10751092730216470        28.831285491924707     
  0.10846095724035772        27.813214334729377     
  0.10941938220318785        26.814909101875799     
  0.11038627637404223        25.836223413049066     
  0.11136171459183611        24.877009732254763     
  0.11234577235680544        23.937119322983087     
  0.11333852583635089        23.016402204669006     
  0.11434005187093314        22.114707110542675     
  0.11535042798002045        21.231881446963531     
  0.11636973236808881        20.367771254335533     
  0.11739804393067513        19.522221169700483     
  0.11843544226048373        18.695074391110676     
  0.11948200765354704        17.886172643879078     
  0.12053782111544051        17.095356148811703     
  0.12160296436755268        16.322463592521554     
  0.12267751985341041        15.567332099930072     
  0.12376157074506021        14.829797209057370     
  0.12485520094950579        14.109692848206475     
  0.12595849511520263        13.406851315643067     
  0.12707153863860987        12.721103261875710     
  0.12819441767080011        12.052277674636230     
  0.12932721912412762        11.400201866663160     
  0.13047003067895546        10.764701466386120     
  0.13162294079044207        10.145600411609124     
  0.13278603869538785        9.5427209462880906     
  0.13395941441914216        8.9558836204947099     
  0.13514315878257144        8.3849072936564255     
  0.13633736340908878        7.8296091411578024     
  0.13754212073174588        7.2898046643856969     
  0.13875752400038724        6.7653077042954708     
  0.13998366728886810        6.2559304585700168     
  0.14122064550233568        5.7614835024392619     
  0.14246855438457506        5.2817758132210644     
  0.14372749052541978        4.8166147986372057     
  0.14499755136822820        4.3658063289526332     
  0.14627883521742557        3.9291547729776140     
  0.14757144124611302        3.5064630379641240     
  0.14887546950374370        3.0975326134203107     
  0.15019102092386666        2.7021636188559635     
  0.15151819733193930        2.3201548554639344     
  0.15285710145320883        1.9513038617306147     
  0.15420783692066334        1.5954069729589968     
  0.15557050828305299        1.2522593846757701     
  0.15694522101298244       0.92165521988206145     
  0.15833208151507441       0.60338760009539538     
  0.15973119713420561       0.29724872011804615     
  0.16114267616381536        3.0299264521798513E-003
  0.16256662785428772      -0.27947820072939783     
  0.16400316242140744      -0.55048576216349177     
  0.16545239105489101      -0.81020345074836564     
  0.16691442592699279       -1.0588424596021984     
  0.16838938020118732       -1.2966143870778954     
  0.16987736804092826       -1.5237311388993349     
  0.17137850461848492       -1.7404048275993604     
  0.17289290612385669       -1.9468476694540320     
  0.17442068977376621       -2.1432718791243124     
  0.17596197382073225       -2.3298895622296820     
  0.17751687756222259       -2.5069126060945477     
  0.17908552134988770       -2.6745525689214524     
  0.18066802659887621       -2.8330205676606264     
  0.18226451579723260       -2.9825271648577560     
  0.18387511251537789       -3.1232822547761216     
  0.18549994141567425       -3.2554949491010188     
  0.18713912826207393       -3.3793734625458307     
  0.18879279992985365       -3.4951249986906991     
  0.19046108441543480       -3.6029556363935984     
  0.19214411084629068       -3.7030702171224319     
  0.19384200949094110       -3.7956722335637463     
  0.19555491176903522       -3.8809637198704907     
  0.19728295026152376       -3.9591451439140446     
  0.19902625872092086       -4.0304153019097351     
  0.20078497208165677       -4.0949712157851126     
  0.20255922647052185       -4.1530080336597504     
  0.20434915921720315       -4.2047189338023445     
  0.20615490886491364       -4.2502950324253099     
  0.20797661518111593       -4.2899252956701970     
  0.20981441916834032       -4.3237964561278286     
  0.21166846307509854       -4.3520929342241903     
  0.21353889040689400       -4.3749967647897794     
  0.21542584593732947       -4.3926875291119893     
  0.21732947571931258       -4.4053422927514561     
  0.21924992709636049       -4.4131355493807529     
  0.22118734871400458       -4.4162391708786037     
  0.22314189053129585       -4.4148223638865662     
  0.22511370383241180       -4.4090516330037026     
  0.22710294123836619       -4.3990907507637989     
  0.22910975671882192       -4.3851007345032045     
  0.23113430560400874       -4.3672398301918589     
  0.23317674459674584       -4.3456635032586801     
  0.23523723178457084       -4.3205244364027280     
  0.23731592665197609       -4.2919725343368924     
  0.23941299009275302       -4.2601549353661525     
  0.24152858442244537       -4.2252160296563321     
  0.24366287339091267       -4.1872974840012223     
  0.24581602219500487       -4.1465382728472298     
  0.24798819749134865       -4.1030747152866676     
  0.25017956740924685       -4.0570405176806137     
  0.25239030156369202       -4.0085668215242602     
  0.25462057106849462       -3.9577822561189846     
  0.25687054854952784       -3.9048129955686579     
  0.25914040815808881       -3.8497828195721064     
  0.26143032558437801       -3.7928131774403284     
  0.26374047807109841       -3.7340232547262513     
  0.26607104442717366       -3.6735300418172225     
  0.26842220504158881       -3.6114484038062442     
  0.27079414189735207       -3.5478911509279567     
  0.27318703858558102       -3.4829691088204764     
  0.27560108031971242       -3.4167911878534420     
  0.27803645394983822       -3.3494644507489344     
  0.28049334797716796       -3.2810941777128311     
  0.28297195256861896       -3.2117839282931366     
  0.28547245957153561       -3.1416355991866114     
  0.28799506252853840       -3.0707494772277402     
  0.29053995669250465       -2.9992242868145267     
  0.29310733904168124       -2.9271572310533900     
  0.29569740829493080       -2.8546440259421209     
  0.29831036492711316       -2.7817789269540150     
  0.30094641118460214       -2.7086547474390583     
  0.30360575110093979       -2.6353628683189476     
  0.30628859051262869       -2.5619932386214384     
  0.30899513707506426       -2.4886343664763202     
  0.31172560027860746       -2.4153733002789615     
  0.31448019146479939       -2.3422955998185233     
  0.31725912384271981       -2.2694852972649748     
  0.32006261250548945       -2.1970248480119938     
  0.32289087444691877       -2.1249950714801904     
  0.32574412857830337       -2.0534750820970760     
  0.32862259574536828       -1.9825422107842454     
  0.33152649874536139       -1.9122719173987677     
  0.33445606234429859       -1.8427376946922831     
  0.33741151329436064       -1.7740109644676763     
  0.34039308035144433       -1.7061609667269553     
  0.34340099429286836       -1.6392546427145482     
  0.34643548793523604       -1.5733565128659337     
  0.34949679615245538       -1.5085285507703177     
  0.35258515589391848       -1.4448300543477453     
  0.35570080620284228       -1.3823175155225389     
  0.35884398823477037       -1.3210444897462756     
  0.36201494527623890       -1.2610614667824260     
  0.36521392276360742       -1.2024157442101859     
  0.36844116830205559       -1.1451513051361242     
  0.37169693168474865       -1.0893087016174430     
  0.37498146491217144       -1.0349249452995257     
  0.37829502221163364      -0.98203340675200912     
  0.38163786005694728      -0.93066372495152061     
  0.38501023718827837      -0.88084172830514673     
  0.38841241463217335      -0.83258936853664578     
  0.39184465572176325      -0.78592466866738808     
  0.39530722611714592      -0.74086168621694193     
  0.39880039382594829      -0.69741049262421728     
  0.40232442922407091      -0.65557716975074354     
  0.40587960507661508      -0.61536382417384727     
  0.40946619655899524      -0.57676861981097804     
  0.41308448127823827      -0.53978582923889784     
  0.41673473929447025      -0.50440590388494055     
  0.42041725314259365      -0.47061556307427199     
  0.42413230785415590      -0.43839790171951426     
  0.42788019097941132      -0.40773251623969220     
  0.43166119260957769      -0.37859564809700458     
  0.43547560539928998      -0.35096034414506505     
  0.43932372458925179      -0.32479663279385601     
  0.44320584802908791      -0.30007171481736455     
  0.44712227620039796      -0.27675016746254022     
  0.45107331224001390      -0.25479416036523184     
  0.45505926196346369      -0.23416368164271326     
  0.45908043388864161      -0.21481677241538147     
  0.46313713925968786      -0.19670976791417896     
  0.46722969207107923      -0.17979754325688690     
  0.47135840909193311      -0.16403376192699079     
  0.47552360989052528      -0.14937112496420790     
  0.47972561685902554      -0.13576161887654914     
  0.48396475523845062      -0.12315676031010707     
  0.48824135314383882      -0.11150783556421355     
  0.49255574158964638      -0.10076613311560093     
  0.49690825451536830       -9.0883167414404192E-002
  0.50129922881138611       -8.1810892335821991E-002
  0.50572900434504287       -7.3501902812001224E-002
  0.51019792398695041       -6.5909623326933495E-002
  0.51470633363752716       -5.8988482130283279E-002
  0.51925458225377141       -5.2694070211226601E-002
  0.52384302187627163       -4.6983284267524794E-002
  0.52847200765645408       -4.1814453105016545E-002
  0.53314189788407274       -3.7147447105182849E-002
  0.53785305401494099       -3.2943770600198555E-002
  0.54260584069890849       -2.9166637192676561E-002
  0.54740062580808668       -2.5781028248077160E-002
  0.55223778046532124       -2.2753734968594095E-002
  0.55711767907291843       -2.0053384625563966E-002
  0.56204069934162404       -1.7650451680766944E-002
  0.56700722231985823       -1.5517254663339662E-002
  0.57201763242321046       -1.3627939786808577E-002
  0.57707231746419241       -1.1958452388739570E-002
  0.58217166868225567       -1.0486497352884276E-002
  0.58731608077407460       -9.1914897301264668E-003
  0.59250595192409605       -8.0544968100415559E-003
  0.59774168383535919       -7.0581729099430043E-003
  0.60302368176058840       -6.1866881437550938E-003
  0.60835235453355962       -5.4256524101182280E-003
  0.61372811460074539       -4.7620357993104143E-003
  0.61915137805323839       -4.1840865636289118E-003
  0.62462256465895749       -3.6812477277924113E-003
  0.63014209789513820       -3.2440733368293726E-003
  0.63571040498111087       -2.8641452510327343E-003
  0.64132791691136748       -2.5339913031440218E-003
  0.64699506848892163       -2.2470055342196679E-003
  0.65271229835896227       -1.9973711237967736E-003
  0.65848004904280655       -1.7799865290613083E-003
  0.66429876697215018       -1.5903952486170745E-003
  0.67016890252362304       -1.4247195308498186E-003
  0.67609091005364808       -1.2795982562494785E-003
  0.68206524793360979       -1.1521291386234868E-003
  0.68809237858533223       -1.0398153128856748E-003
  0.69417276851687115       -9.4051630776260952E-004
  0.70030688835862320       -8.5240334079885393E-004
  0.70649521289975181       -7.7391882070194690E-004
  0.71273822112493801       -7.0373989836376564E-004
  0.71903639625145366       -6.4074587264581527E-004
  0.72539022576656320       -5.8398922986599769E-004
  0.73180020146525615       -5.3267007637381326E-004
  0.73826681948831252       -4.8611371103374061E-004
  0.74479058036070445       -4.4375107815146109E-004
  0.75137198903033808       -4.0510184061690670E-004
  0.75801155490713701       -3.6975981701508823E-004
  0.76470979190247090       -3.3738053437954514E-004
  0.77146721846893374       -3.0767065936180698E-004
  0.77828435764047188       -2.8037908412792244E-004
  0.78516173707286829       -2.5528945858667581E-004
  0.79209988908458318       -2.3221397698380312E-004
  0.79909935069795701       -2.1098824391403850E-004
  0.80616066368077566       -1.9146706193571788E-004
  0.81328437458820524       -1.7352099982565199E-004
  0.82047103480509487       -1.5703361676580772E-004
  0.82772120058865561       -1.4189923316085382E-004
  0.83503543311151518       -1.2802115316692296E-004
  0.84241429850515359       -1.1531025724718508E-004
  0.84985836790372205       -1.0368389509220418E-004
  0.85736821748824998       -9.3065020030548025E-005
  0.86494442853124254       -8.3381515622707854E-005
  0.87258758744167064       -7.4565673523184465E-005
  0.88029828581036107       -6.6553788977682528E-005
  0.88807712045578602       -5.9285846576209348E-005
  0.89592469347025716       -5.2705274199515982E-005
  0.90384161226652926       -4.6758747571547142E-005
  0.91182848962481389       -4.1396031560794581E-005
  0.91988594374021015       -3.6569847452611647E-005
  0.92801459827055321       -3.2235757931703407E-005
  0.93621508238468709       -2.8352063551655128E-005
  0.94448803081116173       -2.4879706101456730E-005
  0.95283408388736390       -2.1782175574346398E-005
  0.96125388760907804       -1.9025418460627062E-005
  0.96974809368048887       -1.6577745874091281E-005
  0.97831735956462318       -1.4409740624590406E-005
  0.98696234853423837       -1.2494162803454922E-005
  0.99568372972316188       -1.0805853784169647E-005
   1.0044821781780813       -9.3216387827665175E-006
   1.0133583749107951       -8.0202282910200867E-006
   1.0223130069509234       -6.8821188069940994E-006
   1.0313467673990855       -5.8894933547745891E-006
   1.0404603554805454       -5.0261223186454398E-006
   1.0496544765993348       -4.2772651246378690E-006
   1.0589298423928508       -3.6295732907013270E-006
   1.0682871707869384       -3.0709953407104420E-006
   1.0777271860514579       -2.5906840410760623E-006
   1.0872506188563462       -2.1789063749724167E-006
   1.0968582063281700       -1.8269566205854029E-006
   1.1065506921071802       -1.5270728482942312E-006
   1.1163288264048727       -1.2723570989020250E-006
   1.1261933660620536       -1.0566994522120855E-006
   1.1361450746074211       -8.7470614344891657E-007
   1.1461847223166624       -7.2163183509982714E-007
   1.1563130862720754       -5.9331610439111383E-007
   1.1665309504227153       -4.8612416236510209E-007
   1.1768391056450731       -3.9689177981810703E-007
   1.1872383498042904       -3.2287435851339669E-007
   1.1977294878159170       -2.6170005331497248E-007
   1.2083133317082093       -2.1132682232317699E-007
   1.2189907006849854       -1.7000325777215896E-007
   1.2297624211890306       -1.3623303033665971E-007
   1.2406293269660655       -1.0874276348544644E-007
   1.2515922591292810       -8.6453142445498526E-008
   1.2626520662244387       -6.8453053985907908E-008
   1.2738096042955507       -5.3976548331646144E-008
   1.2850657369511400       -4.2382412778587134E-008
   1.2964213354310825       -3.3136147680685977E-008
   1.3078772786740434       -2.5794139079687543E-008
   1.3194344533855085       -1.9989828000713258E-008
   1.3310937541064161       -1.5421683996624106E-008
   1.3428560832823953       -1.1842799550177685E-008
   1.3547223513336166       -9.0519321087375324E-009
   1.3666934767252612       -6.8858315232212664E-009
   1.3787703860386082       -5.2127022055629264E-009
   1.3909540140427568       -3.9266611479815748E-009
   1.4032453037669759       -2.9430648322578215E-009
   1.4156452065736977       -2.1945897975703955E-009
   1.4281546822321536       -1.6279630614352059E-009
   1.4407746989926615       -1.2012495604116186E-009
   1.4535062336615703       -8.8161418528651277E-010
   1.4663502716768659       -6.4348574685775231E-010
   1.4793078071844441       -4.6705926618599065E-010
   1.4923798431150614       -3.3708130328291166E-010
   1.5055673912619612       -2.4187060697689541E-010
   1.5188714723591874       -1.7253318990704097E-010
   1.5322931161605937       -1.2233702454993839E-010
   1.5458333615195445       -8.6216948891681129E-011
   1.5594932564693256       -6.0385102836428867E-011
   1.5732738583042625       -4.2026334209159732E-011
   1.5871762336615569       -2.9061566020990377E-011
   1.6012014586038457       -1.9965156530850585E-011
   1.6153506187024893       -1.3624863123087362E-011
   1.6296248091215975       -9.2351918439743449E-012
   1.6440251347027945       -6.2167263519048655E-012
   1.6585527100507380       -4.1555299726469932E-012
   1.6732086596193882       -2.7579460338787767E-012
   1.6879941177990445       -1.8171244076566794E-012
   1.7029102290041473       -1.1884119528317027E-012
   1.7179581477618575       -7.7139303643155573E-013
   1.7331390388014190       -4.9688130750973745E-013
   1.7484540771443098       -3.1756944006083062E-013
   1.7639044481951911       -2.0136020931192572E-013
   1.7794913478336569       -1.2664739168006691E-013
   1.7952159825068001       -7.9003101692073549E-014
   1.8110795693225910       -4.8871298181032317E-014
   1.8270833361440828       -2.9975115675575832E-014
   1.8432285216844504       -1.8226336777698692E-014
   1.8595163756028699       -1.0985062931180073E-014
   1.8759481586012419       -6.5614868201494693E-015
   1.8925251425217717       -3.8835529802986754E-015
   1.9092486104454127       -2.2772617338678804E-015
   1.9261198567911788       -1.3227617576848158E-015
   1.9431401874163321       -7.6096070924170500E-016
   1.9603109197174602       -4.3349132746063616E-016
   1.9776333827324433       -2.4448966579892634E-016
   1.9951089172433236       -1.3649775472687763E-016
