                                                  
                                                                                                                                                                                                                                                                
       SCF,CCSD
   -71.04018228,   -71.56894644
   -71.02939108,   -71.55499268
   -70.90843381,   -71.46765449
   -70.83109469,   -71.31005662
   -70.81698869,   -71.31532458
   -65.24994117,   -65.62511066
   -23.52083255,   -23.61473978
   -71.01192568,   -71.58137375
   -70.33026880,   -70.78329258
   -69.29205740,   -69.71340894
   -67.60683452,   -68.00645880
                                                  
