                                                  
                                                                                                                                                                                                                                                                
         SCF,CCSD
   -1777.848104,   -1779.339340
   -1777.567532,   -1779.001176
   -1777.287851,   -1778.686048
   -1776.959091,   -1778.353157
   -1775.581612,   -1776.878416
   -1773.467070,   -1774.671285
   -1770.468272,   -1771.592265
   -1766.506096,   -1767.559362
   -1761.586729,   -1762.564592
   -1755.199467,   -1756.144979
   -1747.699472,   -1748.605455
   -1738.942445,   -1739.816457
   -1728.865442,   -1729.715274
   -1717.501809,   -1718.320504
   -1604.579007,   -1605.073796
                                                  
