 ENTER Z, NR
 PLEASE ENTER RELATIVITY FACTOR.  (0=NR, 1=REL.)
 PLEASE ENTER IUFLAG. (0=U, 1=SU, 2=R).
 PLEASE ENTER NFC, NEL, RATIO, ETOL, XNUM
 PLEASE ENTER N L M J S OCC.
     588.000000  -1286.919835
      73.393025  -1440.018526
      34.380823  -1492.357733
      14.235559  -1504.587910
       5.001763  -1506.251325
       1.651760  -1506.586967
       0.770183  -1506.729783
       0.409970  -1506.787691
       0.205168  -1506.809604
       0.099620  -1506.817100
       0.040487  -1506.819317
       0.014652  -1506.819913
       0.009829  -1506.820085
       0.007852  -1506.820144
       0.005653  -1506.820168
       0.003798  -1506.820178
       0.002485  -1506.820184
       0.001587  -1506.820187
       0.001003  -1506.820188
       0.000627  -1506.820189
       0.000396  -1506.820190
       0.000253  -1506.820190
       0.000160  -1506.820190
       0.000101  -1506.820190
       0.000063  -1506.820190
    1   0 0   0/2   1    2.0000       -305.207644
    2   0 0   0/2   1    2.0000        -37.484512
    2   1 1   2/2   1    2.0000        -32.512621
    2   1 0   2/2   1    2.0000        -32.512621
    2   1-1   2/2   1    2.0000        -32.512621
    3   0 0   0/2   1    2.0000         -4.467507
    3   1 1   2/2   1    2.0000         -2.872710
    3   1 0   2/2   1    2.0000         -2.872710
    3   1-1   2/2   1    2.0000         -2.872710
    3   2 2   4/2   1    1.0000         -0.269088
    3   2 1   4/2   1    1.0000         -0.269088
    3   2 0   4/2   1    1.0000         -0.269088
    3   2-1   4/2   1    1.0000         -0.269088
    3   2-2   4/2   1    1.0000         -0.269088
    3   2 2   4/2   2    1.0000         -0.269088
    3   2 1   4/2   2    1.0000         -0.269088
    3   2 0   4/2   2    1.0000         -0.269088
    3   2-1   4/2   2    1.0000         -0.269088
    4   0 0   0/2   1    2.0000         -0.020498
 TOTAL ENERGY =    -1506.820190 -41002.988290
 PLEASE ENTER FULL FILENAME.
