                                                  
                                                                                                                                                                                                                                                                
         SCF,CCSD
   -1262.442589,   -1263.491429
   -1262.376440,   -1263.463207
   -1262.168246,   -1263.345979
   -1262.211907,   -1263.205956
   -1262.150226,   -1263.201975
   -1242.155006,   -1242.887932
   -1174.021209,   -1174.472967
   -1262.365596,   -1263.495204
   -1261.655569,   -1262.618204
   -1260.613756,   -1261.495044
   -1258.625070,   -1259.471702
   -1255.883371,   -1256.692620
   -1252.259049,   -1253.039267
   -1247.681510,   -1248.440665
                                                                                                                                                                                                                                                                
                                                                                                                                                                                                                                                                
                                                                                                                                                                                                                                                                
                                                                                                                                                                                                                                                                
                                                                                                                                                                                                                                                                
                                                                                                                                                                                                                                                                
                                                                                                                                                                                                                                                                
                                                                                                                                                                                                                                                                
                                                                                                                                                                                                                                                                
                                                                                                                                                                                                                                                                
                                                                                                                                                                                                                                                                
                                                                                                                                                                                                                                                                
