                                                  
                                                                                                                                                                                                                                                                
        SCF,CCSD
   -169.26779861,   -170.16430659
   -169.20484714,   -170.15894209
   -169.04036778,   -170.09143859
   -169.00827625,   -169.84578448
   -168.96722189,   -169.87908376
   -168.41653943,   -169.21618440
   -167.21700385,   -167.92910702
   -165.2673779,   -165.9085539
   -162.55056165,   -163.12013420
   -158.60432727,   -159.15061829
   -153.72592464,   -154.24337232
   -147.78459881,   -148.28237608
   -140.72284853,   -141.21008066
   -132.57048291,   -133.04002112
    -42.86122305,    -42.98983970
   -169.20210848,   -170.20190863
                                                  
