                                                  
                                                                                                                                                                                                                                                                
       SCF,CCSD
   -57.74580835,   -58.21457079
   -57.72063851,   -58.18112177
   -57.57940800,   -58.07392277
   -57.54133038,   -57.96377568
   -57.51800288,   -57.95383451
   -57.06341227,   -57.46165830
   -56.08104811,   -56.45359442
   -54.51633641,   -54.86333316
   -20.32430631,   -20.41089481
   -57.70641161,   -58.21002480
                                                  
