                                                  
                                                                                                                                                                                                                                                                
         SCF,CCSD
   -1049.6349265,   -1050.5865781
   -1049.6739395,   -1050.6228150
   -1049.4118117,   -1050.4568544
   -1049.4206781,   -1050.3201570
   -1049.4532258,   -1050.3739334
   -1048.8963615,   -1049.7685324
   -1047.8026629,   -1048.6295026
   -1046.0373689,   -1046.8279990
   -1043.5178006,   -1044.2798082
   -1040.2282235,   -1040.9575528
    -990.3630112,    -990.8158266
   -1049.6537613,   -1050.6451791
                                                  
