                                                  
                                                                                                                                                                                                                                                                
         SCF,CCSD
   -1049.6340972,   -1050.5502007
   -1049.6731106,   -1050.5850207
   -1049.4109541,   -1050.4175277
   -1049.4194833,   -1050.2837892
   -1049.4523912,   -1050.3360505
   -1048.8954979,   -1049.7327478
   -1047.8018850,   -1048.5966461
   -1046.0367385,   -1046.7989997
   -1043.5173039,   -1044.2554090
   -1040.2279251,   -1040.9381270
    -990.3627448,    -990.8058981
   -1049.6528222,   -1050.6069643
                                                  
