                                                  
                                                                                                                                                                                                                                                                
       SCF,CCSD
   -86.29713284,   -86.89281411
   -86.33692993,   -86.92593168
   -86.07066813,   -86.75783550
   -86.08356482,   -86.62620064
   -86.11632076,   -86.67618862
   -85.55910171,   -86.07359096
   -84.46335977,   -84.93697195
   -82.69426370,   -83.13804527
   -80.17188115,   -80.59527235
   -76.88605660,   -77.28537177
   -26.89226712,   -26.99577492
   -86.31652327,   -86.94866719
                                                  
