                                                  
                                                                                                                                                                                                                                                                
       SCF,CCSD
   -86.29693149,   -86.88344636
   -86.33675118,   -86.91602873
   -86.07049379,   -86.74723007
   -86.08335113,   -86.61697140
   -86.11614366,   -86.66621687
   -85.55891265,   -86.06444721
   -84.46315078,   -84.92894250
   -82.69404433,   -83.13130822
   -80.17165819,   -80.58993456
   -76.88583454,   -77.28147167
   -26.89207700,   -26.99550572
   -86.31632512,   -86.93864405
                                                  
