   4.3859546913937069E-006   47.955702496657352     
   4.4244176676404469E-006   47.955702497313339     
   4.4632179479967476E-006   47.955702497033144     
   4.5023584904776523E-006   47.955702496748017     
   4.5418422790387509E-006   47.955702495992213     
   4.5816723238036684E-006   47.955702496628277     
   4.6218516612935423E-006   47.955702495862155     
   4.6623833546585275E-006   47.955702495556395     
   4.7032704939113134E-006   47.955702496176585     
   4.7445161961627014E-006   47.955702495394306     
   4.7861236058592410E-006   47.955702495072103     
   4.8280958950229550E-006   47.955702495675538     
   4.8704362634931637E-006   47.955702494876249     
   4.9131479391704306E-006   47.955702493605386     
   4.9562341782626507E-006   47.955702493725539     
   4.9996982655332874E-006   47.955702493373948     
   5.0435435145518006E-006   47.955702493481809     
   5.0877732679462564E-006   47.955702492652051     
   5.1323908976581663E-006   47.955702492281560     
   5.1773998051995430E-006   47.955702492370179     
   5.2228034219122331E-006   47.955702492452176     
   5.2686052092295048E-006   47.955702491130410     
   5.3148086589399366E-006   47.955702491198750     
   5.3614172934536268E-006   47.955702491260126     
   5.4084346660707238E-006   47.955702490848694     
   5.4558643612523264E-006   47.955702490429985     
   5.5037099948937442E-006   47.955702490469605     
   5.5519752146001699E-006   47.955702489570385     
   5.6006636999647537E-006   47.955702489129195     
   5.6497791628491345E-006   47.955702489145878     
   5.6993253476664103E-006   47.955702488688985     
   5.7493060316666087E-006   47.955702488224063     
   5.7997250252246477E-006   47.955702487750941     
   5.8505861721308308E-006   47.955702487735167     
   5.9018933498838828E-006   47.955702486779558     
   5.9536504699865631E-006   47.955702486280998     
   6.0058614782438589E-006   47.955702486239318     
   6.0585303550638102E-006   47.955702485723023     
   6.1116611157609574E-006   47.955702485663295     
   6.1652578108624609E-006   47.955702484663007     
   6.2193245264168971E-006   47.955702484817436     
   6.2738653843057704E-006   47.955702483798134     
   6.3288845425577489E-006   47.955702483933237     
   6.3843861956656614E-006   47.955702483127098     
   6.4403745749062749E-006   47.955702483009333     
   6.4968539486628726E-006   47.955702481949984     
   6.5538286227506589E-006   47.955702482044316     
   6.6113029407450296E-006   47.955702481196681     
   6.6692812843127035E-006   47.955702480571063     
   6.7277680735457754E-006   47.955702480167247     
   6.7867677672986855E-006   47.955702479752219     
   6.8462848635281486E-006   47.955702479092963     
   6.9063238996360707E-006   47.955702478654885     
   6.9668894528154585E-006   47.955702478437843     
   7.0279861403993773E-006   47.955702477743117     
   7.0896186202129568E-006   47.955702477036169     
   7.1517915909284939E-006   47.955702476549561     
   7.2145097924236639E-006   47.955702475584616     
   7.2777780061428733E-006   47.955702475072457     
   7.3416010554617806E-006   47.955702474547167     
   7.4059838060550239E-006   47.955702473775702     
   7.4709311662671556E-006   47.955702472757793     
   7.5364480874868432E-006   47.955702472657407     
   7.6025395645243502E-006   47.955702472310080     
   7.6692106359923219E-006   47.955702470784317     
   7.7364663846899181E-006   47.955702470640958     
   7.8043119379903039E-006   47.955702470017073     
   7.8727524682315502E-006   47.955702469145294     
   7.9417931931109555E-006   47.955702468723814     
   8.0114393760828277E-006   47.955702467588225     
   8.0816963267597509E-006   47.955702467368042     
   8.1525694013173790E-006   47.955702465967519     
   8.2240640029027697E-006   47.955702465249018     
   8.2961855820463055E-006   47.955702464746608     
   8.3689396370772292E-006   47.955702464227144     
   8.4423317145428118E-006   47.955702463224640     
   8.5163674096312099E-006   47.955702462437301     
   8.5910523665980281E-006   47.955702461399184     
   8.6663922791966135E-006   47.955702460575623     
   8.7423928911121345E-006   47.955702459966247     
   8.8190599963994583E-006   47.955702458872295     
   8.8963994399248764E-006   47.955702458224721     
   8.9744171178116949E-006   47.955702456859058     
   9.0531189778897432E-006   47.955702456171920     
   9.1325110201488093E-006   47.955702454998800     
   9.2125992971960712E-006   47.955702454270707     
   9.2933899147175168E-006   47.955702453055920     
   9.3748890319434375E-006   47.955702452285394     
   9.4571028621179740E-006   47.955702451260237     
   9.5400376729728110E-006   47.955702450445756     
   9.6236997872049922E-006   47.955702449375920     
   9.7080955829589613E-006   47.955702447817444     
   9.7932314943127947E-006   47.955702446701295     
   9.8791140117687350E-006   47.955702445794188     
   9.9657496827479874E-006   47.955702444630091     
   1.0053145112089889E-005   47.955702443674227     
   1.0141306962555443E-005   47.955702442460449     
   1.0230241955335252E-005   47.955702441221234     
   1.0319956870561934E-005   47.955702440188873     
   1.0410458547827020E-005   47.955702438664488     
   1.0501753886702375E-005   47.955702437346091     
   1.0593849847266204E-005   47.955702436000337     
   1.0686753450633673E-005   47.955702435092476     
   1.0780471779492167E-005   47.955702433690632     
   1.0875011978641257E-005   47.955702432259969     
   1.0970381255537406E-005   47.955702430800031     
   1.1066586880843428E-005   47.955702429543095     
   1.1163636188982796E-005   47.955702428255819     
   1.1261536578698777E-005   47.955702426704832     
   1.1360295513618517E-005   47.955702425122425     
   1.1459920522822023E-005   47.955702423740846     
   1.1560419201416162E-005   47.955702422326738     
   1.1661799211113690E-005   47.955702420646716     
   1.1764068280817369E-005   47.955702418932958     
   1.1867234207209170E-005   47.955702417417754     
   1.1971304855344696E-005   47.955702415634818     
   1.2076288159252762E-005   47.955702414049213     
   1.2182192122540292E-005   47.955702412427485     
   1.2289024819002460E-005   47.955702411001795     
   1.2396794393238232E-005   47.955702409305857     
   1.2505509061271276E-005   47.955702407339004     
   1.2615177111176330E-005   47.955702405216996     
   1.2725806903711055E-005   47.955702403404800     
   1.2837406872953439E-005   47.955702401668901     
   1.2949985526944787E-005   47.955702399775731     
   1.3063551448338339E-005   47.955702397724622     
   1.3178113295053594E-005   47.955702395747622     
   1.3293679800936359E-005   47.955702393727591     
   1.3410259776424593E-005   47.955702391663777     
   1.3527862109220085E-005   47.955702389671842     
   1.3646495764966028E-005   47.955702387750961     
   1.3766169787930529E-005   47.955702385434662     
   1.3886893301696127E-005   47.955702383304271     
   1.4008675509855332E-005   47.955702381009687     
   1.4131525696712287E-005   47.955702378550043     
   1.4255453227990570E-005   47.955702376390164     
   1.4380467551547225E-005   47.955702374063520     
   1.4506578198093006E-005   47.955702371685632     
   1.4633794781919006E-005   47.955702369255619     
   1.4762127001629592E-005   47.955702366772528     
   1.4891584640881814E-005   47.955702364235435     
   1.5022177569131273E-005   47.955702361643418     
   1.5153915742384539E-005   47.955702358995453     
   1.5286809203958173E-005   47.955702356407031     
   1.5420868085244392E-005   47.955702353760699     
   1.5556102606483458E-005   47.955702350939035     
   1.5692523077542836E-005   47.955702348173816     
   1.5830139898703190E-005   47.955702345114744     
   1.5968963561451271E-005   47.955702342459261     
   1.6109004649279738E-005   47.955702339507738     
   1.6250273838494041E-005   47.955702336375523     
   1.6392781899026331E-005   47.955702333410684     
   1.6536539695256522E-005   47.955702330146465     
   1.6681558186840579E-005   47.955702327047277     
   1.6827848429546020E-005   47.955702323879166     
   1.6975421576094803E-005   47.955702320524466     
   1.7124288877013555E-005   47.955702317331202     
   1.7274461681491293E-005   47.955702313832433     
   1.7425951438244633E-005   47.955702310259738     
   1.7578769696390632E-005   47.955702306728213     
   1.7732928106327220E-005   47.955702303352950     
   1.7888438420621434E-005   47.955702299783383     
   1.8045312494905360E-005   47.955702295785230     
   1.8203562288779992E-005   47.955702292172077     
   1.8363199866726996E-005   47.955702288244012     
   1.8524237399028459E-005   47.955702284581605     
   1.8686687162694710E-005   47.955702280484942     
   1.8850561542400304E-005   47.955702276418180     
   1.9015873031428170E-005   47.955702272146937     
   1.9182634232622072E-005   47.955702268135354     
   1.9350857859347404E-005   47.955702263916180     
   1.9520556736460430E-005   47.955702259371392     
   1.9691743801285993E-005   47.955702255081448     
   1.9864432104603849E-005   47.955702250695381     
   2.0038634811643566E-005   47.955702246095157     
   2.0214365203088270E-005   47.955702241395443     
   2.0391636676087060E-005   47.955702236710877     
   2.0570462745276398E-005   47.955702231806882     
   2.0750857043810428E-005   47.955702227030855     
   2.0932833324400311E-005   47.955702221915331     
   2.1116405460362692E-005   47.955702217040454     
   2.1301587446677370E-005   47.955702211589440     
   2.1488393401054214E-005   47.955702206375236     
   2.1676837565009475E-005   47.955702201046620     
   2.1866934304951504E-005   47.955702195601589     
   2.2058698113276004E-005   47.955702190154483     
   2.2252143609470889E-005   47.955702184470397     
   2.2447285541230828E-005   47.955702178780044     
   2.2644138785581553E-005   47.955702173081249     
   2.2842718350014065E-005   47.955702167138995     
   2.3043039373628736E-005   47.955702160834591     
   2.3245117128289474E-005   47.955702154864326     
   2.3448967019788006E-005   47.955702148410907     
   2.3654604589018363E-005   47.955702142054065     
   2.3862045513161683E-005   47.955702135791441     
   2.4071305606881371E-005   47.955702129154886     
   2.4282400823528786E-005   47.955702122374760     
   2.4495347256359449E-005   47.955702115564947     
   2.4710161139759965E-005   47.955702108490058     
   2.4926858850485672E-005   47.955702101554920     
   2.5145456908909163E-005   47.955702094349363     
   2.5365971980279739E-005   47.955702087103603     
   2.5588420875993920E-005   47.955702079523775     
   2.5812820554877100E-005   47.955702071956338     
   2.6039188124476438E-005   47.955702064340215     
   2.6267540842365065E-005   47.955702056439662     
   2.6497896117457772E-005   47.955702048542790     
   2.6730271511338206E-005   47.955702040355519     
   2.6964684739597710E-005   47.955702032049416     
   2.7201153673185894E-005   47.955702023621356     
   2.7439696339773091E-005   47.955702015009948     
   2.7680330925124691E-005   47.955702006328423     
   2.7923075774487613E-005   47.955701997457041     
   2.8167949393988853E-005   47.955701988567085     
   2.8414970452046362E-005   47.955701979189499     
   2.8664157780792245E-005   47.955701969844682     
   2.8915530377508487E-005   47.955701960412682     
   2.9169107406075229E-005   47.955701950773530     
   2.9424908198431788E-005   47.955701940865353     
   2.9682952256050432E-005   47.955701930742620     
   2.9943259251423153E-005   47.955701920750855     
   3.0205849029561398E-005   47.955701910245864     
   3.0470741609509013E-005   47.955701899689444     
   3.0737957185868436E-005   47.955701888902965     
   3.1007516130340266E-005   47.955701877940569     
   3.1279438993276338E-005   47.955701866856359     
   3.1553746505246427E-005   47.955701855471531     
   3.1830459578618663E-005   47.955701844014627     
   3.2109599309153858E-005   47.955701832248451     
   3.2391186977613760E-005   47.955701820343251     
   3.2675244051383433E-005   47.955701808178063     
   3.2961792186107875E-005   47.955701795748340     
   3.3250853227342974E-005   47.955701783224043     
   3.3542449212220947E-005   47.955701770425762     
   3.3836602371130385E-005   47.955701757406942     
   3.4133335129411025E-005   47.955701744162639     
   3.4432670109063391E-005   47.955701730629642     
   3.4734630130473438E-005   47.955701716919307     
   3.5039238214152283E-005   47.955701702968227     
   3.5346517582491254E-005   47.955701688654727     
   3.5656491661532259E-005   47.955701674264475     
   3.5969184082753734E-005   47.955701659559224     
   3.6284618684872241E-005   47.955701644591599     
   3.6602819515659841E-005   47.955701629297764     
   3.6923810833777432E-005   47.955701613730142     
   3.7247617110624182E-005   47.955701598057558     
   3.7574263032203070E-005   47.955701581924799     
   3.7903773501003001E-005   47.955701565675042     
   3.8236173637897163E-005   47.955701549011081     
   3.8571488784058272E-005   47.955701531984886     
   3.8909744502890425E-005   47.955701514881085     
   3.9250966581978023E-005   47.955701497227537     
   3.9595181035051739E-005   47.955701479483295     
   3.9942414103971706E-005   47.955701461350571     
   4.0292692260728111E-005   47.955701442764337     
   4.0646042209459367E-005   47.955701424008680     
   4.1002490888487931E-005   47.955701404901859     
   4.1362065472374011E-005   47.955701385378475     
   4.1724793373987257E-005   47.955701365605805     
   4.2090702246596660E-005   47.955701345518193     
   4.2459819985978736E-005   47.955701324933401     
   4.2832174732544202E-005   47.955701304076499     
   4.3207794873483354E-005   47.955701282881449     
   4.3586709044930190E-005   47.955701261165629     
   4.3968946134145527E-005   47.955701239211876     
   4.4354535281719329E-005   47.955701216779133     
   4.4743505883792256E-005   47.955701193975315     
   4.5135887594296727E-005   47.955701170908299     
   4.5531710327217681E-005   47.955701147278290     
   4.5931004258873112E-005   47.955701123192796     
   4.6333799830214631E-005   47.955701098817400     
   4.6740127749148157E-005   47.955701073968299     
   4.7150018992875029E-005   47.955701048636072     
   4.7563504810253595E-005   47.955701022869420     
   4.7980616724181535E-005   47.955700996658635     
   4.8401386533999083E-005   47.955700970052064     
   4.8825846317913300E-005   47.955700942923229     
   4.9254028435443581E-005   47.955700915261886     
   4.9685965529888744E-005   47.955700887232283     
   5.0121690530815542E-005   47.955700858620091     
   5.0561236656569205E-005   47.955700829589162     
   5.1004637416805842E-005   47.955700799953917     
   5.1451926615047149E-005   47.955700769819586     
   5.1903138351257467E-005   47.955700739145740     
   5.2358307024443483E-005   47.955700707979005     
   5.2817467335276684E-005   47.955700676249393     
   5.3280654288738834E-005   47.955700643945022     
   5.3747903196790672E-005   47.955700611024540     
   5.4219249681063927E-005   47.955700577591983     
   5.4694729675577083E-005   47.955700543576569     
   5.5174379429474809E-005   47.955700508936317     
   5.5658235509791527E-005   47.955700473658183     
   5.6146334804239163E-005   47.955700437787101     
   5.6638714524019327E-005   47.955700401280424     
   5.7135412206660225E-005   47.955700364124411     
   5.7636465718878374E-005   47.955700326334167     
   5.8141913259465438E-005   47.955700287866321     
   5.8651793362200416E-005   47.955700248677289     
   5.9166144898787348E-005   47.955700208897809     
   5.9685007081818722E-005   47.955700168338268     
   6.0208419467764963E-005   47.955700127099774     
   6.0736421959990091E-005   47.955700085108603     
   6.1269054811793829E-005   47.955700042377998     
   6.1806358629480426E-005   47.955699998921006     
   6.2348374375454255E-005   47.955699954721211     
   6.2895143371342779E-005   47.955699909674635     
   6.3446707301146745E-005   47.955699863909814     
   6.4003108214418021E-005   47.955699817264005     
   6.4564388529465328E-005   47.955699769865106     
   6.5130591036588115E-005   47.955699721549735     
   6.5701758901338757E-005   47.955699672445249     
   6.6277935667813332E-005   47.955699622445792     
   6.6859165261971308E-005   47.955699571590699     
   6.7445491994984347E-005   47.955699519831754     
   6.8036960566614392E-005   47.955699467149401     
   6.8633616068621524E-005   47.955699413552892     
   6.9235503988201565E-005   47.955699358992945     
   6.9842670211453867E-005   47.955699303448981     
   7.0455161026879590E-005   47.955699247016483     
   7.1073023128910559E-005   47.955699189557762     
   7.1696303621469085E-005   47.955699131022044     
   7.2325050021559075E-005   47.955699071474584     
   7.2959310262888546E-005   47.955699010922046     
   7.3599132699523947E-005   47.955698949283416     
   7.4244566109576550E-005   47.955698886564505     
   7.4895659698921108E-005   47.955698822741738     
   7.5552463104947210E-005   47.955698757761894     
   7.6215026400343406E-005   47.955698691687843     
   7.6883400096914708E-005   47.955698624436437     
   7.7557635149433349E-005   47.955698555924116     
   7.8237782959523472E-005   47.955698486328828     
   7.8923895379579849E-005   47.955698415420571     
   7.9616024716720889E-005   47.955698343318147     
   8.0314223736776424E-005   47.955698269877956     
   8.1018545668310412E-005   47.955698195188731     
   8.1729044206678889E-005   47.955698119164140     
   8.2445773518123578E-005   47.955698041833699     
   8.3168788243901344E-005   47.955697963139173     
   8.3898143504449821E-005   47.955697883050888     
   8.4633894903589750E-005   47.955697801538676     
   8.5376098532763915E-005   47.955697718571770     
   8.6124810975313451E-005   47.955697634177142     
   8.6880089310791613E-005   47.955697548264766     
   8.7641991119315237E-005   47.955697460860449     
   8.8410574485954632E-005   47.955697371931265     
   8.9185898005161640E-005   47.955697281443690     
   8.9968020785236843E-005   47.955697189276265     
   9.0757002452835676E-005   47.955697095568937     
   9.1552903157514278E-005   47.955697000199052     
   9.2355783576315099E-005   47.955696903101526     
   9.3165704918392613E-005   47.955696804327118     
   9.3982728929679931E-005   47.955696703867687     
   9.4806917897595917E-005   47.955696601539827     
   9.5638334655793916E-005   47.955696497479593     
   9.6477042588951928E-005   47.955696391560465     
   9.7323105637604949E-005   47.955696283771601     
   9.8176588303019503E-005   47.955696174072386     
   9.9037555652111068E-005   47.955696062450599     
   9.9906073322404614E-005   47.955695948878684     
   1.0078220752703855E-004   47.955695833313840     
   1.0166602505981264E-004   47.955695715697956     
   1.0255759330028012E-004   47.955695595986683     
   1.0345698021888460E-004   47.955695474193163     
   1.0436425438214184E-004   47.955695350271412     
   1.0527948495786706E-004   47.955695224145629     
   1.0620274172044815E-004   47.955695095782886     
   1.0713409505616493E-004   47.955694965192933     
   1.0807361596855534E-004   47.955694832268350     
   1.0902137608382841E-004   47.955694697017265     
   1.0997744765632493E-004   47.955694559403241     
   1.1094190357402572E-004   47.955694419330726     
   1.1191481736410866E-004   47.955694276790624     
   1.1289626319855389E-004   47.955694131758264     
   1.1388631589979870E-004   47.955693984149903     
   1.1488505094644159E-004   47.955693833997231     
   1.1589254447899659E-004   47.955693681141739     
   1.1690887330569803E-004   47.955693525598576     
   1.1793411490835610E-004   47.955693367338256     
   1.1896834744826385E-004   47.955693206257436     
   1.2001164977215593E-004   47.955693042382734     
   1.2106410141821972E-004   47.955692875608705     
   1.2212578262215897E-004   47.955692705872480     
   1.2319677432331080E-004   47.955692533168289     
   1.2427715817081624E-004   47.955692357416510     
   1.2536701652984488E-004   47.955692178536310     
   1.2646643248787428E-004   47.955691996576718     
   1.2757548986102406E-004   47.955691811338141     
   1.2869427320044599E-004   47.955691622896282     
   1.2982286779876986E-004   47.955691431092802     
   1.3096135969660588E-004   47.955691235913648     
   1.3210983568910428E-004   47.955691037314281     
   1.3326838333257206E-004   47.955690835205345     
   1.3443709095114833E-004   47.955690629554311     
   1.3561604764353760E-004   47.955690420239989     
   1.3680534328980261E-004   47.955690207285357     
   1.3800506855821633E-004   47.955689990566484     
   1.3921531491217440E-004   47.955689770001655     
   1.4043617461716778E-004   47.955689545551451     
   1.4166774074781714E-004   47.955689317203976     
   1.4291010719496823E-004   47.955689084785860     
   1.4416336867285014E-004   47.955688848282264     
   1.4542762072629572E-004   47.955688607618583     
   1.4670295973802589E-004   47.955688362704095     
   1.4798948293599746E-004   47.955688113475617     
   1.4928728840081536E-004   47.955687859868306     
   1.5059647507321031E-004   47.955687601801088     
   1.5191714276158148E-004   47.955687339176706     
   1.5324939214960573E-004   47.955687071910731     
   1.5459332480391333E-004   47.955686799989721     
   1.5594904318183117E-004   47.955686523165667     
   1.5731665063919376E-004   47.955686241567037     
   1.5869625143822284E-004   47.955685955000405     
   1.6008795075547576E-004   47.955685663357727     
   1.6149185468986420E-004   47.955685366572766     
   1.6290807027074256E-004   47.955685064562715     
   1.6433670546606751E-004   47.955684757257430     
   1.6577786919062947E-004   47.955684444511931     
   1.6723167131435550E-004   47.955684126266590     
   1.6869822267068577E-004   47.955683802401438     
   1.7017763506502309E-004   47.955683472838018     
   1.7167002128325656E-004   47.955683137495811     
   1.7317549510036001E-004   47.955682796248382     
   1.7469417128906589E-004   47.955682448923469     
   1.7622616562861529E-004   47.955682095550202     
   1.7777159491358437E-004   47.955681735937205     
   1.7933057696278869E-004   47.955681369948891     
   1.8090323062826510E-004   47.955680997534657     
   1.8248967580433291E-004   47.955680618568664     
   1.8409003343673399E-004   47.955680232922631     
   1.8570442553185359E-004   47.955679840494838     
   1.8733297516602146E-004   47.955679441151915     
   1.8897580649489506E-004   47.955679034743341     
   1.9063304476292468E-004   47.955678621217800     
   1.9230481631290165E-004   47.955678200375758     
   1.9399124859559045E-004   47.955677772145904     
   1.9569247017944512E-004   47.955677336337700     
   1.9740861076041085E-004   47.955676892859671     
   1.9913980117181176E-004   47.955676441581033     
   2.0088617339432505E-004   47.955675982360759     
   2.0264786056604299E-004   47.955675515054907     
   2.0442499699262280E-004   47.955675039487275     
   2.0621771815752576E-004   47.955674555565963     
   2.0802616073234621E-004   47.955674063115836     
   2.0985046258723065E-004   47.955673561994928     
   2.1169076280138887E-004   47.955673052021609     
   2.1354720167369667E-004   47.955672533083728     
   2.1541992073339199E-004   47.955672005007472     
   2.1730906275086462E-004   47.955671467622949     
   2.1921477174854050E-004   47.955670920778459     
   2.2113719301186167E-004   47.955670364289773     
   2.2307647310036236E-004   47.955669797983475     
   2.2503275985884212E-004   47.955669221740720     
   2.2700620242863725E-004   47.955668635315192     
   2.2899695125899069E-004   47.955668038558642     
   2.3100515811852202E-004   47.955667431297016     
   2.3303097610679759E-004   47.955666813345118     
   2.3507455966600261E-004   47.955666184506370     
   2.3713606459271517E-004   47.955665544580157     
   2.3921564804978382E-004   47.955664893383442     
   2.4131346857830907E-004   47.955664230721766     
   2.4342968610973012E-004   47.955663556374390     
   2.4556446197801767E-004   47.955662870152665     
   2.4771795893197338E-004   47.955662171856133     
   2.4989034114763727E-004   47.955661461236133     
   2.5208177424080426E-004   47.955660738112130     
   2.5429242527965008E-004   47.955660002247924     
   2.5652246279746785E-004   47.955659253424386     
   2.5877205680551699E-004   47.955658491388334     
   2.6104137880598386E-004   47.955657715939850     
   2.6333060180505684E-004   47.955656926837619     
   2.6563990032611593E-004   47.955656123827850     
   2.6796945042303747E-004   47.955655306666060     
   2.7031942969361629E-004   47.955654475117015     
   2.7269001729310512E-004   47.955653628925475     
   2.7508139394787285E-004   47.955652767816147     
   2.7749374196918240E-004   47.955651891537244     
   2.7992724526708997E-004   47.955650999823931     
   2.8238208936446528E-004   47.955650092398315     
   2.8485846141113562E-004   47.955649168983882     
   2.8735655019815359E-004   47.955648229319820     
   2.8987654617218956E-004   47.955647273095650     
   2.9241864145005146E-004   47.955646300009150     
   2.9498302983333021E-004   47.955645309788153     
   2.9756990682317560E-004   47.955644302132114     
   3.0017946963519984E-004   47.955643276712223     
   3.0281191721451327E-004   47.955642233236560     
   3.0546745025089090E-004   47.955641171384556     
   3.0814627119407276E-004   47.955640090806895     
   3.1084858426919776E-004   47.955638991205447     
   3.1357459549237330E-004   47.955637872245759     
   3.1632451268638146E-004   47.955636733557043     
   3.1909854549652244E-004   47.955635574819240     
   3.2189690540659752E-004   47.955634395653732     
   3.2471980575503193E-004   47.955633195718022     
   3.2756746175113919E-004   47.955631974647062     
   3.3044009049152756E-004   47.955630732075278     
   3.3333791097665149E-004   47.955629467599735     
   3.3626114412750710E-004   47.955628180853026     
   3.3921001280247463E-004   47.955626871437403     
   3.4218474181430859E-004   47.955625538961201     
   3.4518555794727646E-004   47.955624183002257     
   3.4821268997444859E-004   47.955622803158576     
   3.5126636867513863E-004   47.955621399004698     
   3.5434682685249778E-004   47.955619970120480     
   3.5745429935126274E-004   47.955618516054670     
   3.6058902307565984E-004   47.955617036382918     
   3.6375123700746568E-004   47.955615530649354     
   3.6694118222422629E-004   47.955613998359198     
   3.7015910191763661E-004   47.955612439109544     
   3.7340524141207999E-004   47.955610852378143     
   3.7667984818333166E-004   47.955609237683376     
   3.7998317187742508E-004   47.955607594554834     
   3.8331546432968431E-004   47.955605922489696     
   3.8667697958392322E-004   47.955604220952225     
   3.9006797391181303E-004   47.955602489453938     
   3.9348870583241942E-004   47.955600727429498     
   3.9693943613191174E-004   47.955598934382138     
   4.0042042788344408E-004   47.955597109741532     
   4.0393194646721131E-004   47.955595252954524     
   4.0747425959068110E-004   47.955593363463166     
   4.1104763730900266E-004   47.955591440678958     
   4.1465235204559531E-004   47.955589484022724     
   4.1828867861291706E-004   47.955587492898843     
   4.2195689423341553E-004   47.955585466702374     
   4.2565727856066235E-004   47.955583404796883     
   4.2939011370067337E-004   47.955581306583568     
   4.3315568423341538E-004   47.955579171398824     
   4.3695427723450177E-004   47.955576998601657     
   4.4078618229707813E-004   47.955574787518586     
   4.4465169155389998E-004   47.955572537490880     
   4.4855109969960420E-004   47.955570247823275     
   4.5248470401317562E-004   47.955567917820105     
   4.5645280438061039E-004   47.955565546766863     
   4.6045570331777893E-004   47.955563133944537     
   4.6449370599348818E-004   47.955560678618298     
   4.6856712025274735E-004   47.955558180033719     
   4.7267625664023646E-004   47.955555637430976     
   4.7682142842398194E-004   47.955553050037224     
   4.8100295161923877E-004   47.955550417059200     
   4.8522114501258265E-004   47.955547737708244     
   4.8947633018621341E-004   47.955545011145446     
   4.9376883154247139E-004   47.955542236554152     
   4.9809897632856898E-004   47.955539413070511     
   5.0246709466153863E-004   47.955536539863147     
   5.0687351955340033E-004   47.955533616027409     
   5.1131858693654946E-004   47.955530640686845     
   5.1580263568936670E-004   47.955527612927384     
   5.2032600766205382E-004   47.955524531837042     
   5.2488904770269472E-004   47.955521396461933     
   5.2949210368354602E-004   47.955518205849472     
   5.3413552652755748E-004   47.955514959026317     
   5.3881967023512516E-004   47.955511655005196     
   5.4354489191108012E-004   47.955508292777296     
   5.4831155179191197E-004   47.955504871322745     
   5.5312001327323293E-004   47.955501389588491     
   5.5797064293748155E-004   47.955497846516863     
   5.6286381058187022E-004   47.955494241027168     
   5.6779988924657721E-004   47.955490572022441     
   5.7277925524318600E-004   47.955486838370831     
   5.7780228818337428E-004   47.955483038945246     
   5.8286937100785429E-004   47.955479172597464     
   5.8798089001556742E-004   47.955475238128543     
   5.9313723489313368E-004   47.955471234353922     
   5.9833879874456096E-004   47.955467160030111     
   6.0358597812121381E-004   47.955463013938029     
   6.0887917305204524E-004   47.955458794809729     
   6.1421878707409376E-004   47.955454501338764     
   6.1960522726324779E-004   47.955450132241637     
   6.2503890426528024E-004   47.955445686162705     
   6.3052023232715412E-004   47.955441161768206     
   6.3604962932860417E-004   47.955436557662168     
   6.4162751681399435E-004   47.955431872443981     
   6.4725432002445561E-004   47.955427104682570     
   6.5293046793030390E-004   47.955422252933815     
   6.5865639326374500E-004   47.955417315711117     
   6.6443253255186357E-004   47.955412291502938     
   6.7025932614990286E-004   47.955407178786714     
   6.7613721827483662E-004   47.955401976002989     
   6.8206665703923438E-004   47.955396681554674     
   6.8804809448542385E-004   47.955391293831923     
   6.9408198661995428E-004   47.955385811197090     
   7.0016879344836000E-004   47.955380231969443     
   7.0630897901023020E-004   47.955374554453655     
   7.1250301141458625E-004   47.955368776924715     
   7.1875136287556792E-004   47.955362897605269     
   7.2505450974843502E-004   47.955356914708773     
   7.3141293256588180E-004   47.955350826405990     
   7.3782711607467226E-004   47.955344630849794     
   7.4429754927259550E-004   47.955338326145366     
   7.5082472544574490E-004   47.955331910360357     
   7.5740914220612601E-004   47.955325381560613     
   7.6405130152959141E-004   47.955318737725747     
   7.7075170979411104E-004   47.955311976853821     
   7.7751087781837639E-004   47.955305096873374     
   7.8432932090074375E-004   47.955298095686189     
   7.9120755885851908E-004   47.955290971161162     
   7.9814611606758719E-004   47.955283721113403     
   8.0514552150238896E-004   47.955276343345304     
   8.1220630877624806E-004   47.955268835592904     
   8.1932901618205249E-004   47.955261195585109     
   8.2651418673329255E-004   47.955253420973733     
   8.3376236820545781E-004   47.955245509392526     
   8.4107411317779844E-004   47.955237458436443     
   8.4844997907545215E-004   47.955229265635140     
   8.5589052821194043E-004   47.955220928506648     
   8.6339632783203734E-004   47.955212444494634     
   8.7096795015501527E-004   47.955203811018322     
   8.7860597241826816E-004   47.955195025440602     
   8.8631097692131941E-004   47.955186085079760     
   8.9408355107021404E-004   47.955176987221279     
   9.0192428742230039E-004   47.955167729080358     
   9.0983378373140559E-004   47.955158307826323     
   9.1781264299340640E-004   47.955148720599752     
   9.2586147349219916E-004   47.955138964469668     
   9.3398088884607405E-004   47.955129036465024     
   9.4217150805449550E-004   47.955118933548221     
   9.5043395554529251E-004   47.955108652646658     
   9.5876886122226303E-004   47.955098190615203     
   9.6717686051319676E-004   47.955087544275031     
   9.7565859441831710E-004   47.955076710368800     
   9.8421470955914968E-004   47.955065685592061     
   9.9284585822781869E-004   47.955054466592173     
   1.0015526984367758E-003   47.955043049937828     
   1.0103358939689644E-003   47.955031432152296     
   1.0191961144284257E-003   47.955019609683134     
   1.0281340352913458E-003   47.955007578933419     
   1.0371503379575527E-003   47.954995336231491     
   1.0462457098024641E-003   47.954982877840266     
   1.0554208442294908E-003   47.954970199961465     
   1.0646764407228994E-003   47.954957298725006     
   1.0740132049011394E-003   47.954944170205735     
   1.0834318485706367E-003   47.954930810385591     
   1.0929330897800600E-003   47.954917215197540     
   1.1025176528750629E-003   47.954903380496802     
   1.1121862685535048E-003   47.954889302057410     
   1.1219396739211580E-003   47.954874975588879     
   1.1317786125479023E-003   47.954860396714494     
   1.1417038345244125E-003   47.954845561000653     
   1.1517160965193421E-003   47.954830463907911     
   1.1618161618370106E-003   47.954815100840108     
   1.1720048004755952E-003   47.954799467110064     
   1.1822827891858326E-003   47.954783557946683     
   1.1926509115302369E-003   47.954767368497031     
   1.2031099579428352E-003   47.954750893824269     
   1.2136607257894284E-003   47.954734128904221     
   1.2243040194283798E-003   47.954717068616034     
   1.2350406502719367E-003   47.954699707769336     
   1.2458714368480911E-003   47.954682041057012     
   1.2567972048629795E-003   47.954664063092920     
   1.2678187872638348E-003   47.954645768399217     
   1.2789370243024862E-003   47.954627151384187     
   1.2901527635994169E-003   47.954608206376420     
   1.3014668602083861E-003   47.954588927597399     
   1.3128801766816138E-003   47.954569309164611     
   1.3243935831355402E-003   47.954549345094861     
   1.3360079573171597E-003   47.954529029298413     
   1.3477241846709394E-003   47.954508355576607     
   1.3595431584063208E-003   47.954487317619638     
   1.3714657795658163E-003   47.954465909022218     
   1.3834929570937023E-003   47.954444123241345     
   1.3956256079053135E-003   47.954421953637279     
   1.4078646569569454E-003   47.954399393447588     
   1.4202110373163722E-003   47.954376435788078     
   1.4326656902339790E-003   47.954353073659419     
   1.4452295652145203E-003   47.954329299931658     
   1.4579036200895075E-003   47.954305107352610     
   1.4706888210902318E-003   47.954280488544939     
   1.4835861429214258E-003   47.954255435999897     
   1.4965965688355717E-003   47.954229942070739     
   1.5097210907078630E-003   47.954203998986301     
   1.5229607091118199E-003   47.954177598829858     
   1.5363164333955729E-003   47.954150733547053     
   1.5497892817588085E-003   47.954123394944631     
   1.5633802813303976E-003   47.954095574681972     
   1.5770904682466979E-003   47.954067264277029     
   1.5909208877305475E-003   47.954038455085836     
   1.6048725941709477E-003   47.954009138324679     
   1.6189466512034488E-003   47.953979305053295     
   1.6331441317912363E-003   47.953948946162228     
   1.6474661183069311E-003   47.953918052401264     
   1.6619137026151062E-003   47.953886614340618     
   1.6764879861555285E-003   47.953854622389088     
   1.6911900800271262E-003   47.953822066789499     
   1.7060211050726984E-003   47.953788937610653     
   1.7209821919643635E-003   47.953755224745180     
   1.7360744812897587E-003   47.953720917911369     
   1.7512991236389936E-003   47.953686006641036     
   1.7666572796923700E-003   47.953650480285631     
   1.7821501203088663E-003   47.953614328009436     
   1.7977788266154021E-003   47.953577538779115     
   1.8135445900968818E-003   47.953540101378763     
   1.8294486126870318E-003   47.953502004380098     
   1.8454921068600306E-003   47.953463236165547     
   1.8616762957229455E-003   47.953423784909177     
   1.8780024131089773E-003   47.953383638574223     
   1.8944717036715245E-003   47.953342784914852     
   1.9110854229790724E-003   47.953301211467846     
   1.9278448376109133E-003   47.953258905550783     
   1.9447512252537063E-003   47.953215854258048     
   1.9618058747988849E-003   47.953172044456892     
   1.9790100864409176E-003   47.953127462779875     
   1.9963651717764316E-003   47.953082095630620     
   2.0138724539042036E-003   47.953035929162368     
   2.0315332675260303E-003   47.952988949300973     
   2.0493489590484811E-003   47.952941141707782     
   2.0673208866855432E-003   47.952892491798707     
   2.0854504205621710E-003   47.952842984735227     
   2.1037389428187349E-003   47.952792605413237     
   2.1221878477163973E-003   47.952741338461962     
   2.1407985417434021E-003   47.952689168244547     
   2.1595724437223044E-003   47.952636078842119     
   2.1785109849181347E-003   47.952582054059661     
   2.1976156091475158E-003   47.952527077416249     
   2.2168877728887346E-003   47.952471132139777     
   2.2363289453927785E-003   47.952414201164274     
   2.2559406087953489E-003   47.952356267120734     
   2.2757242582298531E-003   47.952297312335205     
   2.2956814019413877E-003   47.952237318820181     
   2.3158135614017258E-003   47.952176268274343     
   2.3361222714253049E-003   47.952114142072801     
   2.3566090802862412E-003   47.952050921263847     
   2.3772755498363629E-003   47.951986586558107     
   2.3981232556242803E-003   47.951921118329523     
   2.4191537870155017E-003   47.951854496605179     
   2.4403687473136025E-003   47.951786701061437     
   2.4617697538824560E-003   47.951717711010872     
   2.4833584382695341E-003   47.951647505410861     
   2.5051364463302946E-003   47.951576062840076     
   2.5271054383536537E-003   47.951503361505146     
   2.5492670891885641E-003   47.951429379223256     
   2.5716230883716966E-003   47.951354093425678     
   2.5941751402562495E-003   47.951277481144672     
   2.6169249641418788E-003   47.951199519004902     
   2.6398742944057775E-003   47.951120183222741     
   2.6630248806348944E-003   47.951039449593864     
   2.6863784877593187E-003   47.950957293487548     
   2.7099368961868366E-003   47.950873689837550     
   2.7337019019386573E-003   47.950788613138982     
   2.7576753167863430E-003   47.950702037436102     
   2.7818589683899280E-003   47.950613936315975     
   2.8062547004372557E-003   47.950524282901455     
   2.8308643727845374E-003   47.950433049832796     
   2.8556898615981377E-003   47.950340209285599     
   2.8807330594976129E-003   47.950245732927527     
   2.9059958756999949E-003   47.950149591941468     
   2.9314802361653453E-003   47.950051756991641     
   2.9571880837435849E-003   47.949952198227493     
   2.9831213783226103E-003   47.949850885277698     
   3.0092820969777096E-003   47.949747787228702     
   3.0356722341222898E-003   47.949642872632353     
   3.0622938016599218E-003   47.949536109473954     
   3.0891488291377263E-003   47.949427465182978     
   3.1162393639010966E-003   47.949316906610804     
   3.1435674712497834E-003   47.949204400028748     
   3.1711352345953465E-003   47.949089911111727     
   3.1989447556199885E-003   47.948973404928026     
   3.2269981544367798E-003   47.948854845930327     
   3.2552975697512899E-003   47.948734197950969     
   3.2838451590246360E-003   47.948611424176420     
   3.3126430986379607E-003   47.948486487150461     
   3.3416935840583544E-003   47.948359348754920     
   3.3709988300062274E-003   47.948229970199037     
   3.4005610706241566E-003   47.948098312010757     
   3.4303825596472097E-003   47.947964334020227     
   3.4604655705747604E-003   47.947827995350366     
   3.4908123968438167E-003   47.947689254404409     
   3.5214253520038626E-003   47.947548068852910     
   3.5523067698932371E-003   47.947404395620069     
   3.5834590048170593E-003   47.947258190869562     
   3.6148844317267126E-003   47.947109409995008     
   3.6465854464009049E-003   47.946958007602120     
   3.6785644656283137E-003   47.946803937498387     
   3.7108239273918376E-003   47.946647152676519     
   3.7433662910544572E-003   47.946487605300533     
   3.7761940375467310E-003   47.946325246691799     
   3.8093096695559362E-003   47.946160027314008     
   3.8427157117168617E-003   47.945991896758088     
   3.8764147108042808E-003   47.945820803726974     
   3.9104092359271104E-003   47.945646696019494     
   3.9447018787242714E-003   47.945469520513953     
   3.9792952535622657E-003   47.945289223153509     
   4.0141919977344891E-003   47.945105748929763     
   4.0493947716622909E-003   47.944919041861311     
   4.0849062590977954E-003   47.944729044984811     
   4.1207291673285027E-003   47.944535700330690     
   4.1568662273836852E-003   47.944338948908708     
   4.1933201942425920E-003   47.944138730687541     
   4.2300938470444804E-003   47.943934984580594     
   4.2671899893004890E-003   47.943727648425110     
   4.3046114491073701E-003   47.943516658959823     
   4.3423610793630919E-003   47.943301951811293     
   4.3804417579843382E-003   47.943083461471346     
   4.4188563881259095E-003   47.942861121278611     
   4.4576078984020521E-003   47.942634863394659     
   4.4966992431097284E-003   47.942404618786853     
   4.5361334024538371E-003   47.942170317208237     
   4.5759133827744233E-003   47.941931887171634     
   4.6160422167758671E-003   47.941689255931550     
   4.6565229637580887E-003   47.941442349458939     
   4.6973587098497818E-003   47.941191092422699     
   4.7385525682436900E-003   47.940935408164478     
   4.7801076794339445E-003   47.940675218673533     
   4.8220272114554898E-003   47.940410444565202     
   4.8643143601256027E-003   47.940141005057896     
   4.9069723492875320E-003   47.939866817943795     
   4.9500044310562749E-003   47.939587799570091     
   4.9934138860665079E-003   47.939303864805495     
   5.0372040237226922E-003   47.939014927025895     
   5.0813781824513718E-003   47.938720898073356     
   5.1259397299556909E-003   47.938421688240567     
   5.1708920634721267E-003   47.938117206242012     
   5.2162386100294928E-003   47.937807359178024     
   5.2619828267102030E-003   47.937492052519346     
   5.3081282009138277E-003   47.937171190062855     
   5.3546782506229641E-003   47.936844673920518     
   5.4016365246714352E-003   47.936512404471316     
   5.4490066030148439E-003   47.936174280344360     
   5.4967920970034941E-003   47.935830198380373     
   5.5449966496577147E-003   47.935480053603115     
   5.5936239359455865E-003   47.935123739188072     
   5.6426776630631144E-003   47.934761146429324     
   5.6921615707168534E-003   47.934392164701919     
   5.7420794314090064E-003   47.934016681438635     
   5.7924350507250364E-003   47.933634582083158     
   5.8432322676237871E-003   47.933245750066376     
   5.8944749547301554E-003   47.932850066761162     
   5.9461670186303286E-003   47.932447411453978     
   5.9983124001696097E-003   47.932037661304520     
   6.0509150747528563E-003   47.931620691305724     
   6.1039790526475537E-003   47.931196374253162     
   6.1575083792895433E-003   47.930764580698892     
   6.2115071355914363E-003   47.930325178915098     
   6.2659794382537307E-003   47.929878034855363     
   6.3209294400786535E-003   47.929423012109993     
   6.3763613302867594E-003   47.928959971868437     
   6.4322793348363036E-003   47.928488772874829     
   6.4886877167454173E-003   47.928009271384497     
   6.5455907764171047E-003   47.927521321122654     
   6.6029928519670935E-003   47.927024773237790     
   6.6608983195545609E-003   47.926519476255550     
   6.7193115937157601E-003   47.926005276036051     
   6.7782371277005640E-003   47.925482015722196     
   6.8376794138119770E-003   47.924949535697280     
   6.8976429837486050E-003   47.924407673532727     
   6.9581324089501477E-003   47.923856263938674     
   7.0191523009459026E-003   47.923295138714991     
   7.0807073117063399E-003   47.922724126699833     
   7.1428021339977523E-003   47.922143053717107     
   7.2054415017400158E-003   47.921551742524414     
   7.2686301903674934E-003   47.920950012757160     
   7.3323730171930938E-003   47.920337680876358     
   7.3966748417755345E-003   47.919714560109071     
   7.4615405662898171E-003   47.919080460396430     
   7.5269751359009528E-003   47.918435188331756     
   7.5929835391409708E-003   47.917778547103254     
   7.6595708082892204E-003   47.917110336434604     
   7.7267420197560293E-003   47.916430352523008     
   7.7945022944697030E-003   47.915738387977456     
   7.8628567982669314E-003   47.915034231756636     
   7.9318107422866220E-003   47.914317669103468     
   8.0013693833671708E-003   47.913588481480545     
   8.0715380244472373E-003   47.912846446503139     
   8.1423220149700222E-003   47.912091337872795     
   8.2137267512910842E-003   47.911322925306393     
   8.2857576770897570E-003   47.910540974468958     
   8.3584202837841456E-003   47.909745246899334     
   8.4317201109497791E-003   47.908935499940569     
   8.5056627467419328E-003   47.908111486664083     
   8.5802538283216555E-003   47.907272955795861     
   8.6554990422855194E-003   47.906419651640178     
   8.7314041250991584E-003   47.905551313999240     
   8.8079748635345925E-003   47.904667678100310     
   8.8852170951113987E-003   47.903768474507473     
   8.9631367085417409E-003   47.902853429046161     
   9.0417396441793123E-003   47.901922262715587     
   9.1210318944722046E-003   47.900974691607956     
   9.2010195044197572E-003   47.900010426818611     
   9.2817085720334098E-003   47.899029174360464     
   9.3631052488015974E-003   47.898030635074349     
   9.4452157401587120E-003   47.897014504537779     
   9.5280463059581964E-003   47.895980472973775     
   9.6116032609497807E-003   47.894928225154587     
   9.6958929752608784E-003   47.893857440309418     
   9.7809218748822480E-003   47.892767792023307     
   9.8666964421578792E-003   47.891658948141711     
   9.9532232162791862E-003   47.890530570667210     
   1.0040508793783542E-002   47.889382315658622     
   1.0128559829057179E-002   47.888213833125988     
   1.0217383034842488E-002   47.887024766923631     
   1.0306985182749792E-002   47.885814754645338     
   1.0397373103773578E-002   47.884583427509696     
   1.0488553688813287E-002   47.883330410254274     
   1.0580533889198643E-002   47.882055321016765     
   1.0673320717219603E-002   47.880757771222633     
   1.0766921246660959E-002   47.879437365464696     
   1.0861342613341617E-002   47.878093701386476     
   1.0956592015658609E-002   47.876726369558654     
   1.1052676715135882E-002   47.875334953355406     
   1.1149604036977886E-002   47.873919028827601     
   1.1247381370628034E-002   47.872478164577032     
   1.1346016170332046E-002   47.871011921623293     
   1.1445515955706236E-002   47.869519853272791     
   1.1545888312310798E-002   47.868001504980853     
   1.1647140892228078E-002   47.866456414220124     
   1.1749281414645981E-002   47.864884110333264     
   1.1852317666446427E-002   47.863284114398425     
   1.1956257502799019E-002   47.861655939077380     
   1.2061108847759886E-002   47.859999088474339     
   1.2166879694875801E-002   47.858313057981633     
   1.2273578107793569E-002   47.856597334132744     
   1.2381212220874786E-002   47.854851394440544     
   1.2489790239815977E-002   47.853074707244630     
   1.2599320442274169E-002   47.851266731549899     
   1.2709811178497954E-002   47.849426916862726     
   1.2821270871964092E-002   47.847554703026233     
   1.2933708020019688E-002   47.845649520048553     
   1.3047131194530003E-002   47.843710787935677     
   1.3161549042531948E-002   47.841737916512400     
   1.3276970286893309E-002   47.839730305247357     
   1.3393403726977747E-002   47.837687343070868     
   1.3510858239315639E-002   47.835608408191817     
   1.3629342778280798E-002   47.833492867909968     
   1.3748866376773127E-002   47.831340078426280     
   1.3869438146907255E-002   47.829149384649114     
   1.3991067280707222E-002   47.826920119996842     
   1.4113763050807250E-002   47.824651606197719     
   1.4237534811158659E-002   47.822343153086663     
   1.4362391997742979E-002   47.819994058397896     
   1.4488344129291337E-002   47.817603607553949     
   1.4615400808010113E-002   47.815171073451026     
   1.4743571720313004E-002   47.812695716240668     
   1.4872866637559471E-002   47.810176783108986     
   1.5003295416799687E-002   47.807613508050281     
   1.5134868001526003E-002   47.805005111636987     
   1.5267594422431014E-002   47.802350800787636     
   1.5401484798172270E-002   47.799649768527800     
   1.5536549336143677E-002   47.796901193749932     
   1.5672798333253701E-002   47.794104240966846     
   1.5810242176710353E-002   47.791258060062333     
   1.5948891344813084E-002   47.788361786036788     
   1.6088756407751627E-002   47.785414538748640     
   1.6229848028411823E-002   47.782415422652207     
   1.6372176963188538E-002   47.779363526529210     
   1.6515754062805688E-002   47.776257923218552     
   1.6660590273143473E-002   47.773097669337787     
   1.6806696636072850E-002   47.769881805003237     
   1.6954084290297346E-002   47.766609353544141     
   1.7102764472202214E-002   47.763279321210675     
   1.7252748516711089E-002   47.759890696878813     
   1.7404047858150105E-002   47.756442451750075     
   1.7556674031119629E-002   47.752933539044236     
   1.7710638671373610E-002   47.749362893690034     
   1.7865953516706674E-002   47.745729432006627     
   1.8022630407848950E-002   47.742032051384513     
   1.8180681289368790E-002   47.738269629955553     
   1.8340118210583390E-002   47.734441026262516     
   1.8500953326477377E-002   47.730545078920088     
   1.8663198898629468E-002   47.726580606270446     
   1.8826867296147288E-002   47.722546406033928     
   1.8991970996610305E-002   47.718441254954200     
   1.9158522587021120E-002   47.714263908434518     
   1.9326534764765042E-002   47.710013100172148     
   1.9496020338578102E-002   47.705687541783732     
   1.9666992229523558E-002   47.701285922424944     
   1.9839463471976952E-002   47.696806908404525     
   2.0013447214619819E-002   47.692249142790530     
   2.0188956721442084E-002   47.687611245012221     
   2.0366005372753283E-002   47.682891810452588     
   2.0544606666202638E-002   47.678089410036279     
   2.0724774217808072E-002   47.673202589808497     
   2.0906521762994245E-002   47.668229870510629     
   2.1089863157639721E-002   47.663169747144423     
   2.1274812379133281E-002   47.658020688531096     
   2.1461383527439516E-002   47.652781136863581     
   2.1649590826173779E-002   47.647449507251338     
   2.1839448623686537E-002   47.642024187255501     
   2.2030971394157252E-002   47.636503536418914     
   2.2224173738697846E-002   47.630885885787649     
   2.2419070386465838E-002   47.625169537422934     
   2.2615676195787280E-002   47.619352763909703     
   2.2814006155289460E-002   47.613433807850271     
   2.3014075385043641E-002   47.607410881355918     
   2.3215899137717731E-002   47.601282165526570     
   2.3419492799739122E-002   47.595045809923036     
   2.3624871892467696E-002   47.588699932031631     
   2.3832052073379115E-002   47.582242616717778     
   2.4041049137258536E-002   47.575671915673055     
   2.4251879017404707E-002   47.568985846851334     
   2.4464557786844716E-002   47.562182393898084     
   2.4679101659559319E-002   47.555259505567747     
   2.4895526991719073E-002   47.548215095133784     
   2.5113850282931248E-002   47.541047039788353     
   2.5334088177497736E-002   47.533753180032591     
   2.5556257465683945E-002   47.526331319056098     
   2.5780375084998843E-002   47.518779222108691     
   2.6006458121486220E-002   47.511094615860515     
   2.6234523811027283E-002   47.503275187750930     
   2.6464589540654650E-002   47.495318585330097     
   2.6696672849877909E-002   47.487222415587013     
   2.6930791432020748E-002   47.478984244269228     
   2.7166963135569870E-002   47.470601595189621     
   2.7405205965535685E-002   47.462071949524955     
   2.7645538084824964E-002   47.453392745099819     
   2.7887977815625530E-002   47.444561375663383     
   2.8132543640803066E-002   47.435575190151454     
   2.8379254205310234E-002   47.426431491938644     
   2.8628128317608043E-002   47.417127538079043     
   2.8879184951099823E-002   47.407660538533619     
   2.9132443245577639E-002   47.398027655387750     
   2.9387922508681493E-002   47.388226002054452     
   2.9645642217371246E-002   47.378252642467586     
   2.9905622019411507E-002   47.368104590260117     
   3.0167881734869510E-002   47.357778807932249     
   3.0432441357626124E-002   47.347272206005286     
   3.0699321056900156E-002   47.336581642162855     
   3.0968541178785954E-002   47.325703920379738     
   3.1240122247804546E-002   47.314635790036533     
   3.1514084968468387E-002   47.303373945022187     
   3.1790450226859772E-002   47.291915022821442     
   3.2069239092223159E-002   47.280255603590163     
   3.2350472818571396E-002   47.268392209216216     
   3.2634172846306091E-002   47.256321302365691     
   3.2920360803852140E-002   47.244039285516436     
   3.3209058509306617E-002   47.231542499975973     
   3.3500287972102132E-002   47.218827224886070     
   3.3794071394684745E-002   47.205889676211768     
   3.4090431174206619E-002   47.192726005716338     
   3.4389389904233528E-002   47.179332299921171     
   3.4690970376467289E-002   47.165704579050555     
   3.4995195582483367E-002   47.151838795961453     
   3.5302088715483640E-002   47.137730835057539     
   3.5611673172064630E-002   47.123376511188255     
   3.5923972554001135E-002   47.108771568532276     
   3.6239010670045604E-002   47.093911679464696     
   3.6556811537743213E-002   47.078792443408616     
   3.6877399385262896E-002   47.063409385670937     
   3.7200798653244424E-002   47.047757956261719     
   3.7527033996661713E-002   47.031833528697149     
   3.7856130286702393E-002   47.015631398786553     
   3.8188112612663958E-002   46.999146783402225     
   3.8523006283866471E-002   46.982374819233058     
   3.8860836831582077E-002   46.965310561521576     
   3.9201630010981425E-002   46.947948982782790     
   3.9545411803097189E-002   46.930284971508399     
   3.9892208416804735E-002   46.912313330851291     
   4.0242046290820253E-002   46.894028777294693     
   4.0594952095716327E-002   46.875425939303028     
   4.0950952735955254E-002   46.856499355955961     
   4.1310075351940125E-002   46.837243475564591     
   4.1672347322083934E-002   46.817652654270191     
   4.2037796264896857E-002   46.797721154625364     
   4.2406450041091753E-002   46.777443144157431     
   4.2778336755708218E-002   46.756812693914455     
   4.3153484760255198E-002   46.735823776992646     
   4.3531922654872462E-002   46.714470267046764     
   4.3913679290510946E-002   46.692745936782458     
   4.4298783771132277E-002   46.670644456429997     
   4.4687265455927584E-002   46.648159392201663     
   4.5079153961555742E-002   46.625284204729084     
   4.5474479164401255E-002   46.602012247484865     
   4.5873271202851937E-002   46.578336765184559     
   4.6275560479596578E-002   46.554250892172121     
   4.6681377663942751E-002   46.529747650786859     
   4.7090753694154955E-002   46.504819949712171     
   4.7503719779813214E-002   46.479460582307780     
   4.7920307404192466E-002   46.453662224923619     
   4.8340548326662694E-002   46.427417435196048     
   4.8764474585110192E-002   46.400718650327178     
   4.9192118498380039E-002   46.373558185346397     
   4.9623512668739961E-002   46.345928231355515     
   5.0058689984365863E-002   46.317820853755762     
   5.0497683621849095E-002   46.289227990459139     
   5.0940527048725759E-002   46.260141450082742     
   5.1387254026028145E-002   46.230552910126178     
   5.1837898610858600E-002   46.200453915133764     
   5.2292495158985902E-002   46.169835874840061     
   5.2751078327464486E-002   46.138690062300512     
   5.3213683077276537E-002   46.107007612005717     
   5.3680344675997346E-002   46.074779517982265     
   5.4151098700483999E-002   46.041996631877197     
   5.4625981039587622E-002   46.008649661029608     
   5.5105027896889487E-002   45.974729166527794     
   5.5588275793461005E-002   45.940225561253143     
   5.6075761570648024E-002   45.905129107910980     
   5.6567522392879474E-002   45.869429917048976     
   5.7063595750500698E-002   45.833117945063961     
   5.7564019462631580E-002   45.796182992196705     
   5.8068831680049747E-002   45.758614700517043     
   5.8578070888099097E-002   45.720402551897635     
   5.9091775909623799E-002   45.681535865978987     
   5.9609985907928022E-002   45.642003798125700     
   6.0132740389761616E-002   45.601795337374583     
   6.0660079208331996E-002   45.560899304375369     
   6.1192042566342426E-002   45.519304349325367     
   6.1728671019056970E-002   45.476998949898871     
   6.2270005477392282E-002   45.433971409170766     
   6.2816087211036500E-002   45.390209853538110     
   6.3366957851595601E-002   45.345702230637841     
   6.3922659395767190E-002   45.300436307263908     
   6.4483234208542226E-002   45.254399667283280     
   6.5048725026434828E-002   45.207579709552903     
   6.5619174960740323E-002   45.159963645839198     
   6.6194627500821987E-002   45.111538498740131     
   6.6775126517426481E-002   45.062291099612466     
   6.7360716266028450E-002   45.012208086504643     
   6.7951441390204384E-002   44.961275902097768     
   6.8547346925036223E-002   44.909480791655355     
   6.9148478300544547E-002   44.856808800983728     
   6.9754881345152134E-002   44.803245774405326     
   7.0366602289177696E-002   44.748777352745677     
   7.0983687768360421E-002   44.693388971336574     
   7.1606184827415292E-002   44.637065858037488     
   7.2234140923619572E-002   44.579793031276850     
   7.2867603930430985E-002   44.521555298114848     
   7.3506622141137207E-002   44.462337252331238     
   7.4151244272537803E-002   44.402123272539328     
   7.4801519468658123E-002   44.340897520328653     
   7.5457497304495899E-002   44.278643938439117     
   7.6119227789800792E-002   44.215346248969368     
   7.6786761372886897E-002   44.150987951620522     
   7.7460148944478724E-002   44.085552321980927     
   7.8139441841591092E-002   44.019022409851289     
   7.8824691851442780E-002   43.951381037616102     
   7.9515951215404709E-002   43.882610798662810     
   8.0213272632982585E-002   43.812694055852177     
   8.0916709265834649E-002   43.741612940043822     
   8.1626314741824454E-002   43.669349348679773     
   8.2342143159109357E-002   43.595884944429272     
   8.3064249090264802E-002   43.521201153899881     
   8.3792687586444731E-002   43.445279166417038     
   8.4527514181578514E-002   43.368099932877357     
   8.5268784896604749E-002   43.289644164679046     
   8.6016556243741993E-002   43.209892332734043     
   8.6770885230797290E-002   43.128824666566032     
   8.7531829365512043E-002   43.046421153499310     
   8.8299446659946407E-002   42.962661537942594     
   8.9073795634901864E-002   42.877525320773017     
   8.9854935324382684E-002   42.790991758825413     
   9.0642925280096487E-002   42.703039864492467     
   9.1437825575994308E-002   42.613648405439278     
   9.2239696812850491E-002   42.522795904440613     
   9.3048600122882588E-002   42.430460639344261     
   9.3864597174411993E-002   42.336620643168061     
   9.4687750176565305E-002   42.241253704335023     
   9.5518121884017024E-002   42.144337367054248     
   9.6355775601773677E-002   42.045848931853826     
   9.7200775190000033E-002   41.945765456271417     
   9.8053185068887702E-002   41.844063755710962     
   9.8913070223566157E-002   41.740720404470949     
   9.9780496209057185E-002   41.635711736952686     
  0.10065552915527244        41.529013849055858     
  0.10153823577205510        41.420602599768458     
  0.10242868335426562        41.310453612959762     
  0.10332693978691201        41.198542279383972     
  0.10423307355032518        41.084843758903460     
  0.10514715372537982        40.969332982939306     
  0.10606924999876072        40.851984657159008     
  0.10699943266827558        40.732773264409502     
  0.10793777264821429        40.611673067905556     
  0.10888434147475524        40.488658114682323     
  0.10983921131141891        40.363702239322507     
  0.11080245495456956        40.236779067967689     
  0.11177414583896485        40.107862022624033     
  0.11275435804335440        39.976924325773581     
  0.11374316629612725        39.843939005300740     
  0.11474064598100898        39.708878899745983     
  0.11574687314280867        39.571716663897263     
  0.11676192449321639        39.432424774731231     
  0.11778587741665143        39.290975537715326     
  0.11881880997616186        39.147341093483369     
  0.11986080091937580        39.001493424896353     
  0.12091192968450497        38.853404364501174     
  0.12197227640640072        38.703045602399868     
  0.12304192192266332        38.550388694542313     
  0.12412094777980474        38.395405071455635     
  0.12520943623946562        38.238066047423509     
  0.12630747028468642        38.078342830129252     
  0.12741513362623405        37.916206530776080     
  0.12853251070898356        37.751628174699249     
  0.12965968671835598        37.584578712483662     
  0.13079674758681267        37.415029031601591     
  0.13194378000040649        37.242949968585563     
  0.13310087140539043        37.068312321750263     
  0.13426811001488440        36.891086864479682     
  0.13544558481560015        36.711244359093250     
  0.13663338557462548        36.528755571307556     
  0.13783160284626778        36.343591285307731     
  0.13904032797895752        36.155722319445346     
  0.14025965312221250        35.965119542577064     
  0.14148967123366302        35.771753891060712     
  0.14273047608613862        35.575596386424266     
  0.14398216227481708        35.376618153722973     
  0.14524482522443607        35.174790440600958     
  0.14651856119656809        34.970084637073114     
  0.14780346729695903        34.762472296042375     
  0.14909964148293137        34.551925154568686     
  0.15040718257085198        34.338415155904812     
  0.15172619024366571        34.121914472314501     
  0.15305676505849489        33.902395528688395     
  0.15439900845430551        33.679831026972600     
  0.15575302275964048        33.454193971424900     
  0.15711891120042104        33.225457694712887     
  0.15849677790781630        32.993595884868512     
  0.15988672792618183        32.758582613113013     
  0.16128886722106806        32.520392362565453     
  0.16270330268729860        32.279000057847668     
  0.16413014215711974        32.034381095599002     
  0.16556949440842109        31.786511375911857     
  0.16702146917302865        31.535367334699693     
  0.16848617714507028        31.280925977008458     
  0.16996372998941475        31.023164911280666     
  0.17145424035018478        30.762062384581839     
  0.17295782185934452        30.497597318797332     
  0.17447458914536265        30.229749347806639     
  0.17600465784195132        29.958498855641210     
  0.17754814459688162        29.683827015632055     
  0.17910516708087645        29.405715830549227     
  0.18067584399658143        29.124148173737559     
  0.18226029508761446        28.839107831249073     
  0.18385864114769448        28.550579544971903     
  0.18547100402985059        28.258549056754660     
  0.18709750665571157        27.963003153522308     
  0.18873827302487717        27.663929713378550     
  0.19039342822437141        27.361317752688329     
  0.19206309843817893        27.055157474130880     
  0.19374741095686465        26.745440315712898     
  0.19544649418727833        26.432159000728426     
  0.19716047766234360        26.115307588650232     
  0.19888949205093337        25.794881526934823     
  0.20063366916783160        25.470877703720390     
  0.20239314198378225        25.143294501395260     
  0.20416804463562691        24.812131851010435     
  0.20595851243653074        24.477391287507871     
  0.20776468188629829        24.139076005732399     
  0.20958669068178015        23.797190917192495     
  0.21142467772737009        23.451742707531267     
  0.21327878314559509        23.102739894666271     
  0.21514914828779766        22.750192887552423     
  0.21703591574491204        22.394114045518734     
  0.21893922935833501        22.034517738126048     
  0.22085923423089179        21.671420405489052     
  0.22279607673789828        21.304840619000039     
  0.22474990453832033        20.934799142390276     
  0.22672086658603074        20.561318993058080     
  0.22870911314116507        20.184425503589281     
  0.23071479578157697        19.804146383390560     
  0.23273806741439412        19.420511780351575     
  0.23477908228767533        19.033554342446585     
  0.23683799600216987        18.643309279181352     
  0.23891496552318017        18.249814422785718     
  0.24101014919252825        17.853110289046995     
  0.24312370674062725        17.453240137673831     
  0.24525579929865882        17.050250032074707     
  0.24740658941085714        16.644188898429540     
  0.24957624104690102        16.235108583927271     
  0.25176491961441422        15.823063914036211     
  0.25397279197157585        15.408112748668536     
  0.25620002643984097        14.990316037094225     
  0.25844679281677274        14.569737871453796     
  0.26071326238898779        14.146445538712882     
  0.26299960794521404        13.720509570897164     
  0.26530600378946390        13.292003793438255     
  0.26763262575432256        12.861005371457040     
  0.26997965121435302        12.427594853804322     
  0.27234725909961849        11.991856214672900     
  0.27473562990932343        11.553876892590246     
  0.27714494572557452        11.113747826594540     
  0.27957539022726163        10.671563489392689     
  0.28202714870406137        10.227421917292759     
  0.28450040807056276        9.7814247366993285     
  0.28699535688051697        9.3336771869548016     
  0.28951218534121231        8.8842881393064275     
  0.29205108532797486        8.4333701117736837     
  0.29461225039879663        7.9810392796880194     
  0.29719587580909168        7.5274154816733869     
  0.29980215852658176        7.0726222208328124     
  0.30243129724631279        6.6167866609050776     
  0.30508349240580257        6.1600396171524352     
  0.30775894620032135        5.7025155417408513     
  0.31045786259830699        5.2443525033717648     
  0.31318044735691464        4.7856921609263452     
  0.31592690803770307        4.3266797308831428     
  0.31869745402245853        3.8674639482716984     
  0.32149229652915734        3.4081970209273607     
  0.32431164862806861        2.9490345768162243     
  0.32715572525799813        2.4901356042026492     
  0.33002474324267428        2.0316623844377588     
  0.33291892130727840        1.5737804171533369     
  0.33583848009511968        1.1166583376527228     
  0.33878364218445606       0.66046782629950940     
  0.34175463210546320       0.20538350971354191     
  0.34475167635735188      -0.24841714640442802     
  0.34777500342563561      -0.70075395298645304     
  0.35082484379954959       -1.1514441220027223     
  0.35390142998962271       -1.6003023996968722     
  0.35700499654540319       -2.0471412087735104     
  0.36013578007334018       -2.4917707996423175     
  0.36329401925482163       -2.9339994108037040     
  0.36647995486437085       -3.3736334384410291     
  0.36969382978800241       -3.8104776152611173     
  0.37293588904173897       -4.2443351986019984     
  0.37620637979029048       -4.6750081678010282     
  0.37950555136589736       -5.1022974307898288     
  0.38283365528733898       -5.5260030398542597     
  0.38619094527910819       -5.9459244164674701     
  0.38957767729075515       -6.3618605850729857     
  0.39299410951639968       -6.7736104156617891     
  0.39644050241441542       -7.1809728749528645     
  0.39991711872728614       -7.5837472859516346     
  0.40342422350163676       -7.9817335956228419     
  0.40696208410843926       -8.3747326503769663     
  0.41053097026339697       -8.7625464790296235     
  0.41413115404750589       -9.1449785828527901     
  0.41776290992779802       -9.5218342322956175     
  0.42142651477826581       -9.8929207699104325     
  0.42512224790096981       -10.258047918976256     
  0.42885039104733225       -10.617028097269777     
  0.43261122843961664       -10.969676735388632     
  0.43640504679259612       -11.315812598989716     
  0.44023213533541167       -11.655258114259798     
  0.44409278583362205       -11.987839695893754     
  0.44798729261144732       -12.313388076811361     
  0.45191595257420669       -12.631738638802471     
  0.45587906523095445       -12.942731743248480     
  0.45987693271731284       -13.246213061028122     
  0.46390985981850663       -13.542033900677634     
  0.46797815399259840       -13.830051533838136     
  0.47208212539392874       -14.110129516989298     
  0.47622208689676115       -14.382138008436211     
  0.48039835411913467       -14.645954079487222     
  0.48461124544692574       -14.901462018734671     
  0.48886108205812090       -15.148553628328123     
  0.49314818794730231       -15.387128511110628     
  0.49747288995034838       -15.617094347474406     
  0.50183551776935065       -15.838367160782024     
  0.50623640399774872       -16.050871570193934     
  0.51067588414568732       -16.254541029743194     
  0.51515429666559343       -16.449318052503088     
  0.51967198297797934       -16.635154418704630     
  0.52422928749747189       -16.812011366677829     
  0.52882655765906894       -16.979859765513275     
  0.53346414394462682       -17.138680268370820     
  0.53814239990958068       -17.288463445397653     
  0.54286168220989739       -17.429209895261554     
  0.54762235062926712       -17.560930334354584     
  0.55242476810653107       -17.683645662779554     
  0.55726930076335168       -17.797387006295391     
  0.56215631793212395       -17.902195733468361     
  0.56708619218413248       -17.998123447354121     
  0.57205929935795541       -18.085231951119859     
  0.57707601858811675       -18.163593187107438     
  0.58213673233399110       -18.233289148935899     
  0.58724182640896017       -18.294411766345640     
  0.59239169000982717       -18.347062762596096     
  0.59758671574648692       -18.391353484343497     
  0.60282729967185811       -18.427404704045209     
  0.60811384131207669       -18.455346395060982     
  0.61344674369695462       -18.475317479749023     
  0.61882641339070565       -18.487465550985554     
  0.62425326052294039       -18.491946567669004     
  0.62972769881993396       -18.488924524904466     
  0.63525014563616600       -18.478571099698499     
  0.64082102198613977       -18.461065273128998     
  0.64644075257647837       -18.436592930087514     
  0.65210976583830316       -18.405346437822402     
  0.65782849395989607       -18.367524204638439     
  0.66359737291964838       -18.323330220231561     
  0.66941684251929823       -18.272973579254831     
  0.67528734641745980       -18.216667989823016     
  0.68120933216344703       -18.154631268766444     
  0.68718325123139212       -18.087084825539922     
  0.69320955905466586       -18.014253136777793     
  0.69928871506059809       -17.936363213561123     
  0.70542118270550258       -17.853644063526303     
  0.71160742951000999       -17.766326149995606     
  0.71784792709471024       -17.674640850348318     
  0.72414315121610706       -17.578819915875503     
  0.73049358180288848       -17.479094935371464     
  0.73689970299251528       -17.375696804710834     
  0.74336200316812984       -17.268855204640172     
  0.74988097499578887       -17.158798088978550     
  0.75645711546202332       -17.045751185371405     
  0.76309092591172678       -16.929937510676794     
  0.76978291208637617       -16.811576902982988     
  0.77653358416258855       -16.690885572161804     
  0.78334345679101514       -16.568075670753423     
  0.79021304913557666       -16.443354886856699     
  0.79714288491304264       -16.316926060564700     
  0.80413349243295884       -16.188986825339800     
  0.81118540463792244       -16.059729275566987     
  0.81829915914421347       -15.929339661359275     
  0.82547529828278032       -15.797998111517408     
  0.83271436914058528       -15.665878385367654     
  0.84001692360231306       -15.533147654019380     
  0.84738351839244486       -15.399966311398856     
  0.85481471511770113       -15.266487815229750     
  0.86231108030985681       -15.132858557945468     
  0.86987318546893200       -14.999217767335661     
  0.87750160710676139       -14.865697436550812     
  0.88519692679094586       -14.732422282916184     
  0.89295973118918937       -14.599509734841426     
  0.90079061211402423       -14.467069945956331     
  0.90869016656792989       -14.335205835457892     
  0.91665899678884621       -14.204013153520446     
  0.92469771029608627       -14.073580570500168     
  0.93280691993665177       -13.943989788558886     
  0.94098724393195432       -13.815315674240404     
  0.94923930592494754       -13.687626410456367     
  0.95756373502767056       -13.560983666278270     
  0.96596116586921099       -13.435442782887595     
  0.97443223864408612       -13.311052974007684     
  0.98297759916104921       -13.187857539128084     
  0.99159789889232486       -13.065894087834437     
   1.0002937950232749       -12.945194773574288     
   1.0090659505024997       -12.825786535219841     
   1.0179150340923804       -12.707691344832510     
   1.0268417204200617       -12.590926460089433     
   1.0358466900288854       -12.475504679897766     
   1.0449306294302714       -12.361434601797496     
   1.0540942311560557       -12.248720879835624     
   1.0633381938112874       -12.137364481683097     
   1.0726632221274868       -12.027362943858593     
   1.0820700270163741       -11.918710624019317     
   1.0915593256240657       -11.811398949376203     
   1.1011318413857467       -11.705416660388527     
   1.1107883040808255       -11.600750048989028     
   1.1205294498885676       -11.497383190684451     
   1.1303560214442216       -11.395298169966390     
   1.1402687678956340       -11.294475298552976     
   1.1502684449603626       -11.194893326061873     
   1.1603558149832904       -11.096529642789207     
   1.1705316469947440       -10.999360474336687     
   1.1807967167691218       -10.903361067889701     
   1.1911518068840374       -10.808505870003181     
   1.2015977067799808       -10.714768695798840     
   1.2121352128205025       -10.622122889517589     
   1.2227651283529259       -10.530541476404835     
   1.2334882637695928       -10.439997305934197     
   1.2443054365696442       -10.350463186397944     
   1.2552174714213449       -10.261912010910198     
   1.2662252002249521       -10.174316874883072     
   1.2773294621761400       -10.087651185046578     
   1.2885311038299732       -10.001888760091663     
   1.2998309791654497       -9.9170039230222393     
   1.3112299496506030       -9.8329715853082202     
   1.3227288843081793       -9.7497673229370374     
   1.3343286597818869       -9.6673674444673612     
   1.3460301604032319       -9.5857490511959949     
   1.3578342782589348       -9.5048900895575397     
   1.3697419132589415       -9.4247693958870720     
   1.3817539732050284       -9.3453667336887261     
   1.3938713738600119       -9.2666628235681472     
   1.4060950390175635       -9.1886393660040291     
   1.4184259005726347       -9.1112790571535029     
   1.4308648985925045       -9.0345655979076582     
   1.4434129813884462       -8.9584836964368826     
   1.4560711055880233       -8.8830190644902860     
   1.4688402362080206       -8.8081584077391444     
   1.4817213467280139       -8.7338894104803284     
   1.4947154191645846       -8.6602007150414568     
   1.5078234441461866       -8.5870818962547979     
   1.5210464209886680       -8.5145234313906393     
   1.5343853577714568       -8.4425166659628044     
   1.5478412714144121       -8.3710537758384227     
   1.5614151877553530       -8.3001277261003867     
   1.5751081416282642       -8.2297322271239555     
   1.5889211769421887       -8.1598616883378394     
   1.6028553467608124       -8.0905111701450245     
   1.6169117133827464       -8.0216763344786735     
   1.6310913484225131       -7.9533533944642709     
   1.6453953328922439       -7.8855390636499108     
   1.6598247572840905       -7.8182305052530001     
   1.6743807216533626       -7.7514252818532121     
   1.6890643357023913       -7.6851213059389814     
   1.7038767188651303       -7.6193167916881164     
   1.7188190003924977       -7.5540102083328549     
   1.7338923194384666       -7.4892002354262779     
   1.7490978251469111       -7.4248857202909351     
   1.7644366767392134       -7.3610656378924189     
   1.7799100436026387       -7.2977390533410844     
   1.7955191053794870       -7.2349050871846883     
   1.8112650520570239       -7.1725628836141668     
   1.8271490840582030       -7.1107115816645461     
   1.8431724123331814       -7.0493502894538880     
   1.8593362584516395       -6.9884780614655240     
   1.8756418546959095       -6.9280938788433959     
   1.8920904441549207       -6.8681966326373729     
   1.9086832808189693       -6.8087851099054069     
   1.9254216296753186       -6.7498579825526992     
   1.9423067668046372       -6.6914137987647919     
   1.9593399794782840       -6.6334509768719983     
   1.9765225662564463       -6.5759678014667902     
   1.9938558370871375       -6.5189624215837778     
