   4.3859546913937069E-006   41.580435384775782     
   4.4244176676404469E-006   41.580435384683753     
   4.4632179479967476E-006   41.580435384590110     
   4.5023584904776523E-006   41.580435384494798     
   4.5418422790387509E-006   41.580435384397823     
   4.5816723238036684E-006   41.580435384299129     
   4.6218516612935423E-006   41.580435384198708     
   4.6623833546585275E-006   41.580435384096511     
   4.7032704939113134E-006   41.580435383992516     
   4.7445161961627014E-006   41.580435383886687     
   4.7861236058592410E-006   41.580435383778998     
   4.8280958950229550E-006   41.580435383669403     
   4.8704362634931637E-006   41.580435383557884     
   4.9131479391704306E-006   41.580435383444396     
   4.9562341782626507E-006   41.580435383328911     
   4.9996982655332874E-006   41.580435383211395     
   5.0435435145518006E-006   41.580435383091803     
   5.0877732679462564E-006   41.580435382970116     
   5.1323908976581663E-006   41.580435382846275     
   5.1773998051995430E-006   41.580435382720260     
   5.2228034219122331E-006   41.580435382592015     
   5.2686052092295048E-006   41.580435382461516     
   5.3148086589399366E-006   41.580435382328716     
   5.3614172934536268E-006   41.580435382193578     
   5.4084346660707238E-006   41.580435382056059     
   5.4558643612523264E-006   41.580435381916118     
   5.5037099948937442E-006   41.580435381773711     
   5.5519752146001699E-006   41.580435381628789     
   5.6006636999647537E-006   41.580435381481330     
   5.6497791628491345E-006   41.580435381331263     
   5.6993253476664103E-006   41.580435381178553     
   5.7493060316666087E-006   41.580435381023158     
   5.7997250252246477E-006   41.580435380865019     
   5.8505861721308308E-006   41.580435380704102     
   5.9018933498838828E-006   41.580435380540344     
   5.9536504699865631E-006   41.580435380373707     
   6.0058614782438589E-006   41.580435380204122     
   6.0585303550638102E-006   41.580435380031552     
   6.1116611157609574E-006   41.580435379855956     
   6.1652578108624609E-006   41.580435379677255     
   6.2193245264168971E-006   41.580435379495405     
   6.2738653843057704E-006   41.580435379310359     
   6.3288845425577489E-006   41.580435379122051     
   6.3843861956656614E-006   41.580435378930417     
   6.4403745749062749E-006   41.580435378735423     
   6.4968539486628726E-006   41.580435378536983     
   6.5538286227506589E-006   41.580435378335046     
   6.6113029407450296E-006   41.580435378129557     
   6.6692812843127035E-006   41.580435377920452     
   6.7277680735457754E-006   41.580435377707659     
   6.7867677672986855E-006   41.580435377491121     
   6.8462848635281486E-006   41.580435377270746     
   6.9063238996360707E-006   41.580435377046513     
   6.9668894528154585E-006   41.580435376818329     
   7.0279861403993773E-006   41.580435376586117     
   7.0896186202129568E-006   41.580435376349826     
   7.1517915909284939E-006   41.580435376109357     
   7.2145097924236639E-006   41.580435375864660     
   7.2777780061428733E-006   41.580435375615650     
   7.3416010554617806E-006   41.580435375362249     
   7.4059838060550239E-006   41.580435375104386     
   7.4709311662671556E-006   41.580435374841997     
   7.5364480874868432E-006   41.580435374574961     
   7.6025395645243502E-006   41.580435374303235     
   7.6692106359923219E-006   41.580435374026727     
   7.7364663846899181E-006   41.580435373745331     
   7.8043119379903039E-006   41.580435373458990     
   7.8727524682315502E-006   41.580435373167603     
   7.9417931931109555E-006   41.580435372871086     
   8.0114393760828277E-006   41.580435372569340     
   8.0816963267597509E-006   41.580435372262279     
   8.1525694013173790E-006   41.580435371949811     
   8.2240640029027697E-006   41.580435371631836     
   8.2961855820463055E-006   41.580435371308262     
   8.3689396370772292E-006   41.580435370978989     
   8.4423317145428118E-006   41.580435370643912     
   8.5163674096312099E-006   41.580435370302929     
   8.5910523665980281E-006   41.580435369955950     
   8.6663922791966135E-006   41.580435369602853     
   8.7423928911121345E-006   41.580435369243531     
   8.8190599963994583E-006   41.580435368877886     
   8.8963994399248764E-006   41.580435368505796     
   8.9744171178116949E-006   41.580435368127155     
   9.0531189778897432E-006   41.580435367741842     
   9.1325110201488093E-006   41.580435367349743     
   9.2125992971960712E-006   41.580435366950731     
   9.2933899147175168E-006   41.580435366544698     
   9.3748890319434375E-006   41.580435366131503     
   9.4571028621179740E-006   41.580435365711040     
   9.5400376729728110E-006   41.580435365283158     
   9.6236997872049922E-006   41.580435364847744     
   9.7080955829589613E-006   41.580435364404664     
   9.7932314943127947E-006   41.580435363953775     
   9.8791140117687350E-006   41.580435363494942     
   9.9657496827479874E-006   41.580435363028023     
   1.0053145112089889E-005   41.580435362552898     
   1.0141306962555443E-005   41.580435362069380     
   1.0230241955335252E-005   41.580435361577351     
   1.0319956870561934E-005   41.580435361076660     
   1.0410458547827020E-005   41.580435360567151     
   1.0501753886702375E-005   41.580435360048646     
   1.0593849847266204E-005   41.580435359521033     
   1.0686753450633673E-005   41.580435358984104     
   1.0780471779492167E-005   41.580435358437725     
   1.0875011978641257E-005   41.580435357881726     
   1.0970381255537406E-005   41.580435357315928     
   1.1066586880843428E-005   41.580435356740168     
   1.1163636188982796E-005   41.580435356154254     
   1.1261536578698777E-005   41.580435355558031     
   1.1360295513618517E-005   41.580435354951298     
   1.1459920522822023E-005   41.580435354333879     
   1.1560419201416162E-005   41.580435353705575     
   1.1661799211113690E-005   41.580435353066214     
   1.1764068280817369E-005   41.580435352415584     
   1.1867234207209170E-005   41.580435351753493     
   1.1971304855344696E-005   41.580435351079743     
   1.2076288159252762E-005   41.580435350394126     
   1.2182192122540292E-005   41.580435349696423     
   1.2289024819002460E-005   41.580435348986434     
   1.2396794393238232E-005   41.580435348263933     
   1.2505509061271276E-005   41.580435347528706     
   1.2615177111176330E-005   41.580435346780533     
   1.2725806903711055E-005   41.580435346019179     
   1.2837406872953439E-005   41.580435345244410     
   1.2949985526944787E-005   41.580435344455992     
   1.3063551448338339E-005   41.580435343653683     
   1.3178113295053594E-005   41.580435342837241     
   1.3293679800936359E-005   41.580435342006425     
   1.3410259776424593E-005   41.580435341160971     
   1.3527862109220085E-005   41.580435340300617     
   1.3646495764966028E-005   41.580435339425108     
   1.3766169787930529E-005   41.580435338534180     
   1.3886893301696127E-005   41.580435337627549     
   1.4008675509855332E-005   41.580435336704959     
   1.4131525696712287E-005   41.580435335766097     
   1.4255453227990570E-005   41.580435334810723     
   1.4380467551547225E-005   41.580435333838494     
   1.4506578198093006E-005   41.580435332849149     
   1.4633794781919006E-005   41.580435331842374     
   1.4762127001629592E-005   41.580435330817870     
   1.4891584640881814E-005   41.580435329775320     
   1.5022177569131273E-005   41.580435328714394     
   1.5153915742384539E-005   41.580435327634781     
   1.5286809203958173E-005   41.580435326536154     
   1.5420868085244392E-005   41.580435325418172     
   1.5556102606483458E-005   41.580435324280494     
   1.5692523077542836E-005   41.580435323122771     
   1.5830139898703190E-005   41.580435321944655     
   1.5968963561451271E-005   41.580435320745792     
   1.6109004649279738E-005   41.580435319525805     
   1.6250273838494041E-005   41.580435318284323     
   1.6392781899026331E-005   41.580435317020978     
   1.6536539695256522E-005   41.580435315735379     
   1.6681558186840579E-005   41.580435314427120     
   1.6827848429546020E-005   41.580435313095826     
   1.6975421576094803E-005   41.580435311741077     
   1.7124288877013555E-005   41.580435310362461     
   1.7274461681491293E-005   41.580435308959565     
   1.7425951438244633E-005   41.580435307531950     
   1.7578769696390632E-005   41.580435306079188     
   1.7732928106327220E-005   41.580435304600840     
   1.7888438420621434E-005   41.580435303096444     
   1.8045312494905360E-005   41.580435301565544     
   1.8203562288779992E-005   41.580435300007679     
   1.8363199866726996E-005   41.580435298422366     
   1.8524237399028459E-005   41.580435296809128     
   1.8686687162694710E-005   41.580435295167469     
   1.8850561542400304E-005   41.580435293496897     
   1.9015873031428170E-005   41.580435291796896     
   1.9182634232622072E-005   41.580435290066944     
   1.9350857859347404E-005   41.580435288306511     
   1.9520556736460430E-005   41.580435286515069     
   1.9691743801285993E-005   41.580435284692072     
   1.9864432104603849E-005   41.580435282836959     
   2.0038634811643566E-005   41.580435280949175     
   2.0214365203088270E-005   41.580435279028123     
   2.0391636676087060E-005   41.580435277073242     
   2.0570462745276398E-005   41.580435275083914     
   2.0750857043810428E-005   41.580435273059543     
   2.0932833324400311E-005   41.580435270999516     
   2.1116405460362692E-005   41.580435268903194     
   2.1301587446677370E-005   41.580435266769953     
   2.1488393401054214E-005   41.580435264599117     
   2.1676837565009475E-005   41.580435262390047     
   2.1866934304951504E-005   41.580435260142067     
   2.2058698113276004E-005   41.580435257854475     
   2.2252143609470889E-005   41.580435255526588     
   2.2447285541230828E-005   41.580435253157702     
   2.2644138785581553E-005   41.580435250747080     
   2.2842718350014065E-005   41.580435248293988     
   2.3043039373628736E-005   41.580435245797680     
   2.3245117128289474E-005   41.580435243257412     
   2.3448967019788006E-005   41.580435240672386     
   2.3654604589018363E-005   41.580435238041822     
   2.3862045513161683E-005   41.580435235364916     
   2.4071305606881371E-005   41.580435232640852     
   2.4282400823528786E-005   41.580435229868804     
   2.4495347256359449E-005   41.580435227047921     
   2.4710161139759965E-005   41.580435224177350     
   2.4926858850485672E-005   41.580435221256202     
   2.5145456908909163E-005   41.580435218283611     
   2.5365971980279739E-005   41.580435215258639     
   2.5588420875993920E-005   41.580435212180383     
   2.5812820554877100E-005   41.580435209047906     
   2.6039188124476438E-005   41.580435205860240     
   2.6267540842365065E-005   41.580435202616421     
   2.6497896117457772E-005   41.580435199315460     
   2.6730271511338206E-005   41.580435195956348     
   2.6964684739597710E-005   41.580435192538062     
   2.7201153673185894E-005   41.580435189059557     
   2.7439696339773091E-005   41.580435185519782     
   2.7680330925124691E-005   41.580435181917650     
   2.7923075774487613E-005   41.580435178252053     
   2.8167949393988853E-005   41.580435174521888     
   2.8414970452046362E-005   41.580435170726012     
   2.8664157780792245E-005   41.580435166863268     
   2.8915530377508487E-005   41.580435162932481     
   2.9169107406075229E-005   41.580435158932438     
   2.9424908198431788E-005   41.580435154861945     
   2.9682952256050432E-005   41.580435150719730     
   2.9943259251423153E-005   41.580435146504556     
   3.0205849029561398E-005   41.580435142215130     
   3.0470741609509013E-005   41.580435137850138     
   3.0737957185868436E-005   41.580435133408237     
   3.1007516130340266E-005   41.580435128888112     
   3.1279438993276338E-005   41.580435124288350     
   3.1553746505246427E-005   41.580435119607550     
   3.1830459578618663E-005   41.580435114844299     
   3.2109599309153858E-005   41.580435109997147     
   3.2391186977613760E-005   41.580435105064595     
   3.2675244051383433E-005   41.580435100045150     
   3.2961792186107875E-005   41.580435094937293     
   3.3250853227342974E-005   41.580435089739446     
   3.3542449212220947E-005   41.580435084450038     
   3.3836602371130385E-005   41.580435079067449     
   3.4133335129411025E-005   41.580435073590039     
   3.4432670109063391E-005   41.580435068016143     
   3.4734630130473438E-005   41.580435062344051     
   3.5039238214152283E-005   41.580435056572043     
   3.5346517582491254E-005   41.580435050698355     
   3.5656491661532259E-005   41.580435044721199     
   3.5969184082753734E-005   41.580435038638747     
   3.6284618684872241E-005   41.580435032449138     
   3.6602819515659841E-005   41.580435026150504     
   3.6923810833777432E-005   41.580435019740911     
   3.7247617110624182E-005   41.580435013218398     
   3.7574263032203070E-005   41.580435006580991     
   3.7903773501003001E-005   41.580434999826664     
   3.8236173637897163E-005   41.580434992953336     
   3.8571488784058272E-005   41.580434985958945     
   3.8909744502890425E-005   41.580434978841332     
   3.9250966581978023E-005   41.580434971598329     
   3.9595181035051739E-005   41.580434964227742     
   3.9942414103971706E-005   41.580434956727309     
   4.0292692260728111E-005   41.580434949094759     
   4.0646042209459367E-005   41.580434941327731     
   4.1002490888487931E-005   41.580434933423895     
   4.1362065472374011E-005   41.580434925380821     
   4.1724793373987257E-005   41.580434917196058     
   4.2090702246596660E-005   41.580434908867119     
   4.2459819985978736E-005   41.580434900391452     
   4.2832174732544202E-005   41.580434891766487     
   4.3207794873483354E-005   41.580434882989572     
   4.3586709044930190E-005   41.580434874058035     
   4.3968946134145527E-005   41.580434864969170     
   4.4354535281719329E-005   41.580434855720192     
   4.4743505883792256E-005   41.580434846308293     
   4.5135887594296727E-005   41.580434836730582     
   4.5531710327217681E-005   41.580434826984153     
   4.5931004258873112E-005   41.580434817066035     
   4.6333799830214631E-005   41.580434806973187     
   4.6740127749148157E-005   41.580434796702548     
   4.7150018992875029E-005   41.580434786250983     
   4.7563504810253595E-005   41.580434775615302     
   4.7980616724181535E-005   41.580434764792265     
   4.8401386533999083E-005   41.580434753778569     
   4.8825846317913300E-005   41.580434742570844     
   4.9254028435443581E-005   41.580434731165695     
   4.9685965529888744E-005   41.580434719559634     
   5.0121690530815542E-005   41.580434707749106     
   5.0561236656569205E-005   41.580434695730531     
   5.1004637416805842E-005   41.580434683500236     
   5.1451926615047149E-005   41.580434671054498     
   5.1903138351257467E-005   41.580434658389507     
   5.2358307024443483E-005   41.580434645501406     
   5.2817467335276684E-005   41.580434632386272     
   5.3280654288738834E-005   41.580434619040098     
   5.3747903196790672E-005   41.580434605458827     
   5.4219249681063927E-005   41.580434591638301     
   5.4694729675577083E-005   41.580434577574302     
   5.5174379429474809E-005   41.580434563262564     
   5.5658235509791527E-005   41.580434548698705     
   5.6146334804239163E-005   41.580434533878282     
   5.6638714524019327E-005   41.580434518796785     
   5.7135412206660225E-005   41.580434503449617     
   5.7636465718878374E-005   41.580434487832093     
   5.8141913259465438E-005   41.580434471939448     
   5.8651793362200416E-005   41.580434455766834     
   5.9166144898787348E-005   41.580434439309322     
   5.9685007081818722E-005   41.580434422561893     
   6.0208419467764963E-005   41.580434405519441     
   6.0736421959990091E-005   41.580434388176769     
   6.1269054811793829E-005   41.580434370528593     
   6.1806358629480426E-005   41.580434352569519     
   6.2348374375454255E-005   41.580434334294075     
   6.2895143371342779E-005   41.580434315696699     
   6.3446707301146745E-005   41.580434296771699     
   6.4003108214418021E-005   41.580434277513319     
   6.4564388529465328E-005   41.580434257915684     
   6.5130591036588115E-005   41.580434237972817     
   6.5701758901338757E-005   41.580434217678629     
   6.6277935667813332E-005   41.580434197026939     
   6.6859165261971308E-005   41.580434176011458     
   6.7445491994984347E-005   41.580434154625756     
   6.8036960566614392E-005   41.580434132863324     
   6.8633616068621524E-005   41.580434110717526     
   6.9235503988201565E-005   41.580434088181605     
   6.9842670211453867E-005   41.580434065248689     
   7.0455161026879590E-005   41.580434041911786     
   7.1073023128910559E-005   41.580434018163785     
   7.1696303621469085E-005   41.580433993997424     
   7.2325050021559075E-005   41.580433969405355     
   7.2959310262888546E-005   41.580433944380069     
   7.3599132699523947E-005   41.580433918913940     
   7.4244566109576550E-005   41.580433892999196     
   7.4895659698921108E-005   41.580433866627928     
   7.5552463104947210E-005   41.580433839792114     
   7.6215026400343406E-005   41.580433812483548     
   7.6883400096914708E-005   41.580433784693930     
   7.7557635149433349E-005   41.580433756414756     
   7.8237782959523472E-005   41.580433727637420     
   7.8923895379579849E-005   41.580433698353126     
   7.9616024716720889E-005   41.580433668552971     
   8.0314223736776424E-005   41.580433638227852     
   8.1018545668310412E-005   41.580433607368526     
   8.1729044206678889E-005   41.580433575965571     
   8.2445773518123578E-005   41.580433544009431     
   8.3168788243901344E-005   41.580433511490341     
   8.3898143504449821E-005   41.580433478398398     
   8.4633894903589750E-005   41.580433444723504     
   8.5376098532763915E-005   41.580433410455385     
   8.6124810975313451E-005   41.580433375583610     
   8.6880089310791613E-005   41.580433340097521     
   8.7641991119315237E-005   41.580433303986311     
   8.8410574485954632E-005   41.580433267238959     
   8.9185898005161640E-005   41.580433229844267     
   8.9968020785236843E-005   41.580433191790824     
   9.0757002452835676E-005   41.580433153067034     
   9.1552903157514278E-005   41.580433113661087     
   9.2355783576315099E-005   41.580433073560954     
   9.3165704918392613E-005   41.580433032754414     
   9.3982728929679931E-005   41.580432991229031     
   9.4806917897595917E-005   41.580432948972131     
   9.5638334655793916E-005   41.580432905970831     
   9.6477042588951928E-005   41.580432862212014     
   9.7323105637604949E-005   41.580432817682336     
   9.8176588303019503E-005   41.580432772368233     
   9.9037555652111068E-005   41.580432726255864     
   9.9906073322404614E-005   41.580432679331182     
   1.0078220752703855E-004   41.580432631579868     
   1.0166602505981264E-004   41.580432582987370     
   1.0255759330028012E-004   41.580432533538861     
   1.0345698021888460E-004   41.580432483219255     
   1.0436425438214184E-004   41.580432432013225     
   1.0527948495786706E-004   41.580432379905147     
   1.0620274172044815E-004   41.580432326879119     
   1.0713409505616493E-004   41.580432272918998     
   1.0807361596855534E-004   41.580432218008298     
   1.0902137608382841E-004   41.580432162130293     
   1.0997744765632493E-004   41.580432105267931     
   1.1094190357402572E-004   41.580432047403889     
   1.1191481736410866E-004   41.580431988520509     
   1.1289626319855389E-004   41.580431928599829     
   1.1388631589979870E-004   41.580431867623581     
   1.1488505094644159E-004   41.580431805573184     
   1.1589254447899659E-004   41.580431742429703     
   1.1690887330569803E-004   41.580431678173866     
   1.1793411490835610E-004   41.580431612786107     
   1.1896834744826385E-004   41.580431546246466     
   1.2001164977215593E-004   41.580431478534663     
   1.2106410141821972E-004   41.580431409630052     
   1.2212578262215897E-004   41.580431339511605     
   1.2319677432331080E-004   41.580431268157945     
   1.2427715817081624E-004   41.580431195547312     
   1.2536701652984488E-004   41.580431121657575     
   1.2646643248787428E-004   41.580431046466181     
   1.2757548986102406E-004   41.580430969950221     
   1.2869427320044599E-004   41.580430892086355     
   1.2982286779876986E-004   41.580430812850821     
   1.3096135969660588E-004   41.580430732219476     
   1.3210983568910428E-004   41.580430650167727     
   1.3326838333257206E-004   41.580430566670536     
   1.3443709095114833E-004   41.580430481702464     
   1.3561604764353760E-004   41.580430395237592     
   1.3680534328980261E-004   41.580430307249543     
   1.3800506855821633E-004   41.580430217711495     
   1.3921531491217440E-004   41.580430126596134     
   1.4043617461716778E-004   41.580430033875686     
   1.4166774074781714E-004   41.580429939521871     
   1.4291010719496823E-004   41.580429843505904     
   1.4416336867285014E-004   41.580429745798519     
   1.4542762072629572E-004   41.580429646369915     
   1.4670295973802589E-004   41.580429545189766     
   1.4798948293599746E-004   41.580429442227228     
   1.4928728840081536E-004   41.580429337450887     
   1.5059647507321031E-004   41.580429230828813     
   1.5191714276158148E-004   41.580429122328475     
   1.5324939214960573E-004   41.580429011916770     
   1.5459332480391333E-004   41.580428899560069     
   1.5594904318183117E-004   41.580428785224065     
   1.5731665063919376E-004   41.580428668873928     
   1.5869625143822284E-004   41.580428550474146     
   1.6008795075547576E-004   41.580428429988636     
   1.6149185468986420E-004   41.580428307380650     
   1.6290807027074256E-004   41.580428182612792     
   1.6433670546606751E-004   41.580428055647012     
   1.6577786919062947E-004   41.580427926444585     
   1.6723167131435550E-004   41.580427794966134     
   1.6869822267068577E-004   41.580427661171548     
   1.7017763506502309E-004   41.580427525020035     
   1.7167002128325656E-004   41.580427386470049     
   1.7317549510036001E-004   41.580427245479378     
   1.7469417128906589E-004   41.580427102005004     
   1.7622616562861529E-004   41.580426956003166     
   1.7777159491358437E-004   41.580426807429355     
   1.7933057696278869E-004   41.580426656238267     
   1.8090323062826510E-004   41.580426502383773     
   1.8248967580433291E-004   41.580426345818978     
   1.8409003343673399E-004   41.580426186496133     
   1.8570442553185359E-004   41.580426024366645     
   1.8733297516602146E-004   41.580425859381066     
   1.8897580649489506E-004   41.580425691489097     
   1.9063304476292468E-004   41.580425520639537     
   1.9230481631290165E-004   41.580425346780274     
   1.9399124859559045E-004   41.580425169858302     
   1.9569247017944512E-004   41.580424989819655     
   1.9740861076041085E-004   41.580424806609443     
   1.9913980117181176E-004   41.580424620171783     
   2.0088617339432505E-004   41.580424430449824     
   2.0264786056604299E-004   41.580424237385721     
   2.0442499699262280E-004   41.580424040920590     
   2.0621771815752576E-004   41.580423840994513     
   2.0802616073234621E-004   41.580423637546531     
   2.0985046258723065E-004   41.580423430514593     
   2.1169076280138887E-004   41.580423219835566     
   2.1354720167369667E-004   41.580423005445212     
   2.1541992073339199E-004   41.580422787278145     
   2.1730906275086462E-004   41.580422565267817     
   2.1921477174854050E-004   41.580422339346555     
   2.2113719301186167E-004   41.580422109445465     
   2.2307647310036236E-004   41.580421875494402     
   2.2503275985884212E-004   41.580421637422049     
   2.2700620242863725E-004   41.580421395155803     
   2.2899695125899069E-004   41.580421148621788     
   2.3100515811852202E-004   41.580420897744808     
   2.3303097610679759E-004   41.580420642448360     
   2.3507455966600261E-004   41.580420382654601     
   2.3713606459271517E-004   41.580420118284295     
   2.3921564804978382E-004   41.580419849256828     
   2.4131346857830907E-004   41.580419575490168     
   2.4342968610973012E-004   41.580419296900807     
   2.4556446197801767E-004   41.580419013403805     
   2.4771795893197338E-004   41.580418724912697     
   2.4989034114763727E-004   41.580418431339531     
   2.5208177424080426E-004   41.580418132594744     
   2.5429242527965008E-004   41.580417828587258     
   2.5652246279746785E-004   41.580417519224369     
   2.5877205680551699E-004   41.580417204411717     
   2.6104137880598386E-004   41.580416884053307     
   2.6333060180505684E-004   41.580416558051454     
   2.6563990032611593E-004   41.580416226306731     
   2.6796945042303747E-004   41.580415888717965     
   2.7031942969361629E-004   41.580415545182227     
   2.7269001729310512E-004   41.580415195594739     
   2.7508139394787285E-004   41.580414839848899     
   2.7749374196918240E-004   41.580414477836221     
   2.7992724526708997E-004   41.580414109446302     
   2.8238208936446528E-004   41.580413734566825     
   2.8485846141113562E-004   41.580413353083436     
   2.8735655019815359E-004   41.580412964879820     
   2.8987654617218956E-004   41.580412569837584     
   2.9241864145005146E-004   41.580412167836265     
   2.9498302983333021E-004   41.580411758753272     
   2.9756990682317560E-004   41.580411342463847     
   3.0017946963519984E-004   41.580410918841046     
   3.0281191721451327E-004   41.580410487755678     
   3.0546745025089090E-004   41.580410049076285     
   3.0814627119407276E-004   41.580409602669114     
   3.1084858426919776E-004   41.580409148397997     
   3.1357459549237330E-004   41.580408686124422     
   3.1632451268638146E-004   41.580408215707401     
   3.1909854549652244E-004   41.580407737003497     
   3.2189690540659752E-004   41.580407249866710     
   3.2471980575503193E-004   41.580406754148513     
   3.2756746175113919E-004   41.580406249697702     
   3.3044009049152756E-004   41.580405736360476     
   3.3333791097665149E-004   41.580405213980256     
   3.3626114412750710E-004   41.580404682397777     
   3.3921001280247463E-004   41.580404141450913     
   3.4218474181430859E-004   41.580403590974690     
   3.4518555794727646E-004   41.580403030801257     
   3.4821268997444859E-004   41.580402460759785     
   3.5126636867513863E-004   41.580401880676433     
   3.5434682685249778E-004   41.580401290374297     
   3.5745429935126274E-004   41.580400689673368     
   3.6058902307565984E-004   41.580400078390475     
   3.6375123700746568E-004   41.580399456339187     
   3.6694118222422629E-004   41.580398823329816     
   3.7015910191763661E-004   41.580398179169315     
   3.7340524141207999E-004   41.580397523661254     
   3.7667984818333166E-004   41.580396856605731     
   3.7998317187742508E-004   41.580396177799329     
   3.8331546432968431E-004   41.580395487035041     
   3.8667697958392322E-004   41.580394784102218     
   3.9006797391181303E-004   41.580394068786504     
   3.9348870583241942E-004   41.580393340869740     
   3.9693943613191174E-004   41.580392600129976     
   4.0042042788344408E-004   41.580391846341300     
   4.0393194646721131E-004   41.580391079273845     
   4.0747425959068110E-004   41.580390298693700     
   4.1104763730900266E-004   41.580389504362820     
   4.1465235204559531E-004   41.580388696038973     
   4.1828867861291706E-004   41.580387873475658     
   4.2195689423341553E-004   41.580387036422032     
   4.2565727856066235E-004   41.580386184622832     
   4.2939011370067337E-004   41.580385317818312     
   4.3315568423341538E-004   41.580384435744115     
   4.3695427723450177E-004   41.580383538131265     
   4.4078618229707813E-004   41.580382624706026     
   4.4465169155389998E-004   41.580381695189857     
   4.4855109969960420E-004   41.580380749299280     
   4.5248470401317562E-004   41.580379786745873     
   4.5645280438061039E-004   41.580378807236080     
   4.6045570331777893E-004   41.580377810471212     
   4.6449370599348818E-004   41.580376796147284     
   4.6856712025274735E-004   41.580375763954983     
   4.7267625664023646E-004   41.580374713579559     
   4.7682142842398194E-004   41.580373644700671     
   4.8100295161923877E-004   41.580372556992373     
   4.8522114501258265E-004   41.580371450122968     
   4.8947633018621341E-004   41.580370323754913     
   4.9376883154247139E-004   41.580369177544725     
   4.9809897632856898E-004   41.580368011142845     
   5.0246709466153863E-004   41.580366824193597     
   5.0687351955340033E-004   41.580365616334994     
   5.1131858693654946E-004   41.580364387198735     
   5.1580263568936670E-004   41.580363136409957     
   5.2032600766205382E-004   41.580361863587257     
   5.2488904770269472E-004   41.580360568342456     
   5.2949210368354602E-004   41.580359250280587     
   5.3413552652755748E-004   41.580357908999702     
   5.3881967023512516E-004   41.580356544090769     
   5.4354489191108012E-004   41.580355155137568     
   5.4831155179191197E-004   41.580353741716515     
   5.5312001327323293E-004   41.580352303396609     
   5.5797064293748155E-004   41.580350839739204     
   5.6286381058187022E-004   41.580349350297972     
   5.6779988924657721E-004   41.580347834618713     
   5.7277925524318600E-004   41.580346292239199     
   5.7780228818337428E-004   41.580344722689098     
   5.8286937100785429E-004   41.580343125489762     
   5.8798089001556742E-004   41.580341500154120     
   5.9313723489313368E-004   41.580339846186519     
   5.9833879874456096E-004   41.580338163082601     
   6.0358597812121381E-004   41.580336450329085     
   6.0887917305204524E-004   41.580334707403658     
   6.1421878707409376E-004   41.580332933774834     
   6.1960522726324779E-004   41.580331128901719     
   6.2503890426528024E-004   41.580329292233927     
   6.3052023232715412E-004   41.580327423211365     
   6.3604962932860417E-004   41.580325521264058     
   6.4162751681399435E-004   41.580323585812039     
   6.4725432002445561E-004   41.580321616265053     
   6.5293046793030390E-004   41.580319612022492     
   6.5865639326374500E-004   41.580317572473170     
   6.6443253255186357E-004   41.580315496995127     
   6.7025932614990286E-004   41.580313384955424     
   6.7613721827483662E-004   41.580311235710020     
   6.8206665703923438E-004   41.580309048603482     
   6.8804809448542385E-004   41.580306822968844     
   6.9408198661995428E-004   41.580304558127416     
   7.0016879344836000E-004   41.580302253388524     
   7.0630897901023020E-004   41.580299908049334     
   7.1250301141458625E-004   41.580297521394641     
   7.1875136287556792E-004   41.580295092696616     
   7.2505450974843502E-004   41.580292621214660     
   7.3141293256588180E-004   41.580290106195051     
   7.3782711607467226E-004   41.580287546870856     
   7.4429754927259550E-004   41.580284942461603     
   7.5082472544574490E-004   41.580282292173088     
   7.5740914220612601E-004   41.580279595197091     
   7.6405130152959141E-004   41.580276850711172     
   7.7075170979411104E-004   41.580274057878405     
   7.7751087781837639E-004   41.580271215847105     
   7.8432932090074375E-004   41.580268323750602     
   7.9120755885851908E-004   41.580265380706955     
   7.9814611606758719E-004   41.580262385818671     
   8.0514552150238896E-004   41.580259338172475     
   8.1220630877624806E-004   41.580256236838970     
   8.1932901618205249E-004   41.580253080872417     
   8.2651418673329255E-004   41.580249869310400     
   8.3376236820545781E-004   41.580246601173563     
   8.4107411317779844E-004   41.580243275465278     
   8.4844997907545215E-004   41.580239891171388     
   8.5589052821194043E-004   41.580236447259836     
   8.6339632783203734E-004   41.580232942680404     
   8.7096795015501527E-004   41.580229376364386     
   8.7860597241826816E-004   41.580225747224240     
   8.8631097692131941E-004   41.580222054153261     
   8.9408355107021404E-004   41.580218296025230     
   9.0192428742230039E-004   41.580214471694134     
   9.0983378373140559E-004   41.580210579993739     
   9.1781264299340640E-004   41.580206619737275     
   9.2586147349219916E-004   41.580202589717075     
   9.3398088884607405E-004   41.580198488704163     
   9.4217150805449550E-004   41.580194315447976     
   9.5043395554529251E-004   41.580190068675883     
   9.5876886122226303E-004   41.580185747092813     
   9.6717686051319676E-004   41.580181349380922     
   9.7565859441831710E-004   41.580176874199147     
   9.8421470955914968E-004   41.580172320182783     
   9.9284585822781869E-004   41.580167685943074     
   1.0015526984367758E-003   41.580162970066844     
   1.0103358939689644E-003   41.580158171115983     
   1.0191961144284257E-003   41.580153287627070     
   1.0281340352913458E-003   41.580148318110894     
   1.0371503379575527E-003   41.580143261052015     
   1.0462457098024641E-003   41.580138114908301     
   1.0554208442294908E-003   41.580132878110440     
   1.0646764407228994E-003   41.580127549061487     
   1.0740132049011394E-003   41.580122126136381     
   1.0834318485706367E-003   41.580116607681404     
   1.0929330897800600E-003   41.580110992013722     
   1.1025176528750629E-003   41.580105277420863     
   1.1121862685535048E-003   41.580099462160177     
   1.1219396739211580E-003   41.580093544458329     
   1.1317786125479023E-003   41.580087522510723     
   1.1417038345244125E-003   41.580081394481013     
   1.1517160965193421E-003   41.580075158500470     
   1.1618161618370106E-003   41.580068812667449     
   1.1720048004755952E-003   41.580062355046820     
   1.1822827891858326E-003   41.580055783669380     
   1.1926509115302369E-003   41.580049096531198     
   1.2031099579428352E-003   41.580042291593067     
   1.2136607257894284E-003   41.580035366779853     
   1.2243040194283798E-003   41.580028319979874     
   1.2350406502719367E-003   41.580021149044249     
   1.2458714368480911E-003   41.580013851786234     
   1.2567972048629795E-003   41.580006425980578     
   1.2678187872638348E-003   41.579998869362804     
   1.2789370243024862E-003   41.579991179628600     
   1.2901527635994169E-003   41.579983354432990     
   1.3014668602083861E-003   41.579975391389766     
   1.3128801766816138E-003   41.579967288070627     
   1.3243935831355402E-003   41.579959042004518     
   1.3360079573171597E-003   41.579950650676871     
   1.3477241846709394E-003   41.579942111528794     
   1.3595431584063208E-003   41.579933421956341     
   1.3714657795658163E-003   41.579924579309704     
   1.3834929570937023E-003   41.579915580892362     
   1.3956256079053135E-003   41.579906423960338     
   1.4078646569569454E-003   41.579897105721273     
   1.4202110373163722E-003   41.579887623333669     
   1.4326656902339790E-003   41.579877973905930     
   1.4452295652145203E-003   41.579868154495578     
   1.4579036200895075E-003   41.579858162108238     
   1.4706888210902318E-003   41.579847993696838     
   1.4835861429214258E-003   41.579837646160598     
   1.4965965688355717E-003   41.579827116344156     
   1.5097210907078630E-003   41.579816401036531     
   1.5229607091118199E-003   41.579805496970202     
   1.5363164333955729E-003   41.579794400820077     
   1.5497892817588085E-003   41.579783109202523     
   1.5633802813303976E-003   41.579771618674251     
   1.5770904682466979E-003   41.579759925731359     
   1.5909208877305475E-003   41.579748026808225     
   1.6048725941709477E-003   41.579735918276398     
   1.6189466512034488E-003   41.579723596443529     
   1.6331441317912363E-003   41.579711057552210     
   1.6474661183069311E-003   41.579698297778869     
   1.6619137026151062E-003   41.579685313232574     
   1.6764879861555285E-003   41.579672099953846     
   1.6911900800271262E-003   41.579658653913469     
   1.7060211050726984E-003   41.579644971011255     
   1.7209821919643635E-003   41.579631047074791     
   1.7360744812897587E-003   41.579616877858165     
   1.7512991236389936E-003   41.579602459040665     
   1.7666572796923700E-003   41.579587786225503     
   1.7821501203088663E-003   41.579572854938405     
   1.7977788266154021E-003   41.579557660626307     
   1.8135445900968818E-003   41.579542198655957     
   1.8294486126870318E-003   41.579526464312451     
   1.8454921068600306E-003   41.579510452797848     
   1.8616762957229455E-003   41.579494159229725     
   1.8780024131089773E-003   41.579477578639633     
   1.8944717036715245E-003   41.579460705971584     
   1.9110854229790724E-003   41.579443536080582     
   1.9278448376109133E-003   41.579426063730963     
   1.9447512252537063E-003   41.579408283594866     
   1.9618058747988849E-003   41.579390190250564     
   1.9790100864409176E-003   41.579371778180835     
   1.9963651717764316E-003   41.579353041771299     
   2.0138724539042036E-003   41.579333975308636     
   2.0315332675260303E-003   41.579314572978930     
   2.0493489590484811E-003   41.579294828865855     
   2.0673208866855432E-003   41.579274736948854     
   2.0854504205621710E-003   41.579254291101321     
   2.1037389428187349E-003   41.579233485088771     
   2.1221878477163973E-003   41.579212312566860     
   2.1407985417434021E-003   41.579190767079531     
   2.1595724437223044E-003   41.579168842056987     
   2.1785109849181347E-003   41.579146530813716     
   2.1976156091475158E-003   41.579123826546471     
   2.2168877728887346E-003   41.579100722332122     
   2.2363289453927785E-003   41.579077211125657     
   2.2559406087953489E-003   41.579053285757929     
   2.2757242582298531E-003   41.579028938933519     
   2.2956814019413877E-003   41.579004163228561     
   2.3158135614017258E-003   41.578978951088352     
   2.3361222714253049E-003   41.578953294825183     
   2.3566090802862412E-003   41.578927186615893     
   2.3772755498363629E-003   41.578900618499560     
   2.3981232556242803E-003   41.578873582375032     
   2.4191537870155017E-003   41.578846069998463     
   2.4403687473136025E-003   41.578818072980816     
   2.4617697538824560E-003   41.578789582785276     
   2.4833584382695341E-003   41.578760590724670     
   2.5051364463302946E-003   41.578731087958843     
   2.5271054383536537E-003   41.578701065491906     
   2.5492670891885641E-003   41.578670514169531     
   2.5716230883716966E-003   41.578639424676176     
   2.5941751402562495E-003   41.578607787532199     
   2.6169249641418788E-003   41.578575593090981     
   2.6398742944057775E-003   41.578542831536033     
   2.6630248806348944E-003   41.578509492877963     
   2.6863784877593187E-003   41.578475566951404     
   2.7099368961868366E-003   41.578441043411992     
   2.7337019019386573E-003   41.578405911733135     
   2.7576753167863430E-003   41.578370161202869     
   2.7818589683899280E-003   41.578333780920545     
   2.8062547004372557E-003   41.578296759793531     
   2.8308643727845374E-003   41.578259086533834     
   2.8556898615981377E-003   41.578220749654648     
   2.8807330594976129E-003   41.578181737466835     
   2.9059958756999949E-003   41.578142038075427     
   2.9314802361653453E-003   41.578101639375930     
   2.9571880837435849E-003   41.578060529050674     
   2.9831213783226103E-003   41.578018694565039     
   3.0092820969777096E-003   41.577976123163658     
   3.0356722341222898E-003   41.577932801866510     
   3.0622938016599218E-003   41.577888717464980     
   3.0891488291377263E-003   41.577843856517809     
   3.1162393639010966E-003   41.577798205347044     
   3.1435674712497834E-003   41.577751750033798     
   3.1711352345953465E-003   41.577704476414084     
   3.1989447556199885E-003   41.577656370074465     
   3.2269981544367798E-003   41.577607416347647     
   3.2552975697512899E-003   41.577557600308040     
   3.2838451590246360E-003   41.577506906767184     
   3.3126430986379607E-003   41.577455320269138     
   3.3416935840583544E-003   41.577402825085770     
   3.3709988300062274E-003   41.577349405211962     
   3.4005610706241566E-003   41.577295044360717     
   3.4303825596472097E-003   41.577239725958229     
   3.4604655705747604E-003   41.577183433138799     
   3.4908123968438167E-003   41.577126148739737     
   3.5214253520038626E-003   41.577067855296065     
   3.5523067698932371E-003   41.577008535035304     
   3.5834590048170593E-003   41.576948169871933     
   3.6148844317267126E-003   41.576886741401992     
   3.6465854464009049E-003   41.576824230897380     
   3.6785644656283137E-003   41.576760619300231     
   3.7108239273918376E-003   41.576695887217063     
   3.7433662910544572E-003   41.576630014912858     
   3.7761940375467310E-003   41.576562982305099     
   3.8093096695559362E-003   41.576494768957595     
   3.8427157117168617E-003   41.576425354074331     
   3.8764147108042808E-003   41.576354716493043     
   3.9104092359271104E-003   41.576282834678828     
   3.9447018787242714E-003   41.576209686717583     
   3.9792952535622657E-003   41.576135250309335     
   4.0141919977344891E-003   41.576059502761389     
   4.0493947716622909E-003   41.575982420981504     
   4.0849062590977954E-003   41.575903981470773     
   4.1207291673285027E-003   41.575824160316571     
   4.1568662273836852E-003   41.575742933185168     
   4.1933201942425920E-003   41.575660275314370     
   4.2300938470444804E-003   41.575576161505957     
   4.2671899893004890E-003   41.575490566118049     
   4.3046114491073701E-003   41.575403463057263     
   4.3423610793630919E-003   41.575314825770747     
   4.3804417579843382E-003   41.575224627238157     
   4.4188563881259095E-003   41.575132839963366     
   4.4576078984020521E-003   41.575039435966154     
   4.4966992431097284E-003   41.574944386773602     
   4.5361334024538371E-003   41.574847663411511     
   4.5759133827744233E-003   41.574749236395533     
   4.6160422167758671E-003   41.574649075722206     
   4.6565229637580887E-003   41.574547150859807     
   4.6973587098497818E-003   41.574443430739066     
   4.7385525682436900E-003   41.574337883743738     
   4.7801076794339445E-003   41.574230477700908     
   4.8220272114554898E-003   41.574121179871256     
   4.8643143601256027E-003   41.574009956939058     
   4.9069723492875320E-003   41.573896775002105     
   4.9500044310562749E-003   41.573781599561258     
   4.9934138860665079E-003   41.573664395510079     
   5.0372040237226922E-003   41.573545127124099     
   5.0813781824513718E-003   41.573423758049913     
   5.1259397299556909E-003   41.573300251294121     
   5.1708920634721267E-003   41.573174569212156     
   5.2162386100294928E-003   41.573046673496698     
   5.2619828267102030E-003   41.572916525166093     
   5.3081282009138277E-003   41.572784084552517     
   5.3546782506229641E-003   41.572649311289787     
   5.4016365246714352E-003   41.572512164301244     
   5.4490066030148439E-003   41.572372601787094     
   5.4967920970034941E-003   41.572230581211798     
   5.5449966496577147E-003   41.572086059291095     
   5.5936239359455865E-003   41.571938991978826     
   5.6426776630631144E-003   41.571789334453527     
   5.6921615707168534E-003   41.571637041104843     
   5.7420794314090064E-003   41.571482065519575     
   5.7924350507250364E-003   41.571324360467649     
   5.8432322676237871E-003   41.571163877887670     
   5.8944749547301554E-003   41.571000568872357     
   5.9461670186303286E-003   41.570834383653647     
   5.9983124001696097E-003   41.570665271587572     
   6.0509150747528563E-003   41.570493181138836     
   6.1039790526475537E-003   41.570318059865151     
   6.1575083792895433E-003   41.570139854401312     
   6.2115071355914363E-003   41.569958510442937     
   6.2659794382537307E-003   41.569773972729983     
   6.3209294400786535E-003   41.569586185029920     
   6.3763613302867594E-003   41.569395090120658     
   6.4322793348363036E-003   41.569200629773150     
   6.4886877167454173E-003   41.569002744733645     
   6.5455907764171047E-003   41.568801374705757     
   6.6029928519670935E-003   41.568596458332074     
   6.6608983195545609E-003   41.568387933175522     
   6.7193115937157601E-003   41.568175735700414     
   6.7782371277005640E-003   41.567959801253110     
   6.8376794138119770E-003   41.567740064042390     
   6.8976429837486050E-003   41.567516457119439     
   6.9581324089501477E-003   41.567288912357569     
   7.0191523009459026E-003   41.567057360431413     
   7.0807073117063399E-003   41.566821730795965     
   7.1428021339977523E-003   41.566581951665071     
   7.2054415017400158E-003   41.566337949989716     
   7.2686301903674934E-003   41.566089651435746     
   7.3323730171930938E-003   41.565836980361311     
   7.3966748417755345E-003   41.565579859793900     
   7.4615405662898171E-003   41.565318211407046     
   7.5269751359009528E-003   41.565051955496372     
   7.5929835391409708E-003   41.564781010955556     
   7.6595708082892204E-003   41.564505295251600     
   7.7267420197560293E-003   41.564224724399821     
   7.7945022944697030E-003   41.563939212938351     
   7.8628567982669314E-003   41.563648673902179     
   7.9318107422866220E-003   41.563353018796782     
   8.0013693833671708E-003   41.563052157571242     
   8.0715380244472373E-003   41.562745998590927     
   8.1423220149700222E-003   41.562434448609714     
   8.2137267512910842E-003   41.562117412741650     
   8.2857576770897570E-003   41.561794794432181     
   8.3584202837841456E-003   41.561466495428903     
   8.4317201109497791E-003   41.561132415751693     
   8.5056627467419328E-003   41.560792453662430     
   8.5802538283216555E-003   41.560446505634147     
   8.6554990422855194E-003   41.560094466319576     
   8.7314041250991584E-003   41.559736228519284     
   8.8079748635345925E-003   41.559371683149138     
   8.8852170951113987E-003   41.559000719207212     
   8.9631367085417409E-003   41.558623223740192     
   9.0417396441793123E-003   41.558239081809091     
   9.1210318944722046E-003   41.557848176454470     
   9.2010195044197572E-003   41.557450388660932     
   9.2817085720334098E-003   41.557045597321142     
   9.3631052488015974E-003   41.556633679199059     
   9.4452157401587120E-003   41.556214508892651     
   9.5280463059581964E-003   41.555787958795925     
   9.6116032609497807E-003   41.555353899060236     
   9.6958929752608784E-003   41.554912197555019     
   9.7809218748822480E-003   41.554462719827761     
   9.8666964421578792E-003   41.554005329063259     
   9.9532232162791862E-003   41.553539886042302     
   1.0040508793783542E-002   41.553066249099473     
   1.0128559829057179E-002   41.552584274080267     
   1.0217383034842488E-002   41.552093814297514     
   1.0306985182749792E-002   41.551594720487003     
   1.0397373103773578E-002   41.551086840762295     
   1.0488553688813287E-002   41.550570020568820     
   1.0580533889198643E-002   41.550044102637131     
   1.0673320717219603E-002   41.549508926935353     
   1.0766921246660959E-002   41.548964330620834     
   1.0861342613341617E-002   41.548410147990865     
   1.0956592015658609E-002   41.547846210432645     
   1.1052676715135882E-002   41.547272346372345     
   1.1149604036977886E-002   41.546688381223241     
   1.1247381370628034E-002   41.546094137333000     
   1.1346016170332046E-002   41.545489433930022     
   1.1445515955706236E-002   41.544874087068862     
   1.1545888312310798E-002   41.544247909574679     
   1.1647140892228078E-002   41.543610710986755     
   1.1749281414645981E-002   41.542962297501020     
   1.1852317666446427E-002   41.542302471911547     
   1.1956257502799019E-002   41.541631033551091     
   1.2061108847759886E-002   41.540947778230553     
   1.2166879694875801E-002   41.540252498177374     
   1.2273578107793569E-002   41.539544981972966     
   1.2381212220874786E-002   41.538825014488864     
   1.2489790239815977E-002   41.538092376822043     
   1.2599320442274169E-002   41.537346846228786     
   1.2709811178497954E-002   41.536588196057750     
   1.2821270871964092E-002   41.535816195681576     
   1.2933708020019688E-002   41.535030610427498     
   1.3047131194530003E-002   41.534231201506699     
   1.3161549042531948E-002   41.533417725942400     
   1.3276970286893309E-002   41.532589936496791     
   1.3393403726977747E-002   41.531747581596619     
   1.3510858239315639E-002   41.530890405257537     
   1.3629342778280798E-002   41.530018147007119     
   1.3748866376773127E-002   41.529130541806566     
   1.3869438146907255E-002   41.528227319971059     
   1.3991067280707222E-002   41.527308207088687     
   1.4113763050807250E-002   41.526372923938077     
   1.4237534811158659E-002   41.525421186404479     
   1.4362391997742979E-002   41.524452705394509     
   1.4488344129291337E-002   41.523467186749372     
   1.4615400808010113E-002   41.522464331156584     
   1.4743571720313004E-002   41.521443834060207     
   1.4872866637559471E-002   41.520405385569468     
   1.5003295416799687E-002   41.519348670365957     
   1.5134868001526003E-002   41.518273367609005     
   1.5267594422431014E-002   41.517179150839631     
   1.5401484798172270E-002   41.516065687882751     
   1.5536549336143677E-002   41.514932640747709     
   1.5672798333253701E-002   41.513779665527082     
   1.5810242176710353E-002   41.512606412293827     
   1.5948891344813084E-002   41.511412524996594     
   1.6088756407751627E-002   41.510197641353223     
   1.6229848028411823E-002   41.508961392742492     
   1.6372176963188538E-002   41.507703404093959     
   1.6515754062805688E-002   41.506423293775924     
   1.6660590273143473E-002   41.505120673481478     
   1.6806696636072850E-002   41.503795148112587     
   1.6954084290297346E-002   41.502446315662276     
   1.7102764472202214E-002   41.501073767094624     
   1.7252748516711089E-002   41.499677086222903     
   1.7404047858150105E-002   41.498255849585526     
   1.7556674031119629E-002   41.496809626319894     
   1.7710638671373610E-002   41.495337978034115     
   1.7865953516706674E-002   41.493840458676488     
   1.8022630407848950E-002   41.492316614402888     
   1.8180681289368790E-002   41.490765983441698     
   1.8340118210583390E-002   41.489188095956614     
   1.8500953326477377E-002   41.487582473907054     
   1.8663198898629468E-002   41.485948630906158     
   1.8826867296147288E-002   41.484286072076493     
   1.8991970996610305E-002   41.482594293903119     
   1.9158522587021120E-002   41.480872784084390     
   1.9326534764765042E-002   41.479121021380053     
   1.9496020338578102E-002   41.477338475456854     
   1.9666992229523558E-002   41.475524606731511     
   1.9839463471976952E-002   41.473678866211074     
   2.0013447214619819E-002   41.471800695330494     
   2.0188956721442084E-002   41.469889525787529     
   2.0366005372753283E-002   41.467944779374896     
   2.0544606666202638E-002   41.465965867809480     
   2.0724774217808072E-002   41.463952192558743     
   2.0906521762994245E-002   41.461903144664291     
   2.1089863157639721E-002   41.459818104562210     
   2.1274812379133281E-002   41.457696441900751     
   2.1461383527439516E-002   41.455537515354621     
   2.1649590826173779E-002   41.453340672436440     
   2.1839448623686537E-002   41.451105249304746     
   2.2030971394157252E-002   41.448830570569115     
   2.2224173738697846E-002   41.446515949091740     
   2.2419070386465838E-002   41.444160685785867     
   2.2615676195787280E-002   41.441764069410794     
   2.2814006155289460E-002   41.439325376363513     
   2.3014075385043641E-002   41.436843870466753     
   2.3215899137717731E-002   41.434318802753737     
   2.3419492799739122E-002   41.431749411249065     
   2.3624871892467696E-002   41.429134920746215     
   2.3832052073379115E-002   41.426474542581211     
   2.4041049137258536E-002   41.423767474402595     
   2.4251879017404707E-002   41.421012899937594     
   2.4464557786844716E-002   41.418209988754391     
   2.4679101659559319E-002   41.415357896020545     
   2.4895526991719073E-002   41.412455762257352     
   2.5113850282931248E-002   41.409502713090205     
   2.5334088177497736E-002   41.406497858994854     
   2.5556257465683945E-002   41.403440295039466     
   2.5780375084998843E-002   41.400329100622557     
   2.6006458121486220E-002   41.397163339206458     
   2.6234523811027283E-002   41.393942058046619     
   2.6464589540654650E-002   41.390664287916351     
   2.6696672849877909E-002   41.387329042827140     
   2.6930791432020748E-002   41.383935319744459     
   2.7166963135569870E-002   41.380482098298842     
   2.7405205965535685E-002   41.376968340492361     
   2.7645538084824964E-002   41.373392990400369     
   2.7887977815625530E-002   41.369754973868325     
   2.8132543640803066E-002   41.366053198203780     
   2.8379254205310234E-002   41.362286551863477     
   2.8628128317608043E-002   41.358453904135210     
   2.8879184951099823E-002   41.354554104814831     
   2.9132443245577639E-002   41.350585983877856     
   2.9387922508681493E-002   41.346548351145984     
   2.9645642217371246E-002   41.342439995948148     
   2.9905622019411507E-002   41.338259686776325     
   3.0167881734869510E-002   41.334006170935702     
   3.0432441357626124E-002   41.329678174189397     
   3.0699321056900156E-002   41.325274400397539     
   3.0968541178785954E-002   41.320793531150613     
   3.1240122247804546E-002   41.316234225397025     
   3.1514084968468387E-002   41.311595119064826     
   3.1790450226859772E-002   41.306874824677486     
   3.2069239092223159E-002   41.302071930963656     
   3.2350472818571396E-002   41.297185002460800     
   3.2634172846306091E-002   41.292212579112686     
   3.2920360803852140E-002   41.287153175860581     
   3.3209058509306617E-002   41.282005282228141     
   3.3500287972102132E-002   41.276767361899857     
   3.3794071394684745E-002   41.271437852292976     
   3.4090431174206619E-002   41.266015164122855     
   3.4389389904233528E-002   41.260497680961670     
   3.4690970376467289E-002   41.254883758790307     
   3.4995195582483367E-002   41.249171725543476     
   3.5302088715483640E-002   41.243359880647823     
   3.5611673172064630E-002   41.237446494553197     
   3.5923972554001135E-002   41.231429808256593     
   3.6239010670045604E-002   41.225308032819129     
   3.6556811537743213E-002   41.219079348875653     
   3.6877399385262896E-002   41.212741906137062     
   3.7200798653244424E-002   41.206293822885115     
   3.7527033996661713E-002   41.199733185459870     
   3.7856130286702393E-002   41.193058047739356     
   3.8188112612663958E-002   41.186266430611724     
   3.8523006283866471E-002   41.179356321439528     
   3.8860836831582077E-002   41.172325673516205     
   3.9201630010981425E-002   41.165172405514610     
   3.9545411803097189E-002   41.157894400927553     
   3.9892208416804735E-002   41.150489507500254     
   4.0242046290820253E-002   41.142955536654512     
   4.0594952095716327E-002   41.135290262904839     
   4.0950952735955254E-002   41.127491423266001     
   4.1310075351940125E-002   41.119556716652326     
   4.1672347322083934E-002   41.111483803268456     
   4.2037796264896857E-002   41.103270303991486     
   4.2406450041091753E-002   41.094913799744525     
   4.2778336755708218E-002   41.086411830861458     
   4.3153484760255198E-002   41.077761896442993     
   4.3531922654872462E-002   41.068961453703764     
   4.3913679290510946E-002   41.060007917310507     
   4.4298783771132277E-002   41.050898658711255     
   4.4687265455927584E-002   41.041631005455450     
   4.5079153961555742E-002   41.032202240504816     
   4.5474479164401255E-002   41.022609601535194     
   4.5873271202851937E-002   41.012850280228918     
   4.6275560479596578E-002   41.002921421558000     
   4.6681377663942751E-002   40.992820123057911     
   4.7090753694154955E-002   40.982543434091745     
   4.7503719779813214E-002   40.972088355105235     
   4.7920307404192466E-002   40.961451836871795     
   4.8340548326662694E-002   40.950630779728399     
   4.8764474585110192E-002   40.939622032801488     
   4.9192118498380039E-002   40.928422393223400     
   4.9623512668739961E-002   40.917028605339077     
   5.0058689984365863E-002   40.905437359902926     
   5.0497683621849095E-002   40.893645293266061     
   5.0940527048725759E-002   40.881648986553664     
   5.1387254026028145E-002   40.869444964832567     
   5.1837898610858600E-002   40.857029696269024     
   5.2292495158985902E-002   40.844399591276670     
   5.2751078327464486E-002   40.831551001654624     
   5.3213683077276537E-002   40.818480219715752     
   5.3680344675997346E-002   40.805183477405194     
   5.4151098700483999E-002   40.791656945408981     
   5.4625981039587622E-002   40.777896732252941     
   5.5105027896889487E-002   40.763898883391825     
   5.5588275793461005E-002   40.749659380288719     
   5.6075761570648024E-002   40.735174139484762     
   5.6567522392879474E-002   40.720439011659280     
   5.7063595750500698E-002   40.705449780680283     
   5.7564019462631580E-002   40.690202162645505     
   5.8068831680049747E-002   40.674691804913977     
   5.8578070888099097E-002   40.658914285128361     
   5.9091775909623799E-002   40.642865110227831     
   5.9609985907928022E-002   40.626539715452004     
   6.0132740389761616E-002   40.609933463335729     
   6.0660079208331996E-002   40.593041642695020     
   6.1192042566342426E-002   40.575859467604140     
   6.1728671019056970E-002   40.558382076364168     
   6.2270005477392282E-002   40.540604530463014     
   6.2816087211036500E-002   40.522521813527170     
   6.3366957851595601E-002   40.504128830265373     
   6.3922659395767190E-002   40.485420405404376     
   6.4483234208542226E-002   40.466391282616961     
   6.5048725026434828E-002   40.447036123442587     
   6.5619174960740323E-002   40.427349506200741     
   6.6194627500821987E-002   40.407325924897400     
   6.6775126517426481E-002   40.386959788124777     
   6.7360716266028450E-002   40.366245417954730     
   6.7951441390204384E-002   40.345177048826059     
   6.8547346925036223E-002   40.323748826426126     
   6.9148478300544547E-002   40.301954806567068     
   6.9754881345152134E-002   40.279788954056997     
   7.0366602289177696E-002   40.257245141566607     
   7.0983687768360421E-002   40.234317148491620     
   7.1606184827415292E-002   40.210998659811359     
   7.2234140923619572E-002   40.187283264944185     
   7.2867603930430985E-002   40.163164456600008     
   7.3506622141137207E-002   40.138635629630535     
   7.4151244272537803E-002   40.113690079877749     
   7.4801519468658123E-002   40.088321003021250     
   7.5457497304495899E-002   40.062521493424882     
   7.6119227789800792E-002   40.036284542983474     
   7.6786761372886897E-002   40.009603039970173     
   7.7460148944478724E-002   39.982469767885192     
   7.8139441841591092E-002   39.954877404306572     
   7.8824691851442780E-002   39.926818519743740     
   7.9515951215404709E-002   39.898285576494715     
   8.0213272632982585E-002   39.869270927507642     
   8.0916709265834649E-002   39.839766815247600     
   8.1626314741824454E-002   39.809765370569622     
   8.2342143159109357E-002   39.779258611598657     
   8.3064249090264802E-002   39.748238442617662     
   8.3792687586444731E-002   39.716696652964735     
   8.4527514181578514E-002   39.684624915940311     
   8.5268784896604749E-002   39.652014787725527     
   8.6016556243741993E-002   39.618857706313008     
   8.6770885230797290E-002   39.585144990451077     
   8.7531829365512043E-002   39.550867838602770     
   8.8299446659946407E-002   39.516017327920878     
   8.9073795634901864E-002   39.480584413240379     
   8.9854935324382684E-002   39.444559926089553     
   9.0642925280096487E-002   39.407934573721406     
   9.1437825575994308E-002   39.370698938166669     
   9.2239696812850491E-002   39.332843475310177     
   9.3048600122882588E-002   39.294358513992009     
   9.3864597174411993E-002   39.255234255135171     
   9.4687750176565305E-002   39.215460770901572     
   9.5518121884017024E-002   39.175028003878069     
   9.6355775601773677E-002   39.133925766294389     
   9.7200775190000033E-002   39.092143739274960     
   9.8053185068887702E-002   39.049671472126512     
   9.8913070223566157E-002   39.006498381663718     
   9.9780496209057185E-002   38.962613751574764     
  0.10065552915527244        38.918006731829237     
  0.10153823577205510        38.872666338130628     
  0.10242868335426562        38.826581451415699     
  0.10332693978691201        38.779740817403230     
  0.10423307355032518        38.732133046194676     
  0.10514715372537982        38.683746611929365     
  0.10606924999876072        38.634569852496853     
  0.10699943266827558        38.584590969309311     
  0.10793777264821429        38.533798027136761     
  0.10888434147475524        38.482178954008113     
  0.10983921131141891        38.429721541181138     
  0.11080245495456956        38.376413443184397     
  0.11177414583896485        38.322242177934463     
  0.11275435804335440        38.267195126931803     
  0.11374316629612725        38.211259535538645     
  0.11474064598100898        38.154422513342453     
  0.11574687314280867        38.096671034608697     
  0.11676192449321639        38.037991938826558     
  0.11778587741665143        37.978371931351482     
  0.11881880997616186        37.917797584148595     
  0.11986080091937580        37.856255336640963     
  0.12091192968450497        37.793731496666901     
  0.12197227640640072        37.730212241550753     
  0.12304192192266332        37.665683619291322     
  0.12412094777980474        37.600131549872678     
  0.12520943623946562        37.533541826701949     
  0.12630747028468642        37.465900118178681     
  0.12741513362623405        37.397191969400936     
  0.12853251070898356        37.327402804012863     
  0.12965968671835598        37.256517926198995     
  0.13079674758681267        37.184522522830449     
  0.13194378000040649        37.111401665768426     
  0.13310087140539043        37.037140314330458     
  0.13426811001488440        36.961723317924964     
  0.13544558481560015        36.885135418859925     
  0.13663338557462548        36.807361255331372     
  0.13783160284626778        36.728385364597827     
  0.13904032797895752        36.648192186346535     
  0.14025965312221250        36.566766066257934     
  0.14148967123366302        36.484091259774409     
  0.14273047608613862        36.400151936079929     
  0.14398216227481708        36.314932182297113     
  0.14524482522443607        36.228416007908152     
  0.14651856119656809        36.140587349406545     
  0.14780346729695903        36.051430075186460     
  0.14909964148293137        35.960927990676595     
  0.15040718257085198        35.869064843725610     
  0.15172619024366571        35.775824330246351     
  0.15305676505849489        35.681190100126003     
  0.15439900845430551        35.585145763409464     
  0.15575302275964048        35.487674896763501     
  0.15711891120042104        35.388761050228858     
  0.15849677790781630        35.288387754268129     
  0.15988672792618183        35.186538527116817     
  0.16128886722106806        35.083196882445137     
  0.16270330268729860        34.978346337338479     
  0.16413014215711974        34.871970420603986     
  0.16556949440842109        34.764052681411030     
  0.16702146917302865        34.654576698273374     
  0.16848617714507028        34.543526088380794     
  0.16996372998941475        34.430884517287559     
  0.17145424035018478        34.316635708965940     
  0.17295782185934452        34.200763456231961     
  0.17447458914536265        34.083251631551228     
  0.17600465784195132        33.964084198232271     
  0.17754814459688162        33.843245222014794     
  0.17910516708087645        33.720718883060286     
  0.18067584399658143        33.596489488351935     
  0.18226029508761446        33.470541484511308     
  0.18385864114769448        33.342859471038139     
  0.18547100402985059        33.213428213980499     
  0.18709750665571157        33.082232660041370     
  0.18873827302487717        32.949257951128132     
  0.19039342822437141        32.814489439350886     
  0.19206309843817893        32.677912702475290     
  0.19374741095686465        32.539513559835314     
  0.19544649418727833        32.399278088710943     
  0.19716047766234360        32.257192641175571     
  0.19888949205093337        32.113243861417125     
  0.20063366916783160        31.967418703536939     
  0.20239314198378225        31.819704449829707     
  0.20416804463562691        31.670088729547061     
  0.20595851243653074        31.518559538147390     
  0.20776468188629829        31.365105257033342     
  0.20958669068178015        31.209714673778027     
  0.21142467772737009        31.052377002840426     
  0.21327878314559509        30.893081906769485     
  0.21514914828779766        30.731819517895854     
  0.21703591574491204        30.568580460509278     
  0.21893922935833501        30.403355873518773     
  0.22085923423089179        30.236137433591995     
  0.22279607673789828        30.066917378768949     
  0.22474990453832033        29.895688532544401     
  0.22672086658603074        29.722444328412251     
  0.22870911314116507        29.547178834863804     
  0.23071479578157697        29.369886780830974     
  0.23273806741439412        29.190563581564028     
  0.23477908228767533        29.009205364932122     
  0.23683799600216987        28.825808998133780     
  0.23891496552318017        28.640372114802691     
  0.24101014919252825        28.452893142492982     
  0.24312370674062725        28.263371330526493     
  0.24525579929865882        28.071806778182829     
  0.24740658941085714        27.878200463211531     
  0.24957624104690102        27.682554270643681     
  0.25176491961441422        27.484871021878785     
  0.25397279197157585        27.285154504020412     
  0.25620002643984097        27.083409499432772     
  0.25844679281677274        26.879641815487741     
  0.26071326238898779        26.673858314470237     
  0.26299960794521404        26.466066943607569     
  0.26530600378946390        26.256276765186147     
  0.26763262575432256        26.044497986716681     
  0.26997965121435302        25.830741991106866     
  0.27234725909961849        25.615021366797837     
  0.27473562990932343        25.397349937818717     
  0.27714494572557452        25.177742793710586     
  0.27957539022726163        24.956216319269167     
  0.28202714870406137        24.732788224052655     
  0.28450040807056276        24.507477571598574     
  0.28699535688051697        24.280304808291060     
  0.28951218534121231        24.051291791817071     
  0.29205108532797486        23.820461819147507     
  0.29461225039879663        23.587839653976499     
  0.29719587580909168        23.353451553549363     
  0.29980215852658176        23.117325294807028     
  0.30243129724631279        22.879490199771972     
  0.30508349240580257        22.639977160098180     
  0.30775894620032135        22.398818660704826     
  0.31045786259830699        22.156048802410584     
  0.31318044735691464        21.911703323483419     
  0.31592690803770307        21.665819620017444     
  0.31869745402245853        21.418436765046685     
  0.32149229652915734        21.169595526302540     
  0.32431164862806861        20.919338382520010     
  0.32715572525799813        20.667709538195137     
  0.33002474324267428        20.414754936694489     
  0.33291892130727840        20.160522271614994     
  0.33583848009511968        19.905060996291358     
  0.33878364218445606        19.648422331346207     
  0.34175463210546320        19.390659270176972     
  0.34475167635735188        19.131826582272154     
  0.34777500342563561        18.871980814248928     
  0.35082484379954959        18.611180288503071     
  0.35390142998962271        18.349485099361900     
  0.35700499654540319        18.086957106630887     
  0.36013578007334018        17.823659926424494     
  0.36329401925482163        17.559658919172666     
  0.36647995486437085        17.295021174694956     
  0.36969382978800241        17.029815494235773     
  0.37293588904173897        16.764112369355782     
  0.37620637979029048        16.497983957576576     
  0.37950555136589736        16.231504054678343     
  0.38283365528733898        15.964748063553243     
  0.38619094527910819        15.697792959520735     
  0.38957767729075515        15.430717252015034     
  0.39299410951639968        15.163600942559652     
  0.39644050241441542        14.896525478948908     
  0.39991711872728614        14.629573705562121     
  0.40342422350163676        14.362829809742436     
  0.40696208410843926        14.096379264179262     
  0.41053097026339697        13.830308765240769     
  0.41413115404750589        13.564706167211124     
  0.41776290992779802        13.299660412396056     
  0.42142651477826581        13.035261457069737     
  0.42512224790096981        12.771600193246444     
  0.42885039104733225        12.508768366270944     
  0.43261122843961664        12.246858488233572     
  0.43640504679259612        11.985963747227821     
  0.44023213533541167        11.726177912481447     
  0.44409278583362205        11.467595235405550     
  0.44798729261144732        11.210310346620370     
  0.45191595257420669        10.954418149031397     
  0.45587906523095445        10.700013707044855     
  0.45987693271731284        10.447192132027798     
  0.46390985981850663        10.196048464134405     
  0.46797815399259840        9.9466775506375935     
  0.47208212539392874        9.6991739209222558     
  0.47622208689676115        9.4536316583147304     
  0.48039835411913467        9.2101442689414021     
  0.48461124544692574        8.9688045478279825     
  0.48886108205812090        8.7297044424699966     
  0.49314818794730231        8.4929349141240795     
  0.49747288995034838        8.2585857970888075     
  0.50183551776935065        8.0267456562629889     
  0.50623640399774872        7.7975016432883555     
  0.51067588414568732        7.5709393516023997     
  0.51515429666559343        7.3471426707457850     
  0.51967198297797934        7.1261936402866883     
  0.52422928749747189        6.9081723037420577     
  0.52882655765906894        6.6931565628928142     
  0.53346414394462682        6.4812220329058645     
  0.53814239990958068        6.2724418986912074     
  0.54286168220989739        6.0668867729364608     
  0.54762235062926712        5.8646245562739230     
  0.55242476810653107        5.6657203000471084     
  0.55726930076335168        5.4702360721534511     
  0.56215631793212395        5.2782308264485893     
  0.56708619218413248        5.0897602762040570     
  0.57205929935795541        4.9048767721151147     
  0.57707601858811675        4.7236291853580283     
  0.58213673233399110        4.5460627961965132     
  0.58724182640896017        4.3722191886353539     
  0.59239169000982717        4.2021361516146323     
  0.59758671574648692        4.0358475872313777     
  0.60282729967185811        3.8733834264656029     
  0.60811384131207669        3.7147695528755258     
  0.61344674369695462        3.5600277347114937     
  0.61882641339070565        3.4091755658799636     
  0.62425326052294039        3.2622264161678540     
  0.62972769881993396        3.1191893911134008     
  0.63525014563616600        2.9800693018826521     
  0.64082102198613977        2.8448666454803675     
  0.64644075257647837        2.7135775955912251     
  0.65210976583830316        2.5861940043110190     
  0.65782849395989607        2.4627034149886788     
  0.66359737291964838        2.3430890863583409     
  0.66941684251929823        2.2273300280963979     
  0.67528734641745980        2.1154010478917762     
  0.68120933216344703        2.0072728100687418     
  0.68718325123139212        1.9029119057505284     
  0.69320955905466586        1.8022809344991684     
  0.69928871506059809        1.7053385973127515     
  0.70542118270550258        1.6120398008055867     
  0.71160742951000999        1.5223357723403526     
  0.71784792709471024        1.4361741858242714     
  0.72414315121610706        1.3534992978241387     
  0.73049358180288848        1.2742520935980228     
  0.73689970299251528        1.1983704425850981     
  0.74336200316812984        1.1257892628397659     
  0.74988097499578887        1.0564406938423985     
  0.75645711546202332       0.99025427706716040     
  0.76309092591172678       0.92715714363794821     
  0.76978291208637617       0.86707420835683180     
  0.77653358416258855       0.80992836934611556     
  0.78334345679101514       0.75564071250558962     
  0.79021304913557666       0.70413071995116938     
  0.79714288491304264       0.65531648157034661     
  0.80413349243295884       0.60911490880404817     
  0.81118540463792244       0.56544194974405393     
  0.81829915914421347       0.52421280462021924     
  0.82547529828278032       0.48534214074289023     
  0.83271436914058528       0.44874430596309434     
  0.84001692360231306       0.41433353971666242     
  0.84738351839244486       0.38202418072849420     
  0.85481471511770113       0.35173087046973095     
  0.86231108030985681       0.32336875148373628     
  0.86987318546893200       0.29685365972638844     
  0.87750160710676139       0.27210231010216462     
  0.88519692679094586       0.24903247441966694     
  0.89295973118918937       0.22756315103831812     
  0.90079061211402423       0.20761472553163982     
  0.90869016656792989       0.18910912175141129     
  0.91665899678884621       0.17196994274066646     
  0.92469771029608627       0.15612260101136288     
  0.93280691993665177       0.14149443777411672     
  0.94098724393195432       0.12801483078200926     
  0.94923930592494754       0.11561529052745512     
  0.95756373502767056       0.10422954460981201     
  0.96596116586921099        9.3793610171018268E-002
  0.97443223864408612        8.4245854376390483E-002
  0.98297759916104921        7.5527042996960073E-002
  0.99159789889232486        6.7580377227661317E-002
   1.0002937950232749        6.0351518951532568E-002
   1.0090659505024997        5.3788604733101111E-002
   1.0179150340923804        4.7842248893605201E-002
   1.0268417204200617        4.2465536085978875E-002
   1.0358466900288854        3.7614003847961250E-002
   1.0449306294302714        3.3245615666737637E-002
   1.0540942311560557        2.9320725137654480E-002
   1.0633381938112874        2.5802031842372244E-002
   1.0726632221274868        2.2654529607956816E-002
   1.0820700270163741        1.9845447837615649E-002
   1.0915593256240657        1.7344186625879984E-002
   1.1011318413857467        1.5122246385931690E-002
   1.1107883040808255        1.3153152724491907E-002
   1.1205294498885676        1.1412377300324629E-002
   1.1303560214442216        9.8772553961518697E-003
   1.1402687678956340        8.5269009209140538E-003
   1.1502684449603626        7.3421195401885131E-003
   1.1603558149832904        6.3053206076446955E-003
   1.1705316469947440        5.4004285401594108E-003
   1.1807967167691218        4.6127942442035974E-003
   1.1911518068840374        3.9291071619480221E-003
   1.2015977067799808        3.3373084628645837E-003
   1.2121352128205025        2.8265058610925128E-003
   1.2227651283529259        2.3868904911811891E-003
   1.2334882637695928        2.0096562257015224E-003
   1.2443054365696442        1.6869217683173439E-003
   1.2552174714213449        1.4116558058868296E-003
   1.2662252002249521        1.1776054536554714E-003
   1.2773294621761400        9.7922817919722060E-004
   1.2885311038299732        8.1162734400583910E-004
   1.2998309791654497        6.7049145702304316E-004
   1.3112299496506030        5.5203719234484373E-004
   1.3227288843081793        4.5295618423522708E-004
   1.3343286597818869        3.7036557669419012E-004
   1.3460301604032319        3.0176227240071815E-004
   1.3578342782589348        2.4498079703731235E-004
   1.3697419132589415        1.9815466988897063E-004
   1.3817539732050284        1.5968115021896279E-004
   1.3938713738600119        1.2818921121688159E-004
   1.4060950390175635        1.0251057919594394E-004
   1.4184259005726347        8.1653665039904913E-005
   1.4308648985925045        6.4780207475170318E-005
   1.4434129813884462        5.1184443343646052E-005
   1.4560711055880233        4.0274618420109997E-005
   1.4688402362080206        3.1556653176133902E-005
   1.4817213467280139        2.4619780948066291E-005
   1.4947154191645846        1.9123980919211400E-005
   1.5078234441461866        1.4789034875420176E-005
   1.5210464209886680        1.1385044543649604E-005
   1.5343853577714568        8.7242551903636507E-006
   1.5478412714144121        6.6540407722512870E-006
   1.5614151877553530        5.0509160463247365E-006
   1.5751081416282642        3.8154514331109000E-006
   1.5889211769421887        2.8679768829278955E-006
   1.6028553467608124        2.1449713445122466E-006
   1.6169117133827464        1.5960445272006957E-006
   1.6310913484225131        1.1814273582875774E-006
   1.6453953328922439        8.6989676721168555E-007
   1.6598247572840905        6.3706910301735449E-007
   1.6743807216533626        4.6400455846539758E-007
   1.6890643357023913        3.3607240078341939E-007
   1.7038767188651303        2.4203358073720668E-007
   1.7188190003924977        1.7330340929020299E-007
   1.7338923194384666        1.2336246835538995E-007
   1.7490978251469111        8.7288783301127216E-008
   1.7644366767392134        6.1388562395021419E-008
   1.7799100436026387        4.2906540707322890E-008
   1.7955191053794870        2.9800195628334858E-008
   1.8112650520570239        2.0564872847244039E-008
   1.8271490840582030        1.4099220937955926E-008
   1.8431724123331814        9.6023246723542440E-009
   1.8593362584516395        6.4955954201705502E-009
   1.8756418546959095        4.3638628231040052E-009
   1.8920904441549207        2.9112538500480764E-009
   1.9086832808189693        1.9283786559328693E-009
   1.9254216296753186        1.2680992852110221E-009
   1.9423067668046372        8.2776562632529128E-010
   1.9593399794782840        5.3628816785499291E-010
   1.9765225662564463        3.4480079053178024E-010
   1.9938558370871375        2.1996774452158559E-010
