                                                  
                                                                                                                                                                                                                                                                
        SCF,CCSD
   -225.62430308,   -226.65220703
   -225.33812900,   -226.30696874
   -225.08100357,   -226.01864272
   -224.71938770,   -225.64707868
   -223.35125062,   -224.18504801
   -221.24893475,   -221.99483036
   -218.26454512,   -218.93690942
   -214.31822754,   -214.92871646
   -209.41563842,   -209.96112477
   -203.04388533,   -203.56939630
   -195.55894285,   -196.05838525
   -186.81613783,   -187.29974776
   -176.75239598,   -177.23129571
   -165.40130201,   -165.87031263
    -52.09077607,    -52.21771606
                                                  
