                                                  
                                                                                                                                                                                                                                                                
        SCF,CCSD
   -225.62340476,   -226.59776215
   -225.33716991,   -226.25371112
   -225.08013721,   -225.96823389
   -224.71834968,   -225.59480720
   -223.35034796,   -224.13670933
   -221.24797614,   -221.95049819
   -218.26347591,   -218.89690953
   -214.31719128,   -214.89365165
   -209.41474922,   -209.93131661
   -203.04313498,   -203.54359164
   -195.55830310,   -196.03652757
   -186.81560377,   -187.28213904
   -176.75200749,   -177.21830380
   -165.40112511,   -165.86185609
    -52.09065062,    -52.21744201
                                                  
