    -848.372011 0 0.0 2000 0.45454545D-05 0.17056057D+03  22.0 23.00000000  0
   1
  1 0 0.0 1 -182.954953 -241.862571  2.00000000
  2 0 0.0 1  -21.083254  -58.799493  2.00000000
  2 1 1.0 1  -17.455390  -58.107156  2.00000000
  2 1 1.0 1  -17.455390  -58.107156  2.00000000
  2 1 1.0 1  -17.455390  -58.107156  2.00000000
  3 0 0.0 1   -2.546637  -22.032118  2.00000000
  3 1 1.0 1   -1.483965  -20.332234  2.00000000
  3 1 1.0 1   -1.483965  -20.332234  2.00000000
  3 1 1.0 1   -1.483965  -20.332234  2.00000000
  3 2 2.0 1   -0.118217  -14.596583  1.00000000
  3 2 2.0 1   -0.118217  -14.596583  1.00000000
  3 2 2.0 1   -0.118217  -14.596583  1.00000000
  4 0 0.0 1   -0.015918   -4.867918  2.00000000
    0    0    0    0
