 ENTER Z, NR
 PLEASE ENTER RELATIVITY FACTOR.  (0=NR, 1=REL.)
 PLEASE ENTER IUFLAG. (0=U, 1=SU, 2=R).
 PLEASE ENTER NFC, NEL, RATIO, ETOL, XNUM
 PLEASE ENTER N L M J S OCC.
     363.000000   -740.411434
      48.871677   -813.633285
      23.486332   -839.457252
      10.284475   -846.568302
       3.990011   -847.999771
       1.357905   -848.257205
       0.426119   -848.330261
       0.158223   -848.357469
       0.068871   -848.367198
       0.034932   -848.370432
       0.017646   -848.371453
       0.013259   -848.371785
       0.009382   -848.371907
       0.006325   -848.371958
       0.004186   -848.371983
       0.002978   -848.371995
       0.002041   -848.372002
       0.001361   -848.372006
       0.000890   -848.372008
       0.000574   -848.372009
       0.000366   -848.372010
       0.000231   -848.372010
       0.000146   -848.372011
       0.000091   -848.372011
    1   0 0   0/2   1    2.0000       -182.954953
    2   0 0   0/2   1    2.0000        -21.083254
    2   1 1   2/2   1    2.0000        -17.455390
    2   1 0   2/2   1    2.0000        -17.455390
    2   1-1   2/2   1    2.0000        -17.455390
    3   0 0   0/2   1    2.0000         -2.546637
    3   1 1   2/2   1    2.0000         -1.483965
    3   1 0   2/2   1    2.0000         -1.483965
    3   1-1   2/2   1    2.0000         -1.483965
    3   2 2   4/2   1    1.0000         -0.118217
    3   2 1   4/2   1    1.0000         -0.118217
    3   2 0   4/2   1    1.0000         -0.118217
    4   0 0   0/2   1    2.0000         -0.015918
 TOTAL ENERGY =     -848.372011 -23085.559810
 PLEASE ENTER FULL FILENAME.
