                                                  
                                                                                                                                                                                                                                                                
         SCF,CCSD
   -1049.6351665,   -1050.1904727
   -1049.6741721,   -1050.2271089
   -1049.4120468,   -1050.0621452
   -1049.4209294,   -1049.9238551
   -1049.4534604,   -1049.9780730
   -1048.8965949,   -1049.3719496
   -1047.8029027,   -1048.2324615
   -1046.0376093,   -1046.4308788
   -1043.5180387,   -1043.8831405
   -1040.2284572,   -1040.5622947
    -990.3632300,    -990.4486775
   -1049.6540135,   -1050.2496704
                                                  
