                                                  
                                                                                                                                                                                                                                                                
         SCF,CCSD
   -1049.6340972,   -1050.1588230
   -1049.6731106,   -1050.1936083
   -1049.4109541,   -1050.0264131
   -1049.4194833,   -1049.8923858
   -1049.4523912,   -1049.9444922
   -1048.8954979,   -1049.3412106
   -1047.8018850,   -1048.2055209
   -1046.0367385,   -1046.4086444
   -1043.5173039,   -1043.8662180
   -1040.2279251,   -1040.5508113
    -990.3627448,    -990.4479876
   -1049.6528222,   -1050.2155992
                                                  
