   4.3859546913937069E-006   142.56388478403431     
   4.4244176676404469E-006   142.56388478333341     
   4.4632179479967476E-006   142.56388478262014     
   4.5023584904776523E-006   142.56388478189433     
   4.5418422790387509E-006   142.56388478115571     
   4.5816723238036684E-006   142.56388478040409     
   4.6218516612935423E-006   142.56388477963921     
   4.6623833546585275E-006   142.56388477886088     
   4.7032704939113134E-006   142.56388477806885     
   4.7445161961627014E-006   142.56388477726284     
   4.7861236058592410E-006   142.56388477644262     
   4.8280958950229550E-006   142.56388477560799     
   4.8704362634931637E-006   142.56388477475863     
   4.9131479391704306E-006   142.56388477389433     
   4.9562341782626507E-006   142.56388477301476     
   4.9996982655332874E-006   142.56388477211976     
   5.0435435145518006E-006   142.56388477120896     
   5.0877732679462564E-006   142.56388477028210     
   5.1323908976581663E-006   142.56388476933893     
   5.1773998051995430E-006   142.56388476837915     
   5.2228034219122331E-006   142.56388476740244     
   5.2686052092295048E-006   142.56388476640856     
   5.3148086589399366E-006   142.56388476539715     
   5.3614172934536268E-006   142.56388476436791     
   5.4084346660707238E-006   142.56388476332057     
   5.4558643612523264E-006   142.56388476225473     
   5.5037099948937442E-006   142.56388476117016     
   5.5519752146001699E-006   142.56388476006649     
   5.6006636999647537E-006   142.56388475894337     
   5.6497791628491345E-006   142.56388475780045     
   5.6993253476664103E-006   142.56388475663738     
   5.7493060316666087E-006   142.56388475545384     
   5.7997250252246477E-006   142.56388475424941     
   5.8505861721308308E-006   142.56388475302381     
   5.9018933498838828E-006   142.56388475177667     
   5.9536504699865631E-006   142.56388475050747     
   6.0058614782438589E-006   142.56388474921596     
   6.0585303550638102E-006   142.56388474790168     
   6.1116611157609574E-006   142.56388474656424     
   6.1652578108624609E-006   142.56388474520330     
   6.2193245264168971E-006   142.56388474381831     
   6.2738653843057704E-006   142.56388474240896     
   6.3288845425577489E-006   142.56388474097474     
   6.3843861956656614E-006   142.56388473951532     
   6.4403745749062749E-006   142.56388473803014     
   6.4968539486628726E-006   142.56388473651882     
   6.5538286227506589E-006   142.56388473498086     
   6.6113029407450296E-006   142.56388473341582     
   6.6692812843127035E-006   142.56388473182324     
   6.7277680735457754E-006   142.56388473020255     
   6.7867677672986855E-006   142.56388472855332     
   6.8462848635281486E-006   142.56388472687507     
   6.9063238996360707E-006   142.56388472516724     
   6.9668894528154585E-006   142.56388472342931     
   7.0279861403993773E-006   142.56388472166077     
   7.0896186202129568E-006   142.56388471986108     
   7.1517915909284939E-006   142.56388471802970     
   7.2145097924236639E-006   142.56388471616603     
   7.2777780061428733E-006   142.56388471426956     
   7.3416010554617806E-006   142.56388471233967     
   7.4059838060550239E-006   142.56388471037576     
   7.4709311662671556E-006   142.56388470837729     
   7.5364480874868432E-006   142.56388470634360     
   7.6025395645243502E-006   142.56388470427407     
   7.6692106359923219E-006   142.56388470216811     
   7.7364663846899181E-006   142.56388470002503     
   7.8043119379903039E-006   142.56388469784417     
   7.8727524682315502E-006   142.56388469562495     
   7.9417931931109555E-006   142.56388469336662     
   8.0114393760828277E-006   142.56388469106852     
   8.0816963267597509E-006   142.56388468872987     
   8.1525694013173790E-006   142.56388468635006     
   8.2240640029027697E-006   142.56388468392836     
   8.2961855820463055E-006   142.56388468146397     
   8.3689396370772292E-006   142.56388467895619     
   8.4423317145428118E-006   142.56388467640420     
   8.5163674096312099E-006   142.56388467380728     
   8.5910523665980281E-006   142.56388467116460     
   8.6663922791966135E-006   142.56388466847537     
   8.7423928911121345E-006   142.56388466573875     
   8.8190599963994583E-006   142.56388466295394     
   8.8963994399248764E-006   142.56388466012010     
   8.9744171178116949E-006   142.56388465723629     
   9.0531189778897432E-006   142.56388465430169     
   9.1325110201488093E-006   142.56388465131539     
   9.2125992971960712E-006   142.56388464827648     
   9.2933899147175168E-006   142.56388464518406     
   9.3748890319434375E-006   142.56388464203712     
   9.4571028621179740E-006   142.56388463883479     
   9.5400376729728110E-006   142.56388463557607     
   9.6236997872049922E-006   142.56388463225989     
   9.7080955829589613E-006   142.56388462888532     
   9.7932314943127947E-006   142.56388462545127     
   9.8791140117687350E-006   142.56388462195676     
   9.9657496827479874E-006   142.56388461840066     
   1.0053145112089889E-005   142.56388461478195     
   1.0141306962555443E-005   142.56388461109947     
   1.0230241955335252E-005   142.56388460735212     
   1.0319956870561934E-005   142.56388460353878     
   1.0410458547827020E-005   142.56388459965822     
   1.0501753886702375E-005   142.56388459570934     
   1.0593849847266204E-005   142.56388459169088     
   1.0686753450633673E-005   142.56388458760165     
   1.0780471779492167E-005   142.56388458344037     
   1.0875011978641257E-005   142.56388457920579     
   1.0970381255537406E-005   142.56388457489658     
   1.1066586880843428E-005   142.56388457051150     
   1.1163636188982796E-005   142.56388456604913     
   1.1261536578698777E-005   142.56388456150816     
   1.1360295513618517E-005   142.56388455688722     
   1.1459920522822023E-005   142.56388455218490     
   1.1560419201416162E-005   142.56388454739971     
   1.1661799211113690E-005   142.56388454253022     
   1.1764068280817369E-005   142.56388453757495     
   1.1867234207209170E-005   142.56388453253240     
   1.1971304855344696E-005   142.56388452740100     
   1.2076288159252762E-005   142.56388452217925     
   1.2182192122540292E-005   142.56388451686544     
   1.2289024819002460E-005   142.56388451145810     
   1.2396794393238232E-005   142.56388450595546     
   1.2505509061271276E-005   142.56388450035590     
   1.2615177111176330E-005   142.56388449465769     
   1.2725806903711055E-005   142.56388448885909     
   1.2837406872953439E-005   142.56388448295837     
   1.2949985526944787E-005   142.56388447695366     
   1.3063551448338339E-005   142.56388447084322     
   1.3178113295053594E-005   142.56388446462509     
   1.3293679800936359E-005   142.56388445829745     
   1.3410259776424593E-005   142.56388445185831     
   1.3527862109220085E-005   142.56388444530577     
   1.3646495764966028E-005   142.56388443863779     
   1.3766169787930529E-005   142.56388443185236     
   1.3886893301696127E-005   142.56388442494739     
   1.4008675509855332E-005   142.56388441792078     
   1.4131525696712287E-005   142.56388441077038     
   1.4255453227990570E-005   142.56388440349400     
   1.4380467551547225E-005   142.56388439608949     
   1.4506578198093006E-005   142.56388438855453     
   1.4633794781919006E-005   142.56388438088680     
   1.4762127001629592E-005   142.56388437308405     
   1.4891584640881814E-005   142.56388436514379     
   1.5022177569131273E-005   142.56388435706370     
   1.5153915742384539E-005   142.56388434884121     
   1.5286809203958173E-005   142.56388434047392     
   1.5420868085244392E-005   142.56388433195920     
   1.5556102606483458E-005   142.56388432329453     
   1.5692523077542836E-005   142.56388431447721     
   1.5830139898703190E-005   142.56388430550453     
   1.5968963561451271E-005   142.56388429637383     
   1.6109004649279738E-005   142.56388428708220     
   1.6250273838494041E-005   142.56388427762698     
   1.6392781899026331E-005   142.56388426800515     
   1.6536539695256522E-005   142.56388425821385     
   1.6681558186840579E-005   142.56388424825005     
   1.6827848429546020E-005   142.56388423811072     
   1.6975421576094803E-005   142.56388422779281     
   1.7124288877013555E-005   142.56388421729309     
   1.7274461681491293E-005   142.56388420660844     
   1.7425951438244633E-005   142.56388419573557     
   1.7578769696390632E-005   142.56388418467111     
   1.7732928106327220E-005   142.56388417341182     
   1.7888438420621434E-005   142.56388416195409     
   1.8045312494905360E-005   142.56388415029460     
   1.8203562288779992E-005   142.56388413842967     
   1.8363199866726996E-005   142.56388412635573     
   1.8524237399028459E-005   142.56388411406914     
   1.8686687162694710E-005   142.56388410156609     
   1.8850561542400304E-005   142.56388408884277     
   1.9015873031428170E-005   142.56388407589532     
   1.9182634232622072E-005   142.56388406271978     
   1.9350857859347404E-005   142.56388404931212     
   1.9520556736460430E-005   142.56388403566831     
   1.9691743801285993E-005   142.56388402178413     
   1.9864432104603849E-005   142.56388400765536     
   2.0038634811643566E-005   142.56388399327770     
   2.0214365203088270E-005   142.56388397864680     
   2.0391636676087060E-005   142.56388396375814     
   2.0570462745276398E-005   142.56388394860716     
   2.0750857043810428E-005   142.56388393318932     
   2.0932833324400311E-005   142.56388391749985     
   2.1116405460362692E-005   142.56388390153401     
   2.1301587446677370E-005   142.56388388528691     
   2.1488393401054214E-005   142.56388386875363     
   2.1676837565009475E-005   142.56388385192909     
   2.1866934304951504E-005   142.56388383480814     
   2.2058698113276004E-005   142.56388381738557     
   2.2252143609470889E-005   142.56388379965611     
   2.2447285541230828E-005   142.56388378161435     
   2.2644138785581553E-005   142.56388376325472     
   2.2842718350014065E-005   142.56388374457171     
   2.3043039373628736E-005   142.56388372555955     
   2.3245117128289474E-005   142.56388370621249     
   2.3448967019788006E-005   142.56388368652460     
   2.3654604589018363E-005   142.56388366648989     
   2.3862045513161683E-005   142.56388364610225     
   2.4071305606881371E-005   142.56388362535543     
   2.4282400823528786E-005   142.56388360424319     
   2.4495347256359449E-005   142.56388358275899     
   2.4710161139759965E-005   142.56388356089636     
   2.4926858850485672E-005   142.56388353864853     
   2.5145456908909163E-005   142.56388351600881     
   2.5365971980279739E-005   142.56388349297029     
   2.5588420875993920E-005   142.56388346952593     
   2.5812820554877100E-005   142.56388344566855     
   2.6039188124476438E-005   142.56388342139090     
   2.6267540842365065E-005   142.56388339668555     
   2.6497896117457772E-005   142.56388337154505     
   2.6730271511338206E-005   142.56388334596164     
   2.6964684739597710E-005   142.56388331992756     
   2.7201153673185894E-005   142.56388329343483     
   2.7439696339773091E-005   142.56388326647541     
   2.7680330925124691E-005   142.56388323904110     
   2.7923075774487613E-005   142.56388321112348     
   2.8167949393988853E-005   142.56388318271408     
   2.8414970452046362E-005   142.56388315380417     
   2.8664157780792245E-005   142.56388312438506     
   2.8915530377508487E-005   142.56388309444765     
   2.9169107406075229E-005   142.56388306398287     
   2.9424908198431788E-005   142.56388303298141     
   2.9682952256050432E-005   142.56388300143385     
   2.9943259251423153E-005   142.56388296933054     
   3.0205849029561398E-005   142.56388293666168     
   3.0470741609509013E-005   142.56388290341735     
   3.0737957185868436E-005   142.56388286958733     
   3.1007516130340266E-005   142.56388283516142     
   3.1279438993276338E-005   142.56388280012905     
   3.1553746505246427E-005   142.56388276447953     
   3.1830459578618663E-005   142.56388272820200     
   3.2109599309153858E-005   142.56388269128544     
   3.2391186977613760E-005   142.56388265371851     
   3.2675244051383433E-005   142.56388261548983     
   3.2961792186107875E-005   142.56388257658770     
   3.3250853227342974E-005   142.56388253700024     
   3.3542449212220947E-005   142.56388249671542     
   3.3836602371130385E-005   142.56388245572100     
   3.4133335129411025E-005   142.56388241400435     
   3.4432670109063391E-005   142.56388237155284     
   3.4734630130473438E-005   142.56388232835349     
   3.5039238214152283E-005   142.56388228439315     
   3.5346517582491254E-005   142.56388223965840     
   3.5656491661532259E-005   142.56388219413560     
   3.5969184082753734E-005   142.56388214781089     
   3.6284618684872241E-005   142.56388210067007     
   3.6602819515659841E-005   142.56388205269886     
   3.6923810833777432E-005   142.56388200388258     
   3.7247617110624182E-005   142.56388195420632     
   3.7574263032203070E-005   142.56388190365499     
   3.7903773501003001E-005   142.56388185221311     
   3.8236173637897163E-005   142.56388179986507     
   3.8571488784058272E-005   142.56388174659483     
   3.8909744502890425E-005   142.56388169238619     
   3.9250966581978023E-005   142.56388163722261     
   3.9595181035051739E-005   142.56388158108726     
   3.9942414103971706E-005   142.56388152396303     
   4.0292692260728111E-005   142.56388146583251     
   4.0646042209459367E-005   142.56388140667792     
   4.1002490888487931E-005   142.56388134648131     
   4.1362065472374011E-005   142.56388128522423     
   4.1724793373987257E-005   142.56388122288806     
   4.2090702246596660E-005   142.56388115945376     
   4.2459819985978736E-005   142.56388109490200     
   4.2832174732544202E-005   142.56388102921312     
   4.3207794873483354E-005   142.56388096236702     
   4.3586709044930190E-005   142.56388089434341     
   4.3968946134145527E-005   142.56388082512143     
   4.4354535281719329E-005   142.56388075468007     
   4.4743505883792256E-005   142.56388068299779     
   4.5135887594296727E-005   142.56388061005276     
   4.5531710327217681E-005   142.56388053582270     
   4.5931004258873112E-005   142.56388046028505     
   4.6333799830214631E-005   142.56388038341669     
   4.6740127749148157E-005   142.56388030519420     
   4.7150018992875029E-005   142.56388022559375     
   4.7563504810253595E-005   142.56388014459108     
   4.7980616724181535E-005   142.56388006216145     
   4.8401386533999083E-005   142.56387997827972     
   4.8825846317913300E-005   142.56387989292034     
   4.9254028435443581E-005   142.56387980605723     
   4.9685965529888744E-005   142.56387971766395     
   5.0121690530815542E-005   142.56387962771356     
   5.0561236656569205E-005   142.56387953617858     
   5.1004637416805842E-005   142.56387944303108     
   5.1451926615047149E-005   142.56387934824275     
   5.1903138351257467E-005   142.56387925178458     
   5.2358307024443483E-005   142.56387915362720     
   5.2817467335276684E-005   142.56387905374069     
   5.3280654288738834E-005   142.56387895209457     
   5.3747903196790672E-005   142.56387884865782     
   5.4219249681063927E-005   142.56387874339893     
   5.4694729675577083E-005   142.56387863628581     
   5.5174379429474809E-005   142.56387852728577     
   5.5658235509791527E-005   142.56387841636558     
   5.6146334804239163E-005   142.56387830349141     
   5.6638714524019327E-005   142.56387818862885     
   5.7135412206660225E-005   142.56387807174286     
   5.7636465718878374E-005   142.56387795279781     
   5.8141913259465438E-005   142.56387783175740     
   5.8651793362200416E-005   142.56387770858473     
   5.9166144898787348E-005   142.56387758324226     
   5.9685007081818722E-005   142.56387745569174     
   6.0208419467764963E-005   142.56387732589428     
   6.0736421959990091E-005   142.56387719381030     
   6.1269054811793829E-005   142.56387705939952     
   6.1806358629480426E-005   142.56387692262098     
   6.2348374375454255E-005   142.56387678343290     
   6.2895143371342779E-005   142.56387664179286     
   6.3446707301146745E-005   142.56387649765773     
   6.4003108214418021E-005   142.56387635098349     
   6.4564388529465328E-005   142.56387620172541     
   6.5130591036588115E-005   142.56387604983800     
   6.5701758901338757E-005   142.56387589527492     
   6.6277935667813332E-005   142.56387573798909     
   6.6859165261971308E-005   142.56387557793244     
   6.7445491994984347E-005   142.56387541505626     
   6.8036960566614392E-005   142.56387524931085     
   6.8633616068621524E-005   142.56387508064569     
   6.9235503988201565E-005   142.56387490900926     
   6.9842670211453867E-005   142.56387473434927     
   7.0455161026879590E-005   142.56387455661246     
   7.1073023128910559E-005   142.56387437574466     
   7.1696303621469085E-005   142.56387419169064     
   7.2325050021559075E-005   142.56387400439436     
   7.2959310262888546E-005   142.56387381379864     
   7.3599132699523947E-005   142.56387361984537     
   7.4244566109576550E-005   142.56387342247538     
   7.4895659698921108E-005   142.56387322162851     
   7.5552463104947210E-005   142.56387301724357     
   7.6215026400343406E-005   142.56387280925813     
   7.6883400096914708E-005   142.56387259760879     
   7.7557635149433349E-005   142.56387238223104     
   7.8237782959523472E-005   142.56387216305919     
   7.8923895379579849E-005   142.56387194002639     
   7.9616024716720889E-005   142.56387171306460     
   8.0314223736776424E-005   142.56387148210467     
   8.1018545668310412E-005   142.56387124707615     
   8.1729044206678889E-005   142.56387100790732     
   8.2445773518123578E-005   142.56387076452529     
   8.3168788243901344E-005   142.56387051685581     
   8.3898143504449821E-005   142.56387026482341     
   8.4633894903589750E-005   142.56387000835116     
   8.5376098532763915E-005   142.56386974736091     
   8.6124810975313451E-005   142.56386948177300     
   8.6880089310791613E-005   142.56386921150653     
   8.7641991119315237E-005   142.56386893647897     
   8.8410574485954632E-005   142.56386865660653     
   8.9185898005161640E-005   142.56386837180384     
   8.9968020785236843E-005   142.56386808198403     
   9.0757002452835676E-005   142.56386778705877     
   9.1552903157514278E-005   142.56386748693808     
   9.2355783576315099E-005   142.56386718153044     
   9.3165704918392613E-005   142.56386687074274     
   9.3982728929679931E-005   142.56386655448014     
   9.4806917897595917E-005   142.56386623264626     
   9.5638334655793916E-005   142.56386590514296     
   9.6477042588951928E-005   142.56386557187031     
   9.7323105637604949E-005   142.56386523272673     
   9.8176588303019503E-005   142.56386488760876     
   9.9037555652111068E-005   142.56386453641116     
   9.9906073322404614E-005   142.56386417902687     
   1.0078220752703855E-004   142.56386381534688     
   1.0166602505981264E-004   142.56386344526027     
   1.0255759330028012E-004   142.56386306865417     
   1.0345698021888460E-004   142.56386268541377     
   1.0436425438214184E-004   142.56386229542221     
   1.0527948495786706E-004   142.56386189856050     
   1.0620274172044815E-004   142.56386149470762     
   1.0713409505616493E-004   142.56386108374051     
   1.0807361596855534E-004   142.56386066553375     
   1.0902137608382841E-004   142.56386023995984     
   1.0997744765632493E-004   142.56385980688898     
   1.1094190357402572E-004   142.56385936618915     
   1.1191481736410866E-004   142.56385891772590     
   1.1289626319855389E-004   142.56385846136249     
   1.1388631589979870E-004   142.56385799695974     
   1.1488505094644159E-004   142.56385752437609     
   1.1589254447899659E-004   142.56385704346735     
   1.1690887330569803E-004   142.56385655408690     
   1.1793411490835610E-004   142.56385605608548     
   1.1896834744826385E-004   142.56385554931123     
   1.2001164977215593E-004   142.56385503360966     
   1.2106410141821972E-004   142.56385450882345     
   1.2212578262215897E-004   142.56385397479252     
   1.2319677432331080E-004   142.56385343135412     
   1.2427715817081624E-004   142.56385287834246     
   1.2536701652984488E-004   142.56385231558892     
   1.2646643248787428E-004   142.56385174292188     
   1.2757548986102406E-004   142.56385116016668     
   1.2869427320044599E-004   142.56385056714566     
   1.2982286779876986E-004   142.56384996367797     
   1.3096135969660588E-004   142.56384934957953     
   1.3210983568910428E-004   142.56384872466310     
   1.3326838333257206E-004   142.56384808873807     
   1.3443709095114833E-004   142.56384744161059     
   1.3561604764353760E-004   142.56384678308328     
   1.3680534328980261E-004   142.56384611295528     
   1.3800506855821633E-004   142.56384543102223     
   1.3921531491217440E-004   142.56384473707627     
   1.4043617461716778E-004   142.56384403090573     
   1.4166774074781714E-004   142.56384331229523     
   1.4291010719496823E-004   142.56384258102563     
   1.4416336867285014E-004   142.56384183687396     
   1.4542762072629572E-004   142.56384107961327     
   1.4670295973802589E-004   142.56384030901262     
   1.4798948293599746E-004   142.56383952483699     
   1.4928728840081536E-004   142.56383872684734     
   1.5059647507321031E-004   142.56383791480025     
   1.5191714276158148E-004   142.56383708844805     
   1.5324939214960573E-004   142.56383624753883     
   1.5459332480391333E-004   142.56383539181607     
   1.5594904318183117E-004   142.56383452101883     
   1.5731665063919376E-004   142.56383363488163     
   1.5869625143822284E-004   142.56383273313418     
   1.6008795075547576E-004   142.56383181550149     
   1.6149185468986420E-004   142.56383088170369     
   1.6290807027074256E-004   142.56382993145610     
   1.6433670546606751E-004   142.56382896446888     
   1.6577786919062947E-004   142.56382798044714     
   1.6723167131435550E-004   142.56382697909086     
   1.6869822267068577E-004   142.56382596009459     
   1.7017763506502309E-004   142.56382492314765     
   1.7167002128325656E-004   142.56382386793379     
   1.7317549510036001E-004   142.56382279413123     
   1.7469417128906589E-004   142.56382170141251     
   1.7622616562861529E-004   142.56382058944439     
   1.7777159491358437E-004   142.56381945788775     
   1.7933057696278869E-004   142.56381830639756     
   1.8090323062826510E-004   142.56381713462267     
   1.8248967580433291E-004   142.56381594220574     
   1.8409003343673399E-004   142.56381472878311     
   1.8570442553185359E-004   142.56381349398472     
   1.8733297516602146E-004   142.56381223743412     
   1.8897580649489506E-004   142.56381095874801     
   1.9063304476292468E-004   142.56380965753655     
   1.9230481631290165E-004   142.56380833340285     
   1.9399124859559045E-004   142.56380698594313     
   1.9569247017944512E-004   142.56380561474649     
   1.9740861076041085E-004   142.56380421939480     
   1.9913980117181176E-004   142.56380279946251     
   2.0088617339432505E-004   142.56380135451661     
   2.0264786056604299E-004   142.56379988411646     
   2.0442499699262280E-004   142.56379838781368     
   2.0621771815752576E-004   142.56379686515194     
   2.0802616073234621E-004   142.56379531566691     
   2.0985046258723065E-004   142.56379373888609     
   2.1169076280138887E-004   142.56379213432859     
   2.1354720167369667E-004   142.56379050150514     
   2.1541992073339199E-004   142.56378883991781     
   2.1730906275086462E-004   142.56378714905983     
   2.1921477174854050E-004   142.56378542841560     
   2.2113719301186167E-004   142.56378367746044     
   2.2307647310036236E-004   142.56378189566036     
   2.2503275985884212E-004   142.56378008247205     
   2.2700620242863725E-004   142.56377823734243     
   2.2899695125899069E-004   142.56377635970898     
   2.3100515811852202E-004   142.56377444899906     
   2.3303097610679759E-004   142.56377250462992     
   2.3507455966600261E-004   142.56377052600874     
   2.3713606459271517E-004   142.56376851253202     
   2.3921564804978382E-004   142.56376646358584     
   2.4131346857830907E-004   142.56376437854533     
   2.4342968610973012E-004   142.56376225677460     
   2.4556446197801767E-004   142.56376009762667     
   2.4771795893197338E-004   142.56375790044311     
   2.4989034114763727E-004   142.56375566455387     
   2.5208177424080426E-004   142.56375338927705     
   2.5429242527965008E-004   142.56375107391889     
   2.5652246279746785E-004   142.56374871777325     
   2.5877205680551699E-004   142.56374632012165     
   2.6104137880598386E-004   142.56374388023292     
   2.6333060180505684E-004   142.56374139736297     
   2.6563990032611593E-004   142.56373887075472     
   2.6796945042303747E-004   142.56373629963755     
   2.7031942969361629E-004   142.56373368322755     
   2.7269001729310512E-004   142.56373102072669     
   2.7508139394787285E-004   142.56372831132319     
   2.7749374196918240E-004   142.56372555419063     
   2.7992724526708997E-004   142.56372274848835     
   2.8238208936446528E-004   142.56371989336068     
   2.8485846141113562E-004   142.56371698793697     
   2.8735655019815359E-004   142.56371403133119     
   2.8987654617218956E-004   142.56371102264171     
   2.9241864145005146E-004   142.56370796095104     
   2.9498302983333021E-004   142.56370484532550     
   2.9756990682317560E-004   142.56370167481501     
   3.0017946963519984E-004   142.56369844845264     
   3.0281191721451327E-004   142.56369516525456     
   3.0546745025089090E-004   142.56369182421952     
   3.0814627119407276E-004   142.56368842432869     
   3.1084858426919776E-004   142.56368496454525     
   3.1357459549237330E-004   142.56368144381415     
   3.1632451268638146E-004   142.56367786106173     
   3.1909854549652244E-004   142.56367421519539     
   3.2189690540659752E-004   142.56367050510335     
   3.2471980575503193E-004   142.56366672965416     
   3.2756746175113919E-004   142.56366288769655     
   3.3044009049152756E-004   142.56365897805887     
   3.3333791097665149E-004   142.56365499954890     
   3.3626114412750710E-004   142.56365095095336     
   3.3921001280247463E-004   142.56364683103760     
   3.4218474181430859E-004   142.56364263854533     
   3.4518555794727646E-004   142.56363837219794     
   3.4821268997444859E-004   142.56363403069446     
   3.5126636867513863E-004   142.56362961271091     
   3.5434682685249778E-004   142.56362511689997     
   3.5745429935126274E-004   142.56362054189077     
   3.6058902307565984E-004   142.56361588628801     
   3.6375123700746568E-004   142.56361114867209     
   3.6694118222422629E-004   142.56360632759817     
   3.7015910191763661E-004   142.56360142159608     
   3.7340524141207999E-004   142.56359642916971     
   3.7667984818333166E-004   142.56359134879662     
   3.7998317187742508E-004   142.56358617892758     
   3.8331546432968431E-004   142.56358091798597     
   3.8667697958392322E-004   142.56357556436754     
   3.9006797391181303E-004   142.56357011643959     
   3.9348870583241942E-004   142.56356457254083     
   3.9693943613191174E-004   142.56355893098061     
   4.0042042788344408E-004   142.56355319003859     
   4.0393194646721131E-004   142.56354734796398     
   4.0747425959068110E-004   142.56354140297526     
   4.1104763730900266E-004   142.56353535325954     
   4.1465235204559531E-004   142.56352919697190     
   4.1828867861291706E-004   142.56352293223503     
   4.2195689423341553E-004   142.56351655713840     
   4.2565727856066235E-004   142.56351006973799     
   4.2939011370067337E-004   142.56350346805544     
   4.3315568423341538E-004   142.56349675007758     
   4.3695427723450177E-004   142.56348991375569     
   4.4078618229707813E-004   142.56348295700511     
   4.4465169155389998E-004   142.56347587770429     
   4.4855109969960420E-004   142.56346867369447     
   4.5248470401317562E-004   142.56346134277874     
   4.5645280438061039E-004   142.56345388272152     
   4.6045570331777893E-004   142.56344629124789     
   4.6449370599348818E-004   142.56343856604281     
   4.6856712025274735E-004   142.56343070475049     
   4.7267625664023646E-004   142.56342270497356     
   4.7682142842398194E-004   142.56341456427259     
   4.8100295161923877E-004   142.56340628016500     
   4.8522114501258265E-004   142.56339785012455     
   4.8947633018621341E-004   142.56338927158049     
   4.9376883154247139E-004   142.56338054191681     
   4.9809897632856898E-004   142.56337165847143     
   5.0246709466153863E-004   142.56336261853528     
   5.0687351955340033E-004   142.56335341935161     
   5.1131858693654946E-004   142.56334405811521     
   5.1580263568936670E-004   142.56333453197138     
   5.2032600766205382E-004   142.56332483801503     
   5.2488904770269472E-004   142.56331497329006     
   5.2949210368354602E-004   142.56330493478816     
   5.3413552652755748E-004   142.56329471944815     
   5.3881967023512516E-004   142.56328432415486     
   5.4354489191108012E-004   142.56327374573820     
   5.4831155179191197E-004   142.56326298097238     
   5.5312001327323293E-004   142.56325202657456     
   5.5797064293748155E-004   142.56324087920433     
   5.6286381058187022E-004   142.56322953546223     
   5.6779988924657721E-004   142.56321799188902     
   5.7277925524318600E-004   142.56320624496450     
   5.7780228818337428E-004   142.56319429110644     
   5.8286937100785429E-004   142.56318212666952     
   5.8798089001556742E-004   142.56316974794424     
   5.9313723489313368E-004   142.56315715115568     
   5.9833879874456096E-004   142.56314433246249     
   6.0358597812121381E-004   142.56313128795566     
   6.0887917305204524E-004   142.56311801365720     
   6.1421878707409376E-004   142.56310450551922     
   6.1960522726324779E-004   142.56309075942235     
   6.2503890426528024E-004   142.56307677117482     
   6.3052023232715412E-004   142.56306253651090     
   6.3604962932860417E-004   142.56304805108971     
   6.4162751681399435E-004   142.56303331049406     
   6.4725432002445561E-004   142.56301831022876     
   6.5293046793030390E-004   142.56300304571951     
   6.5865639326374500E-004   142.56298751231145     
   6.6443253255186357E-004   142.56297170526770     
   6.7025932614990286E-004   142.56295561976796     
   6.7613721827483662E-004   142.56293925090696     
   6.8206665703923438E-004   142.56292259369306     
   6.8804809448542385E-004   142.56290564304675     
   6.9408198661995428E-004   142.56288839379891     
   7.0016879344836000E-004   142.56287084068947     
   7.0630897901023020E-004   142.56285297836570     
   7.1250301141458625E-004   142.56283480138043     
   7.1875136287556792E-004   142.56281630419073     
   7.2505450974843502E-004   142.56279748115594     
   7.3141293256588180E-004   142.56277832653606     
   7.3782711607467226E-004   142.56275883448996     
   7.4429754927259550E-004   142.56273899907353     
   7.5082472544574490E-004   142.56271881423814     
   7.5740914220612601E-004   142.56269827382846     
   7.6405130152959141E-004   142.56267737158078     
   7.7075170979411104E-004   142.56265610112109     
   7.7751087781837639E-004   142.56263445596301     
   7.8432932090074375E-004   142.56261242950598     
   7.9120755885851908E-004   142.56259001503312     
   7.9814611606758719E-004   142.56256720570926     
   8.0514552150238896E-004   142.56254399457882     
   8.1220630877624806E-004   142.56252037456366     
   8.1932901618205249E-004   142.56249633846107     
   8.2651418673329255E-004   142.56247187894127     
   8.3376236820545781E-004   142.56244698854550     
   8.4107411317779844E-004   142.56242165968362     
   8.4844997907545215E-004   142.56239588463174     
   8.5589052821194043E-004   142.56236965552986     
   8.6339632783203734E-004   142.56234296437964     
   8.7096795015501527E-004   142.56231580304180     
   8.7860597241826816E-004   142.56228816323363     
   8.8631097692131941E-004   142.56226003652662     
   8.9408355107021404E-004   142.56223141434367     
   9.0192428742230039E-004   142.56220228795669     
   9.0983378373140559E-004   142.56217264848382     
   9.1781264299340640E-004   142.56214248688673     
   9.2586147349219916E-004   142.56211179396783     
   9.3398088884607405E-004   142.56208056036763     
   9.4217150805449550E-004   142.56204877656168     
   9.5043395554529251E-004   142.56201643285777     
   9.5876886122226303E-004   142.56198351939298     
   9.6717686051319676E-004   142.56195002613069     
   9.7565859441831710E-004   142.56191594285735     
   9.8421470955914968E-004   142.56188125917964     
   9.9284585822781869E-004   142.56184596452113     
   1.0015526984367758E-003   142.56181004811907     
   1.0103358939689644E-003   142.56177349902103     
   1.0191961144284257E-003   142.56173630608183     
   1.0281340352913458E-003   142.56169845795984     
   1.0371503379575527E-003   142.56165994311368     
   1.0462457098024641E-003   142.56162074979872     
   1.0554208442294908E-003   142.56158086606337     
   1.0646764407228994E-003   142.56154027974560     
   1.0740132049011394E-003   142.56149897846905     
   1.0834318485706367E-003   142.56145694963939     
   1.0929330897800600E-003   142.56141418044052     
   1.1025176528750629E-003   142.56137065783042     
   1.1121862685535048E-003   142.56132636853758     
   1.1219396739211580E-003   142.56128129905642     
   1.1317786125479023E-003   142.56123543564374     
   1.1417038345244125E-003   142.56118876431407     
   1.1517160965193421E-003   142.56114127083566     
   1.1618161618370106E-003   142.56109294072610     
   1.1720048004755952E-003   142.56104375924778     
   1.1822827891858326E-003   142.56099371140365     
   1.1926509115302369E-003   142.56094278193234     
   1.2031099579428352E-003   142.56089095530373     
   1.2136607257894284E-003   142.56083821571414     
   1.2243040194283798E-003   142.56078454708148     
   1.2350406502719367E-003   142.56072993304048     
   1.2458714368480911E-003   142.56067435693745     
   1.2567972048629795E-003   142.56061780182552     
   1.2678187872638348E-003   142.56056025045919     
   1.2789370243024862E-003   142.56050168528921     
   1.2901527635994169E-003   142.56044208845728     
   1.3014668602083861E-003   142.56038144179050     
   1.3128801766816138E-003   142.56031972679585     
   1.3243935831355402E-003   142.56025692465454     
   1.3360079573171597E-003   142.56019301621640     
   1.3477241846709394E-003   142.56012798199384     
   1.3595431584063208E-003   142.56006180215613     
   1.3714657795658163E-003   142.55999445652310     
   1.3834929570937023E-003   142.55992592455922     
   1.3956256079053135E-003   142.55985618536724     
   1.4078646569569454E-003   142.55978521768182     
   1.4202110373163722E-003   142.55971299986300     
   1.4326656902339790E-003   142.55963950988971     
   1.4452295652145203E-003   142.55956472535300     
   1.4579036200895075E-003   142.55948862344920     
   1.4706888210902318E-003   142.55941118097297     
   1.4835861429214258E-003   142.55933237431026     
   1.4965965688355717E-003   142.55925217943104     
   1.5097210907078630E-003   142.55917057188216     
   1.5229607091118199E-003   142.55908752677956     
   1.5363164333955729E-003   142.55900301880104     
   1.5497892817588085E-003   142.55891702217826     
   1.5633802813303976E-003   142.55882951068918     
   1.5770904682466979E-003   142.55874045764972     
   1.5909208877305475E-003   142.55864983590587     
   1.6048725941709477E-003   142.55855761782539     
   1.6189466512034488E-003   142.55846377528931     
   1.6331441317912363E-003   142.55836827968338     
   1.6474661183069311E-003   142.55827110188937     
   1.6619137026151062E-003   142.55817221227616     
   1.6764879861555285E-003   142.55807158069081     
   1.6911900800271262E-003   142.55796917644918     
   1.7060211050726984E-003   142.55786496832678     
   1.7209821919643635E-003   142.55775892454918     
   1.7360744812897587E-003   142.55765101278220     
   1.7512991236389936E-003   142.55754120012224     
   1.7666572796923700E-003   142.55742945308617     
   1.7821501203088663E-003   142.55731573760113     
   1.7977788266154021E-003   142.55720001899414     
   1.8135445900968818E-003   142.55708226198149     
   1.8294486126870318E-003   142.55696243065810     
   1.8454921068600306E-003   142.55684048848653     
   1.8616762957229455E-003   142.55671639828572     
   1.8780024131089773E-003   142.55659012221983     
   1.8944717036715245E-003   142.55646162178667     
   1.9110854229790724E-003   142.55633085780590     
   1.9278448376109133E-003   142.55619779040711     
   1.9447512252537063E-003   142.55606237901776     
   1.9618058747988849E-003   142.55592458235063     
   1.9790100864409176E-003   142.55578435839146     
   1.9963651717764316E-003   142.55564166438600     
   2.0138724539042036E-003   142.55549645682700     
   2.0315332675260303E-003   142.55534869144097     
   2.0493489590484811E-003   142.55519832317469     
   2.0673208866855432E-003   142.55504530618157     
   2.0854504205621710E-003   142.55488959380745     
   2.1037389428187349E-003   142.55473113857653     
   2.1221878477163973E-003   142.55456989217711     
   2.1407985417434021E-003   142.55440580544635     
   2.1595724437223044E-003   142.55423882835581     
   2.1785109849181347E-003   142.55406890999592     
   2.1976156091475158E-003   142.55389599856051     
   2.2168877728887346E-003   142.55372004133113     
   2.2363289453927785E-003   142.55354098466086     
   2.2559406087953489E-003   142.55335877395805     
   2.2757242582298531E-003   142.55317335366956     
   2.2956814019413877E-003   142.55298466726407     
   2.3158135614017258E-003   142.55279265721461     
   2.3361222714253049E-003   142.55259726498122     
   2.3566090802862412E-003   142.55239843099289     
   2.3772755498363629E-003   142.55219609462978     
   2.3981232556242803E-003   142.55199019420431     
   2.4191537870155017E-003   142.55178066694268     
   2.4403687473136025E-003   142.55156744896564     
   2.4617697538824560E-003   142.55135047526915     
   2.4833584382695341E-003   142.55112967970422     
   2.5051364463302946E-003   142.55090499495722     
   2.5271054383536537E-003   142.55067635252914     
   2.5492670891885641E-003   142.55044368271464     
   2.5716230883716966E-003   142.55020691458105     
   2.5941751402562495E-003   142.54996597594661     
   2.6169249641418788E-003   142.54972079335843     
   2.6398742944057775E-003   142.54947129207031     
   2.6630248806348944E-003   142.54921739601980     
   2.6863784877593187E-003   142.54895902780518     
   2.7099368961868366E-003   142.54869610866169     
   2.7337019019386573E-003   142.54842855843773     
   2.7576753167863430E-003   142.54815629557041     
   2.7818589683899280E-003   142.54787923706061     
   2.8062547004372557E-003   142.54759729844778     
   2.8308643727845374E-003   142.54731039378433     
   2.8556898615981377E-003   142.54701843560909     
   2.8807330594976129E-003   142.54672133492116     
   2.9059958756999949E-003   142.54641900115251     
   2.9314802361653453E-003   142.54611134214045     
   2.9571880837435849E-003   142.54579826409957     
   2.9831213783226103E-003   142.54547967159317     
   3.0092820969777096E-003   142.54515546750437     
   3.0356722341222898E-003   142.54482555300626     
   3.0622938016599218E-003   142.54448982753195     
   3.0891488291377263E-003   142.54414818874409     
   3.1162393639010966E-003   142.54380053250347     
   3.1435674712497834E-003   142.54344675283744     
   3.1711352345953465E-003   142.54308674190767     
   3.1989447556199885E-003   142.54272038997723     
   3.2269981544367798E-003   142.54234758537740     
   3.2552975697512899E-003   142.54196821447334     
   3.2838451590246360E-003   142.54158216162980     
   3.3126430986379607E-003   142.54118930917576     
   3.3416935840583544E-003   142.54078953736871     
   3.3709988300062274E-003   142.54038272435807     
   3.4005610706241566E-003   142.53996874614836     
   3.4303825596472097E-003   142.53954747656118     
   3.4604655705747604E-003   142.53911878719697     
   3.4908123968438167E-003   142.53868254739592     
   3.5214253520038626E-003   142.53823862419813     
   3.5523067698932371E-003   142.53778688230332     
   3.5834590048170593E-003   142.53732718402944     
   3.6148844317267126E-003   142.53685938927106     
   3.6465854464009049E-003   142.53638335545637     
   3.6785644656283137E-003   142.53589893750416     
   3.7108239273918376E-003   142.53540598777954     
   3.7433662910544572E-003   142.53490435604897     
   3.7761940375467310E-003   142.53439388943463     
   3.8093096695559362E-003   142.53387443236790     
   3.8427157117168617E-003   142.53334582654207     
   3.8764147108042808E-003   142.53280791086416     
   3.9104092359271104E-003   142.53226052140587     
   3.9447018787242714E-003   142.53170349135388     
   3.9792952535622657E-003   142.53113665095893     
   4.0141919977344891E-003   142.53055982748438     
   4.0493947716622909E-003   142.52997284515354     
   4.0849062590977954E-003   142.52937552509621     
   4.1207291673285027E-003   142.52876768529461     
   4.1568662273836852E-003   142.52814914052749     
   4.1933201942425920E-003   142.52751970231432     
   4.2300938470444804E-003   142.52687917885768     
   4.2671899893004890E-003   142.52622737498521     
   4.3046114491073701E-003   142.52556409208998     
   4.3423610793630919E-003   142.52488912807038     
   4.3804417579843382E-003   142.52420227726864     
   4.4188563881259095E-003   142.52350333040815     
   4.4576078984020521E-003   142.52279207453014     
   4.4966992431097284E-003   142.52206829292876     
   4.5361334024538371E-003   142.52133176508525     
   4.5759133827744233E-003   142.52058226660111     
   4.6160422167758671E-003   142.51981956912962     
   4.6565229637580887E-003   142.51904344030689     
   4.6973587098497818E-003   142.51825364368074     
   4.7385525682436900E-003   142.51744993863937     
   4.7801076794339445E-003   142.51663208033804     
   4.8220272114554898E-003   142.51579981962462     
   4.8643143601256027E-003   142.51495290296413     
   4.9069723492875320E-003   142.51409107236165     
   4.9500044310562749E-003   142.51321406528399     
   4.9934138860665079E-003   142.51232161457995     
   5.0372040237226922E-003   142.51141344839917     
   5.0813781824513718E-003   142.51048929010983     
   5.1259397299556909E-003   142.50954885821434     
   5.1708920634721267E-003   142.50859186626417     
   5.2162386100294928E-003   142.50761802277273     
   5.2619828267102030E-003   142.50662703112707     
   5.3081282009138277E-003   142.50561858949771     
   5.3546782506229641E-003   142.50459239074718     
   5.4016365246714352E-003   142.50354812233675     
   5.4490066030148439E-003   142.50248546623169     
   5.4967920970034941E-003   142.50140409880473     
   5.5449966496577147E-003   142.50030369073787     
   5.5936239359455865E-003   142.49918390692267     
   5.6426776630631144E-003   142.49804440635833     
   5.6921615707168534E-003   142.49688484204864     
   5.7420794314090064E-003   142.49570486089655     
   5.7924350507250364E-003   142.49450410359702     
   5.8432322676237871E-003   142.49328220452838     
   5.8944749547301554E-003   142.49203879164136     
   5.9461670186303286E-003   142.49077348634631     
   5.9983124001696097E-003   142.48948590339853     
   6.0509150747528563E-003   142.48817565078144     
   6.1039790526475537E-003   142.48684232958800     
   6.1575083792895433E-003   142.48548553389958     
   6.2115071355914363E-003   142.48410485066333     
   6.2659794382537307E-003   142.48269985956682     
   6.3209294400786535E-003   142.48127013291091     
   6.3763613302867594E-003   142.47981523548009     
   6.4322793348363036E-003   142.47833472441096     
   6.4886877167454173E-003   142.47682814905792     
   6.5455907764171047E-003   142.47529505085691     
   6.6029928519670935E-003   142.47373496318659     
   6.6608983195545609E-003   142.47214741122716     
   6.7193115937157601E-003   142.47053191181664     
   6.7782371277005640E-003   142.46888797330482     
   6.8376794138119770E-003   142.46721509540438     
   6.8976429837486050E-003   142.46551276903992     
   6.9581324089501477E-003   142.46378047619348     
   7.0191523009459026E-003   142.46201768974848     
   7.0807073117063399E-003   142.46022387333011     
   7.1428021339977523E-003   142.45839848114315     
   7.2054415017400158E-003   142.45654095780719     
   7.2686301903674934E-003   142.45465073818883     
   7.3323730171930938E-003   142.45272724723077     
   7.3966748417755345E-003   142.45076989977829     
   7.4615405662898171E-003   142.44877810040248     
   7.5269751359009528E-003   142.44675124322043     
   7.5929835391409708E-003   142.44468871171242     
   7.6595708082892204E-003   142.44258987853559     
   7.7267420197560293E-003   142.44045410533502     
   7.7945022944697030E-003   142.43828074255066     
   7.8628567982669314E-003   142.43606912922178     
   7.9318107422866220E-003   142.43381859278733     
   8.0013693833671708E-003   142.43152844888328     
   8.0715380244472373E-003   142.42919800113623     
   8.1423220149700222E-003   142.42682654095356     
   8.2137267512910842E-003   142.42441334730987     
   8.2857576770897570E-003   142.42195768652954     
   8.3584202837841456E-003   142.41945881206613     
   8.4317201109497791E-003   142.41691596427705     
   8.5056627467419328E-003   142.41432837019528     
   8.5802538283216555E-003   142.41169524329632     
   8.6554990422855194E-003   142.40901578326162     
   8.7314041250991584E-003   142.40628917573778     
   8.8079748635345925E-003   142.40351459209157     
   8.8852170951113987E-003   142.40069118916060     
   8.9631367085417409E-003   142.39781810899996     
   9.0417396441793123E-003   142.39489447862417     
   9.1210318944722046E-003   142.39191940974490     
   9.2010195044197572E-003   142.38889199850408     
   9.2817085720334098E-003   142.38581132520233     
   9.3631052488015974E-003   142.38267645402289     
   9.4452157401587120E-003   142.37948643275058     
   9.5280463059581964E-003   142.37624029248610     
   9.6116032609497807E-003   142.37293704735521     
   9.6958929752608784E-003   142.36957569421313     
   9.7809218748822480E-003   142.36615521234367     
   9.8666964421578792E-003   142.36267456315318     
   9.9532232162791862E-003   142.35913268985945     
   1.0040508793783542E-002   142.35552851717495     
   1.0128559829057179E-002   142.35186095098487     
   1.0217383034842488E-002   142.34812887801948     
   1.0306985182749792E-002   142.34433116552106     
   1.0397373103773578E-002   142.34046666090472     
   1.0488553688813287E-002   142.33653419141393     
   1.0580533889198643E-002   142.33253256376972     
   1.0673320717219603E-002   142.32846056381396     
   1.0766921246660959E-002   142.32431695614673     
   1.0861342613341617E-002   142.32010048375722     
   1.0956592015658609E-002   142.31580986764848     
   1.1052676715135882E-002   142.31144380645569     
   1.1149604036977886E-002   142.30700097605782     
   1.1247381370628034E-002   142.30248002918287     
   1.1346016170332046E-002   142.29787959500626     
   1.1445515955706236E-002   142.29319827874210     
   1.1545888312310798E-002   142.28843466122797     
   1.1647140892228078E-002   142.28358729850234     
   1.1749281414645981E-002   142.27865472137486     
   1.1852317666446427E-002   142.27363543498907     
   1.1956257502799019E-002   142.26852791837828     
   1.2061108847759886E-002   142.26333062401312     
   1.2166879694875801E-002   142.25804197734215     
   1.2273578107793569E-002   142.25266037632414     
   1.2381212220874786E-002   142.24718419095251     
   1.2489790239815977E-002   142.24161176277198     
   1.2599320442274169E-002   142.23594140438669     
   1.2709811178497954E-002   142.23017139896018     
   1.2821270871964092E-002   142.22429999970683     
   1.2933708020019688E-002   142.21832542937466     
   1.3047131194530003E-002   142.21224587971960     
   1.3161549042531948E-002   142.20605951097059     
   1.3276970286893309E-002   142.19976445128586     
   1.3393403726977747E-002   142.19335879619996     
   1.3510858239315639E-002   142.18684060806149     
   1.3629342778280798E-002   142.18020791546135     
   1.3748866376773127E-002   142.17345871265150     
   1.3869438146907255E-002   142.16659095895352     
   1.3991067280707222E-002   142.15960257815797     
   1.4113763050807250E-002   142.15249145791304     
   1.4237534811158659E-002   142.14525544910313     
   1.4362391997742979E-002   142.13789236521723     
   1.4488344129291337E-002   142.13039998170646     
   1.4615400808010113E-002   142.12277603533101     
   1.4743571720313004E-002   142.11501822349612     
   1.4872866637559471E-002   142.10712420357720     
   1.5003295416799687E-002   142.09909159223321     
   1.5134868001526003E-002   142.09091796470918     
   1.5267594422431014E-002   142.08260085412681     
   1.5401484798172270E-002   142.07413775076330     
   1.5536549336143677E-002   142.06552610131837     
   1.5672798333253701E-002   142.05676330816883     
   1.5810242176710353E-002   142.04784672861129     
   1.5948891344813084E-002   142.03877367409189     
   1.6088756407751627E-002   142.02954140942350     
   1.6229848028411823E-002   142.02014715199013     
   1.6372176963188538E-002   142.01058807093787     
   1.6515754062805688E-002   142.00086128635311     
   1.6660590273143473E-002   141.99096386842655     
   1.6806696636072850E-002   141.98089283660408     
   1.6954084290297346E-002   141.97064515872333     
   1.7102764472202214E-002   141.96021775013654     
   1.7252748516711089E-002   141.94960747281854     
   1.7404047858150105E-002   141.93881113446065     
   1.7556674031119629E-002   141.92782548754963     
   1.7710638671373610E-002   141.91664722843157     
   1.7865953516706674E-002   141.90527299636074     
   1.8022630407848950E-002   141.89369937253286     
   1.8180681289368790E-002   141.88192287910289     
   1.8340118210583390E-002   141.86993997818666     
   1.8500953326477377E-002   141.85774707084687     
   1.8663198898629468E-002   141.84534049606211     
   1.8826867296147288E-002   141.83271652968000     
   1.8991970996610305E-002   141.81987138335282     
   1.9158522587021120E-002   141.80680120345670     
   1.9326534764765042E-002   141.79350206999311     
   1.9496020338578102E-002   141.77996999547310     
   1.9666992229523558E-002   141.76620092378340     
   1.9839463471976952E-002   141.75219072903502     
   2.0013447214619819E-002   141.73793521439296     
   2.0188956721442084E-002   141.72343011088790     
   2.0366005372753283E-002   141.70867107620887     
   2.0544606666202638E-002   141.69365369347685     
   2.0724774217808072E-002   141.67837346999926     
   2.0906521762994245E-002   141.66282583600466     
   2.1089863157639721E-002   141.64700614335786     
   2.1274812379133281E-002   141.63090966425477     
   2.1461383527439516E-002   141.61453158989713     
   2.1649590826173779E-002   141.59786702914624     
   2.1839448623686537E-002   141.58091100715632     
   2.2030971394157252E-002   141.56365846398640     
   2.2224173738697846E-002   141.54610425319075     
   2.2419070386465838E-002   141.52824314038787     
   2.2615676195787280E-002   141.51006980180742     
   2.2814006155289460E-002   141.49157882281466     
   2.3014075385043641E-002   141.47276469641307     
   2.3215899137717731E-002   141.45362182172317     
   2.3419492799739122E-002   141.43414450243932     
   2.3624871892467696E-002   141.41432694526253     
   2.3832052073379115E-002   141.39416325830979     
   2.4041049137258536E-002   141.37364744949974     
   2.4251879017404707E-002   141.35277342491383     
   2.4464557786844716E-002   141.33153498713338     
   2.4679101659559319E-002   141.30992583355169     
   2.4895526991719073E-002   141.28793955466108     
   2.5113850282931248E-002   141.26556963231519     
   2.5334088177497736E-002   141.24280943796484     
   2.5556257465683945E-002   141.21965223086912     
   2.5780375084998843E-002   141.19609115627938     
   2.6006458121486220E-002   141.17211924359762     
   2.6234523811027283E-002   141.14772940450788     
   2.6464589540654650E-002   141.12291443108069     
   2.6696672849877909E-002   141.09766699385062     
   2.6930791432020748E-002   141.07197963986616     
   2.7166963135569870E-002   141.04584479071190     
   2.7405205965535685E-002   141.01925474050307     
   2.7645538084824964E-002   140.99220165385148     
   2.7887977815625530E-002   140.96467756380318     
   2.8132543640803066E-002   140.93667436974738     
   2.8379254205310234E-002   140.90818383529668     
   2.8628128317608043E-002   140.87919758613765     
   2.8879184951099823E-002   140.84970710785225     
   2.9132443245577639E-002   140.81970374370977     
   2.9387922508681493E-002   140.78917869242849     
   2.9645642217371246E-002   140.75812300590761     
   2.9905622019411507E-002   140.72652758692877     
   3.0167881734869510E-002   140.69438318682703     
   3.0432441357626124E-002   140.66168040313121     
   3.0699321056900156E-002   140.62840967717329     
   3.0968541178785954E-002   140.59456129166693     
   3.1240122247804546E-002   140.56012536825446     
   3.1514084968468387E-002   140.52509186502289     
   3.1790450226859772E-002   140.48945057398791     
   3.2069239092223159E-002   140.45319111854678     
   3.2350472818571396E-002   140.41630295089891     
   3.2634172846306091E-002   140.37877534943470     
   3.2920360803852140E-002   140.34059741609266     
   3.3209058509306617E-002   140.30175807368411     
   3.3500287972102132E-002   140.26224606318550     
   3.3794071394684745E-002   140.22204994099920     
   3.4090431174206619E-002   140.18115807618133     
   3.4389389904233528E-002   140.13955864763767     
   3.4690970376467289E-002   140.09723964128710     
   3.4995195582483367E-002   140.05418884719285     
   3.5302088715483640E-002   140.01039385666138     
   3.5611673172064630E-002   139.96584205930898     
   3.5923972554001135E-002   139.92052064009664     
   3.6239010670045604E-002   139.87441657633212     
   3.6556811537743213E-002   139.82751663464074     
   3.6877399385262896E-002   139.77980736790411     
   3.7200798653244424E-002   139.73127511216725     
   3.7527033996661713E-002   139.68190598351407     
   3.7856130286702393E-002   139.63168587491188     
   3.8188112612663958E-002   139.58060045302503     
   3.8523006283866471E-002   139.52863515499729     
   3.8860836831582077E-002   139.47577518520450     
   3.9201630010981425E-002   139.42200551197666     
   3.9545411803097189E-002   139.36731086429060     
   3.9892208416804735E-002   139.31167572843353     
   4.0242046290820253E-002   139.25508434463728     
   4.0594952095716327E-002   139.19752070368469     
   4.0950952735955254E-002   139.13896854348812     
   4.1310075351940125E-002   139.07941134564047     
   4.1672347322083934E-002   139.01883233193996     
   4.2037796264896857E-002   138.95721446088879     
   4.2406450041091753E-002   138.89454042416634     
   4.2778336755708218E-002   138.83079264307841     
   4.3153484760255198E-002   138.76595326498244     
   4.3531922654872462E-002   138.70000415968977     
   4.3913679290510946E-002   138.63292691584647     
   4.4298783771132277E-002   138.56470283729286     
   4.4687265455927584E-002   138.49531293940336     
   4.5079153961555742E-002   138.42473794540746     
   4.5474479164401255E-002   138.35295828269298     
   4.5873271202851937E-002   138.27995407909330     
   4.6275560479596578E-002   138.20570515915895     
   4.6681377663942751E-002   138.13019104041578     
   4.7090753694154955E-002   138.05339092961100     
   4.7503719779813214E-002   137.97528371894791     
   4.7920307404192466E-002   137.89584798231198     
   4.8340548326662694E-002   137.81506197148911     
   4.8764474585110192E-002   137.73290361237838     
   4.9192118498380039E-002   137.64935050120056     
   4.9623512668739961E-002   137.56437990070512     
   5.0058689984365863E-002   137.47796873637697     
   5.0497683621849095E-002   137.39009359264580     
   5.0940527048725759E-002   137.30073070909930     
   5.1387254026028145E-002   137.20985597670409     
   5.1837898610858600E-002   137.11744493403492     
   5.2292495158985902E-002   137.02347276351642     
   5.2751078327464486E-002   136.92791428767910     
   5.3213683077276537E-002   136.83074396543248     
   5.3680344675997346E-002   136.73193588835881     
   5.4151098700483999E-002   136.63146377702961     
   5.4625981039587622E-002   136.52930097734907     
   5.5105027896889487E-002   136.42542045692670     
   5.5588275793461005E-002   136.31979480148379     
   5.6075761570648024E-002   136.21239621129592     
   5.6567522392879474E-002   136.10319649767666     
   5.7063595750500698E-002   135.99216707950509     
   5.7564019462631580E-002   135.87927897980231     
   5.8068831680049747E-002   135.76450282236010     
   5.8578070888099097E-002   135.64780882842703     
   5.9091775909623799E-002   135.52916681345584     
   5.9609985907928022E-002   135.40854618391722     
   6.0132740389761616E-002   135.28591593418497     
   6.0660079208331996E-002   135.16124464349693     
   6.1192042566342426E-002   135.03450047299810     
   6.1728671019056970E-002   134.90565116287027     
   6.2270005477392282E-002   134.77466402955463     
   6.2816087211036500E-002   134.64150596307289     
   6.3366957851595601E-002   134.50614342445286     
   6.3922659395767190E-002   134.36854244326543     
   6.4483234208542226E-002   134.22866861527865     
   6.5048725026434828E-002   134.08648710023627     
   6.5619174960740323E-002   133.94196261976759     
   6.6194627500821987E-002   133.79505945543565     
   6.6775126517426481E-002   133.64574144693142     
   6.7360716266028450E-002   133.49397199042187     
   6.7951441390204384E-002   133.33971403705971     
   6.8547346925036223E-002   133.18293009166271     
   6.9148478300544547E-002   133.02358221157215     
   6.9754881345152134E-002   132.86163200569786     
   7.0366602289177696E-002   132.69704063376031     
   7.0983687768360421E-002   132.52976880573775     
   7.1606184827415292E-002   132.35977678152918     
   7.2234140923619572E-002   132.18702437084266     
   7.2867603930430985E-002   132.01147093331886     
   7.3506622141137207E-002   131.83307537890124     
   7.4151244272537803E-002   131.65179616846291     
   7.4801519468658123E-002   131.46759131470205     
   7.5457497304495899E-002   131.28041838331706     
   7.6119227789800792E-002   131.09023449447324     
   7.6786761372886897E-002   130.89699632457345     
   7.7460148944478724E-002   130.70066010834552     
   7.8139441841591092E-002   130.50118164125831     
   7.8824691851442780E-002   130.29851628228093     
   7.9515951215404709E-002   130.09261895699788     
   8.0213272632982585E-002   129.88344416109442     
   8.0916709265834649E-002   129.67094596422626     
   8.1626314741824454E-002   129.45507801428857     
   8.2342143159109357E-002   129.23579354209912     
   8.3064249090264802E-002   129.01304536651102     
   8.3792687586444731E-002   128.78678589997114     
   8.4527514181578514E-002   128.55696715453985     
   8.5268784896604749E-002   128.32354074838935     
   8.6016556243741993E-002   128.08645791279696     
   8.6770885230797290E-002   127.84566949965084     
   8.7531829365512043E-002   127.60112598948641     
   8.8299446659946407E-002   127.35277750007039     
   8.9073795634901864E-002   127.10057379555222     
   8.9854935324382684E-002   126.84446429620088     
   9.0642925280096487E-002   126.58439808874661     
   9.1437825575994308E-002   126.32032393734704     
   9.2239696812850491E-002   126.05219029519789     
   9.3048600122882588E-002   125.77994531680842     
   9.3864597174411993E-002   125.50353687096215     
   9.4687750176565305E-002   125.22291255438411     
   9.5518121884017024E-002   124.93801970613610     
   9.6355775601773677E-002   124.64880542276126     
   9.7200775190000033E-002   124.35521657420023     
   9.8053185068887702E-002   124.05719982050110     
   9.8913070223566157E-002   123.75470162934617     
   9.9780496209057185E-002   123.44766829441747     
  0.10065552915527244        123.13604595462542     
  0.10153823577205510        122.81978061422289     
  0.10242868335426562        122.49881816382911     
  0.10332693978691201        122.17310440238693     
  0.10423307355032518        121.84258506007700     
  0.10514715372537982        121.50720582221413     
  0.10606924999876072        121.16691235414889     
  0.10699943266827558        120.82165032719961     
  0.10793777264821429        120.47136544563897     
  0.10888434147475524        120.11600347475967     
  0.10983921131141891        119.75551027004363     
  0.11080245495456956        119.38983180745923     
  0.11177414583896485        119.01891421491086     
  0.11275435804335440        118.64270380486495     
  0.11374316629612725        118.26114710817681     
  0.11474064598100898        117.87419090914159     
  0.11574687314280867        117.48178228179337     
  0.11676192449321639        117.08386862747538     
  0.11778587741665143        116.68039771370414     
  0.11881880997616186        116.27131771434981     
  0.11986080091937580        115.85657725115492     
  0.12091192968450497        115.43612543661229     
  0.12197227640640072        115.00991191822288     
  0.12304192192266332        114.57788692415359     
  0.12412094777980474        114.14000131031362     
  0.12520943623946562        113.69620660886794     
  0.12630747028468642        113.24645507820469     
  0.12741513362623405        112.79069975437235     
  0.12853251070898356        112.32889450400212     
  0.12965968671835598        111.86099407872844     
  0.13079674758681267        111.38695417111990     
  0.13194378000040649        110.90673147213155     
  0.13310087140539043        110.42028373008714     
  0.13426811001488440        109.92756981119885     
  0.13544558481560015        109.42854976162980     
  0.13663338557462548        108.92318487110271     
  0.13783160284626778        108.41143773805624     
  0.13904032797895752        107.89327233634755     
  0.14025965312221250        107.36865408349819     
  0.14148967123366302        106.83754991047698     
  0.14273047608613862        106.29992833301131     
  0.14398216227481708        105.75575952441561     
  0.14524482522443607        105.20501538992184     
  0.14651856119656809        104.64766964249466     
  0.14780346729695903        104.08369788011017     
  0.14909964148293137        103.51307766447331     
  0.15040718257085198        102.93578860114553     
  0.15172619024366571        102.35181242105077     
  0.15305676505849489        101.76113306332283     
  0.15439900845430551        101.16373675945415     
  0.15575302275964048        100.55961211870017     
  0.15711891120042104        99.948750214689909     
  0.15849677790781630        99.331144673188277     
  0.15988672792618183        98.706791760949770     
  0.16128886722106806        98.075690475599387     
  0.16270330268729860        97.437842636469782     
  0.16413014215711974        96.793252976318925     
  0.16556949440842109        96.141929233846184     
  0.16702146917302865        95.483882246918824     
  0.16848617714507028        94.819126046415022     
  0.16996372998941475        94.147677950582391     
  0.17145424035018478        93.469558659804804     
  0.17295782185934452        92.784792351663526     
  0.17447458914536265        92.093406776171520     
  0.17600465784195132        91.395433351052162     
  0.17754814459688162        90.690907256927602     
  0.17910516708087645        89.979867532272763     
  0.18067584399658143        89.262357167984618     
  0.18226029508761446        88.538423201407880     
  0.18385864114769448        87.808116809650940     
  0.18547100402985059        87.071493402016870     
  0.18709750665571157        86.328612711367484     
  0.18873827302487717        85.579538884228882     
  0.19039342822437141        84.824340569439897     
  0.19206309843817893        84.063091005135192     
  0.19374741095686465        83.295868103848051     
  0.19544649418727833        82.522754535507772     
  0.19716047766234360        81.743837808099954     
  0.19888949205093337        80.959210345748232     
  0.20063366916783160        80.168969563969270     
  0.20239314198378225        79.373217941843578     
  0.20416804463562691        78.572063090837389     
  0.20595851243653074        77.765617820003570     
  0.20776468188629829        76.954000197281061     
  0.20958669068178015        76.137333606605580     
  0.21142467772737009        75.315746800538676     
  0.21327878314559509        74.489373948112927     
  0.21514914828779766        73.658354677587909     
  0.21703591574491204        72.822834113804163     
  0.21893922935833501        71.982962909817431     
  0.22085923423089179        71.138897272491604     
  0.22279607673789828        70.290798981723768     
  0.22474990453832033        69.438835402972614     
  0.22672086658603074        68.583179492757665     
  0.22870911314116507        67.724009796796125     
  0.23071479578157697        66.861510440442828     
  0.23273806741439412        65.995871111098097     
  0.23477908228767533        65.127287032250933     
  0.23683799600216987        64.255958928825365     
  0.23891496552318017        63.382092983502133     
  0.24101014919252825        62.505900783691793     
  0.24312370674062725        61.627599258841187     
  0.24525579929865882        60.747410607762120     
  0.24740658941085714        59.865562215679731     
  0.24957624104690102        58.982286560707685     
  0.25176491961441422        58.097821109468953     
  0.25397279197157585        57.212408201594059     
  0.25620002643984097        56.326294922843161     
  0.25844679281677274        55.439732966615075     
  0.26071326238898779        54.552978483624273     
  0.26299960794521404        53.666291919547540     
  0.26530600378946390        52.779937840463433     
  0.26763262575432256        51.894184745931561     
  0.26997965121435302        51.009304869585307     
  0.27234725909961849        50.125573967138926     
  0.27473562990932343        49.243271091739807     
  0.27714494572557452        48.362678356628955     
  0.27957539022726163        47.484080685107259     
  0.28202714870406137        46.607765547839627     
  0.28450040807056276        45.734022687569293     
  0.28699535688051697        44.863143831352886     
  0.28951218534121231        43.995422390470182     
  0.29205108532797486        43.131153148205598     
  0.29461225039879663        42.270631935745243     
  0.29719587580909168        41.414155296480217     
  0.29980215852658176        40.562020139056642     
  0.30243129724631279        39.714523379563694     
  0.30508349240580257        38.871961573303238     
  0.30775894620032135        38.034630536638574     
  0.31045786259830699        37.202824959473972     
  0.31318044735691464        36.376838008973330     
  0.31592690803770307        35.556960925182125     
  0.31869745402245853        34.743482609273897     
  0.32149229652915734        33.936689205200409     
  0.32431164862806861        33.136863675581040     
  0.32715572525799813        32.344285372725167     
  0.33002474324267428        31.559229605737002     
  0.33291892130727840        30.781967204708373     
  0.33583848009511968        30.012764083059388     
  0.33878364218445606        29.251880799140338     
  0.34175463210546320        28.499572118258058     
  0.34475167635735188        27.756086576340017     
  0.34777500342563561        27.021666046494619     
  0.35082484379954959        26.296545309769225     
  0.35390142998962271        25.580951631446879     
  0.35700499654540319        24.875104344258212     
  0.36013578007334018        24.179214439915601     
  0.36329401925482163        23.493484170403455     
  0.36647995486437085        22.818106660478684     
  0.36969382978800241        22.153265532851350     
  0.37293588904173897        21.499134547524086     
  0.37620637979029048        20.855877256771734     
  0.37950555136589736        20.223646677238158     
  0.38283365528733898        19.602584980615710     
  0.38619094527910819        18.992823204353606     
  0.38957767729075515        18.394480983813864     
  0.39299410951639968        17.807666307258639     
  0.39644050241441542        17.232475295008243     
  0.39991711872728614        16.668992004056733     
  0.40342422350163676        16.117288259370522     
  0.40696208410843926        15.577423513024797     
  0.41053097026339697        15.049444732253125     
  0.41413115404750589        14.533386317397445     
  0.41776290992779802        14.029270050647758     
  0.42142651477826581        13.537105076355317     
  0.42512224790096981        13.056887913588302     
  0.42885039104733225        12.588602501476062     
  0.43261122843961664        12.132220277757840     
  0.43640504679259612        11.687700290813636     
  0.44023213533541167        11.254989345310555     
  0.44409278583362205        10.834022181446993     
  0.44798729261144732        10.424721687621101     
  0.45191595257420669        10.026999146189304     
  0.45587906523095445        9.6407545118160272     
  0.45987693271731284        9.2658767217492848     
  0.46390985981850663        8.9022440371875913     
  0.46797815399259840        8.5497244147349782     
  0.47208212539392874        8.2081759067720625     
  0.47622208689676115        7.8774470894048774     
  0.48039835411913467        7.5573775164896180     
  0.48461124544692574        7.2477981980727986     
  0.48886108205812090        6.9485321014333987     
  0.49314818794730231        6.6593946727679381     
  0.49747288995034838        6.3801943774224519     
  0.50183551776935065        6.1107332564483645     
  0.50623640399774872        5.8508074971435740     
  0.51067588414568732        5.6002080151369587     
  0.51515429666559343        5.3587210454854741     
  0.51967198297797934        5.1261287401786495     
  0.52422928749747189        4.9022097693871292     
  0.52882655765906894        4.6867399237510670     
  0.53346414394462682        4.4794927149805455     
  0.53814239990958068        4.2802399720357851     
  0.54286168220989739        4.0887524301692686     
  0.54762235062926712        3.9048003101456641     
  0.55242476810653107        3.7281538850092626     
  0.55726930076335168        3.5585840318416890     
  0.56215631793212395        3.3958627660456804     
  0.56708619218413248        3.2397637558025050     
  0.57205929935795541        3.0900628144812234     
  0.57707601858811675        2.9465383689262117     
  0.58213673233399110        2.8089719017143122     
  0.58724182640896017        2.6771483656536326     
  0.59239169000982717        2.5508565689904930     
  0.59758671574648692        2.4298895299984897     
  0.60282729967185811        2.3140447998413283     
  0.60811384131207669        2.2031247528282285     
  0.61344674369695462        2.0969368434141300     
  0.61882641339070565        1.9952938295353642     
  0.62425326052294039        1.8980139621120520     
  0.62972769881993396        1.8049211407892503     
  0.63525014563616600        1.7158450362272513     
  0.64082102198613977        1.6306211794851162     
  0.64644075257647837        1.5490910192682841     
  0.65210976583830316        1.4711019480283718     
  0.65782849395989607        1.3965072981091728     
  0.66359737291964838        1.3251663093250450     
  0.66941684251929823        1.2569440695345908     
  0.67528734641745980        1.1917114299318958     
  0.68120933216344703        1.1293448969181243     
  0.68718325123139212        1.0697265025366531     
  0.69320955905466586        1.0127436555539564     
  0.69928871506059809       0.95828897534559465     
  0.70542118270550258       0.90626011080103941     
  0.71160742951000999       0.85655954649270105     
  0.71784792709471024       0.80909439836338859     
  0.72414315121610706       0.76377620117280276     
  0.73049358180288848       0.72052068990825435     
  0.73689970299251528       0.67924757730848073     
  0.74336200316812984       0.63988032957336805     
  0.74988097499578887       0.60234594223797300     
  0.75645711546202332       0.56657471807812232     
  0.76309092591172678       0.53250004878887425     
  0.76978291208637617       0.50005820203816398     
  0.77653358416258855       0.46918811534821453     
  0.78334345679101514       0.43983119809892013     
  0.79021304913557666       0.41193114278265641     
  0.79714288491304264       0.38543374647111894     
  0.80413349243295884       0.36028674328410137     
  0.81118540463792244       0.33643964847978919     
  0.81829915914421347       0.31384361461825500     
  0.82547529828278032       0.29245130008646975     
  0.83271436914058528       0.27221675011605118     
  0.84001692360231306       0.25309529027589384     
  0.84738351839244486       0.23504343228226049     
  0.85481471511770113       0.21801879184010695     
  0.86231108030985681       0.20198001811244751     
  0.86987318546893200       0.18688673431029312     
  0.87750160710676139       0.17269948880467692     
  0.88519692679094586       0.15937971608494483     
  0.89295973118918937       0.14688970682394384     
  0.90079061211402423       0.13519258626095998     
  0.90869016656792989       0.12425230007696529     
  0.91665899678884621       0.11403360691351597     
  0.92469771029608627       0.10450207667585415     
  0.93280691993665177        9.5624093761716544E-002
  0.94098724393195432        8.7366864369134975E-002
  0.94923930592494754        7.9698427058188151E-002
  0.95756373502767056        7.2587665772202686E-002
  0.96596116586921099        6.6004324562192115E-002
  0.97443223864408612        5.9919023303297174E-002
  0.98297759916104921        5.4303273742480368E-002
  0.99159789889232486        4.9129495271662771E-002
   1.0002937950232749        4.4371029878770910E-002
   1.0090659505024997        4.0002155789745558E-002
   1.0179150340923804        3.5998099376482677E-002
   1.0268417204200617        3.2335044968000694E-002
   1.0358466900288854        2.8990142264017922E-002
   1.0449306294302714        2.5941511110818622E-002
   1.0540942311560557        2.3168243458091046E-002
   1.0633381938112874        2.0650402371757515E-002
   1.0726632221274868        1.8369018031154965E-002
   1.0820700270163741        1.6306080688843236E-002
   1.0915593256240657        1.4444530617472766E-002
   1.1011318413857467        1.2768245110249795E-002
   1.1107883040808255        1.1262022639412490E-002
   1.1205294498885676        9.9115643106361655E-003
   1.1303560214442216        8.7034527803564223E-003
   1.1402687678956340        7.6251288276330733E-003
   1.1502684449603626        6.6648657924135617E-003
   1.1603558149832904        5.8117421079945508E-003
   1.1705316469947440        5.0556121672549184E-003
   1.1807967167691218        4.3870757700236063E-003
   1.1911518068840374        3.7974464029572157E-003
   1.2015977067799808        3.2787186037757429E-003
   1.2121352128205025        2.8235346589013228E-003
   1.2227651283529259        2.4251508777485323E-003
   1.2334882637695928        2.0774036784247086E-003
   1.2443054365696442        1.7746757087262830E-003
   1.2552174714213449        1.5118622133808697E-003
   1.2662252002249521        1.2843378438095949E-003
   1.2773294621761400        1.0879240905920643E-003
   1.2885311038299732        9.1885750162861921E-004
   1.2998309791654497        7.7375883102262619E-004
   1.3112299496506030        6.4960324525287086E-004
   1.3227288843081793        5.4369169455876002E-004
   1.3343286597818869        4.5362353889093980E-004
   1.3460301604032319        3.7727049953637128E-004
   1.3578342782589348        3.1275198983861591E-004
   1.3697419132589415        2.5841186150359161E-004
   1.3817539732050284        2.1279658698602759E-004
   1.3938713738600119        1.7463488354131900E-004
   1.4060950390175635        1.4281877082336311E-004
   1.4184259005726347        1.1638604150412351E-004
   1.4308648985925045        9.4504113350496715E-005
   1.4434129813884462        7.6455221556609145E-005
   1.4560711055880233        6.1622901907008306E-005
   1.4688402362080206        4.9479708526388640E-005
   1.4817213467280139        3.9576104520279918E-005
   1.4947154191645846        3.1530459674542582E-005
   1.5078234441461866        2.5020086488440952E-005
   1.5210464209886680        1.9773244080966256E-005
   1.5343853577714568        1.5562038835942757E-005
   1.5478412714144121        1.2196150932646398E-005
   1.5614151877553530        9.5173170338734568E-006
   1.5751081416282642        7.3945012582827457E-006
   1.5889211769421887        5.7196890336964982E-006
   1.6028553467608124        4.4042414001261176E-006
   1.6169117133827464        3.3757506968881270E-006
   1.6310913484225131        2.5753422244416066E-006
   1.6453953328922439        1.9553703229867791E-006
   1.6598247572840905        1.4774612693701613E-006
   1.6743807216533626        1.1108593837107959E-006
   1.6890643357023913        8.3103668947883213E-007
   1.7038767188651303        6.1853032764270720E-007
   1.7188190003924977        4.5797563905555915E-007
   1.7338923194384666        3.3730636126173750E-007
   1.7490978251469111        2.4709670734487561E-007
   1.7644366767392134        1.8002318480912092E-007
   1.7799100436026387        1.3042685901955913E-007
   1.7955191053794870        9.3959362520977531E-008
   1.8112650520570239        6.7298298631914829E-008
   1.8271490840582030        4.7919790087988222E-008
   1.8431724123331814        3.3917790256629766E-008
   1.8593362584516395        2.3861417801493973E-008
   1.8756418546959095        1.6683010208672861E-008
   1.8920904441549207        1.1590833443231414E-008
   1.9086832808189693        8.0014512323758590E-009
   1.9254216296753186        5.4876654452530687E-009
   1.9423067668046372        3.7387059753130446E-009
   1.9593399794782840        2.5299910974261210E-009
   1.9765225662564463        1.7003132871204725E-009
   1.9938558370871375        1.1347457036424914E-009
