   4.3859546913937069E-006   26.964500217265311     
   4.4244176676404469E-006   26.964500217961387     
   4.4632179479967476E-006   26.964500217713777     
   4.5023584904776523E-006   26.964500217453633     
   4.5418422790387509E-006   26.964500216715010     
   4.5816723238036684E-006   26.964500217826043     
   4.6218516612935423E-006   26.964500217526819     
   4.6623833546585275E-006   26.964500217679813     
   4.7032704939113134E-006   26.964500218750430     
   4.7445161961627014E-006   26.964500217478758     
   4.7861236058592410E-006   26.964500217589858     
   4.8280958950229550E-006   26.964500218152210     
   4.8704362634931637E-006   26.964500218699840     
   4.9131479391704306E-006   26.964500217369874     
   4.9562341782626507E-006   26.964500217421630     
   4.9996982655332874E-006   26.964500217457953     
   5.0435435145518006E-006   26.964500217012812     
   5.0877732679462564E-006   26.964500217482936     
   5.1323908976581663E-006   26.964500217005423     
   5.1773998051995430E-006   26.964500217442634     
   5.2228034219122331E-006   26.964500217862906     
   5.2686052092295048E-006   26.964500217334688     
   5.3148086589399366E-006   26.964500216788934     
   5.3614172934536268E-006   26.964500217156683     
   5.4084346660707238E-006   26.964500216575004     
   5.4558643612523264E-006   26.964500216906146     
   5.5037099948937442E-006   26.964500217684218     
   5.5519752146001699E-006   26.964500217046208     
   5.6006636999647537E-006   26.964500216388757     
   5.6497791628491345E-006   26.964500217108480     
   5.6993253476664103E-006   26.964500216876729     
   5.7493060316666087E-006   26.964500217090176     
   5.7997250252246477E-006   26.964500216351411     
   5.8505861721308308E-006   26.964500216988455     
   5.9018933498838828E-006   26.964500216672633     
   5.9536504699865631E-006   26.964500216334756     
   6.0058614782438589E-006   26.964500216440229     
   6.0585303550638102E-006   26.964500216522936     
   6.1116611157609574E-006   26.964500216582479     
   6.1652578108624609E-006   26.964500216152857     
   6.2193245264168971E-006   26.964500216397681     
   6.2738653843057704E-006   26.964500216152487     
   6.3288845425577489E-006   26.964500216348085     
   6.3843861956656614E-006   26.964500216518474     
   6.4403745749062749E-006   26.964500216430281     
   6.4968539486628726E-006   26.964500216083110     
   6.5538286227506589E-006   26.964500215942138     
   6.6113029407450296E-006   26.964500216239742     
   6.6692812843127035E-006   26.964500215811313     
   6.7277680735457754E-006   26.964500215354775     
   6.7867677672986855E-006   26.964500215801024     
   6.8462848635281486E-006   26.964500215752594     
   6.9063238996360707E-006   26.964500215674576     
   6.9668894528154585E-006   26.964500215799291     
   7.0279861403993773E-006   26.964500215427734     
   7.0896186202129568E-006   26.964500215490688     
   7.1517915909284939E-006   26.964500215289121     
   7.2145097924236639E-006   26.964500215288098     
   7.2777780061428733E-006   26.964500215254276     
   7.3416010554617806E-006   26.964500215187030     
   7.4059838060550239E-006   26.964500214852933     
   7.4709311662671556E-006   26.964500214949936     
   7.5364480874868432E-006   26.964500215011725     
   7.6025395645243502E-006   26.964500215037674     
   7.6692106359923219E-006   26.964500214561525     
   7.7364663846899181E-006   26.964500214746749     
   7.8043119379903039E-006   26.964500214428540     
   7.8727524682315502E-006   26.964500214304792     
   7.9417931931109555E-006   26.964500214607597     
   8.0114393760828277E-006   26.964500214172148     
   8.0816963267597509E-006   26.964500214394633     
   8.1525694013173790E-006   26.964500214110302     
   8.2240640029027697E-006   26.964500213551247     
   8.2961855820463055E-006   26.964500213647995     
   8.3689396370772292E-006   26.964500213934173     
   8.4423317145428118E-006   26.964500213477663     
   8.5163674096312099E-006   26.964500213907542     
   8.5910523665980281E-006   26.964500213826000     
   8.6663922791966135E-006   26.964500213465072     
   8.7423928911121345E-006   26.964500213289597     
   8.8190599963994583E-006   26.964500213298749     
   8.8963994399248764E-006   26.964500213491704     
   8.9744171178116949E-006   26.964500213401863     
   9.0531189778897432E-006   26.964500213261232     
   9.1325110201488093E-006   26.964500212836072     
   9.2125992971960712E-006   26.964500213056795     
   9.2933899147175168E-006   26.964500212525508     
   9.3748890319434375E-006   26.964500212638200     
   9.4571028621179740E-006   26.964500212928328     
   9.5400376729728110E-006   26.964500212696407     
   9.6236997872049922E-006   26.964500212872679     
   9.7080955829589613E-006   26.964500212292080     
   9.7932314943127947E-006   26.964500211884825     
   9.8791140117687350E-006   26.964500211882779     
   9.9657496827479874E-006   26.964500211586312     
   1.0053145112089889E-005   26.964500211925724     
   1.0141306962555443E-005   26.964500211502866     
   1.0230241955335252E-005   26.964500211480811     
   1.0319956870561934E-005   26.964500211159930     
   1.0410458547827020E-005   26.964500211004662     
   1.0501753886702375E-005   26.964500210781068     
   1.0593849847266204E-005   26.964500210720729     
   1.0686753450633673E-005   26.964500210822450     
   1.0780471779492167E-005   26.964500210619292     
   1.0875011978641257E-005   26.964500210575665     
   1.0970381255537406E-005   26.964500210224571     
   1.1066586880843428E-005   26.964500210263282     
   1.1163636188982796E-005   26.964500209991854     
   1.1261536578698777E-005   26.964500209409010     
   1.1360295513618517E-005   26.964500209444680     
   1.1459920522822023E-005   26.964500208933316     
   1.1560419201416162E-005   26.964500208804736     
   1.1661799211113690E-005   26.964500208824688     
   1.1764068280817369E-005   26.964500208991694     
   1.1867234207209170E-005   26.964500208605756     
   1.1971304855344696E-005   26.964500208363802     
   1.2076288159252762E-005   26.964500207798665     
   1.2182192122540292E-005   26.964500207839961     
   1.2289024819002460E-005   26.964500208020553     
   1.2396794393238232E-005   26.964500207640185     
   1.2505509061271276E-005   26.964500207395730     
   1.2615177111176330E-005   26.964500207169039     
   1.2725806903711055E-005   26.964500206841961     
   1.2837406872953439E-005   26.964500206762011     
   1.2949985526944787E-005   26.964500206461651     
   1.3063551448338339E-005   26.964500206288392     
   1.3178113295053594E-005   26.964500206123859     
   1.3293679800936359E-005   26.964500205849816     
   1.3410259776424593E-005   26.964500205697107     
   1.3527862109220085E-005   26.964500205314579     
   1.3646495764966028E-005   26.964500205165848     
   1.3766169787930529E-005   26.964500204899679     
   1.3886893301696127E-005   26.964500204863214     
   1.4008675509855332E-005   26.964500204239442     
   1.4131525696712287E-005   26.964500204190387     
   1.4255453227990570E-005   26.964500203898922     
   1.4380467551547225E-005   26.964500203595748     
   1.4506578198093006E-005   26.964500203394948     
   1.4633794781919006E-005   26.964500203061391     
   1.4762127001629592E-005   26.964500202592802     
   1.4891584640881814E-005   26.964500202452371     
   1.5022177569131273E-005   26.964500202172104     
   1.5153915742384539E-005   26.964500201982275     
   1.5286809203958173E-005   26.964500201647638     
   1.5420868085244392E-005   26.964500201398408     
   1.5556102606483458E-005   26.964500200882810     
   1.5692523077542836E-005   26.964500200563805     
   1.5830139898703190E-005   26.964500200205862     
   1.5968963561451271E-005   26.964500199922725     
   1.6109004649279738E-005   26.964500199595079     
   1.6250273838494041E-005   26.964500199220254     
   1.6392781899026331E-005   26.964500199028066     
   1.6536539695256522E-005   26.964500198433569     
   1.6681558186840579E-005   26.964500198248658     
   1.6827848429546020E-005   26.964500197655383     
   1.6975421576094803E-005   26.964500197465611     
   1.7124288877013555E-005   26.964500197094026     
   1.7274461681491293E-005   26.964500196421085     
   1.7425951438244633E-005   26.964500196258427     
   1.7578769696390632E-005   26.964500195787764     
   1.7732928106327220E-005   26.964500195471516     
   1.7888438420621434E-005   26.964500195073242     
   1.8045312494905360E-005   26.964500194589618     
   1.8203562288779992E-005   26.964500194133393     
   1.8363199866726996E-005   26.964500193584570     
   1.8524237399028459E-005   26.964500193405172     
   1.8686687162694710E-005   26.964500192892899     
   1.8850561542400304E-005   26.964500192276773     
   1.9015873031428170E-005   26.964500191669345     
   1.9182634232622072E-005   26.964500191299493     
   1.9350857859347404E-005   26.964500190930352     
   1.9520556736460430E-005   26.964500190208639     
   1.9691743801285993E-005   26.964500189712226     
   1.9864432104603849E-005   26.964500189320461     
   2.0038634811643566E-005   26.964500188912638     
   2.0214365203088270E-005   26.964500188367992     
   2.0391636676087060E-005   26.964500187682006     
   2.0570462745276398E-005   26.964500187082933     
   2.0750857043810428E-005   26.964500186566255     
   2.0932833324400311E-005   26.964500186010781     
   2.1116405460362692E-005   26.964500185528181     
   2.1301587446677370E-005   26.964500184880734     
   2.1488393401054214E-005   26.964500184179940     
   2.1676837565009475E-005   26.964500183653541     
   2.1866934304951504E-005   26.964500182947148     
   2.2058698113276004E-005   26.964500182404805     
   2.2252143609470889E-005   26.964500181555564     
   2.2447285541230828E-005   26.964500180859687     
   2.2644138785581553E-005   26.964500180544434     
   2.2842718350014065E-005   26.964500179672967     
   2.3043039373628736E-005   26.964500178821595     
   2.3245117128289474E-005   26.964500178333822     
   2.3448967019788006E-005   26.964500177621630     
   2.3654604589018363E-005   26.964500176679024     
   2.3862045513161683E-005   26.964500176081998     
   2.4071305606881371E-005   26.964500175358609     
   2.4282400823528786E-005   26.964500174386217     
   2.4495347256359449E-005   26.964500173623946     
   2.4710161139759965E-005   26.964500172832487     
   2.4926858850485672E-005   26.964500172237905     
   2.5145456908909163E-005   26.964500171309652     
   2.5365971980279739E-005   26.964500170448247     
   2.5588420875993920E-005   26.964500169588462     
   2.5812820554877100E-005   26.964500168664898     
   2.6039188124476438E-005   26.964500167844932     
   2.6267540842365065E-005   26.964500166888314     
   2.6497896117457772E-005   26.964500166020400     
   2.6730271511338206E-005   26.964500165058837     
   2.6964684739597710E-005   26.964500164112252     
   2.7201153673185894E-005   26.964500162998064     
   2.7439696339773091E-005   26.964500162115684     
   2.7680330925124691E-005   26.964500161165859     
   2.7923075774487613E-005   26.964500160081968     
   2.8167949393988853E-005   26.964500159088374     
   2.8414970452046362E-005   26.964500157943519     
   2.8664157780792245E-005   26.964500156871537     
   2.8915530377508487E-005   26.964500155805126     
   2.9169107406075229E-005   26.964500154793427     
   2.9424908198431788E-005   26.964500153536079     
   2.9682952256050432E-005   26.964500152314713     
   2.9943259251423153E-005   26.964500151236081     
   3.0205849029561398E-005   26.964500149941159     
   3.0470741609509013E-005   26.964500148827454     
   3.0737957185868436E-005   26.964500147477310     
   3.1007516130340266E-005   26.964500146229767     
   3.1279438993276338E-005   26.964500145074254     
   3.1553746505246427E-005   26.964500143709046     
   3.1830459578618663E-005   26.964500142356115     
   3.2109599309153858E-005   26.964500140946228     
   3.2391186977613760E-005   26.964500139642666     
   3.2675244051383433E-005   26.964500138143023     
   3.2961792186107875E-005   26.964500136784835     
   3.3250853227342974E-005   26.964500135323391     
   3.3542449212220947E-005   26.964500133921291     
   3.3836602371130385E-005   26.964500132391663     
   3.4133335129411025E-005   26.964500130780095     
   3.4432670109063391E-005   26.964500129190355     
   3.4734630130473438E-005   26.964500127667691     
   3.5039238214152283E-005   26.964500126024319     
   3.5346517582491254E-005   26.964500124421448     
   3.5656491661532259E-005   26.964500122845436     
   3.5969184082753734E-005   26.964500121107790     
   3.6284618684872241E-005   26.964500119310742     
   3.6602819515659841E-005   26.964500117556412     
   3.6923810833777432E-005   26.964500115771926     
   3.7247617110624182E-005   26.964500114000572     
   3.7574263032203070E-005   26.964500112052633     
   3.7903773501003001E-005   26.964500110261895     
   3.8236173637897163E-005   26.964500108379895     
   3.8571488784058272E-005   26.964500106274187     
   3.8909744502890425E-005   26.964500104336025     
   3.9250966581978023E-005   26.964500102257830     
   3.9595181035051739E-005   26.964500100197398     
   3.9942414103971706E-005   26.964500098195828     
   4.0292692260728111E-005   26.964500095944658     
   4.0646042209459367E-005   26.964500093833578     
   4.1002490888487931E-005   26.964500091553589     
   4.1362065472374011E-005   26.964500089319074     
   4.1724793373987257E-005   26.964500087053210     
   4.2090702246596660E-005   26.964500084678747     
   4.2459819985978736E-005   26.964500082292773     
   4.2832174732544202E-005   26.964500079933828     
   4.3207794873483354E-005   26.964500077523610     
   4.3586709044930190E-005   26.964500074983619     
   4.3968946134145527E-005   26.964500072467615     
   4.4354535281719329E-005   26.964500069838181     
   4.4743505883792256E-005   26.964500067190187     
   4.5135887594296727E-005   26.964500064560013     
   4.5531710327217681E-005   26.964500061867170     
   4.5931004258873112E-005   26.964500058972675     
   4.6333799830214631E-005   26.964500056144459     
   4.6740127749148157E-005   26.964500053300895     
   4.7150018992875029E-005   26.964500050476346     
   4.7563504810253595E-005   26.964500047413736     
   4.7980616724181535E-005   26.964500044437557     
   4.8401386533999083E-005   26.964500041348060     
   4.8825846317913300E-005   26.964500038177903     
   4.9254028435443581E-005   26.964500034959201     
   4.9685965529888744E-005   26.964500031781938     
   5.0121690530815542E-005   26.964500028444547     
   5.0561236656569205E-005   26.964500025094168     
   5.1004637416805842E-005   26.964500021644682     
   5.1451926615047149E-005   26.964500018125960     
   5.1903138351257467E-005   26.964500014596325     
   5.2358307024443483E-005   26.964500011055492     
   5.2817467335276684E-005   26.964500007386249     
   5.3280654288738834E-005   26.964500003616308     
   5.3747903196790672E-005   26.964499999801973     
   5.4219249681063927E-005   26.964499995940827     
   5.4694729675577083E-005   26.964499992058990     
   5.5174379429474809E-005   26.964499988007361     
   5.5658235509791527E-005   26.964499983927340     
   5.6146334804239163E-005   26.964499979755971     
   5.6638714524019327E-005   26.964499975517072     
   5.7135412206660225E-005   26.964499971233806     
   5.7636465718878374E-005   26.964499966899638     
   5.8141913259465438E-005   26.964499962420064     
   5.8651793362200416E-005   26.964499957874608     
   5.9166144898787348E-005   26.964499953254830     
   5.9685007081818722E-005   26.964499948551577     
   6.0208419467764963E-005   26.964499943842384     
   6.0736421959990091E-005   26.964499938971244     
   6.1269054811793829E-005   26.964499933956091     
   6.1806358629480426E-005   26.964499928959697     
   6.2348374375454255E-005   26.964499923882073     
   6.2895143371342779E-005   26.964499918622579     
   6.3446707301146745E-005   26.964499913341825     
   6.4003108214418021E-005   26.964499907937579     
   6.4564388529465328E-005   26.964499902481521     
   6.5130591036588115E-005   26.964499896899071     
   6.5701758901338757E-005   26.964499891202081     
   6.6277935667813332E-005   26.964499885401693     
   6.6859165261971308E-005   26.964499879566233     
   6.7445491994984347E-005   26.964499873530599     
   6.8036960566614392E-005   26.964499867419704     
   6.8633616068621524E-005   26.964499861183015     
   6.9235503988201565E-005   26.964499854885446     
   6.9842670211453867E-005   26.964499848474702     
   7.0455161026879590E-005   26.964499841926624     
   7.1073023128910559E-005   26.964499835274353     
   7.1696303621469085E-005   26.964499828520871     
   7.2325050021559075E-005   26.964499821610133     
   7.2959310262888546E-005   26.964499814572264     
   7.3599132699523947E-005   26.964499807465586     
   7.4244566109576550E-005   26.964499800230925     
   7.4895659698921108E-005   26.964499792808112     
   7.5552463104947210E-005   26.964499785281475     
   7.6215026400343406E-005   26.964499777646807     
   7.6883400096914708E-005   26.964499769840700     
   7.7557635149433349E-005   26.964499761915050     
   7.8237782959523472E-005   26.964499753862384     
   7.8923895379579849E-005   26.964499745615853     
   7.9616024716720889E-005   26.964499737311144     
   8.0314223736776424E-005   26.964499728791793     
   8.1018545668310412E-005   26.964499720161967     
   8.1729044206678889E-005   26.964499711291751     
   8.2445773518123578E-005   26.964499702341072     
   8.3168788243901344E-005   26.964499693235695     
   8.3898143504449821E-005   26.964499683987441     
   8.4633894903589750E-005   26.964499674519402     
   8.5376098532763915E-005   26.964499664898938     
   8.6124810975313451E-005   26.964499655162797     
   8.6880089310791613E-005   26.964499645171884     
   8.7641991119315237E-005   26.964499635076493     
   8.8410574485954632E-005   26.964499624763732     
   8.9185898005161640E-005   26.964499614293743     
   8.9968020785236843E-005   26.964499603579668     
   9.0757002452835676E-005   26.964499592766003     
   9.1552903157514278E-005   26.964499581675454     
   9.2355783576315099E-005   26.964499570420230     
   9.3165704918392613E-005   26.964499558965429     
   9.3982728929679931E-005   26.964499547332622     
   9.4806917897595917E-005   26.964499535512743     
   9.5638334655793916E-005   26.964499523378549     
   9.6477042588951928E-005   26.964499511121147     
   9.7323105637604949E-005   26.964499498638958     
   9.8176588303019503E-005   26.964499485915837     
   9.9037555652111068E-005   26.964499472962956     
   9.9906073322404614E-005   26.964499459833320     
   1.0078220752703855E-004   26.964499446417932     
   1.0166602505981264E-004   26.964499432780485     
   1.0255759330028012E-004   26.964499418880877     
   1.0345698021888460E-004   26.964499404749802     
   1.0436425438214184E-004   26.964499390415938     
   1.0527948495786706E-004   26.964499375789387     
   1.0620274172044815E-004   26.964499360880097     
   1.0713409505616493E-004   26.964499345725073     
   1.0807361596855534E-004   26.964499330315334     
   1.0902137608382841E-004   26.964499314654319     
   1.0997744765632493E-004   26.964499298670461     
   1.1094190357402572E-004   26.964499282406337     
   1.1191481736410866E-004   26.964499265873030     
   1.1289626319855389E-004   26.964499249064772     
   1.1388631589979870E-004   26.964499231944245     
   1.1488505094644159E-004   26.964499214544503     
   1.1589254447899659E-004   26.964499196794122     
   1.1690887330569803E-004   26.964499178735650     
   1.1793411490835610E-004   26.964499160379916     
   1.1896834744826385E-004   26.964499141662344     
   1.2001164977215593E-004   26.964499122661294     
   1.2106410141821972E-004   26.964499103306764     
   1.2212578262215897E-004   26.964499083598724     
   1.2319677432331080E-004   26.964499063563608     
   1.2427715817081624E-004   26.964499043166597     
   1.2536701652984488E-004   26.964499022384587     
   1.2646643248787428E-004   26.964499001264244     
   1.2757548986102406E-004   26.964498979761856     
   1.2869427320044599E-004   26.964498957888964     
   1.2982286779876986E-004   26.964498935639313     
   1.3096135969660588E-004   26.964498912959812     
   1.3210983568910428E-004   26.964498889896049     
   1.3326838333257206E-004   26.964498866446576     
   1.3443709095114833E-004   26.964498842533970     
   1.3561604764353760E-004   26.964498818222779     
   1.3680534328980261E-004   26.964498793515872     
   1.3800506855821633E-004   26.964498768325313     
   1.3921531491217440E-004   26.964498742719712     
   1.4043617461716778E-004   26.964498716632932     
   1.4166774074781714E-004   26.964498690111526     
   1.4291010719496823E-004   26.964498663110959     
   1.4416336867285014E-004   26.964498635626569     
   1.4542762072629572E-004   26.964498607664211     
   1.4670295973802589E-004   26.964498579196686     
   1.4798948293599746E-004   26.964498550236357     
   1.4928728840081536E-004   26.964498520762447     
   1.5059647507321031E-004   26.964498490778936     
   1.5191714276158148E-004   26.964498460256436     
   1.5324939214960573E-004   26.964498429175848     
   1.5459332480391333E-004   26.964498397586254     
   1.5594904318183117E-004   26.964498365401340     
   1.5731665063919376E-004   26.964498332632104     
   1.5869625143822284E-004   26.964498299357501     
   1.6008795075547576E-004   26.964498265448071     
   1.6149185468986420E-004   26.964498230929536     
   1.6290807027074256E-004   26.964498195793681     
   1.6433670546606751E-004   26.964498160070832     
   1.6577786919062947E-004   26.964498123684365     
   1.6723167131435550E-004   26.964498086668954     
   1.6869822267068577E-004   26.964498048981085     
   1.7017763506502309E-004   26.964498010644775     
   1.7167002128325656E-004   26.964497971634813     
   1.7317549510036001E-004   26.964497931964104     
   1.7469417128906589E-004   26.964497891508927     
   1.7622616562861529E-004   26.964497850416251     
   1.7777159491358437E-004   26.964497808550675     
   1.7933057696278869E-004   26.964497765945538     
   1.8090323062826510E-004   26.964497722613459     
   1.8248967580433291E-004   26.964497678517262     
   1.8409003343673399E-004   26.964497633613433     
   1.8570442553185359E-004   26.964497587939348     
   1.8733297516602146E-004   26.964497541453255     
   1.8897580649489506E-004   26.964497494092001     
   1.9063304476292468E-004   26.964497445960518     
   1.9230481631290165E-004   26.964497396967488     
   1.9399124859559045E-004   26.964497347087502     
   1.9569247017944512E-004   26.964497296331643     
   1.9740861076041085E-004   26.964497244645599     
   1.9913980117181176E-004   26.964497192091301     
   2.0088617339432505E-004   26.964497138584989     
   2.0264786056604299E-004   26.964497084144398     
   2.0442499699262280E-004   26.964497028735877     
   2.0621771815752576E-004   26.964496972339674     
   2.0802616073234621E-004   26.964496914942544     
   2.0985046258723065E-004   26.964496856537664     
   2.1169076280138887E-004   26.964496797087975     
   2.1354720167369667E-004   26.964496736591684     
   2.1541992073339199E-004   26.964496675045638     
   2.1730906275086462E-004   26.964496612386910     
   2.1921477174854050E-004   26.964496548616466     
   2.2113719301186167E-004   26.964496483718960     
   2.2307647310036236E-004   26.964496417662446     
   2.2503275985884212E-004   26.964496350463861     
   2.2700620242863725E-004   26.964496282050334     
   2.2899695125899069E-004   26.964496212434142     
   2.3100515811852202E-004   26.964496141588342     
   2.3303097610679759E-004   26.964496069475899     
   2.3507455966600261E-004   26.964495996107871     
   2.3713606459271517E-004   26.964495921419200     
   2.3921564804978382E-004   26.964495845407129     
   2.4131346857830907E-004   26.964495768072538     
   2.4342968610973012E-004   26.964495689332495     
   2.4556446197801767E-004   26.964495609216698     
   2.4771795893197338E-004   26.964495527677883     
   2.4989034114763727E-004   26.964495444700844     
   2.5208177424080426E-004   26.964495360251249     
   2.5429242527965008E-004   26.964495274304710     
   2.5652246279746785E-004   26.964495186831755     
   2.5877205680551699E-004   26.964495097790575     
   2.6104137880598386E-004   26.964495007184865     
   2.6333060180505684E-004   26.964494914976314     
   2.6563990032611593E-004   26.964494821149970     
   2.6796945042303747E-004   26.964494725641003     
   2.7031942969361629E-004   26.964494628436739     
   2.7269001729310512E-004   26.964494529503128     
   2.7508139394787285E-004   26.964494428836019     
   2.7749374196918240E-004   26.964494326372971     
   2.7992724526708997E-004   26.964494222095510     
   2.8238208936446528E-004   26.964494115948327     
   2.8485846141113562E-004   26.964494007941141     
   2.8735655019815359E-004   26.964493898024671     
   2.8987654617218956E-004   26.964493786141304     
   2.9241864145005146E-004   26.964493672261199     
   2.9498302983333021E-004   26.964493556389300     
   2.9756990682317560E-004   26.964493438448613     
   3.0017946963519984E-004   26.964493318418107     
   3.0281191721451327E-004   26.964493196245257     
   3.0546745025089090E-004   26.964493071918355     
   3.0814627119407276E-004   26.964492945386269     
   3.1084858426919776E-004   26.964492816601705     
   3.1357459549237330E-004   26.964492685535532     
   3.1632451268638146E-004   26.964492552140001     
   3.1909854549652244E-004   26.964492416377510     
   3.2189690540659752E-004   26.964492278198577     
   3.2471980575503193E-004   26.964492137577707     
   3.2756746175113919E-004   26.964491994462293     
   3.3044009049152756E-004   26.964491848786622     
   3.3333791097665149E-004   26.964491700529919     
   3.3626114412750710E-004   26.964491549650319     
   3.3921001280247463E-004   26.964491396091887     
   3.4218474181430859E-004   26.964491239820688     
   3.4518555794727646E-004   26.964491080736821     
   3.4821268997444859E-004   26.964490918848981     
   3.5126636867513863E-004   26.964490754077389     
   3.5434682685249778E-004   26.964490586377110     
   3.5745429935126274E-004   26.964490415708781     
   3.6058902307565984E-004   26.964490241994042     
   3.6375123700746568E-004   26.964490065210299     
   3.6694118222422629E-004   26.964489885266005     
   3.7015910191763661E-004   26.964489702131658     
   3.7340524141207999E-004   26.964489515744503     
   3.7667984818333166E-004   26.964489326037295     
   3.7998317187742508E-004   26.964489132959642     
   3.8331546432968431E-004   26.964488936455609     
   3.8667697958392322E-004   26.964488736448885     
   3.9006797391181303E-004   26.964488532900219     
   3.9348870583241942E-004   26.964488325712637     
   3.9693943613191174E-004   26.964488114858057     
   4.0042042788344408E-004   26.964487900249594     
   4.0393194646721131E-004   26.964487681820827     
   4.0747425959068110E-004   26.964487459514658     
   4.1104763730900266E-004   26.964487233231665     
   4.1465235204559531E-004   26.964487002942292     
   4.1828867861291706E-004   26.964486768544560     
   4.2195689423341553E-004   26.964486529994218     
   4.2565727856066235E-004   26.964486287180790     
   4.2939011370067337E-004   26.964486040046779     
   4.3315568423341538E-004   26.964485788525309     
   4.3695427723450177E-004   26.964485532517642     
   4.4078618229707813E-004   26.964485271947268     
   4.4465169155389998E-004   26.964485006748106     
   4.4855109969960420E-004   26.964484736827757     
   4.5248470401317562E-004   26.964484462092059     
   4.5645280438061039E-004   26.964484182473683     
   4.6045570331777893E-004   26.964483897865932     
   4.6449370599348818E-004   26.964483608202045     
   4.6856712025274735E-004   26.964483313359949     
   4.7267625664023646E-004   26.964483013281495     
   4.7682142842398194E-004   26.964482707841000     
   4.8100295161923877E-004   26.964482396971505     
   4.8522114501258265E-004   26.964482080555115     
   4.8947633018621341E-004   26.964481758505826     
   4.9376883154247139E-004   26.964481430714187     
   4.9809897632856898E-004   26.964481097075605     
   5.0246709466153863E-004   26.964480757493106     
   5.0687351955340033E-004   26.964480411854737     
   5.1131858693654946E-004   26.964480060051017     
   5.1580263568936670E-004   26.964479701973943     
   5.2032600766205382E-004   26.964479337516025     
   5.2488904770269472E-004   26.964478966562410     
   5.2949210368354602E-004   26.964478588967893     
   5.3413552652755748E-004   26.964478204658064     
   5.3881967023512516E-004   26.964477813486354     
   5.4354489191108012E-004   26.964477415331288     
   5.4831155179191197E-004   26.964477010073921     
   5.5312001327323293E-004   26.964476597581893     
   5.5797064293748155E-004   26.964476177734412     
   5.6286381058187022E-004   26.964475750380728     
   5.6779988924657721E-004   26.964475315401273     
   5.7277925524318600E-004   26.964474872648253     
   5.7780228818337428E-004   26.964474422002780     
   5.8286937100785429E-004   26.964473963301089     
   5.8798089001556742E-004   26.964473496402547     
   5.9313723489313368E-004   26.964473021170193     
   5.9833879874456096E-004   26.964472537440685     
   6.0358597812121381E-004   26.964472045070323     
   6.0887917305204524E-004   26.964471543897361     
   6.1421878707409376E-004   26.964471033773805     
   6.1960522726324779E-004   26.964470514534781     
   6.2503890426528024E-004   26.964469985997567     
   6.3052023232715412E-004   26.964469448021902     
   6.3604962932860417E-004   26.964468900428756     
   6.4162751681399435E-004   26.964468343024635     
   6.4725432002445561E-004   26.964467775665355     
   6.5293046793030390E-004   26.964467198153130     
   6.5865639326374500E-004   26.964466610318709     
   6.6443253255186357E-004   26.964466011950861     
   6.7025932614990286E-004   26.964465402878631     
   6.7613721827483662E-004   26.964464782911563     
   6.8206665703923438E-004   26.964464151841952     
   6.8804809448542385E-004   26.964463509476104     
   6.9408198661995428E-004   26.964462855603472     
   7.0016879344836000E-004   26.964462190020754     
   7.0630897901023020E-004   26.964461512522973     
   7.1250301141458625E-004   26.964460822887105     
   7.1875136287556792E-004   26.964460120907120     
   7.2505450974843502E-004   26.964459406333845     
   7.3141293256588180E-004   26.964458678960654     
   7.3782711607467226E-004   26.964457938548890     
   7.4429754927259550E-004   26.964457184862454     
   7.5082472544574490E-004   26.964456417669822     
   7.5740914220612601E-004   26.964455636723756     
   7.6405130152959141E-004   26.964454841763200     
   7.7075170979411104E-004   26.964454032547792     
   7.7751087781837639E-004   26.964453208819350     
   7.8432932090074375E-004   26.964452370303775     
   7.9120755885851908E-004   26.964451516748881     
   7.9814611606758719E-004   26.964450647871473     
   8.0514552150238896E-004   26.964449763402598     
   8.1220630877624806E-004   26.964448863043486     
   8.1932901618205249E-004   26.964447946530868     
   8.2651418673329255E-004   26.964447013552615     
   8.3376236820545781E-004   26.964446063814989     
   8.4107411317779844E-004   26.964445097021979     
   8.4844997907545215E-004   26.964444112854807     
   8.5589052821194043E-004   26.964443111002282     
   8.6339632783203734E-004   26.964442091144008     
   8.7096795015501527E-004   26.964441052949638     
   8.7860597241826816E-004   26.964439996094541     
   8.8631097692131941E-004   26.964438920226513     
   8.9408355107021404E-004   26.964437825012112     
   9.0192428742230039E-004   26.964436710101523     
   9.0983378373140559E-004   26.964435575125748     
   9.1781264299340640E-004   26.964434419728491     
   9.2586147349219916E-004   26.964433243537911     
   9.3398088884607405E-004   26.964432046174863     
   9.4217150805449550E-004   26.964430827251675     
   9.5043395554529251E-004   26.964429586374820     
   9.5876886122226303E-004   26.964428323154664     
   9.6717686051319676E-004   26.964427037175227     
   9.7565859441831710E-004   26.964425728029141     
   9.8421470955914968E-004   26.964424395285675     
   9.9284585822781869E-004   26.964423038525638     
   1.0015526984367758E-003   26.964421657301784     
   1.0103358939689644E-003   26.964420251175426     
   1.0191961144284257E-003   26.964418819687950     
   1.0281340352913458E-003   26.964417362380743     
   1.0371503379575527E-003   26.964415878780983     
   1.0462457098024641E-003   26.964414368407205     
   1.0554208442294908E-003   26.964412830772915     
   1.0646764407228994E-003   26.964411265377635     
   1.0740132049011394E-003   26.964409671726628     
   1.0834318485706367E-003   26.964408049287300     
   1.0929330897800600E-003   26.964406397541723     
   1.1025176528750629E-003   26.964404715953435     
   1.1121862685535048E-003   26.964403003980209     
   1.1219396739211580E-003   26.964401261058583     
   1.1317786125479023E-003   26.964399486629389     
   1.1417038345244125E-003   26.964397680114928     
   1.1517160965193421E-003   26.964395840922236     
   1.1618161618370106E-003   26.964393968462332     
   1.1720048004755952E-003   26.964392062123892     
   1.1822827891858326E-003   26.964390121279877     
   1.1926509115302369E-003   26.964388145304497     
   1.2031099579428352E-003   26.964386133546981     
   1.2136607257894284E-003   26.964384085361274     
   1.2243040194283798E-003   26.964382000068497     
   1.2350406502719367E-003   26.964379876997612     
   1.2458714368480911E-003   26.964377715447483     
   1.2567972048629795E-003   26.964375514716608     
   1.2678187872638348E-003   26.964373274088672     
   1.2789370243024862E-003   26.964370992818232     
   1.2901527635994169E-003   26.964368670170956     
   1.3014668602083861E-003   26.964366305378036     
   1.3128801766816138E-003   26.964363897668875     
   1.3243935831355402E-003   26.964361446254486     
   1.3360079573171597E-003   26.964358950327409     
   1.3477241846709394E-003   26.964356409071968     
   1.3595431584063208E-003   26.964353821647677     
   1.3714657795658163E-003   26.964351187213879     
   1.3834929570937023E-003   26.964348504892854     
   1.3956256079053135E-003   26.964345773807139     
   1.4078646569569454E-003   26.964342993060455     
   1.4202110373163722E-003   26.964340161731116     
   1.4326656902339790E-003   26.964337278891065     
   1.4452295652145203E-003   26.964334343586330     
   1.4579036200895075E-003   26.964331354848383     
   1.4706888210902318E-003   26.964328311687211     
   1.4835861429214258E-003   26.964325213106065     
   1.4965965688355717E-003   26.964322058074231     
   1.5097210907078630E-003   26.964318845545307     
   1.5229607091118199E-003   26.964315574462177     
   1.5363164333955729E-003   26.964312243731570     
   1.5497892817588085E-003   26.964308852256124     
   1.5633802813303976E-003   26.964305398912188     
   1.5770904682466979E-003   26.964301882551581     
   1.5909208877305475E-003   26.964298302003641     
   1.6048725941709477E-003   26.964294656078778     
   1.6189466512034488E-003   26.964290943566340     
   1.6331441317912363E-003   26.964287163228761     
   1.6474661183069311E-003   26.964283313808380     
   1.6619137026151062E-003   26.964279394023009     
   1.6764879861555285E-003   26.964275402560702     
   1.6911900800271262E-003   26.964271338091265     
   1.7060211050726984E-003   26.964267199261656     
   1.7209821919643635E-003   26.964262984680005     
   1.7360744812897587E-003   26.964258692944071     
   1.7512991236389936E-003   26.964254322611481     
   1.7666572796923700E-003   26.964249872226048     
   1.7821501203088663E-003   26.964245340285743     
   1.7977788266154021E-003   26.964240725277762     
   1.8135445900968818E-003   26.964236025654287     
   1.8294486126870318E-003   26.964231239829104     
   1.8454921068600306E-003   26.964226366196641     
   1.8616762957229455E-003   26.964221403117079     
   1.8780024131089773E-003   26.964216348918825     
   1.8944717036715245E-003   26.964211201903282     
   1.9110854229790724E-003   26.964205960326751     
   1.9278448376109133E-003   26.964200622425722     
   1.9447512252537063E-003   26.964195186399422     
   1.9618058747988849E-003   26.964189650401778     
   1.9790100864409176E-003   26.964184012568182     
   1.9963651717764316E-003   26.964178270987958     
   2.0138724539042036E-003   26.964172423712313     
   2.0315332675260303E-003   26.964166468763807     
   2.0493489590484811E-003   26.964160404118331     
   2.0673208866855432E-003   26.964154227713266     
   2.0854504205621710E-003   26.964147937456062     
   2.1037389428187349E-003   26.964141531201960     
   2.1221878477163973E-003   26.964135006771556     
   2.1407985417434021E-003   26.964128361941931     
   2.1595724437223044E-003   26.964121594447676     
   2.1785109849181347E-003   26.964114701973529     
   2.1976156091475158E-003   26.964107682171630     
   2.2168877728887346E-003   26.964100532636792     
   2.2363289453927785E-003   26.964093250927533     
   2.2559406087953489E-003   26.964085834544449     
   2.2757242582298531E-003   26.964078280948826     
   2.2956814019413877E-003   26.964070587548747     
   2.3158135614017258E-003   26.964062751699799     
   2.3361222714253049E-003   26.964054770712266     
   2.3566090802862412E-003   26.964046641837655     
   2.3772755498363629E-003   26.964038362277222     
   2.3981232556242803E-003   26.964029929180441     
   2.4191537870155017E-003   26.964021339636446     
   2.4403687473136025E-003   26.964012590679403     
   2.4617697538824560E-003   26.964003679285497     
   2.4833584382695341E-003   26.963994602375578     
   2.5051364463302946E-003   26.963985356802681     
   2.5271054383536537E-003   26.963975939364047     
   2.5492670891885641E-003   26.963966346794763     
   2.5716230883716966E-003   26.963956575763973     
   2.5941751402562495E-003   26.963946622875909     
   2.6169249641418788E-003   26.963936484666959     
   2.6398742944057775E-003   26.963926157609791     
   2.6630248806348944E-003   26.963915638102321     
   2.6863784877593187E-003   26.963904922477383     
   2.7099368961868366E-003   26.963894006989875     
   2.7337019019386573E-003   26.963882887824838     
   2.7576753167863430E-003   26.963871561092930     
   2.7818589683899280E-003   26.963860022829238     
   2.8062547004372557E-003   26.963848268983440     
   2.8308643727845374E-003   26.963836295433367     
   2.8556898615981377E-003   26.963824097973912     
   2.8807330594976129E-003   26.963811672309959     
   2.9059958756999949E-003   26.963799014075391     
   2.9314802361653453E-003   26.963786118804620     
   2.9571880837435849E-003   26.963772981947329     
   2.9831213783226103E-003   26.963759598867114     
   3.0092820969777096E-003   26.963745964833578     
   3.0356722341222898E-003   26.963732075021539     
   3.0622938016599218E-003   26.963717924508387     
   3.0891488291377263E-003   26.963703508276808     
   3.1162393639010966E-003   26.963688821212912     
   3.1435674712497834E-003   26.963673858092420     
   3.1711352345953465E-003   26.963658613594333     
   3.1989447556199885E-003   26.963643082288485     
   3.2269981544367798E-003   26.963627258635086     
   3.2552975697512899E-003   26.963611136990892     
   3.2838451590246360E-003   26.963594711588968     
   3.3126430986379607E-003   26.963577976558838     
   3.3416935840583544E-003   26.963560925903948     
   3.3709988300062274E-003   26.963543553511016     
   3.4005610706241566E-003   26.963525853145939     
   3.4303825596472097E-003   26.963507818446232     
   3.4604655705747604E-003   26.963489442925095     
   3.4908123968438167E-003   26.963470719962800     
   3.5214253520038626E-003   26.963451642810014     
   3.5523067698932371E-003   26.963432204576208     
   3.5834590048170593E-003   26.963412398239143     
   3.6148844317267126E-003   26.963392216628790     
   3.6465854464009049E-003   26.963371652435654     
   3.6785644656283137E-003   26.963350698201452     
   3.7108239273918376E-003   26.963329346315277     
   3.7433662910544572E-003   26.963307589014107     
   3.7761940375467310E-003   26.963285418377666     
   3.8093096695559362E-003   26.963262826326456     
   3.8427157117168617E-003   26.963239804615853     
   3.8764147108042808E-003   26.963216344836098     
   3.9104092359271104E-003   26.963192438406509     
   3.9447018787242714E-003   26.963168076568024     
   3.9792952535622657E-003   26.963143250390971     
   4.0141919977344891E-003   26.963117950759084     
   4.0493947716622909E-003   26.963092168371389     
   4.0849062590977954E-003   26.963065893737905     
   4.1207291673285027E-003   26.963039117177345     
   4.1568662273836852E-003   26.963011828806771     
   4.1933201942425920E-003   26.962984018545313     
   4.2300938470444804E-003   26.962955676104315     
   4.2671899893004890E-003   26.962926790984312     
   4.3046114491073701E-003   26.962897352475437     
   4.3423610793630919E-003   26.962867349638685     
   4.3804417579843382E-003   26.962836771322628     
   4.4188563881259095E-003   26.962805606139881     
   4.4576078984020521E-003   26.962773842470170     
   4.4966992431097284E-003   26.962741468454482     
   4.5361334024538371E-003   26.962708471992499     
   4.5759133827744233E-003   26.962674840732603     
   4.6160422167758671E-003   26.962640562067946     
   4.6565229637580887E-003   26.962605623134351     
   4.6973587098497818E-003   26.962570010799709     
   4.7385525682436900E-003   26.962533711661735     
   4.7801076794339445E-003   26.962496712041940     
   4.8220272114554898E-003   26.962458997977166     
   4.8643143601256027E-003   26.962420555216852     
   4.9069723492875320E-003   26.962381369212807     
   4.9500044310562749E-003   26.962341425116790     
   4.9934138860665079E-003   26.962300707773124     
   5.0372040237226922E-003   26.962259201710282     
   5.0813781824513718E-003   26.962216891134517     
   5.1259397299556909E-003   26.962173759921512     
   5.1708920634721267E-003   26.962129791616235     
   5.2162386100294928E-003   26.962084969414974     
   5.2619828267102030E-003   26.962039276168383     
   5.3081282009138277E-003   26.961992694364596     
   5.3546782506229641E-003   26.961945206129542     
   5.4016365246714352E-003   26.961896793209718     
   5.4490066030148439E-003   26.961847436976939     
   5.4967920970034941E-003   26.961797118404633     
   5.5449966496577147E-003   26.961745818073751     
   5.5936239359455865E-003   26.961693516154014     
   5.6426776630631144E-003   26.961640192397937     
   5.6921615707168534E-003   26.961585826133273     
   5.7420794314090064E-003   26.961530396255370     
   5.7924350507250364E-003   26.961473881206871     
   5.8432322676237871E-003   26.961416258986389     
   5.8944749547301554E-003   26.961357507119402     
   5.9461670186303286E-003   26.961297602660977     
   5.9983124001696097E-003   26.961236522180684     
   6.0509150747528563E-003   26.961174241749006     
   6.1039790526475537E-003   26.961110736934245     
   6.1575083792895433E-003   26.961045982782821     
   6.2115071355914363E-003   26.960979953813279     
   6.2659794382537307E-003   26.960912624004379     
   6.3209294400786535E-003   26.960843966777787     
   6.3763613302867594E-003   26.960773954994181     
   6.4322793348363036E-003   26.960702560932873     
   6.4886877167454173E-003   26.960629756282827     
   6.5455907764171047E-003   26.960555512130497     
   6.6029928519670935E-003   26.960479798943823     
   6.6608983195545609E-003   26.960402586559979     
   6.7193115937157601E-003   26.960323844170091     
   6.7782371277005640E-003   26.960243540305981     
   6.8376794138119770E-003   26.960161642826137     
   6.8976429837486050E-003   26.960078118898394     
   6.9581324089501477E-003   26.959992934985365     
   7.0191523009459026E-003   26.959906056830420     
   7.0807073117063399E-003   26.959817449439072     
   7.1428021339977523E-003   26.959727077063462     
   7.2054415017400158E-003   26.959634903186270     
   7.2686301903674934E-003   26.959540890502069     
   7.3323730171930938E-003   26.959445000901042     
   7.3966748417755345E-003   26.959347195448260     
   7.4615405662898171E-003   26.959247434368763     
   7.5269751359009528E-003   26.959145677025390     
   7.5929835391409708E-003   26.959041881901413     
   7.6595708082892204E-003   26.958936006579592     
   7.7267420197560293E-003   26.958828007723270     
   7.7945022944697030E-003   26.958717841052703     
   7.8628567982669314E-003   26.958605461325988     
   7.9318107422866220E-003   26.958490822318794     
   8.0013693833671708E-003   26.958373876797225     
   8.0715380244472373E-003   26.958254576499257     
   8.1423220149700222E-003   26.958132872109758     
   8.2137267512910842E-003   26.958008713236524     
   8.2857576770897570E-003   26.957882048385898     
   8.3584202837841456E-003   26.957752824938382     
   8.4317201109497791E-003   26.957620989121381     
   8.5056627467419328E-003   26.957486485984816     
   8.5802538283216555E-003   26.957349259372108     
   8.6554990422855194E-003   26.957209251895677     
   8.7314041250991584E-003   26.957066404904680     
   8.8079748635345925E-003   26.956920658460575     
   8.8852170951113987E-003   26.956771951304034     
   8.9631367085417409E-003   26.956620220826437     
   9.0417396441793123E-003   26.956465403038521     
   9.1210318944722046E-003   26.956307432539575     
   9.2010195044197572E-003   26.956146242483356     
   9.2817085720334098E-003   26.955981764545527     
   9.3631052488015974E-003   26.955813928890848     
   9.4452157401587120E-003   26.955642664136803     
   9.5280463059581964E-003   26.955467897318442     
   9.6116032609497807E-003   26.955289553852026     
   9.6958929752608784E-003   26.955107557498394     
   9.7809218748822480E-003   26.954921830322661     
   9.8666964421578792E-003   26.954732292657354     
   9.9532232162791862E-003   26.954538863060804     
   1.0040508793783542E-002   26.954341458277952     
   1.0128559829057179E-002   26.954139993195383     
   1.0217383034842488E-002   26.953934380800121     
   1.0306985182749792E-002   26.953724532136278     
   1.0397373103773578E-002   26.953510356257596     
   1.0488553688813287E-002   26.953291760184413     
   1.0580533889198643E-002   26.953068648853531     
   1.0673320717219603E-002   26.952840925070689     
   1.0766921246660959E-002   26.952608489461454     
   1.0861342613341617E-002   26.952371240419581     
   1.0956592015658609E-002   26.952129074056444     
   1.1052676715135882E-002   26.951881884145990     
   1.1149604036977886E-002   26.951629562070281     
   1.1247381370628034E-002   26.951371996765914     
   1.1346016170332046E-002   26.951109074663776     
   1.1445515955706236E-002   26.950840679633501     
   1.1545888312310798E-002   26.950566692919466     
   1.1647140892228078E-002   26.950286993084347     
   1.1749281414645981E-002   26.950001455941532     
   1.1852317666446427E-002   26.949709954493898     
   1.1956257502799019E-002   26.949412358865317     
   1.2061108847759886E-002   26.949108536235769     
   1.2166879694875801E-002   26.948798350769493     
   1.2273578107793569E-002   26.948481663546687     
   1.2381212220874786E-002   26.948158332487253     
   1.2489790239815977E-002   26.947828212280456     
   1.2599320442274169E-002   26.947491154305879     
   1.2709811178497954E-002   26.947147006556918     
   1.2821270871964092E-002   26.946795613560482     
   1.2933708020019688E-002   26.946436816293613     
   1.3047131194530003E-002   26.946070452103186     
   1.3161549042531948E-002   26.945696354615961     
   1.3276970286893309E-002   26.945314353653174     
   1.3393403726977747E-002   26.944924275140124     
   1.3510858239315639E-002   26.944525941013211     
   1.3629342778280798E-002   26.944119169125685     
   1.3748866376773127E-002   26.943703773150787     
   1.3869438146907255E-002   26.943279562483099     
   1.3991067280707222E-002   26.942846342136448     
   1.4113763050807250E-002   26.942403912639662     
   1.4237534811158659E-002   26.941952069929670     
   1.4362391997742979E-002   26.941490605244098     
   1.4488344129291337E-002   26.941019305007586     
   1.4615400808010113E-002   26.940537950718237     
   1.4743571720313004E-002   26.940046318829218     
   1.4872866637559471E-002   26.939544180629468     
   1.5003295416799687E-002   26.939031302120839     
   1.5134868001526003E-002   26.938507443890643     
   1.5267594422431014E-002   26.937972360983650     
   1.5401484798172270E-002   26.937425802768786     
   1.5536549336143677E-002   26.936867512804838     
   1.5672798333253701E-002   26.936297228700170     
   1.5810242176710353E-002   26.935714681970950     
   1.5948891344813084E-002   26.935119597895323     
   1.6088756407751627E-002   26.934511695364478     
   1.6229848028411823E-002   26.933890686729427     
   1.6372176963188538E-002   26.933256277643665     
   1.6515754062805688E-002   26.932608166903918     
   1.6660590273143473E-002   26.931946046284452     
   1.6806696636072850E-002   26.931269600369433     
   1.6954084290297346E-002   26.930578506379931     
   1.7102764472202214E-002   26.929872433997417     
   1.7252748516711089E-002   26.929151045182010     
   1.7404047858150105E-002   26.928413993987704     
   1.7556674031119629E-002   26.927660926372027     
   1.7710638671373610E-002   26.926891480001387     
   1.7865953516706674E-002   26.926105284050664     
   1.8022630407848950E-002   26.925301959001217     
   1.8180681289368790E-002   26.924481116428012     
   1.8340118210583390E-002   26.923642358788641     
   1.8500953326477377E-002   26.922785279202174     
   1.8663198898629468E-002   26.921909461222498     
   1.8826867296147288E-002   26.921014478611085     
   1.8991970996610305E-002   26.920099895098105     
   1.9158522587021120E-002   26.919165264140986     
   1.9326534764765042E-002   26.918210128678083     
   1.9496020338578102E-002   26.917234020872854     
   1.9666992229523558E-002   26.916236461853885     
   1.9839463471976952E-002   26.915216961450540     
   2.0013447214619819E-002   26.914175017917330     
   2.0188956721442084E-002   26.913110117655179     
   2.0366005372753283E-002   26.912021734925872     
   2.0544606666202638E-002   26.910909331557434     
   2.0724774217808072E-002   26.909772356643828     
   2.0906521762994245E-002   26.908610246237714     
   2.1089863157639721E-002   26.907422423033807     
   2.1274812379133281E-002   26.906208296046884     
   2.1461383527439516E-002   26.904967260279705     
   2.1649590826173779E-002   26.903698696384708     
   2.1839448623686537E-002   26.902401970316362     
   2.2030971394157252E-002   26.901076432975941     
   2.2224173738697846E-002   26.899721419846202     
   2.2419070386465838E-002   26.898336250617945     
   2.2615676195787280E-002   26.896920228809535     
   2.2814006155289460E-002   26.895472641372550     
   2.3014075385043641E-002   26.893992758293365     
   2.3215899137717731E-002   26.892479832179276     
   2.3419492799739122E-002   26.890933097839877     
   2.3624871892467696E-002   26.889351771855672     
   2.3832052073379115E-002   26.887735052135497     
   2.4041049137258536E-002   26.886082117464923     
   2.4251879017404707E-002   26.884392127043157     
   2.4464557786844716E-002   26.882664220008365     
   2.4679101659559319E-002   26.880897514952721     
   2.4895526991719073E-002   26.879091109422347     
   2.5113850282931248E-002   26.877244079411298     
   2.5334088177497736E-002   26.875355478836383     
   2.5556257465683945E-002   26.873424339004231     
   2.5780375084998843E-002   26.871449668064173     
   2.6006458121486220E-002   26.869430450446515     
   2.6234523811027283E-002   26.867365646289699     
   2.6464589540654650E-002   26.865254190851033     
   2.6696672849877909E-002   26.863094993906770     
   2.6930791432020748E-002   26.860886939133508     
   2.7166963135569870E-002   26.858628883478332     
   2.7405205965535685E-002   26.856319656512653     
   2.7645538084824964E-002   26.853958059769212     
   2.7887977815625530E-002   26.851542866066069     
   2.8132543640803066E-002   26.849072818811521     
   2.8379254205310234E-002   26.846546631294501     
   2.8628128317608043E-002   26.843962985957887     
   2.8879184951099823E-002   26.841320533652521     
   2.9132443245577639E-002   26.838617892876385     
   2.9387922508681493E-002   26.835853648993805     
   2.9645642217371246E-002   26.833026353436452     
   2.9905622019411507E-002   26.830134522886254     
   3.0167881734869510E-002   26.827176638437862     
   3.0432441357626124E-002   26.824151144742046     
   3.0699321056900156E-002   26.821056449129117     
   3.0968541178785954E-002   26.817890920710511     
   3.1240122247804546E-002   26.814652889460859     
   3.1514084968468387E-002   26.811340645277767     
   3.1790450226859772E-002   26.807952437018827     
   3.2069239092223159E-002   26.804486471517635     
   3.2350472818571396E-002   26.800940912575868     
   3.2634172846306091E-002   26.797313879931608     
   3.2920360803852140E-002   26.793603448205005     
   3.3209058509306617E-002   26.789807645817547     
   3.3500287972102132E-002   26.785924453888299     
   3.3794071394684745E-002   26.781951805103205     
   3.4090431174206619E-002   26.777887582558520     
   3.4389389904233528E-002   26.773729618578386     
   3.4690970376467289E-002   26.769475693504603     
   3.4995195582483367E-002   26.765123534458382     
   3.5302088715483640E-002   26.760670814074587     
   3.5611673172064630E-002   26.756115149206124     
   3.5923972554001135E-002   26.751454099600210     
   3.6239010670045604E-002   26.746685166543188     
   3.6556811537743213E-002   26.741805791475031     
   3.6877399385262896E-002   26.736813354573371     
   3.7200798653244424E-002   26.731705173304931     
   3.7527033996661713E-002   26.726478500943728     
   3.7856130286702393E-002   26.721130525057930     
   3.8188112612663958E-002   26.715658365961218     
   3.8523006283866471E-002   26.710059075130488     
   3.8860836831582077E-002   26.704329633588515     
   3.9201630010981425E-002   26.698466950250008     
   3.9545411803097189E-002   26.692467860232455     
   3.9892208416804735E-002   26.686329123129411     
   4.0242046290820253E-002   26.680047421244609     
   4.0594952095716327E-002   26.673619357790017     
   4.0950952735955254E-002   26.667041455042806     
   4.1310075351940125E-002   26.660310152463467     
   4.1672347322083934E-002   26.653421804772535     
   4.2037796264896857E-002   26.646372679986882     
   4.2406450041091753E-002   26.639158957413571     
   4.2778336755708218E-002   26.631776725600815     
   4.3153484760255198E-002   26.624221980246091     
   4.3531922654872462E-002   26.616490622059445     
   4.3913679290510946E-002   26.608578454582698     
   4.4298783771132277E-002   26.600481181962351     
   4.4687265455927584E-002   26.592194406677180     
   4.5079153961555742E-002   26.583713627217350     
   4.5474479164401255E-002   26.575034235717510     
   4.5873271202851937E-002   26.566151515540213     
   4.6275560479596578E-002   26.557060638811151     
   4.6681377663942751E-002   26.547756663903755     
   4.7090753694154955E-002   26.538234532874043     
   4.7503719779813214E-002   26.528489068843129     
   4.7920307404192466E-002   26.518514973330042     
   4.8340548326662694E-002   26.508306823529182     
   4.8764474585110192E-002   26.497859069537128     
   4.9192118498380039E-002   26.487166031523770     
   4.9623512668739961E-002   26.476221896850319     
   5.0058689984365863E-002   26.465020717131011     
   5.0497683621849095E-002   26.453556405240619     
   5.0940527048725759E-002   26.441822732264001     
   5.1387254026028145E-002   26.429813324390466     
   5.1837898610858600E-002   26.417521659749582     
   5.2292495158985902E-002   26.404941065189632     
   5.2751078327464486E-002   26.392064712998149     
   5.3213683077276537E-002   26.378885617562730     
   5.3680344675997346E-002   26.365396631973510     
   5.4151098700483999E-002   26.351590444565517     
   5.4625981039587622E-002   26.337459575401297     
   5.5105027896889487E-002   26.322996372693510     
   5.5588275793461005E-002   26.308193009166487     
   5.6075761570648024E-002   26.293041478357395     
   5.6567522392879474E-002   26.277533590856635     
   5.7063595750500698E-002   26.261660970486901     
   5.7564019462631580E-002   26.245415050421201     
   5.8068831680049747E-002   26.228787069240155     
   5.8578070888099097E-002   26.211768066927661     
   5.9091775909623799E-002   26.194348880805862     
   5.9609985907928022E-002   26.176520141409796     
   6.0132740389761616E-002   26.158272268301147     
   6.0660079208331996E-002   26.139595465821714     
   6.1192042566342426E-002   26.120479718787834     
   6.1728671019056970E-002   26.100914788125237     
   6.2270005477392282E-002   26.080890206445190     
   6.2816087211036500E-002   26.060395273563486     
   6.3366957851595601E-002   26.039419051961318     
   6.3922659395767190E-002   26.017950362191314     
   6.4483234208542226E-002   25.995977778227996     
   6.5048725026434828E-002   25.973489622763680     
   6.5619174960740323E-002   25.950473962453188     
   6.6194627500821987E-002   25.926918603106401     
   6.6775126517426481E-002   25.902811084831228     
   6.7360716266028450E-002   25.878138677129456     
   6.7951441390204384E-002   25.852888373946058     
   6.8547346925036223E-002   25.827046888674460     
   6.9148478300544547E-002   25.800600649120796     
   6.9754881345152134E-002   25.773535792427651     
   7.0366602289177696E-002   25.745838159962503     
   7.0983687768360421E-002   25.717493292170914     
   7.1606184827415292E-002   25.688486423399567     
   7.2234140923619572E-002   25.658802476690965     
   7.2867603930430985E-002   25.628426058554368     
   7.3506622141137207E-002   25.597341453715231     
   7.4151244272537803E-002   25.565532619848412     
   7.4801519468658123E-002   25.532983182298779     
   7.5457497304495899E-002   25.499676428793023     
   7.6119227789800792E-002   25.465595304148550     
   7.6786761372886897E-002   25.430722404983186     
   7.7460148944478724E-002   25.395039974432734     
   7.8139441841591092E-002   25.358529896879162     
   7.8824691851442780E-002   25.321173692698608     
   7.9515951215404709E-002   25.282952513033223     
   8.0213272632982585E-002   25.243847134593977     
   8.0916709265834649E-002   25.203837954501992     
   8.1626314741824454E-002   25.162904985175032     
   8.2342143159109357E-002   25.121027849267193     
   8.3064249090264802E-002   25.078185774669890     
   8.3792687586444731E-002   25.034357589582939     
   8.4527514181578514E-002   24.989521717664132     
   8.5268784896604749E-002   24.943656173267158     
   8.6016556243741993E-002   24.896738556778288     
   8.6770885230797290E-002   24.848746050060498     
   8.7531829365512043E-002   24.799655412018126     
   8.8299446659946407E-002   24.749442974291739     
   8.9073795634901864E-002   24.698084637095818     
   8.9854935324382684E-002   24.645555865211335     
   9.0642925280096487E-002   24.591831684147223     
   9.1437825575994308E-002   24.536886676482339     
   9.2239696812850491E-002   24.480694978404316     
   9.3048600122882588E-002   24.423230276458511     
   9.3864597174411993E-002   24.364465804522965     
   9.4687750176565305E-002   24.304374341025238     
   9.5518121884017024E-002   24.242928206417972     
   9.6355775601773677E-002   24.180099260930717     
   9.7200775190000033E-002   24.115858902614661     
   9.8053185068887702E-002   24.050178065701232     
   9.8913070223566157E-002   23.983027219291998     
   9.9780496209057185E-002   23.914376366400745     
  0.10065552915527244        23.844195043368956     
  0.10153823577205510        23.772452319675608     
  0.10242868335426562        23.699116798164042     
  0.10332693978691201        23.624156615709452     
  0.10423307355032518        23.547539444349496     
  0.10514715372537982        23.469232492905178     
  0.10606924999876072        23.389202509114781     
  0.10699943266827558        23.307415782309590     
  0.10793777264821429        23.223838146657044     
  0.10888434147475524        23.138434984999677     
  0.10983921131141891        23.051171233319252     
  0.11080245495456956        22.962011385855178     
  0.11177414583896485        22.870919500907476     
  0.11275435804335440        22.777859207356357     
  0.11374316629612725        22.682793711929847     
  0.11474064598100898        22.585685807252815     
  0.11574687314280867        22.486497880710729     
  0.11676192449321639        22.385191924163379     
  0.11778587741665143        22.281729544543097     
  0.11881880997616186        22.176071975374100     
  0.11986080091937580        22.068180089249623     
  0.12091192968450497        21.958014411304546     
  0.12197227640640072        21.845535133721015     
  0.12304192192266332        21.730702131307396     
  0.12412094777980474        21.613474978188563     
  0.12520943623946562        21.493812965648587     
  0.12630747028468642        21.371675121166433     
  0.12741513362623405        21.247020228684917     
  0.12853251070898356        21.119806850155882     
  0.12965968671835598        20.989993348402351     
  0.13079674758681267        20.857537911340444     
  0.13194378000040649        20.722398577603755     
  0.13310087140539043        20.584533263612059     
  0.13426811001488440        20.443899792128192     
  0.13544558481560015        20.300455922344710     
  0.13663338557462548        20.154159381543622     
  0.13783160284626778        20.004967898371390     
  0.13904032797895752        19.852839237770993     
  0.14025965312221250        19.697731237613169     
  0.14148967123366302        19.539601847066933     
  0.14273047608613862        19.378409166750615     
  0.14398216227481708        19.214111490702237     
  0.14524482522443607        19.046667350207414     
  0.14651856119656809        18.876035559522350     
  0.14780346729695903        18.702175263527451     
  0.14909964148293137        18.525045987345905     
  0.15040718257085198        18.344607687959282     
  0.15172619024366571        18.160820807851053     
  0.15305676505849489        17.973646330706259     
  0.15439900845430551        17.783045839192951     
  0.15575302275964048        17.588981574848688     
  0.15711891120042104        17.391416500092546     
  0.15849677790781630        17.190314362380107     
  0.15988672792618183        16.985639760514047     
  0.16128886722106806        16.777358213121758     
  0.16270330268729860        16.565436229305035     
  0.16413014215711974        16.349841381463889     
  0.16556949440842109        16.130542380291416     
  0.16702146917302865        15.907509151931990     
  0.16848617714507028        15.680712917289654     
  0.16996372998941475        15.450126273467674     
  0.17145424035018478        15.215723277314723     
  0.17295782185934452        14.977479531046441     
  0.17447458914536265        14.735372269905014     
  0.17600465784195132        14.489380451810931     
  0.17754814459688162        14.239484848955726     
  0.17910516708087645        13.985668141274715     
  0.18067584399658143        13.727915011731682     
  0.18226029508761446        13.466212243338134     
  0.18385864114769448        13.200548817821684     
  0.18547100402985059        12.930916015847174     
  0.18709750665571157        12.657307518686324     
  0.18873827302487717        12.379719511219349     
  0.19039342822437141        12.098150786143577     
  0.19206309843817893        11.812602849250979     
  0.19374741095686465        11.523080025627593     
  0.19544649418727833        11.229589566613583     
  0.19716047766234360        10.932141757353236     
  0.19888949205093337        10.630750024749602     
  0.20063366916783160        10.325431045627795     
  0.20239314198378225        10.016204854896728     
  0.20416804463562691        9.7030949534865556     
  0.20595851243653074        9.3861284158259366     
  0.20776468188629829        9.0653359966090790     
  0.20958669068178015        8.7407522365892589     
  0.21142467772737009        8.4124155671221814     
  0.21327878314559509        8.0803684131677045     
  0.21514914828779766        7.7446572944455596     
  0.21703591574491204        7.4053329244266877     
  0.21893922935833501        7.0624503068276425     
  0.22085923423089179        6.7160688292631505     
  0.22279607673789828        6.3662523536973978     
  0.22474990453832033        6.0130693033229221     
  0.22672086658603074        5.6565927454822358     
  0.22870911314116507        5.2969004702366647     
  0.23071479578157697        4.9340750641743085     
  0.23273806741439412        4.5682039790385005     
  0.23477908228767533        4.1993795947485424     
  0.23683799600216987        3.8276992763748012     
  0.23891496552318017        3.4532654246222450     
  0.24101014919252825        3.0761855193691687     
  0.24312370674062725        2.6965721558024640     
  0.24525579929865882        2.3145430726848559     
  0.24740658941085714        1.9302211722881850     
  0.24957624104690102        1.5437345315230786     
  0.25176491961441422        1.1552164037970343     
  0.25397279197157585       0.76480521113352751     
  0.25620002643984097       0.37264452608923193     
  0.25844679281677274       -2.1116956988279867E-002
  0.26071326238898779      -0.41632546181192254     
  0.26299960794521404      -0.81282218155464392     
  0.26530600378946390       -1.2104433422239396     
  0.26763262575432256       -1.6090202784228111     
  0.26997965121435302       -2.0083795218905678     
  0.27234725909961849       -2.4083429031963348     
  0.27473562990932343       -2.8087276669349137     
  0.27714494572557452       -3.2093466007478710     
  0.27957539022726163       -3.6100081784627278     
  0.28202714870406137       -4.0105167176120275     
  0.28450040807056276       -4.4106725515559972     
  0.28699535688051697       -4.8102722163956884     
  0.28951218534121231       -5.2091086528192960     
  0.29205108532797486       -5.6069714229803225     
  0.29461225039879663       -6.0036469424559371     
  0.29719587580909168       -6.3989187272831671     
  0.29980215852658176       -6.7925676560139863     
  0.30243129724631279       -7.1843722466730853     
  0.30508349240580257       -7.5741089484397648     
  0.30775894620032135       -7.9615524478116484     
  0.31045786259830699       -8.3464759889406537     
  0.31318044735691464       -8.7286517077618484     
  0.31592690803770307       -9.1078509794642670     
  0.31869745402245853       -9.4838447787782769     
  0.32149229652915734       -9.8564040524782470     
  0.32431164862806861       -10.225300103422491     
  0.32715572525799813       -10.590304985372676     
  0.33002474324267428       -10.951191907756858     
  0.33291892130727840       -11.307735649459609     
  0.33583848009511968       -11.659712980643825     
  0.33878364218445606       -12.006903091528805     
  0.34175463210546320       -12.349088026972360     
  0.34475167635735188       -12.686053125627204     
  0.34777500342563561       -13.017587462368393     
  0.35082484379954959       -13.343484292616655     
  0.35390142998962271       -13.663541497114892     
  0.35700499654540319       -13.977562025650421     
  0.36013578007334018       -14.285354338156768     
  0.36329401925482163       -14.586732841574424     
  0.36647995486437085       -14.881518320801987     
  0.36969382978800241       -15.169538362027765     
  0.37293588904173897       -15.450627766697828     
  0.37620637979029048       -15.724628954350329     
  0.37950555136589736       -15.991392352528635     
  0.38283365528733898       -16.250776771977257     
  0.38619094527910819       -16.502649765326211     
  0.38957767729075515       -16.746887967481435     
  0.39299410951639968       -16.983377415961183     
  0.39644050241441542       -17.212013849452433     
  0.39991711872728614       -17.432702982906868     
  0.40342422350163676       -17.645360757553174     
  0.40696208410843926       -17.849913564271901     
  0.41053097026339697       -18.046298438861118     
  0.41413115404750589       -18.234463227814771     
  0.41776290992779802       -18.414366723341814     
  0.42142651477826581       -18.585978766472891     
  0.42512224790096981       -18.749280317230408     
  0.42885039104733225       -18.904263490979972     
  0.43261122843961664       -19.050931560232492     
  0.43640504679259612       -19.189298921328792     
  0.44023213533541167       -19.319391025609796     
  0.44409278583362205       -19.441244274855553     
  0.44798729261144732       -19.554905880963371     
  0.45191595257420669       -19.660433690029151     
  0.45587906523095445       -19.757895971194433     
  0.45987693271731284       -19.847371170823912     
  0.46390985981850663       -19.928947632782446     
  0.46797815399259840       -20.002723285785493     
  0.47208212539392874       -20.068805299000655     
  0.47622208689676115       -20.127309707279117     
  0.48039835411913467       -20.178361007592159     
  0.48461124544692574       -20.222091728438045     
  0.48886108205812090       -20.258641974166700     
  0.49314818794730231       -20.288158946341547     
  0.49747288995034838       -20.310796444418102     
  0.50183551776935065       -20.326714348166156     
  0.50623640399774872       -20.336078084393748     
  0.51067588414568732       -20.339058080646566     
  0.51515429666559343       -20.335829208653337     
  0.51967198297797934       -20.326570220365220     
  0.52422928749747189       -20.311463179494531     
  0.52882655765906894       -20.290692891493219     
  0.53346414394462682       -20.264446334924951     
  0.53814239990958068       -20.232912097174633     
  0.54286168220989739       -20.196279817406413     
  0.54762235062926712       -20.154739639624594     
  0.55242476810653107       -20.108481678612748     
  0.55726930076335168       -20.057695501423677     
  0.56215631793212395       -20.002569626968782     
  0.56708619218413248       -19.943291046109898     
  0.57205929935795541       -19.880044764491004     
  0.57707601858811675       -19.813013370163574     
  0.58213673233399110       -19.742376627858249     
  0.58724182640896017       -19.668311101539757     
  0.59239169000982717       -19.590989806653525     
  0.59758671574648692       -19.510581893232764     
  0.60282729967185811       -19.427252360787612     
  0.60811384131207669       -19.341161805644330     
  0.61344674369695462       -19.252466201146444     
  0.61882641339070565       -19.161316710872757     
  0.62425326052294039       -19.067859534772516     
  0.62972769881993396       -18.972235787868396     
  0.63525014563616600       -18.874581410935754     
  0.64082102198613977       -18.775027112333987     
  0.64644075257647837       -18.673698339946352     
  0.65210976583830316       -18.570715281978671     
  0.65782849395989607       -18.466192895178910     
  0.66359737291964838       -18.360240958868808     
  0.66941684251929823       -18.252964153028170     
  0.67528734641745980       -18.144462158543089     
  0.68120933216344703       -18.034829777621713     
  0.68718325123139212       -17.924157072297106     
  0.69320955905466586       -17.812529518875039     
  0.69928871506059809       -17.700028176146908     
  0.70542118270550258       -17.586729865173069     
  0.71160742951000999       -17.472707358449284     
  0.71784792709471024       -17.358029576299018     
  0.72414315121610706       -17.242761788384005     
  0.73049358180288848       -17.126965818295471     
  0.73689970299251528       -17.010700249275917     
  0.74336200316812984       -16.894020629225061     
  0.74988097499578887       -16.776979673261746     
  0.75645711546202332       -16.659627462244064     
  0.76309092591172678       -16.542011635790839     
  0.76978291208637617       -16.424177578496518     
  0.77653358416258855       -16.306168598186442     
  0.78334345679101514       -16.188026095218575     
  0.79021304913557666       -16.069789721998198     
  0.79714288491304264       -15.951497532032661     
  0.80413349243295884       -15.833186118011566     
  0.81118540463792244       -15.714890738552072     
  0.81829915914421347       -15.596645433397782     
  0.82547529828278032       -15.478483127001473     
  0.83271436914058528       -15.360435720555037     
  0.84001692360231306       -15.242534172654004     
  0.84738351839244486       -15.124808568897237     
  0.85481471511770113       -15.007288180824668     
  0.86231108030985681       -14.890001514686372     
  0.86987318546893200       -14.772976350614718     
  0.87750160710676139       -14.656239772837530     
  0.88519692679094586       -14.539818191624114     
  0.89295973118918937       -14.423737357697973     
  0.90079061211402423       -14.308022369880135     
  0.90869016656792989       -14.192697676745928     
  0.91665899678884621       -14.077787073086153     
  0.92469771029608627       -13.963313691961680     
  0.93280691993665177       -13.849299993129240     
  0.94098724393195432       -13.735767748596444     
  0.94923930592494754       -13.622738026036611     
  0.95756373502767056       -13.510231170759916     
  0.96596116586921099       -13.398266786897276     
  0.97443223864408612       -13.286863718408620     
  0.98297759916104921       -13.176040030478182     
  0.99159789889232486       -13.065812991807435     
   1.0002937950232749       -12.956199058262156     
   1.0090659505024997       -12.847213858274230     
   1.0179150340923804       -12.738872180342575     
   1.0268417204200617       -12.631187962921308     
   1.0358466900288854       -12.524174286927620     
   1.0449306294302714       -12.417843371047830     
   1.0540942311560557       -12.312206569967676     
   1.0633381938112874       -12.207274375603063     
   1.0726632221274868       -12.103056421360403     
   1.0820700270163741       -11.999561489411697     
   1.0915593256240657       -11.896797520929086     
   1.1011318413857467       -11.794771629186755     
   1.1107883040808255       -11.693490115405041     
   1.1205294498885676       -11.592958487182786     
   1.1303560214442216       -11.493181479338771     
   1.1402687678956340       -11.394163076962398     
   1.1502684449603626       -11.295906540456643     
   1.1603558149832904       -11.198414432343467     
   1.1705316469947440       -11.101688645592667     
   1.1807967167691218       -11.005730433229568     
   1.1911518068840374       -10.910540438974959     
   1.2015977067799808       -10.816118728671844     
   1.2121352128205025       -10.722464822257788     
   1.2227651283529259       -10.629577726048570     
   1.2334882637695928       -10.537455965108247     
   1.2443054365696442       -10.446097615492356     
   1.2552174714213449       -10.355500336164340     
   1.2662252002249521       -10.265661400400374     
   1.2773294621761400       -10.176577726513903     
   1.2885311038299732       -10.088245907748540     
   1.2998309791654497       -10.000662241205619     
   1.3112299496506030       -9.9138227556911005     
   1.3227288843081793       -9.8277232383845909     
   1.3343286597818869       -9.7423592602515061     
   1.3460301604032319       -9.6577262001369508     
   1.3578342782589348       -9.5738192674970470     
   1.3697419132589415       -9.4906335237396213     
   1.3817539732050284       -9.4081639021614087     
   1.3938713738600119       -9.3264052264830646     
   1.4060950390175635       -9.2453522279962073     
   1.4184259005726347       -9.1649995613482904     
   1.4308648985925045       -9.0853418190012292     
   1.4434129813884462       -9.0063735444087136     
   1.4560711055880233       -8.9280892439644397     
   1.4688402362080206       -8.8504833977795574     
   1.4817213467280139       -8.7735504693524557     
   1.4947154191645846       -8.6972849141973381     
   1.5078234441461866       -8.6216811875004087     
   1.5210464209886680       -8.5467337508735781     
   1.5343853577714568       -8.4724370782757727     
   1.5478412714144121       -8.3987856611712441     
   1.5614151877553530       -8.3257740129926070     
   1.5751081416282642       -8.2533966729743504     
   1.5889211769421887       -8.1816482094195955     
   1.6028553467608124       -8.1105232224598804     
   1.6169117133827464       -8.0400163463640730     
   1.6310913484225131       -7.9701222514488412     
   1.6453953328922439       -7.9008356456391260     
   1.6598247572840905       -7.8321512757231782     
   1.6743807216533626       -7.7640639283426474     
   1.6890643357023913       -7.6965684307543745     
   1.7038767188651303       -7.6296596513967812     
   1.7188190003924977       -7.5633325002901124     
   1.7338923194384666       -7.4975819292964045     
   1.7490978251469111       -7.4324029322618914     
   1.7644366767392134       -7.3677905450616050     
   1.7799100436026387       -7.3037398455632818     
   1.7955191053794870       -7.2402459535252062     
   1.8112650520570239       -7.1773040304405455     
   1.8271490840582030       -7.1149092793386481     
   1.8431724123331814       -7.0530569445522477     
   1.8593362584516395       -6.9917423114578856     
   1.8756418546959095       -6.9309607061956626     
   1.8920904441549207       -6.8707074953732992     
   1.9086832808189693       -6.8109780857585616     
   1.9254216296753186       -6.7517679239633059     
   1.9423067668046372       -6.6930724961217472     
   1.9593399794782840       -6.6348873275650213     
   1.9765225662564463       -6.5772079824936354     
   1.9938558370871375       -6.5200300636490809     
