   4.3859546913937069E-006   218.83944650700931     
   4.4244176676404469E-006   218.83944650593625     
   4.4632179479967476E-006   218.83944650484426     
   4.5023584904776523E-006   218.83944650373300     
   4.5418422790387509E-006   218.83944650260219     
   4.5816723238036684E-006   218.83944650145145     
   4.6218516612935423E-006   218.83944650028050     
   4.6623833546585275E-006   218.83944649908887     
   4.7032704939113134E-006   218.83944649787625     
   4.7445161961627014E-006   218.83944649664227     
   4.7861236058592410E-006   218.83944649538657     
   4.8280958950229550E-006   218.83944649410876     
   4.8704362634931637E-006   218.83944649280838     
   4.9131479391704306E-006   218.83944649148512     
   4.9562341782626507E-006   218.83944649013858     
   4.9996982655332874E-006   218.83944648876826     
   5.0435435145518006E-006   218.83944648737383     
   5.0877732679462564E-006   218.83944648595488     
   5.1323908976581663E-006   218.83944648451089     
   5.1773998051995430E-006   218.83944648304146     
   5.2228034219122331E-006   218.83944648154616     
   5.2686052092295048E-006   218.83944648002446     
   5.3148086589399366E-006   218.83944647847602     
   5.3614172934536268E-006   218.83944647690032     
   5.4084346660707238E-006   218.83944647529685     
   5.4558643612523264E-006   218.83944647366508     
   5.5037099948937442E-006   218.83944647200462     
   5.5519752146001699E-006   218.83944647031490     
   5.6006636999647537E-006   218.83944646859538     
   5.6497791628491345E-006   218.83944646684560     
   5.6993253476664103E-006   218.83944646506501     
   5.7493060316666087E-006   218.83944646325298     
   5.7997250252246477E-006   218.83944646140910     
   5.8505861721308308E-006   218.83944645953270     
   5.9018933498838828E-006   218.83944645762324     
   5.9536504699865631E-006   218.83944645568016     
   6.0058614782438589E-006   218.83944645370289     
   6.0585303550638102E-006   218.83944645169075     
   6.1116611157609574E-006   218.83944644964316     
   6.1652578108624609E-006   218.83944644755954     
   6.2193245264168971E-006   218.83944644543919     
   6.2738653843057704E-006   218.83944644328142     
   6.3288845425577489E-006   218.83944644108573     
   6.3843861956656614E-006   218.83944643885130     
   6.4403745749062749E-006   218.83944643657759     
   6.4968539486628726E-006   218.83944643426375     
   6.5538286227506589E-006   218.83944643190915     
   6.6113029407450296E-006   218.83944642951315     
   6.6692812843127035E-006   218.83944642707485     
   6.7277680735457754E-006   218.83944642459360     
   6.7867677672986855E-006   218.83944642206865     
   6.8462848635281486E-006   218.83944641949930     
   6.9063238996360707E-006   218.83944641688458     
   6.9668894528154585E-006   218.83944641422389     
   7.0279861403993773E-006   218.83944641151629     
   7.0896186202129568E-006   218.83944640876098     
   7.1517915909284939E-006   218.83944640595712     
   7.2145097924236639E-006   218.83944640310392     
   7.2777780061428733E-006   218.83944640020042     
   7.3416010554617806E-006   218.83944639724578     
   7.4059838060550239E-006   218.83944639423910     
   7.4709311662671556E-006   218.83944639117945     
   7.5364480874868432E-006   218.83944638806588     
   7.6025395645243502E-006   218.83944638489746     
   7.6692106359923219E-006   218.83944638167327     
   7.7364663846899181E-006   218.83944637839227     
   7.8043119379903039E-006   218.83944637505343     
   7.8727524682315502E-006   218.83944637165584     
   7.9417931931109555E-006   218.83944636819834     
   8.0114393760828277E-006   218.83944636467993     
   8.0816963267597509E-006   218.83944636109956     
   8.1525694013173790E-006   218.83944635745610     
   8.2240640029027697E-006   218.83944635374846     
   8.2961855820463055E-006   218.83944634997550     
   8.3689396370772292E-006   218.83944634613613     
   8.4423317145428118E-006   218.83944634222908     
   8.5163674096312099E-006   218.83944633825323     
   8.5910523665980281E-006   218.83944633420731     
   8.6663922791966135E-006   218.83944633009014     
   8.7423928911121345E-006   218.83944632590041     
   8.8190599963994583E-006   218.83944632163693     
   8.8963994399248764E-006   218.83944631729827     
   8.9744171178116949E-006   218.83944631288324     
   9.0531189778897432E-006   218.83944630839045     
   9.1325110201488093E-006   218.83944630381845     
   9.2125992971960712E-006   218.83944629916596     
   9.2933899147175168E-006   218.83944629443147     
   9.3748890319434375E-006   218.83944628961356     
   9.4571028621179740E-006   218.83944628471085     
   9.5400376729728110E-006   218.83944627972176     
   9.6236997872049922E-006   218.83944627464479     
   9.7080955829589613E-006   218.83944626947832     
   9.7932314943127947E-006   218.83944626422087     
   9.8791140117687350E-006   218.83944625887079     
   9.9657496827479874E-006   218.83944625342650     
   1.0053145112089889E-005   218.83944624788626     
   1.0141306962555443E-005   218.83944624224844     
   1.0230241955335252E-005   218.83944623651135     
   1.0319956870561934E-005   218.83944623067310     
   1.0410458547827020E-005   218.83944622473206     
   1.0501753886702375E-005   218.83944621868639     
   1.0593849847266204E-005   218.83944621253417     
   1.0686753450633673E-005   218.83944620627358     
   1.0780471779492167E-005   218.83944619990271     
   1.0875011978641257E-005   218.83944619341960     
   1.0970381255537406E-005   218.83944618682230     
   1.1066586880843428E-005   218.83944618010884     
   1.1163636188982796E-005   218.83944617327700     
   1.1261536578698777E-005   218.83944616632485     
   1.1360295513618517E-005   218.83944615925026     
   1.1459920522822023E-005   218.83944615205101     
   1.1560419201416162E-005   218.83944614472500     
   1.1661799211113690E-005   218.83944613726987     
   1.1764068280817369E-005   218.83944612968341     
   1.1867234207209170E-005   218.83944612196333     
   1.1971304855344696E-005   218.83944611410726     
   1.2076288159252762E-005   218.83944610611280     
   1.2182192122540292E-005   218.83944609797746     
   1.2289024819002460E-005   218.83944608969890     
   1.2396794393238232E-005   218.83944608127442     
   1.2505509061271276E-005   218.83944607270155     
   1.2615177111176330E-005   218.83944606397768     
   1.2725806903711055E-005   218.83944605510013     
   1.2837406872953439E-005   218.83944604606614     
   1.2949985526944787E-005   218.83944603687306     
   1.3063551448338339E-005   218.83944602751805     
   1.3178113295053594E-005   218.83944601799817     
   1.3293679800936359E-005   218.83944600831069     
   1.3410259776424593E-005   218.83944599845248     
   1.3527862109220085E-005   218.83944598842061     
   1.3646495764966028E-005   218.83944597821204     
   1.3766169787930529E-005   218.83944596782362     
   1.3886893301696127E-005   218.83944595725220     
   1.4008675509855332E-005   218.83944594649455     
   1.4131525696712287E-005   218.83944593554742     
   1.4255453227990570E-005   218.83944592440741     
   1.4380467551547225E-005   218.83944591307116     
   1.4506578198093006E-005   218.83944590153519     
   1.4633794781919006E-005   218.83944588979605     
   1.4762127001629592E-005   218.83944587785010     
   1.4891584640881814E-005   218.83944586569370     
   1.5022177569131273E-005   218.83944585332313     
   1.5153915742384539E-005   218.83944584073470     
   1.5286809203958173E-005   218.83944582792446     
   1.5420868085244392E-005   218.83944581488859     
   1.5556102606483458E-005   218.83944580162304     
   1.5692523077542836E-005   218.83944578812384     
   1.5830139898703190E-005   218.83944577438680     
   1.5968963561451271E-005   218.83944576040781     
   1.6109004649279738E-005   218.83944574618252     
   1.6250273838494041E-005   218.83944573170666     
   1.6392781899026331E-005   218.83944571697577     
   1.6536539695256522E-005   218.83944570198545     
   1.6681558186840579E-005   218.83944568673101     
   1.6827848429546020E-005   218.83944567120784     
   1.6975421576094803E-005   218.83944565541120     
   1.7124288877013555E-005   218.83944563933630     
   1.7274461681491293E-005   218.83944562297825     
   1.7425951438244633E-005   218.83944560633202     
   1.7578769696390632E-005   218.83944558939251     
   1.7732928106327220E-005   218.83944557215466     
   1.7888438420621434E-005   218.83944555461312     
   1.8045312494905360E-005   218.83944553676255     
   1.8203562288779992E-005   218.83944551859747     
   1.8363199866726996E-005   218.83944550011250     
   1.8524237399028459E-005   218.83944548130188     
   1.8686687162694710E-005   218.83944546215986     
   1.8850561542400304E-005   218.83944544268067     
   1.9015873031428170E-005   218.83944542285826     
   1.9182634232622072E-005   218.83944540268672     
   1.9350857859347404E-005   218.83944538215979     
   1.9520556736460430E-005   218.83944536127132     
   1.9691743801285993E-005   218.83944534001483     
   1.9864432104603849E-005   218.83944531838387     
   2.0038634811643566E-005   218.83944529637188     
   2.0214365203088270E-005   218.83944527397213     
   2.0391636676087060E-005   218.83944525117778     
   2.0570462745276398E-005   218.83944522798188     
   2.0750857043810428E-005   218.83944520437737     
   2.0932833324400311E-005   218.83944518035702     
   2.1116405460362692E-005   218.83944515591355     
   2.1301587446677370E-005   218.83944513103947     
   2.1488393401054214E-005   218.83944510572721     
   2.1676837565009475E-005   218.83944507996907     
   2.1866934304951504E-005   218.83944505375715     
   2.2058698113276004E-005   218.83944502708346     
   2.2252143609470889E-005   218.83944499993990     
   2.2447285541230828E-005   218.83944497231820     
   2.2644138785581553E-005   218.83944494420987     
   2.2842718350014065E-005   218.83944491560644     
   2.3043039373628736E-005   218.83944488649908     
   2.3245117128289474E-005   218.83944485687900     
   2.3448967019788006E-005   218.83944482673712     
   2.3654604589018363E-005   218.83944479606424     
   2.3862045513161683E-005   218.83944476485101     
   2.4071305606881371E-005   218.83944473308796     
   2.4282400823528786E-005   218.83944470076537     
   2.4495347256359449E-005   218.83944466787335     
   2.4710161139759965E-005   218.83944463440199     
   2.4926858850485672E-005   218.83944460034093     
   2.5145456908909163E-005   218.83944456567980     
   2.5365971980279739E-005   218.83944453040814     
   2.5588420875993920E-005   218.83944449451511     
   2.5812820554877100E-005   218.83944445798980     
   2.6039188124476438E-005   218.83944442082105     
   2.6267540842365065E-005   218.83944438299756     
   2.6497896117457772E-005   218.83944434450771     
   2.6730271511338206E-005   218.83944430533990     
   2.6964684739597710E-005   218.83944426548206     
   2.7201153673185894E-005   218.83944422492206     
   2.7439696339773091E-005   218.83944418364757     
   2.7680330925124691E-005   218.83944414164603     
   2.7923075774487613E-005   218.83944409890455     
   2.8167949393988853E-005   218.83944405541013     
   2.8414970452046362E-005   218.83944401114954     
   2.8664157780792245E-005   218.83944396610920     
   2.8915530377508487E-005   218.83944392027544     
   2.9169107406075229E-005   218.83944387363428     
   2.9424908198431788E-005   218.83944382617148     
   2.9682952256050432E-005   218.83944377787259     
   2.9943259251423153E-005   218.83944372872290     
   3.0205849029561398E-005   218.83944367870731     
   3.0470741609509013E-005   218.83944362781065     
   3.0737957185868436E-005   218.83944357601743     
   3.1007516130340266E-005   218.83944352331181     
   3.1279438993276338E-005   218.83944346967772     
   3.1553746505246427E-005   218.83944341509880     
   3.1830459578618663E-005   218.83944335955843     
   3.2109599309153858E-005   218.83944330303964     
   3.2391186977613760E-005   218.83944324552525     
   3.2675244051383433E-005   218.83944318699764     
   3.2961792186107875E-005   218.83944312743901     
   3.3250853227342974E-005   218.83944306683117     
   3.3542449212220947E-005   218.83944300515574     
   3.3836602371130385E-005   218.83944294239373     
   3.4133335129411025E-005   218.83944287852617     
   3.4432670109063391E-005   218.83944281353348     
   3.4734630130473438E-005   218.83944274739594     
   3.5039238214152283E-005   218.83944268009324     
   3.5346517582491254E-005   218.83944261160497     
   3.5656491661532259E-005   218.83944254191013     
   3.5969184082753734E-005   218.83944247098759     
   3.6284618684872241E-005   218.83944239881572     
   3.6602819515659841E-005   218.83944232537246     
   3.6923810833777432E-005   218.83944225063536     
   3.7247617110624182E-005   218.83944217458173     
   3.7574263032203070E-005   218.83944209718834     
   3.7903773501003001E-005   218.83944201843153     
   3.8236173637897163E-005   218.83944193828739     
   3.8571488784058272E-005   218.83944185673141     
   3.8909744502890425E-005   218.83944177373874     
   3.9250966581978023E-005   218.83944168928406     
   3.9595181035051739E-005   218.83944160334158     
   3.9942414103971706E-005   218.83944151588520     
   4.0292692260728111E-005   218.83944142688816     
   4.0646042209459367E-005   218.83944133632332     
   4.1002490888487931E-005   218.83944124416311     
   4.1362065472374011E-005   218.83944115037940     
   4.1724793373987257E-005   218.83944105494356     
   4.2090702246596660E-005   218.83944095782655     
   4.2459819985978736E-005   218.83944085899873     
   4.2832174732544202E-005   218.83944075842993     
   4.3207794873483354E-005   218.83944065608949     
   4.3586709044930190E-005   218.83944055194624     
   4.3968946134145527E-005   218.83944044596836     
   4.4354535281719329E-005   218.83944033812361     
   4.4743505883792256E-005   218.83944022837906     
   4.5135887594296727E-005   218.83944011670124     
   4.5531710327217681E-005   218.83944000305604     
   4.5931004258873112E-005   218.83943988740887     
   4.6333799830214631E-005   218.83943976972452     
   4.6740127749148157E-005   218.83943964996701     
   4.7150018992875029E-005   218.83943952809980     
   4.7563504810253595E-005   218.83943940408582     
   4.7980616724181535E-005   218.83943927788715     
   4.8401386533999083E-005   218.83943914946542     
   4.8825846317913300E-005   218.83943901878135     
   4.9254028435443581E-005   218.83943888579520     
   4.9685965529888744E-005   218.83943875046631     
   5.0121690530815542E-005   218.83943861275350     
   5.0561236656569205E-005   218.83943847261466     
   5.1004637416805842E-005   218.83943833000717     
   5.1451926615047149E-005   218.83943818488751     
   5.1903138351257467E-005   218.83943803721141     
   5.2358307024443483E-005   218.83943788693381     
   5.2817467335276684E-005   218.83943773400890     
   5.3280654288738834E-005   218.83943757839012     
   5.3747903196790672E-005   218.83943742002987     
   5.4219249681063927E-005   218.83943725888003     
   5.4694729675577083E-005   218.83943709489131     
   5.5174379429474809E-005   218.83943692801375     
   5.5658235509791527E-005   218.83943675819646     
   5.6146334804239163E-005   218.83943658538766     
   5.6638714524019327E-005   218.83943640953467     
   5.7135412206660225E-005   218.83943623058383     
   5.7636465718878374E-005   218.83943604848059     
   5.8141913259465438E-005   218.83943586316940     
   5.8651793362200416E-005   218.83943567459374     
   5.9166144898787348E-005   218.83943548269616     
   5.9685007081818722E-005   218.83943528741804     
   6.0208419467764963E-005   218.83943508869996     
   6.0736421959990091E-005   218.83943488648117     
   6.1269054811793829E-005   218.83943468070018     
   6.1806358629480426E-005   218.83943447129406     
   6.2348374375454255E-005   218.83943425819905     
   6.2895143371342779E-005   218.83943404135016     
   6.3446707301146745E-005   218.83943382068122     
   6.4003108214418021E-005   218.83943359612499     
   6.4564388529465328E-005   218.83943336761294     
   6.5130591036588115E-005   218.83943313507541     
   6.5701758901338757E-005   218.83943289844149     
   6.6277935667813332E-005   218.83943265763901     
   6.6859165261971308E-005   218.83943241259456     
   6.7445491994984347E-005   218.83943216323340     
   6.8036960566614392E-005   218.83943190947943     
   6.8633616068621524E-005   218.83943165125532     
   6.9235503988201565E-005   218.83943138848235     
   6.9842670211453867E-005   218.83943112108034     
   7.0455161026879590E-005   218.83943084896777     
   7.1073023128910559E-005   218.83943057206164     
   7.1696303621469085E-005   218.83943029027748     
   7.2325050021559075E-005   218.83943000352943     
   7.2959310262888546E-005   218.83942971173005     
   7.3599132699523947E-005   218.83942941479020     
   7.4244566109576550E-005   218.83942911261957     
   7.4895659698921108E-005   218.83942880512578     
   7.5552463104947210E-005   218.83942849221523     
   7.6215026400343406E-005   218.83942817379238     
   7.6883400096914708E-005   218.83942784976017     
   7.7557635149433349E-005   218.83942752001985     
   7.8237782959523472E-005   218.83942718447076     
   7.8923895379579849E-005   218.83942684301059     
   7.9616024716720889E-005   218.83942649553529     
   8.0314223736776424E-005   218.83942614193884     
   8.1018545668310412E-005   218.83942578211335     
   8.1729044206678889E-005   218.83942541594919     
   8.2445773518123578E-005   218.83942504333473     
   8.3168788243901344E-005   218.83942466415616     
   8.3898143504449821E-005   218.83942427829800     
   8.4633894903589750E-005   218.83942388564253     
   8.5376098532763915E-005   218.83942348607005     
   8.6124810975313451E-005   218.83942307945870     
   8.6880089310791613E-005   218.83942266568437     
   8.7641991119315237E-005   218.83942224462103     
   8.8410574485954632E-005   218.83942181614020     
   8.9185898005161640E-005   218.83942138011119     
   8.9968020785236843E-005   218.83942093640110     
   9.0757002452835676E-005   218.83942048487455     
   9.1552903157514278E-005   218.83942002539396     
   9.2355783576315099E-005   218.83941955781907     
   9.3165704918392613E-005   218.83941908200737     
   9.3982728929679931E-005   218.83941859781376     
   9.4806917897595917E-005   218.83941810509052     
   9.5638334655793916E-005   218.83941760368748     
   9.6477042588951928E-005   218.83941709345163     
   9.7323105637604949E-005   218.83941657422750     
   9.8176588303019503E-005   218.83941604585664     
   9.9037555652111068E-005   218.83941550817801     
   9.9906073322404614E-005   218.83941496102756     
   1.0078220752703855E-004   218.83941440423854     
   1.0166602505981264E-004   218.83941383764105     
   1.0255759330028012E-004   218.83941326106230     
   1.0345698021888460E-004   218.83941267432655     
   1.0436425438214184E-004   218.83941207725485     
   1.0527948495786706E-004   218.83941146966504     
   1.0620274172044815E-004   218.83941085137198     
   1.0713409505616493E-004   218.83941022218698     
   1.0807361596855534E-004   218.83940958191815     
   1.0902137608382841E-004   218.83940893037035     
   1.0997744765632493E-004   218.83940826734488     
   1.1094190357402572E-004   218.83940759263953     
   1.1191481736410866E-004   218.83940690604851     
   1.1289626319855389E-004   218.83940620736237     
   1.1388631589979870E-004   218.83940549636824     
   1.1488505094644159E-004   218.83940477284918     
   1.1589254447899659E-004   218.83940403658454     
   1.1690887330569803E-004   218.83940328734982     
   1.1793411490835610E-004   218.83940252491655     
   1.1896834744826385E-004   218.83940174905223     
   1.2001164977215593E-004   218.83940095952022     
   1.2106410141821972E-004   218.83940015607973     
   1.2212578262215897E-004   218.83939933848580     
   1.2319677432331080E-004   218.83939850648909     
   1.2427715817081624E-004   218.83939765983590     
   1.2536701652984488E-004   218.83939679826798     
   1.2646643248787428E-004   218.83939592152271     
   1.2757548986102406E-004   218.83939502933256     
   1.2869427320044599E-004   218.83939412142556     
   1.2982286779876986E-004   218.83939319752477     
   1.3096135969660588E-004   218.83939225734858     
   1.3210983568910428E-004   218.83939130061015     
   1.3326838333257206E-004   218.83939032701772     
   1.3443709095114833E-004   218.83938933627448     
   1.3561604764353760E-004   218.83938832807826     
   1.3680534328980261E-004   218.83938730212157     
   1.3800506855821633E-004   218.83938625809157     
   1.3921531491217440E-004   218.83938519566985     
   1.4043617461716778E-004   218.83938411453249     
   1.4166774074781714E-004   218.83938301434969     
   1.4291010719496823E-004   218.83938189478610     
   1.4416336867285014E-004   218.83938075550012     
   1.4542762072629572E-004   218.83937959614448     
   1.4670295973802589E-004   218.83937841636549     
   1.4798948293599746E-004   218.83937721580347     
   1.4928728840081536E-004   218.83937599409236     
   1.5059647507321031E-004   218.83937475085946     
   1.5191714276158148E-004   218.83937348572567     
   1.5324939214960573E-004   218.83937219830523     
   1.5459332480391333E-004   218.83937088820551     
   1.5594904318183117E-004   218.83936955502705     
   1.5731665063919376E-004   218.83936819836322     
   1.5869625143822284E-004   218.83936681780028     
   1.6008795075547576E-004   218.83936541291729     
   1.6149185468986420E-004   218.83936398328581     
   1.6290807027074256E-004   218.83936252846988     
   1.6433670546606751E-004   218.83936104802578     
   1.6577786919062947E-004   218.83935954150212     
   1.6723167131435550E-004   218.83935800843943     
   1.6869822267068577E-004   218.83935644837027     
   1.7017763506502309E-004   218.83935486081882     
   1.7167002128325656E-004   218.83935324530097     
   1.7317549510036001E-004   218.83935160132407     
   1.7469417128906589E-004   218.83934992838675     
   1.7622616562861529E-004   218.83934822597894     
   1.7777159491358437E-004   218.83934649358136     
   1.7933057696278869E-004   218.83934473066580     
   1.8090323062826510E-004   218.83934293669464     
   1.8248967580433291E-004   218.83934111112075     
   1.8409003343673399E-004   218.83933925338749     
   1.8570442553185359E-004   218.83933736292823     
   1.8733297516602146E-004   218.83933543916663     
   1.8897580649489506E-004   218.83933348151587     
   1.9063304476292468E-004   218.83933148937905     
   1.9230481631290165E-004   218.83932946214867     
   1.9399124859559045E-004   218.83932739920644     
   1.9569247017944512E-004   218.83932529992333     
   1.9740861076041085E-004   218.83932316365912     
   1.9913980117181176E-004   218.83932098976243     
   2.0088617339432505E-004   218.83931877757018     
   2.0264786056604299E-004   218.83931652640791     
   2.0442499699262280E-004   218.83931423558900     
   2.0621771815752576E-004   218.83931190441487     
   2.0802616073234621E-004   218.83930953217470     
   2.0985046258723065E-004   218.83930711814503     
   2.1169076280138887E-004   218.83930466158967     
   2.1354720167369667E-004   218.83930216175958     
   2.1541992073339199E-004   218.83929961789221     
   2.1730906275086462E-004   218.83929702921202     
   2.1921477174854050E-004   218.83929439492951     
   2.2113719301186167E-004   218.83929171424131     
   2.2307647310036236E-004   218.83928898633005     
   2.2503275985884212E-004   218.83928621036370     
   2.2700620242863725E-004   218.83928338549583     
   2.2899695125899069E-004   218.83928051086491     
   2.3100515811852202E-004   218.83927758559437     
   2.3303097610679759E-004   218.83927460879212     
   2.3507455966600261E-004   218.83927157955037     
   2.3713606459271517E-004   218.83926849694538     
   2.3921564804978382E-004   218.83926536003699     
   2.4131346857830907E-004   218.83926216786875     
   2.4342968610973012E-004   218.83925891946711     
   2.4556446197801767E-004   218.83925561384143     
   2.4771795893197338E-004   218.83925224998370     
   2.4989034114763727E-004   218.83924882686813     
   2.5208177424080426E-004   218.83924534345081     
   2.5429242527965008E-004   218.83924179866941     
   2.5652246279746785E-004   218.83923819144294     
   2.5877205680551699E-004   218.83923452067145     
   2.6104137880598386E-004   218.83923078523549     
   2.6333060180505684E-004   218.83922698399590     
   2.6563990032611593E-004   218.83922311579352     
   2.6796945042303747E-004   218.83921917944866     
   2.7031942969361629E-004   218.83921517376106     
   2.7269001729310512E-004   218.83921109750904     
   2.7508139394787285E-004   218.83920694944959     
   2.7749374196918240E-004   218.83920272831776     
   2.7992724526708997E-004   218.83919843282632     
   2.8238208936446528E-004   218.83919406166518     
   2.8485846141113562E-004   218.83918961350165     
   2.8735655019815359E-004   218.83918508697903     
   2.8987654617218956E-004   218.83918048071698     
   2.9241864145005146E-004   218.83917579331083     
   2.9498302983333021E-004   218.83917102333112     
   2.9756990682317560E-004   218.83916616932331     
   3.0017946963519984E-004   218.83916122980702     
   3.0281191721451327E-004   218.83915620327613     
   3.0546745025089090E-004   218.83915108819758     
   3.0814627119407276E-004   218.83914588301167     
   3.1084858426919776E-004   218.83914058613095     
   3.1357459549237330E-004   218.83913519594023     
   3.1632451268638146E-004   218.83912971079570     
   3.1909854549652244E-004   218.83912412902464     
   3.2189690540659752E-004   218.83911844892492     
   3.2471980575503193E-004   218.83911266876439     
   3.2756746175113919E-004   218.83910678678029     
   3.3044009049152756E-004   218.83910080117894     
   3.3333791097665149E-004   218.83909471013507     
   3.3626114412750710E-004   218.83908851179118     
   3.3921001280247463E-004   218.83908220425704     
   3.4218474181430859E-004   218.83907578560917     
   3.4518555794727646E-004   218.83906925389019     
   3.4821268997444859E-004   218.83906260710822     
   3.5126636867513863E-004   218.83905584323634     
   3.5434682685249778E-004   218.83904896021190     
   3.5745429935126274E-004   218.83904195593590     
   3.6058902307565984E-004   218.83903482827239     
   3.6375123700746568E-004   218.83902757504771     
   3.6694118222422629E-004   218.83902019405002     
   3.7015910191763661E-004   218.83901268302850     
   3.7340524141207999E-004   218.83900503969261     
   3.7667984818333166E-004   218.83899726171154     
   3.7998317187742508E-004   218.83898934671330     
   3.8331546432968431E-004   218.83898129228430     
   3.8667697958392322E-004   218.83897309596827     
   3.9006797391181303E-004   218.83896475526572     
   3.9348870583241942E-004   218.83895626763319     
   3.9693943613191174E-004   218.83894763048232     
   4.0042042788344408E-004   218.83893884117924     
   4.0393194646721131E-004   218.83892989704361     
   4.0747425959068110E-004   218.83892079534786     
   4.1104763730900266E-004   218.83891153331655     
   4.1465235204559531E-004   218.83890210812504     
   4.1828867861291706E-004   218.83889251689925     
   4.2195689423341553E-004   218.83888275671424     
   4.2565727856066235E-004   218.83887282459366     
   4.2939011370067337E-004   218.83886271750868     
   4.3315568423341538E-004   218.83885243237719     
   4.3695427723450177E-004   218.83884196606263     
   4.4078618229707813E-004   218.83883131537337     
   4.4465169155389998E-004   218.83882047706146     
   4.4855109969960420E-004   218.83880944782172     
   4.5248470401317562E-004   218.83879822429080     
   4.5645280438061039E-004   218.83878680304602     
   4.6045570331777893E-004   218.83877518060450     
   4.6449370599348818E-004   218.83876335342200     
   4.6856712025274735E-004   218.83875131789182     
   4.7267625664023646E-004   218.83873907034359     
   4.7682142842398194E-004   218.83872660704259     
   4.8100295161923877E-004   218.83871392418797     
   4.8522114501258265E-004   218.83870101791220     
   4.8947633018621341E-004   218.83868788427949     
   4.9376883154247139E-004   218.83867451928467     
   4.9809897632856898E-004   218.83866091885216     
   5.0246709466153863E-004   218.83864707883444     
   5.0687351955340033E-004   218.83863299501104     
   5.1131858693654946E-004   218.83861866308706     
   5.1580263568936670E-004   218.83860407869201     
   5.2032600766205382E-004   218.83858923737839     
   5.2488904770269472E-004   218.83857413462030     
   5.2949210368354602E-004   218.83855876581214     
   5.3413552652755748E-004   218.83854312626727     
   5.3881967023512516E-004   218.83852721121639     
   5.4354489191108012E-004   218.83851101580618     
   5.4831155179191197E-004   218.83849453509788     
   5.5312001327323293E-004   218.83847776406569     
   5.5797064293748155E-004   218.83846069759528     
   5.6286381058187022E-004   218.83844333048231     
   5.6779988924657721E-004   218.83842565743061     
   5.7277925524318600E-004   218.83840767305085     
   5.7780228818337428E-004   218.83838937185868     
   5.8286937100785429E-004   218.83837074827318     
   5.8798089001556742E-004   218.83835179661514     
   5.9313723489313368E-004   218.83833251110522     
   5.9833879874456096E-004   218.83831288586228     
   6.0358597812121381E-004   218.83829291490179     
   6.0887917305204524E-004   218.83827259213348     
   6.1421878707409376E-004   218.83825191136003     
   6.1960522726324779E-004   218.83823086627478     
   6.2503890426528024E-004   218.83820945046023     
   6.3052023232715412E-004   218.83818765738550     
   6.3604962932860417E-004   218.83816548040491     
   6.4162751681399435E-004   218.83814291275567     
   6.4725432002445561E-004   218.83811994755570     
   6.5293046793030390E-004   218.83809657780191     
   6.5865639326374500E-004   218.83807279636773     
   6.6443253255186357E-004   218.83804859600102     
   6.7025932614990286E-004   218.83802396932202     
   6.7613721827483662E-004   218.83799890882079     
   6.8206665703923438E-004   218.83797340685524     
   6.8804809448542385E-004   218.83794745564865     
   6.9408198661995428E-004   218.83792104728718     
   7.0016879344836000E-004   218.83789417371781     
   7.0630897901023020E-004   218.83786682674540     
   7.1250301141458625E-004   218.83783899803066     
   7.1875136287556792E-004   218.83781067908728     
   7.2505450974843502E-004   218.83778186127955     
   7.3141293256588180E-004   218.83775253581945     
   7.3782711607467226E-004   218.83772269376442     
   7.4429754927259550E-004   218.83769232601423     
   7.5082472544574490E-004   218.83766142330830     
   7.5740914220612601E-004   218.83762997622296     
   7.6405130152959141E-004   218.83759797516859     
   7.7075170979411104E-004   218.83756541038665     
   7.7751087781837639E-004   218.83753227194660     
   7.8432932090074375E-004   218.83749854974303     
   7.9120755885851908E-004   218.83746423349254     
   7.9814611606758719E-004   218.83742931273056     
   8.0514552150238896E-004   218.83739377680814     
   8.1220630877624806E-004   218.83735761488879     
   8.1932901618205249E-004   218.83732081594516     
   8.2651418673329255E-004   218.83728336875564     
   8.3376236820545781E-004   218.83724526190082     
   8.4107411317779844E-004   218.83720648376035     
   8.4844997907545215E-004   218.83716702250905     
   8.5589052821194043E-004   218.83712686611344     
   8.6339632783203734E-004   218.83708600232802     
   8.7096795015501527E-004   218.83704441869170     
   8.7860597241826816E-004   218.83700210252388     
   8.8631097692131941E-004   218.83695904092045     
   8.9408355107021404E-004   218.83691522075014     
   9.0192428742230039E-004   218.83687062865030     
   9.0983378373140559E-004   218.83682525102290     
   9.1781264299340640E-004   218.83677907403040     
   9.2586147349219916E-004   218.83673208359141     
   9.3398088884607405E-004   218.83668426537668     
   9.4217150805449550E-004   218.83663560480431     
   9.5043395554529251E-004   218.83658608703584     
   9.5876886122226303E-004   218.83653569697111     
   9.6717686051319676E-004   218.83648441924421     
   9.7565859441831710E-004   218.83643223821846     
   9.8421470955914968E-004   218.83637913798171     
   9.9284585822781869E-004   218.83632510234153     
   1.0015526984367758E-003   218.83627011482034     
   1.0103358939689644E-003   218.83621415865025     
   1.0191961144284257E-003   218.83615721676799     
   1.0281340352913458E-003   218.83609927180970     
   1.0371503379575527E-003   218.83604030610570     
   1.0462457098024641E-003   218.83598030167511     
   1.0554208442294908E-003   218.83591924022019     
   1.0646764407228994E-003   218.83585710312101     
   1.0740132049011394E-003   218.83579387142956     
   1.0834318485706367E-003   218.83572952586411     
   1.0929330897800600E-003   218.83566404680329     
   1.1025176528750629E-003   218.83559741428007     
   1.1121862685535048E-003   218.83552960797576     
   1.1219396739211580E-003   218.83546060721375     
   1.1317786125479023E-003   218.83539039095302     
   1.1417038345244125E-003   218.83531893778235     
   1.1517160965193421E-003   218.83524622591295     
   1.1618161618370106E-003   218.83517223317241     
   1.1720048004755952E-003   218.83509693699776     
   1.1822827891858326E-003   218.83502031442859     
   1.1926509115302369E-003   218.83494234209996     
   1.2031099579428352E-003   218.83486299623550     
   1.2136607257894284E-003   218.83478225264000     
   1.2243040194283798E-003   218.83470008669192     
   1.2350406502719367E-003   218.83461647333627     
   1.2458714368480911E-003   218.83453138707651     
   1.2567972048629795E-003   218.83444480196709     
   1.2678187872638348E-003   218.83435669160542     
   1.2789370243024862E-003   218.83426702912391     
   1.2901527635994169E-003   218.83417578718164     
   1.3014668602083861E-003   218.83408293795611     
   1.3128801766816138E-003   218.83398845313476     
   1.3243935831355402E-003   218.83389230390640     
   1.3360079573171597E-003   218.83379446095213     
   1.3477241846709394E-003   218.83369489443686     
   1.3595431584063208E-003   218.83359357399993     
   1.3714657795658163E-003   218.83349046874577     
   1.3834929570937023E-003   218.83338554723477     
   1.3956256079053135E-003   218.83327877747342     
   1.4078646569569454E-003   218.83317012690486     
   1.4202110373163722E-003   218.83305956239852     
   1.4326656902339790E-003   218.83294705024042     
   1.4452295652145203E-003   218.83283255612270     
   1.4579036200895075E-003   218.83271604513328     
   1.4706888210902318E-003   218.83259748174510     
   1.4835861429214258E-003   218.83247682980527     
   1.4965965688355717E-003   218.83235405252421     
   1.5097210907078630E-003   218.83222911246432     
   1.5229607091118199E-003   218.83210197152849     
   1.5363164333955729E-003   218.83197259094874     
   1.5497892817588085E-003   218.83184093127409     
   1.5633802813303976E-003   218.83170695235876     
   1.5770904682466979E-003   218.83157061334995     
   1.5909208877305475E-003   218.83143187267518     
   1.6048725941709477E-003   218.83129068802964     
   1.6189466512034488E-003   218.83114701636373     
   1.6331441317912363E-003   218.83100081386925     
   1.6474661183069311E-003   218.83085203596661     
   1.6619137026151062E-003   218.83070063729090     
   1.6764879861555285E-003   218.83054657167841     
   1.6911900800271262E-003   218.83038979215195     
   1.7060211050726984E-003   218.83023025090733     
   1.7209821919643635E-003   218.83006789929814     
   1.7360744812897587E-003   218.82990268782126     
   1.7512991236389936E-003   218.82973456610165     
   1.7666572796923700E-003   218.82956348287698     
   1.7821501203088663E-003   218.82938938598210     
   1.7977788266154021E-003   218.82921222233310     
   1.8135445900968818E-003   218.82903193791105     
   1.8294486126870318E-003   218.82884847774579     
   1.8454921068600306E-003   218.82866178589867     
   1.8616762957229455E-003   218.82847180544616     
   1.8780024131089773E-003   218.82827847846193     
   1.8944717036715245E-003   218.82808174599961     
   1.9110854229790724E-003   218.82788154807446     
   1.9278448376109133E-003   218.82767782364544     
   1.9447512252537063E-003   218.82747051059636     
   1.9618058747988849E-003   218.82725954571708     
   1.9790100864409176E-003   218.82704486468413     
   1.9963651717764316E-003   218.82682640204129     
   2.0138724539042036E-003   218.82660409117938     
   2.0315332675260303E-003   218.82637786431633     
   2.0493489590484811E-003   218.82614765247601     
   2.0673208866855432E-003   218.82591338546786     
   2.0854504205621710E-003   218.82567499186484     
   2.1037389428187349E-003   218.82543239898217     
   2.1221878477163973E-003   218.82518553285496     
   2.1407985417434021E-003   218.82493431821555     
   2.1595724437223044E-003   218.82467867847097     
   2.1785109849181347E-003   218.82441853567911     
   2.1976156091475158E-003   218.82415381052542     
   2.2168877728887346E-003   218.82388442229839     
   2.2363289453927785E-003   218.82361028886521     
   2.2559406087953489E-003   218.82333132664661     
   2.2757242582298531E-003   218.82304745059136     
   2.2956814019413877E-003   218.82275857415055     
   2.3158135614017258E-003   218.82246460925111     
   2.3361222714253049E-003   218.82216546626876     
   2.3566090802862412E-003   218.82186105400115     
   2.3772755498363629E-003   218.82155127963964     
   2.3981232556242803E-003   218.82123604874135     
   2.4191537870155017E-003   218.82091526520023     
   2.4403687473136025E-003   218.82058883121780     
   2.4617697538824560E-003   218.82025664727331     
   2.4833584382695341E-003   218.81991861209363     
   2.5051364463302946E-003   218.81957462262213     
   2.5271054383536537E-003   218.81922457398736     
   2.5492670891885641E-003   218.81886835947125     
   2.5716230883716966E-003   218.81850587047651     
   2.5941751402562495E-003   218.81813699649356     
   2.6169249641418788E-003   218.81776162506679     
   2.6398742944057775E-003   218.81737964176043     
   2.6630248806348944E-003   218.81699093012352     
   2.6863784877593187E-003   218.81659537165476     
   2.7099368961868366E-003   218.81619284576607     
   2.7337019019386573E-003   218.81578322974607     
   2.7576753167863430E-003   218.81536639872269     
   2.7818589683899280E-003   218.81494222562497     
   2.8062547004372557E-003   218.81451058114467     
   2.8308643727845374E-003   218.81407133369657     
   2.8556898615981377E-003   218.81362434937864     
   2.8807330594976129E-003   218.81316949193109     
   2.9059958756999949E-003   218.81270662269509     
   2.9314802361653453E-003   218.81223560057023     
   2.9571880837435849E-003   218.81175628197195     
   2.9831213783226103E-003   218.81126852078745     
   3.0092820969777096E-003   218.81077216833140     
   3.0356722341222898E-003   218.81026707330071     
   3.0622938016599218E-003   218.80975308172827     
   3.0891488291377263E-003   218.80923003693633     
   3.1162393639010966E-003   218.80869777948860     
   3.1435674712497834E-003   218.80815614714174     
   3.1711352345953465E-003   218.80760497479608     
   3.1989447556199885E-003   218.80704409444519     
   3.2269981544367798E-003   218.80647333512499     
   3.2552975697512899E-003   218.80589252286140     
   3.2838451590246360E-003   218.80530148061763     
   3.3126430986379607E-003   218.80470002824015     
   3.3416935840583544E-003   218.80408798240398     
   3.3709988300062274E-003   218.80346515655680     
   3.4005610706241566E-003   218.80283136086217     
   3.4303825596472097E-003   218.80218640214173     
   3.4604655705747604E-003   218.80153008381674     
   3.4908123968438167E-003   218.80086220584769     
   3.5214253520038626E-003   218.80018256467375     
   3.5523067698932371E-003   218.79949095315098     
   3.5834590048170593E-003   218.79878716048910     
   3.6148844317267126E-003   218.79807097218716     
   3.6465854464009049E-003   218.79734216996874     
   3.6785644656283137E-003   218.79660053171523     
   3.7108239273918376E-003   218.79584583139825     
   3.7433662910544572E-003   218.79507783901101     
   3.7761940375467310E-003   218.79429632049829     
   3.8093096695559362E-003   218.79350103768536     
   3.8427157117168617E-003   218.79269174820521     
   3.8764147108042808E-003   218.79186820542520     
   3.9104092359271104E-003   218.79103015837183     
   3.9447018787242714E-003   218.79017735165448     
   3.9792952535622657E-003   218.78930952538778     
   4.0141919977344891E-003   218.78842641511235     
   4.0493947716622909E-003   218.78752775171478     
   4.0849062590977954E-003   218.78661326134548     
   4.1207291673285027E-003   218.78568266533554     
   4.1568662273836852E-003   218.78473568011199     
   4.1933201942425920E-003   218.78377201711140     
   4.2300938470444804E-003   218.78279138269264     
   4.2671899893004890E-003   218.78179347804698     
   4.3046114491073701E-003   218.78077799910781     
   4.3423610793630919E-003   218.77974463645785     
   4.3804417579843382E-003   218.77869307523540     
   4.4188563881259095E-003   218.77762299503829     
   4.4576078984020521E-003   218.77653406982679     
   4.4966992431097284E-003   218.77542596782456     
   4.5361334024538371E-003   218.77429835141743     
   4.5759133827744233E-003   218.77315087705145     
   4.6160422167758671E-003   218.77198319512792     
   4.6565229637580887E-003   218.77079494989752     
   4.6973587098497818E-003   218.76958577935216     
   4.7385525682436900E-003   218.76835531511492     
   4.7801076794339445E-003   218.76710318232824     
   4.8220272114554898E-003   218.76582899954013     
   4.8643143601256027E-003   218.76453237858817     
   4.9069723492875320E-003   218.76321292448171     
   4.9500044310562749E-003   218.76187023528192     
   4.9934138860665079E-003   218.76050390197980     
   5.0372040237226922E-003   218.75911350837188     
   5.0813781824513718E-003   218.75769863093402     
   5.1259397299556909E-003   218.75625883869259     
   5.1708920634721267E-003   218.75479369309394     
   5.2162386100294928E-003   218.75330274787123     
   5.2619828267102030E-003   218.75178554890869     
   5.3081282009138277E-003   218.75024163410433     
   5.3546782506229641E-003   218.74867053322919     
   5.4016365246714352E-003   218.74707176778497     
   5.4490066030148439E-003   218.74544485085897     
   5.4967920970034941E-003   218.74378928697598     
   5.5449966496577147E-003   218.74210457194832     
   5.5936239359455865E-003   218.74039019272286     
   5.6426776630631144E-003   218.73864562722522     
   5.6921615707168534E-003   218.73687034420178     
   5.7420794314090064E-003   218.73506380305835     
   5.7924350507250364E-003   218.73322545369632     
   5.8432322676237871E-003   218.73135473634599     
   5.8944749547301554E-003   218.72945108139680     
   5.9461670186303286E-003   218.72751390922471     
   5.9983124001696097E-003   218.72554263001649     
   6.0509150747528563E-003   218.72353664359116     
   6.1039790526475537E-003   218.72149533921788     
   6.1575083792895433E-003   218.71941809543125     
   6.2115071355914363E-003   218.71730427984278     
   6.2659794382537307E-003   218.71515324894946     
   6.3209294400786535E-003   218.71296434793882     
   6.3763613302867594E-003   218.71073691049085     
   6.4322793348363036E-003   218.70847025857597     
   6.4886877167454173E-003   218.70616370224988     
   6.5455907764171047E-003   218.70381653944497     
   6.6029928519670935E-003   218.70142805575728     
   6.6608983195545609E-003   218.69899752423086     
   6.7193115937157601E-003   218.69652420513756     
   6.7782371277005640E-003   218.69400734575322     
   6.8376794138119770E-003   218.69144618013007     
   6.8976429837486050E-003   218.68883992886506     
   6.9581324089501477E-003   218.68618779886401     
   7.0191523009459026E-003   218.68348898310217     
   7.0807073117063399E-003   218.68074266037982     
   7.1428021339977523E-003   218.67794799507445     
   7.2054415017400158E-003   218.67510413688785     
   7.2686301903674934E-003   218.67221022058945     
   7.3323730171930938E-003   218.66926536575494     
   7.3966748417755345E-003   218.66626867650001     
   7.4615405662898171E-003   218.66321924121010     
   7.5269751359009528E-003   218.66011613226496     
   7.5929835391409708E-003   218.65695840575864     
   7.6595708082892204E-003   218.65374510121464     
   7.7267420197560293E-003   218.65047524129591     
   7.7945022944697030E-003   218.64714783150993     
   7.8628567982669314E-003   218.64376185990872     
   7.9318107422866220E-003   218.64031629678374     
   8.0013693833671708E-003   218.63681009435521     
   8.0715380244472373E-003   218.63324218645604     
   8.1423220149700222E-003   218.62961148821086     
   8.2137267512910842E-003   218.62591689570854     
   8.2857576770897570E-003   218.62215728566989     
   8.3584202837841456E-003   218.61833151510919     
   8.4317201109497791E-003   218.61443842098984     
   8.5056627467419328E-003   218.61047681987421     
   8.5802538283216555E-003   218.60644550756723     
   8.6554990422855194E-003   218.60234325875402     
   8.7314041250991584E-003   218.59816882663122     
   8.8079748635345925E-003   218.59392094253170     
   8.8852170951113987E-003   218.58959831554310     
   8.9631367085417409E-003   218.58519963211950     
   9.0417396441793123E-003   218.58072355568677     
   9.1210318944722046E-003   218.57616872624055     
   9.2010195044197572E-003   218.57153375993778     
   9.2817085720334098E-003   218.56681724868082     
   9.3631052488015974E-003   218.56201775969487     
   9.4452157401587120E-003   218.55713383509735     
   9.5280463059581964E-003   218.55216399146073     
   9.6116032609497807E-003   218.54710671936701     
   9.6958929752608784E-003   218.54196048295515     
   9.7809218748822480E-003   218.53672371946050     
   9.8666964421578792E-003   218.53139483874588     
   9.9532232162791862E-003   218.52597222282560     
   1.0040508793783542E-002   218.52045422538012     
   1.0128559829057179E-002   218.51483917126305     
   1.0217383034842488E-002   218.50912535599969     
   1.0306985182749792E-002   218.50331104527666     
   1.0397373103773578E-002   218.49739447442295     
   1.0488553688813287E-002   218.49137384788213     
   1.0580533889198643E-002   218.48524733867521     
   1.0673320717219603E-002   218.47901308785461     
   1.0766921246660959E-002   218.47266920394861     
   1.0861342613341617E-002   218.46621376239634     
   1.0956592015658609E-002   218.45964480497315     
   1.1052676715135882E-002   218.45296033920579     
   1.1149604036977886E-002   218.44615833777823     
   1.1247381370628034E-002   218.43923673792676     
   1.1346016170332046E-002   218.43219344082502     
   1.1445515955706236E-002   218.42502631095851     
   1.1545888312310798E-002   218.41773317548831     
   1.1647140892228078E-002   218.41031182360402     
   1.1749281414645981E-002   218.40276000586593     
   1.1852317666446427E-002   218.39507543353534     
   1.1956257502799019E-002   218.38725577789421     
   1.2061108847759886E-002   218.37929866955275     
   1.2166879694875801E-002   218.37120169774533     
   1.2273578107793569E-002   218.36296240961474     
   1.2381212220874786E-002   218.35457830948380     
   1.2489790239815977E-002   218.34604685811496     
   1.2599320442274169E-002   218.33736547195724     
   1.2709811178497954E-002   218.32853152238042     
   1.2821270871964092E-002   218.31954233489617     
   1.2933708020019688E-002   218.31039518836644     
   1.3047131194530003E-002   218.30108731419742     
   1.3161549042531948E-002   218.29161589552140     
   1.3276970286893309E-002   218.28197806636345     
   1.3393403726977747E-002   218.27217091079473     
   1.3510858239315639E-002   218.26219146207157     
   1.3629342778280798E-002   218.25203670175958     
   1.3748866376773127E-002   218.24170355884351     
   1.3869438146907255E-002   218.23118890882202     
   1.3991067280707222E-002   218.22048957278705     
   1.4113763050807250E-002   218.20960231648777     
   1.4237534811158659E-002   218.19852384937926     
   1.4362391997742979E-002   218.18725082365472     
   1.4488344129291337E-002   218.17577983326152     
   1.4615400808010113E-002   218.16410741290156     
   1.4743571720313004E-002   218.15223003701360     
   1.4872866637559471E-002   218.14014411873987     
   1.5003295416799687E-002   218.12784600887488     
   1.5134868001526003E-002   218.11533199479655     
   1.5267594422431014E-002   218.10259829938008     
   1.5401484798172270E-002   218.08964107989325     
   1.5536549336143677E-002   218.07645642687382     
   1.5672798333253701E-002   218.06304036298798     
   1.5810242176710353E-002   218.04938884186998     
   1.5948891344813084E-002   218.03549774694309     
   1.6088756407751627E-002   218.02136289021979     
   1.6229848028411823E-002   218.00698001108378     
   1.6372176963188538E-002   217.99234477505070     
   1.6515754062805688E-002   217.97745277250883     
   1.6660590273143473E-002   217.96229951743950     
   1.6806696636072850E-002   217.94688044611567     
   1.6954084290297346E-002   217.93119091578001     
   1.7102764472202214E-002   217.91522620330059     
   1.7252748516711089E-002   217.89898150380535     
   1.7404047858150105E-002   217.88245192929361     
   1.7556674031119629E-002   217.86563250722534     
   1.7710638671373610E-002   217.84851817908725     
   1.7865953516706674E-002   217.83110379893571     
   1.8022630407848950E-002   217.81338413191597     
   1.8180681289368790E-002   217.79535385275756     
   1.8340118210583390E-002   217.77700754424484     
   1.8500953326477377E-002   217.75833969566372     
   1.8663198898629468E-002   217.73934470122228     
   1.8826867296147288E-002   217.72001685844680     
   1.8991970996610305E-002   217.70035036655182     
   1.9158522587021120E-002   217.68033932478383     
   1.9326534764765042E-002   217.65997773073866     
   1.9496020338578102E-002   217.63925947865181     
   1.9666992229523558E-002   217.61817835766183     
   1.9839463471976952E-002   217.59672805004567     
   2.0013447214619819E-002   217.57490212942653     
   2.0188956721442084E-002   217.55269405895251     
   2.0366005372753283E-002   217.53009718944730     
   2.0544606666202638E-002   217.50710475753110     
   2.0724774217808072E-002   217.48370988371227     
   2.0906521762994245E-002   217.45990557044888     
   2.1089863157639721E-002   217.43568470017965     
   2.1274812379133281E-002   217.41104003332464     
   2.1461383527439516E-002   217.38596420625424     
   2.1649590826173779E-002   217.36044972922662     
   2.1839448623686537E-002   217.33448898429373     
   2.2030971394157252E-002   217.30807422317363     
   2.2224173738697846E-002   217.28119756509162     
   2.2419070386465838E-002   217.25385099458663     
   2.2615676195787280E-002   217.22602635928473     
   2.2814006155289460E-002   217.19771536763832     
   2.3014075385043641E-002   217.16890958663103     
   2.3215899137717731E-002   217.13960043944701     
   2.3419492799739122E-002   217.10977920310557     
   2.3624871892467696E-002   217.07943700605972     
   2.3832052073379115E-002   217.04856482575835     
   2.4041049137258536E-002   217.01715348617202     
   2.4251879017404707E-002   216.98519365528159     
   2.4464557786844716E-002   216.95267584252906     
   2.4679101659559319E-002   216.91959039623086     
   2.4895526991719073E-002   216.88592750095265     
   2.5113850282931248E-002   216.85167717484512     
   2.5334088177497736E-002   216.81682926694094     
   2.5556257465683945E-002   216.78137345441181     
   2.5780375084998843E-002   216.74529923978554     
   2.6006458121486220E-002   216.70859594812248     
   2.6234523811027283E-002   216.67125272415149     
   2.6464589540654650E-002   216.63325852936401     
   2.6696672849877909E-002   216.59460213906706     
   2.6930791432020748E-002   216.55527213939340     
   2.7166963135569870E-002   216.51525692426969     
   2.7405205965535685E-002   216.47454469234160     
   2.7645538084824964E-002   216.43312344385541     
   2.7887977815625530E-002   216.39098097749610     
   2.8132543640803066E-002   216.34810488718125     
   2.8379254205310234E-002   216.30448255881038     
   2.8628128317608043E-002   216.26010116696966     
   2.8879184951099823E-002   216.21494767159106     
   2.9132443245577639E-002   216.16900881456650     
   2.9387922508681493E-002   216.12227111631529     
   2.9645642217371246E-002   216.07472087230613     
   2.9905622019411507E-002   216.02634414953209     
   3.0167881734869510E-002   215.97712678293854     
   3.0432441357626124E-002   215.92705437180453     
   3.0699321056900156E-002   215.87611227607576     
   3.0968541178785954E-002   215.82428561265081     
   3.1240122247804546E-002   215.77155925161844     
   3.1514084968468387E-002   215.71791781244713     
   3.1790450226859772E-002   215.66334566012597     
   3.2069239092223159E-002   215.60782690125674     
   3.2350472818571396E-002   215.55134538009696     
   3.2634172846306091E-002   215.49388467455421     
   3.2920360803852140E-002   215.43542809213062     
   3.3209058509306617E-002   215.37595866581847     
   3.3500287972102132E-002   215.31545914994567     
   3.3794071394684745E-002   215.25391201597205     
   3.4090431174206619E-002   215.19129944823567     
   3.4389389904233528E-002   215.12760333964943     
   3.4690970376467289E-002   215.06280528734777     
   3.4995195582483367E-002   214.99688658828381     
   3.5302088715483640E-002   214.92982823477649     
   3.5611673172064630E-002   214.86161091000773     
   3.5923972554001135E-002   214.79221498347090     
   3.6239010670045604E-002   214.72162050636868     
   3.6556811537743213E-002   214.64980720696258     
   3.6877399385262896E-002   214.57675448587219     
   3.7200798653244424E-002   214.50244141132708     
   3.7527033996661713E-002   214.42684671436859     
   3.7856130286702393E-002   214.34994878400425     
   3.8188112612663958E-002   214.27172566231414     
   3.8523006283866471E-002   214.19215503950915     
   3.8860836831582077E-002   214.11121424894324     
   3.9201630010981425E-002   214.02888026207810     
   3.9545411803097189E-002   213.94512968340251     
   3.9892208416804735E-002   213.85993874530601     
   4.0242046290820253E-002   213.77328330290814     
   4.0594952095716327E-002   213.68513882884326     
   4.0950952735955254E-002   213.59548040800280     
   4.1310075351940125E-002   213.50428273223446     
   4.1672347322083934E-002   213.41152009500075     
   4.2037796264896857E-002   213.31716638599667     
   4.2406450041091753E-002   213.22119508572800     
   4.2778336755708218E-002   213.12357926005171     
   4.3153484760255198E-002   213.02429155467900     
   4.3531922654872462E-002   212.92330418964301     
   4.3913679290510946E-002   212.82058895373197     
   4.4298783771132277E-002   212.71611719888929     
   4.4687265455927584E-002   212.60985983458312     
   4.5079153961555742E-002   212.50178732214536     
   4.5474479164401255E-002   212.39186966908312     
   4.5873271202851937E-002   212.28007642336456     
   4.6275560479596578E-002   212.16637666767997     
   4.6681377663942751E-002   212.05073901368121     
   4.7090753694154955E-002   211.93313159620118     
   4.7503719779813214E-002   211.81352206745581     
   4.7920307404192466E-002   211.69187759123082     
   4.8340548326662694E-002   211.56816483705597     
   4.8764474585110192E-002   211.44234997436917     
   4.9192118498380039E-002   211.31439866667375     
   4.9623512668739961E-002   211.18427606569136     
   5.0058689984365863E-002   211.05194680551375     
   5.0497683621849095E-002   210.91737499675682     
   5.0940527048725759E-002   210.78052422071988     
   5.1387254026028145E-002   210.64135752355452     
   5.1837898610858600E-002   210.49983741044565     
   5.2292495158985902E-002   210.35592583980934     
   5.2751078327464486E-002   210.20958421751206     
   5.3213683077276537E-002   210.06077339111351     
   5.3680344675997346E-002   209.90945364414040     
   5.4151098700483999E-002   209.75558469039262     
   5.4625981039587622E-002   209.59912566828973     
   5.5105027896889487E-002   209.44003513525996     
   5.5588275793461005E-002   209.27827106217921     
   5.6075761570648024E-002   209.11379082786408     
   5.6567522392879474E-002   208.94655121362496     
   5.7063595750500698E-002   208.77650839788569     
   5.7564019462631580E-002   208.60361795087496     
   5.8068831680049747E-002   208.42783482939666     
   5.8578070888099097E-002   208.24911337168501     
   5.9091775909623799E-002   208.06740729235264     
   5.9609985907928022E-002   207.88266967743701     
   6.0132740389761616E-002   207.69485297955453     
   6.0660079208331996E-002   207.50390901316840     
   6.1192042566342426E-002   207.30978894997958     
   6.1728671019056970E-002   207.11244331444806     
   6.2270005477392282E-002   206.91182197945415     
   6.2816087211036500E-002   206.70787416210766     
   6.3366957851595601E-002   206.50054841971490     
   6.3922659395767190E-002   206.28979264591334     
   6.4483234208542226E-002   206.07555406698276     
   6.5048725026434828E-002   205.85777923834456     
   6.5619174960740323E-002   205.63641404125852     
   6.6194627500821987E-002   205.41140367972963     
   6.6775126517426481E-002   205.18269267763429     
   6.7360716266028450E-002   204.95022487608003     
   6.7951441390204384E-002   204.71394343100866     
   6.8547346925036223E-002   204.47379081105723     
   6.9148478300544547E-002   204.22970879568851     
   6.9754881345152134E-002   203.98163847360510     
   7.0366602289177696E-002   203.72952024146105     
   7.0983687768360421E-002   203.47329380288443     
   7.1606184827415292E-002   203.21289816782681     
   7.2234140923619572E-002   202.94827165225360     
   7.2867603930430985E-002   202.67935187819205     
   7.3506622141137207E-002   202.40607577415182     
   7.4151244272537803E-002   202.12837957593601     
   7.4801519468658123E-002   201.84619882785853     
   7.5457497304495899E-002   201.55946838438638     
   7.6119227789800792E-002   201.26812241222430     
   7.6786761372886897E-002   200.97209439286087     
   7.7460148944478724E-002   200.67131712559481     
   7.8139441841591092E-002   200.36572273106123     
   7.8824691851442780E-002   200.05524265527865     
   7.9515951215404709E-002   199.73980767423657     
   8.0213272632982585E-002   199.41934789904587     
   8.0916709265834649E-002   199.09379278167299     
   8.1626314741824454E-002   198.76307112128114     
   8.2342143159109357E-002   198.42711107120138     
   8.3064249090264802E-002   198.08584014655656     
   8.3792687586444731E-002   197.73918523256347     
   8.4527514181578514E-002   197.38707259353620     
   8.5268784896604749E-002   197.02942788261834     
   8.6016556243741993E-002   196.66617615226770     
   8.6770885230797290E-002   196.29724186552164     
   8.7531829365512043E-002   195.92254890806944     
   8.8299446659946407E-002   195.54202060115938     
   8.9073795634901864E-002   195.15557971536916     
   8.9854935324382684E-002   194.76314848526826     
   9.0642925280096487E-002   194.36464862500165     
   9.1437825575994308E-002   193.96000134482523     
   9.2239696812850491E-002   193.54912736862312     
   9.3048600122882588E-002   193.13194695243837     
   9.3864597174411993E-002   192.70837990404846     
   9.4687750176565305E-002   192.27834560361819     
   9.5518121884017024E-002   191.84176302546251     
   9.6355775601773677E-002   191.39855076095245     
   9.7200775190000033E-002   190.94862704259853     
   9.8053185068887702E-002   190.49190976934514     
   9.8913070223566157E-002   190.02831653311139     
   9.9780496209057185E-002   189.55776464661312     
  0.10065552915527244        189.08017117250171     
  0.10153823577205510        188.59545295385604     
  0.10242868335426562        188.10352664606376     
  0.10332693978691201        187.60430875012790     
  0.10423307355032518        187.09771564743744     
  0.10514715372537982        186.58366363603713     
  0.10606924999876072        186.06206896843528     
  0.10699943266827558        185.53284789098694     
  0.10793777264821429        184.99591668488983     
  0.10888434147475524        184.45119170883089     
  0.10983921131141891        183.89858944332221     
  0.11080245495456956        183.33802653676233     
  0.11177414583896485        182.76941985326283     
  0.11275435804335440        182.19268652227549     
  0.11374316629612725        181.60774399005948     
  0.11474064598100898        181.01451007302370     
  0.11574687314280867        180.41290301298213     
  0.11676192449321639        179.80284153435750     
  0.11778587741665143        179.18424490336986     
  0.11881880997616186        178.55703298924337     
  0.11986080091937580        177.92112632746725     
  0.12091192968450497        177.27644618514262     
  0.12197227640640072        176.62291462844837     
  0.12304192192266332        175.96045459225741     
  0.12412094777980474        175.28898995193236     
  0.12520943623946562        174.60844559733036     
  0.12630747028468642        173.91874750904392     
  0.12741513362623405        173.21982283690238     
  0.12853251070898356        172.51159998075957     
  0.12965968671835598        171.79400867358785     
  0.13079674758681267        171.06698006689945     
  0.13194378000040649        170.33044681851203     
  0.13310087140539043        169.58434318267382     
  0.13426811001488440        168.82860510256091     
  0.13544558481560015        168.06317030515606     
  0.13663338557462548        167.28797839851654     
  0.13783160284626778        166.50297097143346     
  0.13904032797895752        165.70809169548372     
  0.14025965312221250        164.90328642947023     
  0.14148967123366302        164.08850332624399     
  0.14273047608613862        163.26369294189567     
  0.14398216227481708        162.42880834730161     
  0.14524482522443607        161.58380524200362     
  0.14651856119656809        160.72864207039768     
  0.14780346729695903        159.86328014020080     
  0.14909964148293137        158.98768374316143     
  0.15040718257085198        158.10182027797146     
  0.15172619024366571        157.20566037533251     
  0.15305676505849489        156.29917802512455     
  0.15439900845430551        155.38235070561552     
  0.15575302275964048        154.45515951464677     
  0.15711891120042104        153.51758930271976     
  0.15849677790781630        152.56962880790394     
  0.15988672792618183        151.61127079247623     
  0.16128886722106806        150.64251218119679     
  0.16270330268729860        149.66335420111508     
  0.16413014215711974        148.67380252279307     
  0.16556949440842109        147.67386740282373     
  0.16702146917302865        146.66356382751241     
  0.16848617714507028        145.64291165758053     
  0.16996372998941475        144.61193577374061     
  0.17145424035018478        143.57066622298129     
  0.17295782185934452        142.51913836539094     
  0.17447458914536265        141.45739302133796     
  0.17600465784195132        140.38547661881407     
  0.17754814459688162        139.30344134073695     
  0.17910516708087645        138.21134527199530     
  0.18067584399658143        137.10925254600954     
  0.18226029508761446        135.99723349056831     
  0.18385864114769448        134.87536477268830     
  0.18547100402985059        133.74372954223472     
  0.18709750665571157        132.60241757402417     
  0.18873827302487717        131.45152540812180     
  0.19039342822437141        130.29115648802988     
  0.19206309843817893        129.12142129645366     
  0.19374741095686465        127.94243748831576     
  0.19544649418727833        126.75433002067942     
  0.19716047766234360        125.55723127922636     
  0.19888949205093337        124.35128120092278     
  0.20063366916783160        123.13662739249523     
  0.20239314198378225        121.91342524432386     
  0.20416804463562691        120.68183803934933     
  0.20595851243653074        119.44203705657807     
  0.20776468188629829        118.19420166875715     
  0.20958669068178015        116.93851943378041     
  0.21142467772737009        115.67518617937587     
  0.21327878314559509        114.40440608061348     
  0.21514914828779766        113.12639172976404     
  0.21703591574491204        111.84136419802934     
  0.21893922935833501        110.54955308865611     
  0.22085923423089179        109.25119658093892     
  0.22279607673789828        107.94654146460984     
  0.22474990453832033        106.63584316410774     
  0.22672086658603074        105.31936575221511     
  0.22870911314116507        103.99738195254751     
  0.23071479578157697        102.67017313037753     
  0.23273806741439412        101.33802927127604     
  0.23477908228767533        100.00124894705294     
  0.23683799600216987        98.660139268483007     
  0.23891496552318017        97.315015824305576     
  0.24101014919252825        95.966202605993772     
  0.24312370674062725        94.614031917795984     
  0.24525579929865882        93.258844271562225     
  0.24740658941085714        91.900988265880528     
  0.24957624104690102        90.540820449061883     
  0.25176491961441422        89.178705165529692     
  0.25397279197157585        87.815014385187197     
  0.25620002643984097        86.450127515360094     
  0.25844679281677274        85.084431194933330     
  0.26071326238898779        83.718319070328988     
  0.26299960794521404        82.352191553002640     
  0.26530600378946390        80.986455558166426     
  0.26763262575432256        79.621524224483693     
  0.26997965121435302        78.257816614518504     
  0.27234725909961849        76.895757395764676     
  0.27473562990932343        75.535776502123895     
  0.27714494572557452        74.178308775749898     
  0.27957539022726163        72.823793589228089     
  0.28202714870406137        71.472674448112087     
  0.28450040807056276        70.125398573898195     
  0.28699535688051697        68.782416467577974     
  0.28951218534121231        67.444181453973187     
  0.29205108532797486        66.111149207123546     
  0.29461225039879663        64.783777257068266     
  0.29719587580909168        63.462524478433600     
  0.29980215852658176        62.147850561314158     
  0.30243129724631279        60.840215465013088     
  0.30508349240580257        59.540078855286737     
  0.30775894620032135        58.247899525820642     
  0.31045786259830699        56.964134804747417     
  0.31318044735691464        55.689239947104184     
  0.31592690803770307        54.423667514211942     
  0.31869745402245853        53.167866741048584     
  0.32149229652915734        51.922282892775286     
  0.32431164862806861        50.687356611664327     
  0.32715572525799813        49.463523255765800     
  0.33002474324267428        48.251212230737906     
  0.33291892130727840        47.050846316352576     
  0.33583848009511968        45.862840989273494     
  0.33878364218445606        44.687603743787136     
  0.34175463210546320        43.525533412246787     
  0.34475167635735188        42.377019487067983     
  0.34777500342563561        41.242441446186376     
  0.35082484379954959        40.122168083958123     
  0.35390142998962271        39.016556849546284     
  0.35700499654540319        37.925953194895250     
  0.36013578007334018        36.850689934445988     
  0.36329401925482163        35.791086618789784     
  0.36647995486437085        34.747448924494165     
  0.36969382978800241        33.720068062363382     
  0.37293588904173897        32.709220206414187     
  0.37620637979029048        31.715165945857585     
  0.37950555136589736        30.738149762375059     
  0.38283365528733898        29.778399534966734     
  0.38619094527910819        28.836126074624630     
  0.38957767729075515        27.911522691048397     
  0.39299410951639968        27.004764793573209     
  0.39644050241441542        26.116009528417905     
  0.39991711872728614        25.245395454287234     
  0.40342422350163676        24.393042258273944     
  0.40696208410843926        23.559050513905159     
  0.41053097026339697        22.743501483061213     
  0.41413115404750589        21.946456963366622     
  0.41776290992779802        21.167959182508522     
  0.42142651477826581        20.408030740782035     
  0.42512224790096981        19.666674602991577     
  0.42885039104733225        18.943874140653556     
  0.43261122843961664        18.239593225251724     
  0.43640504679259612        17.553776373088283     
  0.44023213533541167        16.886348942056848     
  0.44409278583362205        16.237217380435045     
  0.44798729261144732        15.606269527558318     
  0.45191595257420669        14.993374965992036     
  0.45587906523095445        14.398385424568168     
  0.45987693271731284        13.821135231397944     
  0.46390985981850663        13.261441815712208     
  0.46797815399259840        12.719106257121638     
  0.47208212539392874        12.193913880627822     
  0.47622208689676115        11.685634895458684     
  0.48039835411913467        11.194025075546755     
  0.48461124544692574        10.718826479220976     
  0.48886108205812090        10.259768205442022     
  0.49314818794730231        9.8165671836813857     
  0.49747288995034838        9.3889289943262959     
  0.50183551776935065        8.9765487162892938     
  0.50623640399774872        8.5791117983140754     
  0.51067588414568732        8.1962949503006381     
  0.51515429666559343        7.8277670508247041     
  0.51967198297797934        7.4731900669001803     
  0.52422928749747189        7.1322199819314243     
  0.52882655765906894        6.8045077277257038     
  0.53346414394462682        6.4897001163861319     
  0.53814239990958068        6.1874407678839400     
  0.54286168220989739        5.8973710291162469     
  0.54762235062926712        5.6191308802920936     
  0.55242476810653107        5.3523598245571264     
  0.55726930076335168        5.0966977568641001     
  0.56215631793212395        4.8517858082242888     
  0.56708619218413248        4.6172671616317658     
  0.57205929935795541        4.3927878361387602     
  0.57707601858811675        4.1779974357742287     
  0.58213673233399110        3.9725498602379594     
  0.58724182640896017        3.7761039745678739     
  0.59239169000982717        3.5883242352656719     
  0.59758671574648692        3.4088812706744118     
  0.60282729967185811        3.2374524137272274     
  0.60811384131207669        3.0737221855275800     
  0.61344674369695462        2.9173827285739362     
  0.61882641339070565        2.7681341888032827     
  0.62425326052294039        2.6256850459944316     
  0.62972769881993396        2.4897523924402520     
  0.63525014563616600        2.3600621601644152     
  0.64082102198613977        2.2363492973187529     
  0.64644075257647837        2.1183578947491046     
  0.65210976583830316        2.0058412640561314     
  0.65782849395989607        1.8985619688002697     
  0.66359737291964838        1.7962918108030856     
  0.66941684251929823        1.6988117737779154     
  0.67528734641745980        1.6059119267778945     
  0.68120933216344703        1.5173912901769291     
  0.68718325123139212        1.4330576670964990     
  0.69320955905466586        1.3527274433566749     
  0.69928871506059809        1.2762253591621158     
  0.70542118270550258        1.2033842558317946     
  0.71160742951000999        1.1340448009445234     
  0.71784792709471024        1.0680551953007940     
  0.72414315121610706        1.0052708650953670     
  0.73049358180288848       0.94555414265526394     
  0.73689970299251528       0.88877393902555601     
  0.74336200316812984       0.83480541158228050     
  0.74988097499578887       0.78352962971990781     
  0.75645711546202332       0.73483324150247764     
  0.76309092591172678       0.68860814398552395     
  0.76978291208637617       0.64475115971305008     
  0.77653358416258855       0.60316372167343502     
  0.78334345679101514       0.56375156876346932     
  0.79021304913557666       0.52642445356420375     
  0.79714288491304264       0.49109586397944677     
  0.80413349243295884       0.45768276003106134     
  0.81118540463792244       0.42610532684807295     
  0.81829915914421347       0.39628674463233071     
  0.82547529828278032       0.36815297613524917     
  0.83271436914058528       0.34163257194081925     
  0.84001692360231306       0.31665649362238724     
  0.84738351839244486       0.29315795462699334     
  0.85481471511770113       0.27107227854340860     
  0.86231108030985681       0.25033677423013900     
  0.86987318546893200       0.23089062711897007     
  0.87750160710676139       0.21267480586908508     
  0.88519692679094586       0.19563198342710278     
  0.89295973118918937       0.17970647144981364     
  0.90079061211402423       0.16484416696893683     
  0.90869016656792989       0.15099251012049883     
  0.91665899678884621       0.13810045172483537     
  0.92469771029608627       0.12611842948577540     
  0.93280691993665177       0.11499835157818425     
  0.94098724393195432       0.10469358641035080     
  0.94923930592494754        9.5158957380199125E-002
  0.95756373502767056        8.6350741490373487E-002
  0.96596116586921099        7.8226670745144847E-002
  0.97443223864408612        7.0745935320090686E-002
  0.98297759916104921        6.3869187571779298E-002
  0.99159789889232486        5.7558546037514230E-002
   1.0002937950232749        5.1777598662826781E-002
   1.0090659505024997        4.6491404585179245E-002
   1.0179150340923804        4.1666493894713399E-002
   1.0268417204200617        3.7270864885382983E-002
   1.0358466900288854        3.3273978401111147E-002
   1.0449306294302714        2.9646748970526850E-002
   1.0540942311560557        2.6361532509282855E-002
   1.0633381938112874        2.3392110450051056E-002
   1.0726632221274868        2.0713670236236360E-002
   1.0820700270163741        1.8302782185639608E-002
   1.0915593256240657        1.6137372794237687E-002
   1.1011318413857467        1.4196694607577828E-002
   1.1107883040808255        1.2461292837780082E-002
   1.1205294498885676        1.0912968947687150E-002
   1.1303560214442216        9.5347414602861107E-003
   1.1402687678956340        8.3108042812482050E-003
   1.1502684449603626        7.2264828454554576E-003
   1.1603558149832904        6.2681884149696915E-003
   1.1705316469947440        5.4233708663580585E-003
   1.1807967167691218        4.6804703099997845E-003
   1.1911518068840374        4.0288678833782865E-003
   1.2015977067799808        3.4588360548689712E-003
   1.2121352128205025        2.9614887646517295E-003
   1.2227651283529259        2.5287317156138587E-003
   1.2334882637695928        2.1532131099816719E-003
   1.2443054365696442        1.8282751074504792E-003
   1.2552174714213449        1.5479062582924028E-003
   1.2662252002249521        1.3066951408225200E-003
   1.2773294621761400        1.0997854071915498E-003
   1.2885311038299732        9.2283241522535763E-004
   1.2998309791654497        7.7196159739743311E-004
   1.3112299496506030        6.4372869142273893E-004
   1.3227288843081793        5.3508193078516039E-004
   1.3343286597818869        4.4332626810741102E-004
   1.3460301604032319        3.6608967995046415E-004
   1.3578342782589348        3.0129157865803682E-004
   1.3697419132589415        2.4711333546465917E-004
   1.3817539732050284        2.0197089944518448E-004
   1.3938713738600119        1.6448947913654037E-004
   1.4060950390175635        1.3348023790476973E-004
   1.4184259005726347        1.0791894041601587E-004
   1.4308648985925045        8.6926475914870231E-005
   1.4434129813884462        6.9751174397130014E-005
   1.4560711055880233        5.5752824133557307E-005
   1.4688402362080206        4.4388293274931185E-005
   1.4817213467280139        3.5198654339779433E-005
   1.4947154191645846        2.7797708127238198E-005
   1.5078234441461866        2.1861802864688258E-005
   1.5210464209886680        1.7120845037317063E-005
   1.5343853577714568        1.3350400190829952E-005
   1.5478412714144121        1.0364784881706567E-005
   1.5614151877553530        8.0110547041224541E-006
   1.5751081416282642        6.1637977847632112E-006
   1.5889211769421887        4.7206481484562161E-006
   1.6028553467608124        3.5984387699857211E-006
   1.6169117133827464        2.7299198028175252E-006
   1.6310913484225131        2.0609732885758409E-006
   1.6453953328922439        1.5482614905962455E-006
   1.6598247572840905        1.1572517637958850E-006
   1.6743807216533626        8.6056648923037926E-007
   1.6890643357023913        6.3661199738215837E-007
   1.7038767188651303        4.6844552585758217E-007
   1.7188190003924977        3.4284406447477678E-007
   1.7338923194384666        2.4954340570844979E-007
   1.7490978251469111        1.8061982424545666E-007
   1.7644366767392134        1.2999054893389394E-007
   1.7799100436026387        9.3012565066335939E-008
   1.7955191053794870        6.6162303180663824E-008
   1.8112650520570239        4.6781446557644548E-008
   1.8271490840582030        3.2876441930014622E-008
   1.8431724123331814        2.2961348397623273E-008
   1.8593362584516395        1.5935432100162455E-008
   1.8756418546959095        1.0988433935202750E-008
   1.8920904441549207        7.5277299721557784E-009
   1.9086832808189693        5.1226943109896229E-009
   1.9254216296753186        3.4624861891808706E-009
   1.9423067668046372        2.3242400656954955E-009
   1.9593399794782840        1.5492605128848613E-009
   1.9765225662564463        1.0253325288606358E-009
   1.9938558370871375        6.7366993986389410E-010
