                                                  
                                                                                                                                                                                                                                                                
     Z,SCF,CCSD
   1.00,   -86.50190750,   -87.14301990
   1.05,   -86.55261219,   -87.19097695
   1.10,   -86.59452613,   -87.22987689
   1.15,   -86.62909483,   -87.26127406
   1.20,   -86.65749921,   -87.28642494
   1.25,   -86.68071898,   -87.30634842
   1.30,   -86.69957155,   -87.32189846
   1.35,   -86.71473687,   -87.33380093
   1.40,   -86.72677912,   -87.34268509
   1.45,   -86.73616923,   -87.34907736
   1.50,   -86.74330481,   -87.35340783
   1.55,   -86.74852476,   -87.35603561
   1.60,   -86.75211943,   -87.35726222
   1.65,   -86.75433803,   -87.35733956
   1.70,   -86.75539453,   -87.35647173
   1.75,   -86.75547257,   -87.35485834
   1.80,   -86.75472965,   -87.35260959
   1.85,   -86.75330082,   -87.34988770
   1.90,   -86.75130175,   -87.34677771
   1.95,   -86.74883143,   -87.34338414
   2.00,   -86.74597456,   -87.33977816
                                                  
