   3.7363333963997891E-006   360.83984040482369     
   3.7692505572441434E-006   360.83984040287424     
   3.8024577188360484E-006   360.83984040089047     
   3.8359574360870271E-006   360.83984039887144     
   3.8697522864174184E-006   360.83984039681673     
   3.9038448699546771E-006   360.83984039472568     
   3.9382378097334264E-006   360.83984039259764     
   3.9729337518972669E-006   360.83984039043185     
   4.0079353659023709E-006   360.83984038822780     
   4.0432453447228662E-006   360.83984038598476     
   4.0788664050580269E-006   360.83984038370193     
   4.1148012875412923E-006   360.83984038137874     
   4.1510527569511334E-006   360.83984037901450     
   4.1876236024237632E-006   360.83984037660838     
   4.2245166376677322E-006   360.83984037415962     
   4.2617347011804136E-006   360.83984037166755     
   4.2992806564663888E-006   360.83984036913142     
   4.3371573922577633E-006   360.83984036655045     
   4.3753678227364232E-006   360.83984036392371     
   4.4139148877582458E-006   360.83984036125054     
   4.4528015530792873E-006   360.83984035853007     
   4.4920308105839666E-006   360.83984035576134     
   4.5316056785152565E-006   360.83984035294367     
   4.5715292017068987E-006   360.83984035007614     
   4.6118044518176754E-006   360.83984034715786     
   4.6524345275677324E-006   360.83984034418796     
   4.6934225549769950E-006   360.83984034116554     
   4.7347716876056746E-006   360.83984033808957     
   4.7764851067969029E-006   360.83984033495915     
   4.8185660219215001E-006   360.83984033177330     
   4.8610176706248957E-006   360.83984032853112     
   4.9038433190762326E-006   360.83984032523159     
   4.9470462622196591E-006   360.83984032187362     
   4.9906298240278368E-006   360.83984031845625     
   5.0345973577576825E-006   360.83984031497835     
   5.0789522462083648E-006   360.83984031143893     
   5.1236979019815694E-006   360.83984030783699     
   5.1688377677440632E-006   360.83984030417116     
   5.2143753164925635E-006   360.83984030044047     
   5.2603140518209491E-006   360.83984029664373     
   5.3066575081898192E-006   360.83984029277980     
   5.3534092511984336E-006   360.83984028884760     
   5.4005728778590398E-006   360.83984028484565     
   5.4481520168736249E-006   360.83984028077299     
   5.4961503289131043E-006   360.83984027662819     
   5.5445715068989637E-006   360.83984027241007     
   5.5934192762873912E-006   360.83984026811731     
   5.6426973953559073E-006   360.83984026374850     
   5.6924096554925233E-006   360.83984025930249     
   5.7425598814874399E-006   360.83984025477776     
   5.7931519318273260E-006   360.83984025017298     
   5.8441896989921860E-006   360.83984024548658     
   5.8956771097548368E-006   360.83984024071742     
   5.9476181254830307E-006   360.83984023586373     
   6.0000167424442392E-006   360.83984023092415     
   6.0528769921131158E-006   360.83984022589715     
   6.1062029414816768E-006   360.83984022078124     
   6.1599986933722072E-006   360.83984021557472     
   6.2142683867529236E-006   360.83984021027612     
   6.2690161970564241E-006   360.83984020488367     
   6.3242463365009420E-006   360.83984019939589     
   6.3799630544144218E-006   360.83984019381091     
   6.4361706375614596E-006   360.83984018812714     
   6.4928734104731238E-006   360.83984018234270     
   6.5500757357796709E-006   360.83984017645599     
   6.6077820145462065E-006   360.83984017046504     
   6.6659966866112938E-006   360.83984016436801     
   6.7247242309285516E-006   360.83984015816327     
   6.7839691659112529E-006   360.83984015184853     
   6.8437360497799717E-006   360.83984014542210     
   6.9040294809132808E-006   360.83984013888193     
   6.9648540982015483E-006   360.83984013222602     
   7.0262145814038425E-006   360.83984012545238     
   7.0881156515079911E-006   360.83984011855881     
   7.1505620710938071E-006   360.83984011154314     
   7.2135586446995071E-006   360.83984010440344     
   7.2771102191913745E-006   360.83984009713726     
   7.3412216841366700E-006   360.83984008974267     
   7.4058979721798178E-006   360.83984008221711     
   7.4711440594219310E-006   360.83984007455831     
   7.5369649658036546E-006   360.83984006676400     
   7.6033657554913938E-006   360.83984005883184     
   7.6703515372669519E-006   360.83984005075922     
   7.7379274649205839E-006   360.83984004254376     
   7.8060987376475233E-006   360.83984003418283     
   7.8748706004479998E-006   360.83984002567405     
   7.9442483445307959E-006   360.83984001701458     
   8.0142373077203204E-006   360.83984000820197     
   8.0848428748673130E-006   360.83983999923333     
   8.1560704782631380E-006   360.83983999010593     
   8.2279255980577392E-006   360.83983998081703     
   8.3004137626812761E-006   360.83983997136380     
   8.3735405492694717E-006   360.83983996174311     
   8.4473115840927070E-006   360.83983995195234     
   8.5217325429889048E-006   360.83983994198820     
   8.5968091518002135E-006   360.83983993184779     
   8.6725471868135508E-006   360.83983992152787     
   8.7489524752050168E-006   360.83983991102519     
   8.8260308954882381E-006   360.83983990033681     
   8.9037883779666398E-006   360.83983988945926     
   8.9822309051897268E-006   360.83983987838906     
   9.0613645124133650E-006   360.83983986712309     
   9.1411952880641243E-006   360.83983985565766     
   9.2217293742077240E-006   360.83983984398935     
   9.3029729670215752E-006   360.83983983211454     
   9.3849323172715299E-006   360.83983982002957     
   9.4676137307927858E-006   360.83983980773070     
   9.5510235689750565E-006   360.83983979521423     
   9.6351682492520109E-006   360.83983978247619     
   9.7200542455950189E-006   360.83983976951271     
   9.8056880890112404E-006   360.83983975631986     
   9.8920763680461281E-006   360.83983974289350     
   9.9792257292903271E-006   360.83983972922948     
   1.0067142877891063E-005   360.83983971532371     
   1.0155834578068018E-005   360.83983970117174     
   1.0245307653633769E-005   360.83983968676949     
   1.0335568988518799E-005   360.83983967211230     
   1.0426625527301130E-005   360.83983965719563     
   1.0518484275740638E-005   360.83983964201502     
   1.0611152301318064E-005   360.83983962656572     
   1.0704636733778773E-005   360.83983961084300     
   1.0798944765681309E-005   360.83983959484203     
   1.0894083652950778E-005   360.83983957855787     
   1.0990060715437110E-005   360.83983956198557     
   1.1086883337478239E-005   360.83983954512001     
   1.1184558968468241E-005   360.83983952795586     
   1.1283095123430478E-005   360.83983951048799     
   1.1382499383595801E-005   360.83983949271101     
   1.1482779396985832E-005   360.83983947461934     
   1.1583942879001390E-005   360.83983945620753     
   1.1685997613016112E-005   360.83983943746995     
   1.1788951450975286E-005   360.83983941840069     
   1.1892812313999972E-005   360.83983939899389     
   1.1997588192996442E-005   360.83983937924370     
   1.2103287149270989E-005   360.83983935914404     
   1.2209917315150151E-005   360.83983933868865     
   1.2317486894606399E-005   360.83983931787117     
   1.2426004163889347E-005   360.83983929668528     
   1.2535477472162505E-005   360.83983927512446     
   1.2645915242145654E-005   360.83983925318205     
   1.2757325970762881E-005   360.83983923085134     
   1.2869718229796321E-005   360.83983920812545     
   1.2983100666545655E-005   360.83983918499735     
   1.3097482004493422E-005   360.83983916145991     
   1.3212871043976185E-005   360.83983913750592     
   1.3329276662861631E-005   360.83983911312805     
   1.3446707817231606E-005   360.83983908831863     
   1.3565173542071191E-005   360.83983906307026     
   1.3684682951963841E-005   360.83983903737504     
   1.3805245241792645E-005   360.83983901122502     
   1.3926869687447768E-005   360.83983898461219     
   1.4049565646540126E-005   360.83983895752851     
   1.4173342559121348E-005   360.83983892996537     
   1.4298209948410076E-005   360.83983890191445     
   1.4424177421524674E-005   360.83983887336711     
   1.4551254670222378E-005   360.83983884431467     
   1.4679451471644972E-005   360.83983881474785     
   1.4808777689071028E-005   360.83983878465790     
   1.4939243272674768E-005   360.83983875403544     
   1.5070858260291614E-005   360.83983872287104     
   1.5203632778190499E-005   360.83983869115502     
   1.5337577041852952E-005   360.83983865887780     
   1.5472701356759067E-005   360.83983862602923     
   1.5609016119180388E-005   360.83983859259939     
   1.5746531816979806E-005   360.83983855857787     
   1.5885259030418444E-005   360.83983852395431     
   1.6025208432969716E-005   360.83983848871799     
   1.6166390792140517E-005   360.83983845285803     
   1.6308816970299656E-005   360.83983841636353     
   1.6452497925513603E-005   360.83983837922307     
   1.6597444712389578E-005   360.83983834142532     
   1.6743668482926070E-005   360.83983830295864     
   1.6891180487370883E-005   360.83983826381120     
   1.7039992075086680E-005   360.83983822397090     
   1.7190114695424209E-005   360.83983818342557     
   1.7341559898603191E-005   360.83983814216271     
   1.7494339336600976E-005   360.83983810016952     
   1.7648464764049045E-005   360.83983805743321     
   1.7803948039137369E-005   360.83983801394061     
   1.7960801124526781E-005   360.83983796967823     
   1.8119036088269363E-005   360.83983792463255     
   1.8278665104736931E-005   360.83983787878952     
   1.8439700455557730E-005   360.83983783213534     
   1.8602154530561360E-005   360.83983778465546     
   1.8766039828732034E-005   360.83983773633520     
   1.8931368959170222E-005   360.83983768715990     
   1.9098154642062785E-005   360.83983763711433     
   1.9266409709661646E-005   360.83983758618297     
   1.9436147107271092E-005   360.83983753435029     
   1.9607379894243759E-005   360.83983748160023     
   1.9780121244985393E-005   360.83983742791673     
   1.9954384449968492E-005   360.83983737328310     
   2.0130182916754838E-005   360.83983731768257     
   2.0307530171027055E-005   360.83983726109807     
   2.0486439857629269E-005   360.83983720351216     
   2.0666925741616917E-005   360.83983714490705     
   2.0849001709315798E-005   360.83983708526489     
   2.1032681769390483E-005   360.83983702456715     
   2.1217980053922119E-005   360.83983696279518     
   2.1404910819495730E-005   360.83983689992994     
   2.1593488448297086E-005   360.83983683595221     
   2.1783727449219275E-005   360.83983677084223     
   2.1975642458978970E-005   360.83983670457997     
   2.2169248243242559E-005   360.83983663714497     
   2.2364559697762225E-005   360.83983656851655     
   2.2561591849521960E-005   360.83983649867349     
   2.2760359857893750E-005   360.83983642759449     
   2.2960879015803902E-005   360.83983635525749     
   2.3163164750909677E-005   360.83983628164026     
   2.3367232626786241E-005   360.83983620672029     
   2.3573098344124131E-005   360.83983613047440     
   2.3780777741937241E-005   360.83983605287909     
   2.3990286798781436E-005   360.83983597391051     
   2.4201641633983942E-005   360.83983589354432     
   2.4414858508883514E-005   360.83983581175596     
   2.4629953828081596E-005   360.83983572852014     
   2.4846944140704446E-005   360.83983564381117     
   2.5065846141676403E-005   360.83983555760307     
   2.5286676673004371E-005   360.83983546986929     
   2.5509452725073632E-005   360.83983538058283     
   2.5734191437955035E-005   360.83983528971618     
   2.5960910102723766E-005   360.83983519724148     
   2.6189626162789661E-005   360.83983510313016     
   2.6420357215239303E-005   360.83983500735320     
   2.6653121012189897E-005   360.83983490988129     
   2.6887935462155118E-005   360.83983481068441     
   2.7124818631422937E-005   360.83983470973186     
   2.7363788745445641E-005   360.83983460699278     
   2.7604864190242050E-005   360.83983450243539     
   2.7848063513812138E-005   360.83983439602764     
   2.8093405427564063E-005   360.83983428773672     
   2.8340908807753807E-005   360.83983417752927     
   2.8590592696937505E-005   360.83983406537146     
   2.8842476305436504E-005   360.83983395122868     
   2.9096579012815444E-005   360.83983383506586     
   2.9352920369373239E-005   360.83983371684724     
   2.9611520097647273E-005   360.83983359653638     
   2.9872398093930821E-005   360.83983347409634     
   3.0135574429803846E-005   360.83983334948937     
   3.0401069353677267E-005   360.83983322267716     
   3.0668903292350835E-005   360.83983309362065     
   3.0939096852584786E-005   360.83983296228018     
   3.1211670822685239E-005   360.83983282861527     
   3.1486646174103648E-005   360.83983269258482     
   3.1764044063050317E-005   360.83983255414699     
   3.2043885832122124E-005   360.83983241325910     
   3.2326193011944584E-005   360.83983226987783     
   3.2610987322828388E-005   360.83983212395901     
   3.2898290676440541E-005   360.83983197545780     
   3.3188125177490201E-005   360.83983182432848     
   3.3480513125429399E-005   360.83983167052452     
   3.3775477016168699E-005   360.83983151399855     
   3.4073039543808045E-005   360.83983135470248     
   3.4373223602382769E-005   360.83983119258727     
   3.4676052287625054E-005   360.83983102760294     
   3.4981548898740875E-005   360.83983085969874     
   3.5289736940202608E-005   360.83983068882316     
   3.5600640123557423E-005   360.83983051492339     
   3.5914282369251633E-005   360.83983033794601     
   3.6230687808471098E-005   360.83983015783662     
   3.6549880784997812E-005   360.83982997453961     
   3.6871885857082933E-005   360.83982978799878     
   3.7196727799336207E-005   360.83982959815660     
   3.7524431604632122E-005   360.83982940495457     
   3.7855022486032814E-005   360.83982920833336     
   3.8188525878727928E-005   360.83982900823247     
   3.8524967441991561E-005   360.83982880459018     
   3.8864373061156463E-005   360.83982859734397     
   3.9206768849605581E-005   360.83982838642987     
   3.9552181150781235E-005   360.83982817178327     
   3.9900636540211898E-005   360.83982795333782     
   4.0252161827556936E-005   360.83982773102639     
   4.0606784058669231E-005   360.83982750478066     
   4.0964530517676111E-005   360.83982727453071     
   4.1325428729078533E-005   360.83982704020610     
   4.1689506459868760E-005   360.83982680173443     
   4.2056791721666747E-005   360.83982655904231     
   4.2427312772875286E-005   360.83982631205515     
   4.2801098120854180E-005   360.83982606069696     
   4.3178176524113563E-005   360.83982580489027     
   4.3558576994526538E-005   360.83982554455628     
   4.3942328799561282E-005   360.83982527961513     
   4.4329461464532895E-005   360.83982500998519     
   4.4720004774874973E-005   360.83982473558336     
   4.5113988778431311E-005   360.83982445632518     
   4.5511443787767723E-005   360.83982417212491     
   4.5912400382504227E-005   360.83982388289490     
   4.6316889411667831E-005   360.83982358854627     
   4.6724941996065978E-005   360.83982328898827     
   4.7136589530680970E-005   360.83982298412889     
   4.7551863687085432E-005   360.83982267387415     
   4.7970796415879083E-005   360.83982235812869     
   4.8393419949146965E-005   360.83982203679523     
   4.8819766802939350E-005   360.83982170977487     
   4.9249869779773448E-005   360.83982137696705     
   4.9683761971157237E-005   360.83982103826935     
   5.0121476760135396E-005   360.83982069357745     
   5.0563047823857847E-005   360.83982034278540     
   5.1008509136170727E-005   360.83981998578508     
   5.1457894970230377E-005   360.83981962246673     
   5.1911239901140218E-005   360.83981925271848     
   5.2368578808610894E-005   360.83981887642659     
   5.2829946879643939E-005   360.83981849347515     
   5.3295379611238925E-005   360.83981810374650     
   5.3764912813124630E-005   360.83981770712046     
   5.4238582610514125E-005   360.83981730347506     
   5.4716425446884254E-005   360.83981689268609     
   5.5198478086779477E-005   360.83981647462718     
   5.5684777618640545E-005   360.83981604916949     
   5.6175361457657991E-005   360.83981561618231     
   5.6670267348650818E-005   360.83981517553229     
   5.7169533368970512E-005   360.83981472708376     
   5.7673197931430701E-005   360.83981427069875     
   5.8181299787262537E-005   360.83981380623686     
   5.8693878029096175E-005   360.83981333355501     
   5.9210972093968523E-005   360.83981285250769     
   5.9732621766357445E-005   360.83981236294721     
   6.0258867181242733E-005   360.83981186472249     
   6.0789748827194043E-005   360.83981135768039     
   6.1325307549486000E-005   360.83981084166487     
   6.1865584553240819E-005   360.83981031651706     
   6.2410621406598521E-005   360.83980978207546     
   6.2960460043915160E-005   360.83980923817535     
   6.3515142768989181E-005   360.83980868464960     
   6.4074712258316220E-005   360.83980812132768     
   6.4639211564372523E-005   360.83980754803628     
   6.5208684118927459E-005   360.83980696459906     
   6.5783173736384969E-005   360.83980637083630     
   6.6362724617154663E-005   360.83980576656529     
   6.6947381351052483E-005   360.83980515160027     
   6.7537188920731449E-005   360.83980452575167     
   6.8132192705142497E-005   360.83980388882708     
   6.8732438483025895E-005   360.83980324063032     
   6.9337972436433410E-005   360.83980258096210     
   6.9948841154281429E-005   360.83980190961933     
   7.0565091635935547E-005   360.83980122639537     
   7.1186771294826488E-005   360.83980053107985     
   7.1813927962098207E-005   360.83979982345897     
   7.2446609890287759E-005   360.83979910331487     
   7.3084865757037939E-005   360.83979837042585     
   7.3728744668842373E-005   360.83979762456647     
   7.4378296164823743E-005   360.83979686550714     
   7.5033570220545232E-005   360.83979609301417     
   7.5694617251855596E-005   360.83979530684996     
   7.6361488118768071E-005   360.83979450677253     
   7.7034234129373476E-005   360.83979369253558     
   7.7712907043787821E-005   360.83979286388848     
   7.8397559078134552E-005   360.83979202057628     
   7.9088242908562079E-005   360.83979116233945     
   7.9785011675296603E-005   360.83979028891383     
   8.0487918986730603E-005   360.83978940003078     
   8.1197018923547410E-005   360.83978849541649     
   8.1912366042882065E-005   360.83978757479269     
   8.2634015382518971E-005   360.83978663787593     
   8.3362022465126255E-005   360.83978568437800     
   8.4096443302527786E-005   360.83978471400542     
   8.4837334400012510E-005   360.83978372645947     
   8.5584752760681912E-005   360.83978272143634     
   8.6338755889835830E-005   360.83978169862667     
   8.7099401799396693E-005   360.83978065771555     
   8.7866749012373028E-005   360.83977959838285     
   8.8640856567362035E-005   360.83977852030250     
   8.9421784023091942E-005   360.83977742314261     
   9.0209591463004445E-005   360.83977630656557     
   9.1004339499877292E-005   360.83977517022777     
   9.1806089280487918E-005   360.83977401377933     
   9.2614902490317875E-005   360.83977283686465     
   9.3430841358298859E-005   360.83977163912130     
   9.4253968661600510E-005   360.83977042018068     
   9.5084347730460420E-005   360.83976917966771     
   9.5922042453056648E-005   360.83976791720050     
   9.6767117280423143E-005   360.83976663239076     
   9.7619637231408633E-005   360.83976532484274     
   9.8479667897678966E-005   360.83976399415428     
   9.9347275448763688E-005   360.83976263991570     
   1.0022252663714705E-004   360.83976126171035     
   1.0110548880340379E-004   360.83975985911400     
   1.0199622988138028E-004   360.83975843169503     
   1.0289481840342124E-004   360.83975697901400     
   1.0380132350564247E-004   360.83975550062405     
   1.0471581493325021E-004   360.83975399606999     
   1.0563836304590708E-004   360.83975246488893     
   1.0656903882314555E-004   360.83975090660954     
   1.0750791386982899E-004   360.83974932075228     
   1.0845506042166082E-004   360.83974770682903     
   1.0941055135074224E-004   360.83974606434322     
   1.1037446017117891E-004   360.83974439278927     
   1.1134686104473703E-004   360.83974269165265     
   1.1232782878654915E-004   360.83974096041004     
   1.1331743887087053E-004   360.83973919852849     
   1.1431576743688579E-004   360.83973740546566     
   1.1532289129456713E-004   360.83973558066998     
   1.1633888793058389E-004   360.83973372357968     
   1.1736383551426430E-004   360.83973183362320     
   1.1839781290360967E-004   360.83972991021909     
   1.1944089965136168E-004   360.83972795277509     
   1.2049317601112301E-004   360.83972596068901     
   1.2155472294353194E-004   360.83972393334773     
   1.2262562212249137E-004   360.83972187012722     
   1.2370595594145262E-004   360.83971977039255     
   1.2479580751975479E-004   360.83971763349763     
   1.2589526070901975E-004   360.83971545878461     
   1.2700440009960355E-004   360.83971324558433     
   1.2812331102710471E-004   360.83971099321565     
   1.2925207957892995E-004   360.83970870098528     
   1.3039079260091736E-004   360.83970636818793     
   1.3153953770401845E-004   360.83970399410549     
   1.3269840327103860E-004   360.83970157800741     
   1.3386747846343730E-004   360.83969911915005     
   1.3504685322818799E-004   360.83969661677673     
   1.3623661830469846E-004   360.83969407011733     
   1.3743686523179222E-004   360.83969147838803     
   1.3864768635475142E-004   360.83968884079121     
   1.3986917483242169E-004   360.83968615651520     
   1.4110142464437967E-004   360.83968342473383     
   1.4234453059816366E-004   360.83968064460635     
   1.4359858833656807E-004   360.83967781527713     
   1.4486369434500181E-004   360.83967493587551     
   1.4613994595891200E-004   360.83967200551524     
   1.4742744137127270E-004   360.83966902329450     
   1.4872627964013970E-004   360.83966598829556     
   1.5003656069627192E-004   360.83966289958420     
   1.5135838535082011E-004   360.83965975621004     
   1.5269185530308277E-004   360.83965655720544     
   1.5403707314833116E-004   360.83965330158611     
   1.5539414238570245E-004   360.83964998834995     
   1.5676316742616311E-004   360.83964661647735     
   1.5814425360054189E-004   360.83964318493054     
   1.5953750716763399E-004   360.83963969265352     
   1.6094303532237646E-004   360.83963613857134     
   1.6236094620409542E-004   360.83963252159032     
   1.6379134890482646E-004   360.83962884059724     
   1.6523435347770771E-004   360.83962509445939     
   1.6669007094544751E-004   360.83962128202364     
   1.6815861330886592E-004   360.83961740211686     
   1.6964009355551230E-004   360.83961345354481     
   1.7113462566835822E-004   360.83960943509231     
   1.7264232463456714E-004   360.83960534552284     
   1.7416330645434133E-004   360.83960118357754     
   1.7569768814984694E-004   360.83959694797568     
   1.7724558777421732E-004   360.83959263741372     
   1.7880712442063594E-004   360.83958825056493     
   1.8038241823149927E-004   360.83958378607929     
   1.8197159040766033E-004   360.83957924258283     
   1.8357476321775369E-004   360.83957461867715     
   1.8519206000760271E-004   360.83956991293928     
   1.8682360520970955E-004   360.83956512392103     
   1.8846952435282879E-004   360.83956025014851     
   1.9012994407162554E-004   360.83955529012167     
   1.9180499211641841E-004   360.83955024231409     
   1.9349479736300855E-004   360.83954510517225     
   1.9519948982259504E-004   360.83953987711510     
   1.9691920065177790E-004   360.83953455653375     
   1.9865406216264901E-004   360.83952914179071     
   2.0040420783297197E-004   360.83952363121955     
   2.0216977231645190E-004   360.83951802312430     
   2.0395089145309520E-004   360.83951231577902     
   2.0574770227966115E-004   360.83950650742725     
   2.0756034304020510E-004   360.83950059628137     
   2.0938895319671502E-004   360.83949458052217     
   2.1123367343984126E-004   360.83948845829832     
   2.1309464569972122E-004   360.83948222772563     
   2.1497201315689925E-004   360.83947588688653     
   2.1686592025334272E-004   360.83946943382961     
   2.1877651270355521E-004   360.83946286656885     
   2.2070393750578754E-004   360.83945618308320     
   2.2264834295334759E-004   360.83944938131560     
   2.2460987864600989E-004   360.83944245917286     
   2.2658869550152546E-004   360.83943541452459     
   2.2858494576723329E-004   360.83942824520284     
   2.3059878303177404E-004   360.83942094900090     
   2.3263036223690692E-004   360.83941352367367     
   2.3467983968943062E-004   360.83940596693566     
   2.3674737307320944E-004   360.83939827646140     
   2.3883312146130521E-004   360.83939044988392     
   2.4093724532821612E-004   360.83938248479456     
   2.4305990656222335E-004   360.83937437874198     
   2.4520126847784685E-004   360.83936612923168     
   2.4736149582840988E-004   360.83935773372451     
   2.4954075481871564E-004   360.83934918963683     
   2.5173921311783432E-004   360.83934049433913     
   2.5395703987200340E-004   360.83933164515526     
   2.5619440571764173E-004   360.83932263936191     
   2.5845148279447788E-004   360.83931347418741     
   2.6072844475879436E-004   360.83930414681106     
   2.6302546679678846E-004   360.83929465436233     
   2.6534272563805085E-004   360.83928499391988     
   2.6768039956916287E-004   360.83927516251043     
   2.7003866844741380E-004   360.83926515710857     
   2.7241771371463855E-004   360.83925497463485     
   2.7481771841117789E-004   360.83924461195562     
   2.7723886718996075E-004   360.83923406588156     
   2.7968134633071199E-004   360.83922333316718     
   2.8214534375428359E-004   360.83921241050928     
   2.8463104903711365E-004   360.83920129454634     
   2.8713865342581193E-004   360.83918998185743     
   2.8966834985187401E-004   360.83917846896071     
   2.9222033294652516E-004   360.83916675231330     
   2.9479479905569522E-004   360.83915482830912     
   2.9739194625512497E-004   360.83914269327852     
   3.0001197436560571E-004   360.83913034348677     
   3.0265508496835351E-004   360.83911777513327     
   3.0532148142051825E-004   360.83910498434989     
   3.0801136887082978E-004   360.83909196720015     
   3.1072495427538187E-004   360.83907871967801     
   3.1346244641355481E-004   360.83906523770639     
   3.1622405590407893E-004   360.83905151713600     
   3.1900999522123906E-004   360.83903755374433     
   3.2182047871122220E-004   360.83902334323398     
   3.2465572260860883E-004   360.83900888123168     
   3.2751594505300982E-004   360.83899416328649     
   3.3040136610584971E-004   360.83897918486900     
   3.3331220776729788E-004   360.83896394136923     
   3.3624869399334910E-004   360.83894842809605     
   3.3921105071305405E-004   360.83893264027500     
   3.4219950584590255E-004   360.83891657304758     
   3.4521428931935861E-004   360.83890022146869     
   3.4825563308655145E-004   360.83888358050604     
   3.5132377114412101E-004   360.83886664503819     
   3.5441893955022192E-004   360.83884940985331     
   3.5754137644268492E-004   360.83883186964698     
   3.6069132205733914E-004   360.83881401902119     
   3.6386901874649558E-004   360.83879585248218     
   3.6707471099759316E-004   360.83877736443907     
   3.7030864545200919E-004   360.83875854920211     
   3.7357107092403596E-004   360.83873940098067     
   3.7686223842002358E-004   360.83871991388179     
   3.8018240115769274E-004   360.83870008190814     
   3.8353181458561624E-004   360.83867989895640     
   3.8691073640287349E-004   360.83865935881505     
   3.9031942657887674E-004   360.83863845516271     
   3.9375814737337362E-004   360.83861718156606     
   3.9722716335662434E-004   360.83859553147818     
   4.0072674142975772E-004   360.83857349823597     
   4.0425715084530602E-004   360.83855107505855     
   4.0781866322792088E-004   360.83852825504505     
   4.1141155259527182E-004   360.83850503117253     
   4.1503609537912867E-004   360.83848139629367     
   4.1869257044662973E-004   360.83845734313468     
   4.2238125912173784E-004   360.83843286429288     
   4.2610244520688436E-004   360.83840795223489     
   4.2985641500480515E-004   360.83838259929394     
   4.3364345734056808E-004   360.83835679766736     
   4.3746386358379456E-004   360.83833053941464     
   4.4131792767107759E-004   360.83830381645453     
   4.4520594612859626E-004   360.83827662056302     
   4.4912821809493071E-004   360.83824894337027     
   4.5308504534407674E-004   360.83822077635853     
   4.5707673230866439E-004   360.83819211085921     
   4.6110358610338033E-004   360.83816293805035     
   4.6516591654859670E-004   360.83813324895397     
   4.6926403619420854E-004   360.83810303443289     
   4.7339826034368084E-004   360.83807228518833     
   4.7756890707830726E-004   360.83804099175740     
   4.8177629728168327E-004   360.83800914450910     
   4.8602075466439422E-004   360.83797673364245     
   4.9030260578892127E-004   360.83794374918261     
   4.9462218009476647E-004   360.83791018097861     
   4.9897980992379977E-004   360.83787601869966     
   5.0337583054582821E-004   360.83784125183212     
   5.0781058018439188E-004   360.83780586967623     
   5.1228440004278601E-004   360.83776986134313     
   5.1679763433031261E-004   360.83773321575092     
   5.2135063028876331E-004   360.83769592162190     
   5.2594373821913617E-004   360.83765796747849     
   5.3057731150858679E-004   360.83761934164022     
   5.3525170665761766E-004   360.83758003221993     
   5.3996728330750682E-004   360.83754002711970     
   5.4472440426797815E-004   360.83749931402804     
   5.4952343554511506E-004   360.83745788041523     
   5.5436474636952142E-004   360.83741571352988     
   5.5924870922472814E-004   360.83737280039509     
   5.6417569987585311E-004   360.83732912780408     
   5.6914609739851111E-004   360.83728468231652     
   5.7416028420797941E-004   360.83723945025412     
   5.7921864608862026E-004   360.83719341769665     
   5.8432157222356319E-004   360.83714657047733     
   5.8946945522464706E-004   360.83709889417884     
   5.9466269116262868E-004   360.83705037412858     
   5.9990167959765377E-004   360.83700099539453     
   6.0518682361000069E-004   360.83695074278018     
   6.1051852983109165E-004   360.83689960082006     
   6.1589720847477836E-004   360.83684755377527     
   6.2132327336890370E-004   360.83679458562813     
   6.2679714198714102E-004   360.83674068007747     
   6.3231923548111378E-004   360.83668582053394     
   6.3788997871279830E-004   360.83662999011449     
   6.4350980028721227E-004   360.83657317163687     
   6.4917913258539085E-004   360.83651534761549     
   6.5489841179765349E-004   360.83645650025454     
   6.6066807795716362E-004   360.83639661144400     
   6.6648857497378464E-004   360.83633566275290     
   6.7236035066823316E-004   360.83627363542416     
   6.7828385680653404E-004   360.83621051036897     
   6.8425954913477844E-004   360.83614626816046     
   6.9028788741418851E-004   360.83608088902804     
   6.9636933545649034E-004   360.83601435285135     
   7.0250436115959936E-004   360.83594663915392     
   7.0869343654361976E-004   360.83587772709666     
   7.1493703778716046E-004   360.83580759547215     
   7.2123564526397255E-004   360.83573622269716     
   7.2758974357990767E-004   360.83566358680707     
   7.3399982161020331E-004   360.83558966544797     
   7.4046637253709629E-004   360.83551443587078     
   7.4698989388776739E-004   360.83543787492374     
   7.5357088757261996E-004   360.83535995904532     
   7.6020985992389682E-004   360.83528066425697     
   7.6690732173463659E-004   360.83519996615576     
   7.7366378829797297E-004   360.83511783990730     
   7.8047977944678104E-004   360.83503426023719     
   7.8735581959367244E-004   360.83494920142408     
   7.9429243777134277E-004   360.83486263729139     
   8.0129016767327465E-004   360.83477454119929     
   8.0834954769479943E-004   360.83468488603648     
   8.1547112097452078E-004   360.83459364421174     
   8.2265543543610215E-004   360.83450078764599     
   8.2990304383042399E-004   360.83440628776282     
   8.3721450377811175E-004   360.83431011548026     
   8.4459037781243779E-004   360.83421224120190     
   8.5203123342260227E-004   360.83411263480730     
   8.5953764309739473E-004   360.83401126564303     
   8.6711018436924083E-004   360.83390810251331     
   8.7474943985863668E-004   360.83380311367034     
   8.8245599731897489E-004   360.83369626680434     
   8.9023044968176556E-004   360.83358752903371     
   8.9807339510225527E-004   360.83347686689535     
   9.0598543700544864E-004   360.83336424633353     
   9.1396718413253508E-004   360.83324963269013     
   9.2201925058772391E-004   360.83313299069368     
   9.3014225588549304E-004   360.83301428444850     
   9.3833682499825353E-004   360.83289347742362     
   9.4660358840443419E-004   360.83277053244166     
   9.5494318213698917E-004   360.83264541166739     
   9.6335624783233426E-004   360.83251807659610     
   9.7184343277971247E-004   360.83238848804132     
   9.8040538997099642E-004   360.83225660612368     
   9.8904277815092790E-004   360.83212239025772     
   9.9775626186780178E-004   360.83198579913994     
   1.0065465115245938E-003   360.83184679073588     
   1.0154142034305422E-003   360.83170532226711     
   1.0243600198531805E-003   360.83156135019851     
   1.0333846490708312E-003   360.83141483022428     
   1.0424887854255599E-003   360.83126571725455     
   1.0516731293765988E-003   360.83111396540193     
   1.0609383875542370E-003   360.83095952796657     
   1.0702852728141879E-003   360.83080235742256     
   1.0797145042924377E-003   360.83064240540261     
   1.0892268074605713E-003   360.83047962268392     
   1.0988229141815908E-003   360.83031395917254     
   1.1085035627662247E-003   360.83014536388794     
   1.1182694980297308E-003   360.82997378494753     
   1.1281214713492020E-003   360.82979916955065     
   1.1380602407213766E-003   360.82962146396233     
   1.1480865708209569E-003   360.82944061349656     
   1.1582012330594422E-003   360.82925656249984     
   1.1684050056444805E-003   360.82906925433389     
   1.1786986736397422E-003   360.82887863135778     
   1.1890830290253221E-003   360.82868463491121     
   1.1995588707586736E-003   360.82848720529529     
   1.2101270048360774E-003   360.82828628175514     
   1.2207882443546572E-003   360.82808180246059     
   1.2315434095749342E-003   360.82787370448744     
   1.2423933279839404E-003   360.82766192379802     
   1.2533388343588818E-003   360.82744639522156     
   1.2643807708313658E-003   360.82722705243395     
   1.2755199869521939E-003   360.82700382793763     
   1.2867573397567244E-003   360.82677665304050     
   1.2980936938308118E-003   360.82654545783521     
   1.3095299213773267E-003   360.82631017117694     
   1.3210669022832619E-003   360.82607072066264     
   1.3327055241874294E-003   360.82582703260755     
   1.3444466825487545E-003   360.82557903202314     
   1.3562912807151704E-003   360.82532664259412     
   1.3682402299931217E-003   360.82506978665509     
   1.3802944497176780E-003   360.82480838516568     
   1.3924548673232659E-003   360.82454235768756     
   1.4047224184150261E-003   360.82427162235888     
   1.4170980468407959E-003   360.82399609586923     
   1.4295827047637281E-003   360.82371569343411     
   1.4421773527355493E-003   360.82343032876872     
   1.4548829597704632E-003   360.82313991406164     
   1.4677005034197054E-003   360.82284435994779     
   1.4806309698467534E-003   360.82254357548061     
   1.4936753539032030E-003   360.82223746810439     
   1.5068346592053093E-003   360.82192594362579     
   1.5201098982112029E-003   360.82160890618496     
   1.5335020922987881E-003   360.82128625822531     
   1.5470122718443267E-003   360.82095790046503     
   1.5606414763017120E-003   360.82062373186483     
   1.5743907542824444E-003   360.82028364959797     
   1.5882611636363088E-003   360.81993754901845     
   1.6022537715327653E-003   360.81958532362847     
   1.6163696545430548E-003   360.81922686504606     
   1.6306098987230297E-003   360.81886206297145     
   1.6449755996967119E-003   360.81849080515349     
   1.6594678627405910E-003   360.81811297735487     
   1.6740878028686597E-003   360.81772846331694     
   1.6888365449182045E-003   360.81733714472415     
   1.7037152236363462E-003   360.81693890116759     
   1.7187249837673482E-003   360.81653361010808     
   1.7338669801406897E-003   360.81612114683810     
   1.7491423777599173E-003   360.81570138444380     
   1.7645523518922789E-003   360.81527419376607     
   1.7800980881591470E-003   360.81483944336026     
   1.7957807826272378E-003   360.81439699945668     
   1.8116016419006367E-003   360.81394672591830     
   1.8275618832136308E-003   360.81348848419981     
   1.8436627345243626E-003   360.81302213330491     
   1.8599054346093065E-003   360.81254752974235     
   1.8762912331585781E-003   360.81206452748251     
   1.8928213908720856E-003   360.81157297791214     
   1.9094971795565235E-003   360.81107272978863     
   1.9263198822232254E-003   360.81056362919378     
   1.9432907931868774E-003   360.81004551948638     
   1.9604112181650988E-003   360.80951824125361     
   1.9776824743789035E-003   360.80898163226277     
   1.9951058906540462E-003   360.80843552741101     
   2.0126828075232579E-003   360.80787975867440     
   2.0304145773293860E-003   360.80731415505659     
   2.0483025643294418E-003   360.80673854253621     
   2.0663481447995634E-003   360.80615274401322     
   2.0845527071409061E-003   360.80555657925436     
   2.1029176519864624E-003   360.80494986483831     
   2.1214443923088253E-003   360.80433241409861     
   2.1401343535289003E-003   360.80370403706667     
   2.1589889736255757E-003   360.80306454041335     
   2.1780097032463581E-003   360.80241372738942     
   2.1971980058189838E-003   360.80175139776526     
   2.2165553576640115E-003   360.80107734776914     
   2.2360832481084099E-003   360.80039137002456     
   2.2557831796001428E-003   360.79969325348674     
   2.2756566678237677E-003   360.79898278337765     
   2.2957052418170472E-003   360.79825974111981     
   2.3159304440885935E-003   360.79752390426944     
   2.3363338307365459E-003   360.79677504644798     
   2.3569169715682943E-003   360.79601293727222     
   2.3776814502212587E-003   360.79523734228411     
   2.3986288642847322E-003   360.79444802287821     
   2.4197608254227965E-003   360.79364473622837     
   2.4410789594983208E-003   360.79282723521362     
   2.4625849066980546E-003   360.79199526834157     
   2.4842803216588200E-003   360.79114857967153     
   2.5061668735948182E-003   360.79028690873605     
   2.5282462464260554E-003   360.78940999046029     
   2.5505201389079018E-003   360.78851755508117     
   2.5729902647617922E-003   360.78760932806421     
   2.5956583528070750E-003   360.78668503001899     
   2.6185261470940279E-003   360.78574437661399     
   2.6415954070380405E-003   360.78478707848848     
   2.6648679075549817E-003   360.78381284116426     
   2.6883454391977602E-003   360.78282136495449     
   2.7120298082940852E-003   360.78181234487249     
   2.7359228370854452E-003   360.78078547053735     
   2.7600263638673061E-003   360.77974042607917     
   2.7843422431305491E-003   360.77867689004137     
   2.8088723457041502E-003   360.77759453528256     
   2.8336185588991218E-003   360.77649302887596     
   2.8585827866537189E-003   360.77537203200694     
   2.8837669496799231E-003   360.77423119986906     
   2.9091729856112226E-003   360.77307018155830     
   2.9348028491516889E-003   360.77188861996518     
   2.9606585122263713E-003   360.77068615166519     
   2.9867419641330102E-003   360.76946240680718     
   3.0130552116950939E-003   360.76821700899967     
   3.0396002794162605E-003   360.76694957519589     
   3.0663792096360578E-003   360.76565971557511     
   3.0933940626870823E-003   360.76434703342386     
   3.1206469170534934E-003   360.76301112501386     
   3.1481398695309324E-003   360.76165157947821     
   3.1758750353878466E-003   360.76026797868496     
   3.2038545485282327E-003   360.75885989710923     
   3.2320805616558191E-003   360.75742690170216     
   3.2605552464396908E-003   360.75596855175820     
   3.2892807936813731E-003   360.75448439877999     
   3.3182594134833921E-003   360.75297398634058     
   3.3474933354193130E-003   360.75143684994345     
   3.3769848087052833E-003   360.74987251687986     
   3.4067361023730814E-003   360.74828050608392     
   3.4367495054446967E-003   360.74666032798507     
   3.4670273271084394E-003   360.74501148435752     
   3.4975718968966083E-003   360.74333346816803     
   3.5283855648647225E-003   360.74162576341973     
   3.5594707017723294E-003   360.73988784499437     
   3.5908296992654075E-003   360.73811917849082     
   3.6224649700603798E-003   360.73631922006166     
   3.6543789481297390E-003   360.73448741624577     
   3.6865740888893184E-003   360.73262320379905     
   3.7190528693872072E-003   360.73072600952185     
   3.7518177884943286E-003   360.72879525008267     
   3.7848713670967033E-003   360.72683033183966     
   3.8182161482893991E-003   360.72483065065870     
   3.8518546975721958E-003   360.72279559172790     
   3.8857896030469697E-003   360.72072452936942     
   3.9200234756168175E-003   360.71861682684755     
   3.9545589491869378E-003   360.71647183617358     
   3.9893986808672791E-003   360.71428889790707     
   4.0245453511769738E-003   360.71206734095404     
   4.0600016642505718E-003   360.70980648236127     
   4.0957703480460957E-003   360.70750562710674     
   4.1318541545549269E-003   360.70516406788693     
   4.1682558600135327E-003   360.70278108490038     
   4.2049782651170757E-003   360.70035594562654     
   4.2420241952348869E-003   360.69788790460211     
   4.2793965006278530E-003   360.69537620319221     
   4.3170980566677045E-003   360.69282006935822     
   4.3551317640582463E-003   360.69021871742154     
   4.3935005490585355E-003   360.68757134782277     
   4.4322073637080173E-003   360.68487714687677     
   4.4712551860536598E-003   360.68213528652416     
   4.5106470203790721E-003   360.67934492407704     
   4.5503858974356515E-003   360.67650520196190     
   4.5904748746757717E-003   360.67361524745633     
   4.6309170364880097E-003   360.67067417242265     
   4.6717154944344603E-003   360.66768107303557     
   4.7128733874901331E-003   360.66463502950614     
   4.7543938822844616E-003   360.66153510580006     
   4.7962801733449356E-003   360.65838034935132     
   4.8385354833428897E-003   360.65516979077108     
   4.8811630633414475E-003   360.65190244355108     
   4.9241661930456522E-003   360.64857730376178     
   4.9675481810548061E-003   360.64519334974574     
   5.0113123651170256E-003   360.64174954180510     
   5.0554621123860485E-003   360.63824482188363     
   5.1000008196802910E-003   360.63467811324358     
   5.1449319137441977E-003   360.63104832013641     
   5.1902588515118919E-003   360.62735432746808     
   5.2359851203731432E-003   360.62359500045818     
   5.2821142384416875E-003   360.61976918429349     
   5.3286497548258992E-003   360.61587570377509     
   5.3755952499018591E-003   360.61191336295929     
   5.4229543355888248E-003   360.60788094479267     
   5.4707306556271195E-003   360.60377721074036     
   5.5189278858584845E-003   360.59960090040801     
   5.5675497345088875E-003   360.59535073115677     
   5.6165999424738306E-003   360.59102539771203     
   5.6660822836061692E-003   360.58662357176530     
   5.7160005650064658E-003   360.58214390156849     
   5.7663586273159050E-003   360.57758501152188     
   5.8171603450117839E-003   360.57294550175425     
   5.8684096267056134E-003   360.56822394769614     
   5.9201104154438340E-003   360.56341889964568     
   5.9722666890111974E-003   360.55852888232607     
   6.0248824602368032E-003   360.55355239443639     
   6.0779617773028443E-003   360.54848790819364     
   6.1315087240560702E-003   360.54333386886759     
   6.1855274203219844E-003   360.53808869430685     
   6.2400220222218307E-003   360.53275077445699     
   6.2949967224923435E-003   360.52731847087011     
   6.3504557508083474E-003   360.52179011620632     
   6.4064033741081669E-003   360.51616401372570     
   6.4628438969219319E-003   360.51043843677195     
   6.5197816617027522E-003   360.50461162824701     
   6.5772210491608241E-003   360.49868180007650     
   6.6351664786004757E-003   360.49264713266581     
   6.6936224082601841E-003   360.48650577434637     
   6.7525933356555766E-003   360.48025584081313     
   6.8120837979254766E-003   360.47389541455129     
   6.8720983721809762E-003   360.46742254425368     
   6.9326416758575893E-003   360.46083524422806     
   6.9937183670705219E-003   360.45413149379317     
   7.0553331449730514E-003   360.44730923666583     
   7.1174907501180750E-003   360.44036638033589     
   7.1801959648228426E-003   360.43330079543148     
   7.2434536135368996E-003   360.42611031507215     
   7.3072685632132759E-003   360.41879273421182     
   7.3716457236829369E-003   360.41134580896983     
   7.4365900480325474E-003   360.40376725595007     
   7.5021065329855452E-003   360.39605475154912     
   7.5682002192865912E-003   360.38820593125138     
   7.6348761920893883E-003   360.38021838891297     
   7.7021395813479327E-003   360.37208967603272     
   7.7699955622112021E-003   360.36381730101044     
   7.8384493554213251E-003   360.35539872839229     
   7.9075062277152545E-003   360.34683137810390     
   7.9771714922299928E-003   360.33811262466924     
   8.0474505089113604E-003   360.32923979641623     
   8.1183486849263995E-003   360.32021017466928     
   8.1898714750793800E-003   360.31102099292673     
   8.2620243822314927E-003   360.30166943602524     
   8.3348129577242337E-003   360.29215263928916     
   8.4082428018065047E-003   360.28246768766473     
   8.4823195640654995E-003   360.27261161484103     
   8.5570489438613704E-003   360.26258140235353     
   8.6324366907657313E-003   360.25237397867392     
   8.7084886050040177E-003   360.24198621828378     
   8.7852105379017508E-003   360.23141494073201     
   8.8626083923347299E-003   360.22065690967611     
   8.9406881231831898E-003   360.20970883190745     
   9.0194557377899619E-003   360.19856735635938     
   9.0989172964226692E-003   360.18722907309808     
   9.1790789127400001E-003   360.17569051229685     
   9.2599467542620710E-003   360.16394814319199     
   9.3415270428449659E-003   360.15199837302129     
   9.4238260551594202E-003   360.13983754594426     
   9.5068501231737497E-003   360.12746194194369     
   9.5906056346410119E-003   360.11486777570815     
   9.6750990335904858E-003   360.10205119549659     
   9.7603368208234540E-003   360.08900828198193     
   9.8463255544133672E-003   360.07573504707574     
   9.9330718502104193E-003   360.06222743273327     
   1.0020582382350556E-002   360.04848130973670     
   1.0108863883768970E-002   360.03449247645966     
   1.0197923146718132E-002   360.02025665760829     
   1.0287767023290373E-002   360.00576950294322     
   1.0378402425945073E-002   359.99102658597832     
   1.0469836328040494E-002   359.97602340265740     
   1.0562075764370309E-002   359.96075537000945     
   1.0655127831704836E-002   359.94521782477972     
   1.0748999689337064E-002   359.92940602203885     
   1.0843698559633479E-002   359.91331513376724     
   1.0939231728589731E-002   359.89694024741652     
   1.1035606546391220E-002   359.88027636444576     
   1.1132830427978607E-002   359.86331839883371     
   1.1230910853618301E-002   359.84606117556518     
   1.1329855369477988E-002   359.82849942909274     
   1.1429671588207221E-002   359.81062780177149     
   1.1530367189523124E-002   359.79244084226821     
   1.1631949920801259E-002   359.77393300394357     
   1.1734427597671699E-002   359.75509864320679     
   1.1837808104620351E-002   359.73593201784325     
   1.1942099395595578E-002   359.71642728531327     
   1.2047309494620163E-002   359.69657850102340     
   1.2153446496408666E-002   359.67637961656732     
   1.2260518566990222E-002   359.65582447793923     
   1.2368533944336816E-002   359.63490682371520     
   1.2477500938997115E-002   359.61362028320610     
   1.2587427934735856E-002   359.59195837457816     
   1.2698323389178885E-002   359.56991450294379     
   1.2810195834463878E-002   359.54748195841876     
   1.2923053877896790E-002   359.52465391414910     
   1.3036906202614086E-002   359.50142342430360     
   1.3151761568250812E-002   359.47778342203389     
   1.3267628811614548E-002   359.45372671740051     
   1.3384516847365300E-002   359.42924599526469     
   1.3502434668701380E-002   359.40433381314574     
   1.3621391348051327E-002   359.37898259904171     
   1.3741396037771934E-002   359.35318464921625     
   1.3862457970852414E-002   359.32693212594705     
   1.3984586461624770E-002   359.30021705523882     
   1.4107790906480426E-002   359.27303132449759     
   1.4232080784593178E-002   359.24536668016805     
   1.4357465658648505E-002   359.21721472533085     
   1.4483955175579306E-002   359.18856691726222     
   1.4611559067308122E-002   359.15941456495278     
   1.4740287151495904E-002   359.12974882658608     
   1.4870149332297352E-002   359.09956070697621     
   1.5001155601122947E-002   359.06884105496459     
   1.5133316037407665E-002   359.03758056077322     
   1.5266640809386469E-002   359.00576975331614     
   1.5401140174876654E-002   358.97339899746726     
   1.5536824482067054E-002   358.94045849128395     
   1.5673704170314225E-002   358.90693826318665     
   1.5811789770945637E-002   358.87282816909203     
   1.5951091908069925E-002   358.83811788950135     
   1.6091621299394305E-002   358.80279692654182     
   1.6233388757049178E-002   358.76685460096064     
   1.6376405188420002E-002   358.73028004907127     
   1.6520681596986476E-002   358.69306221965149     
   1.6666229083169153E-002   358.65518987079167     
   1.6813058845183474E-002   358.61665156669380     
   1.6961182179901349E-002   358.57743567441946     
   1.7110610483720323E-002   358.53753036058714     
   1.7261355253440400E-002   358.49692358801695     
   1.7413428087148582E-002   358.45560311232379     
   1.7566840685111221E-002   358.41355647845558     
   1.7721604850674217E-002   358.37077101717989     
   1.7877732491171132E-002   358.32723384151353     
   1.8035235618839362E-002   358.28293184309814     
   1.8194126351744302E-002   358.23785168851970     
   1.8354416914711714E-002   358.19197981557028     
   1.8516119640268291E-002   358.14530242945352     
   1.8679246969590488E-002   358.09780549893105     
   1.8843811453461732E-002   358.04947475241028     
   1.9009825753238081E-002   358.00029567397246     
   1.9177302641822339E-002   357.95025349934031     
   1.9346255004646807E-002   357.89933321178495     
   1.9516695840664674E-002   357.84751953797041     
   1.9688638263350114E-002   357.79479694373606     
   1.9862095501707241E-002   357.74114962981548     
   2.0037080901287915E-002   357.68656152749156     
   2.0213607925218532E-002   357.63101629418708     
   2.0391690155235870E-002   357.57449730898895     
   2.0571341292732036E-002   357.51698766810728     
   2.0752575159808634E-002   357.45847018026780     
   2.0935405700340214E-002   357.39892736203512     
   2.1119846981047109E-002   357.33834143306956     
   2.1305913192577686E-002   357.27669431131369     
   2.1493618650600170E-002   357.21396760811001     
   2.1682977796904073E-002   357.15014262324735     
   2.1874005200511307E-002   357.08520033993767     
   2.2066715558797127E-002   357.01912141971911     
   2.2261123698620908E-002   356.95188619728833     
   2.2457244577466902E-002   356.88347467525881     
   2.2655093284595067E-002   356.81386651884566     
   2.2854685042201988E-002   356.74304105047622     
   2.3056035206592062E-002   356.67097724432512     
   2.3259159269358991E-002   356.59765372077413     
   2.3464072858577684E-002   356.52304874079584     
   2.3670791740006650E-002   356.44714020025953     
   2.3879331818301004E-002   356.36990562416071     
   2.4089709138236135E-002   356.29132216077232     
   2.4301939885942193E-002   356.21136657571680     
   2.4516040390149391E-002   356.13001524595961     
   2.4732027123444345E-002   356.04724415372300     
   2.4949916703537439E-002   355.96302888031977     
   2.5169725894541365E-002   355.87734459990600     
   2.5391471608260933E-002   355.79016607315361     
   2.5615170905494242E-002   355.70146764084029     
   2.5840840997345321E-002   355.61122321735883     
   2.6068499246548301E-002   355.51940628414337     
   2.6298163168803311E-002   355.42598988301353     
   2.6529850434124095E-002   355.33094660943573     
   2.6763578868197510E-002   355.23424860570088     
   2.6999366453755023E-002   355.13586755401968     
   2.7237231331956279E-002   355.03577466953317     
   2.7477191803784839E-002   354.93394069324086     
   2.7719266331456240E-002   354.83033588484392     
   2.7963473539838458E-002   354.72493001550532     
   2.8209832217884871E-002   354.61769236052544     
   2.8458361320079853E-002   354.50859169193416     
   2.8709079967897112E-002   354.39759627099914     
   2.8962007451270862E-002   354.28467384064982     
   2.9217163230079973E-002   354.16979161781876     
   2.9474566935645170E-002   354.05291628569910     
   2.9734238372239447E-002   353.93401398591897     
   2.9996197518611795E-002   353.81305031063346     
   3.0260464529524307E-002   353.68999029453454     
   3.0527059737302888E-002   353.56479840677883     
   3.0796003653401561E-002   353.43743854283451     
   3.1067316969980621E-002   353.30787401624764     
   3.1341020561498657E-002   353.17606755032830     
   3.1617135486318573E-002   353.04198126975848     
   3.1895682988327817E-002   352.90557669212114     
   3.2176684498572861E-002   352.76681471935274     
   3.2460161636908035E-002   352.62565562911897     
   3.2746136213658981E-002   352.48205906611616     
   3.3034630231300655E-002   352.33598403329927     
   3.3325665886150220E-002   352.18738888303653     
   3.3619265570074740E-002   352.03623130819449     
   3.3915451872214036E-002   351.88246833315338     
   3.4214247580718629E-002   351.72605630475533     
   3.4515675684503019E-002   351.56695088318617     
   3.4819759375014456E-002   351.40510703279449     
   3.5126522048017209E-002   351.24047901284905     
   3.5435987305392651E-002   351.07302036823631     
   3.5748178956955139E-002   350.90268392010177     
   3.6063121022283873E-002   350.72942175643664     
   3.6380837732570961E-002   350.55318522261251     
   3.6701353532485742E-002   350.37392491186824     
   3.7024693082055506E-002   350.19159065574985     
   3.7350881258562771E-002   350.00613151450875     
   3.7679943158459392E-002   349.81749576746040     
   3.8011904099297347E-002   349.62563090330741     
   3.8346789621676695E-002   349.43048361043054     
   3.8684625491210614E-002   349.23199976715262     
   3.9025437700507780E-002   349.03012443197764     
   3.9369252471172185E-002   348.82480183381119     
   3.9716096255820593E-002   348.61597536216635     
   4.0065995740117800E-002   348.40358755735895     
   4.0418977844829729E-002   348.18758010069865     
   4.0775069727894735E-002   347.96789380468056     
   4.1134298786513049E-002   347.74446860318250     
   4.1496692659254729E-002   347.51724354167482     
   4.1862279228186083E-002   347.28615676744772     
   4.2231086621014907E-002   347.05114551986372     
   4.2603143213254584E-002   346.81214612064042     
   4.2978477630407255E-002   346.56909396417262     
   4.3357118750166207E-002   346.32192350789933     
   4.3739095704637722E-002   346.07056826272333     
   4.4124437882582412E-002   345.81496078349289     
   4.4513174931676378E-002   345.55503265955281     
   4.4905336760792253E-002   345.29071450537253     
   4.5300953542300355E-002   345.02193595126244     
   4.5700055714390071E-002   344.74862563418623     
   4.6102673983411793E-002   344.47071118867973     
   4.6508839326239358E-002   344.18811923788553     
   4.6918582992653390E-002   343.90077538471621     
   4.7331936507745635E-002   343.60860420315396     
   4.7748931674344394E-002   343.31152922970080     
   4.8169600575461456E-002   343.00947295498997     
   4.8593975576760477E-002   342.70235681557136     
   4.9022089329047190E-002   342.39010118588294     
   4.9453974770781443E-002   342.07262537042322     
   4.9889665130611487E-002   341.74984759613687     
   5.0329193929930550E-002   341.42168500502822     
   5.0772594985455888E-002   341.08805364701868     
   5.1219902411830609E-002   340.74886847306169     
   5.1671150624248423E-002   340.40404332853302     
   5.2126374341101463E-002   340.05349094691098     
   5.2585608586651490E-002   339.69712294376563     
   5.3048888693724643E-002   339.33484981107296     
   5.3516250306429813E-002   338.96658091187430     
   5.3987729382901119E-002   338.59222447529771     
   5.4463362198064462E-002   338.21168759196240     
   5.4943185346428433E-002   337.82487620978719     
   5.5427235744899904E-002   337.43169513022139     
   5.5915550635624284E-002   337.03204800492222     
   5.6408167588850942E-002   336.62583733290012     
   5.6905124505823787E-002   336.21296445815460     
   5.7406459621697312E-002   335.79332956782611     
   5.7912211508478389E-002   335.36683169088553     
   5.8422419077993920E-002   334.93336869739028     
   5.8937121584884671E-002   334.49283729832996     
   5.9456358629625457E-002   334.04513304609060     
   5.9980170161571950E-002   333.59015033556364     
   6.0508596482034313E-002   333.12778240593002     
   6.1041678247377974E-002   332.65792134314677     
   6.1579456472151600E-002   332.18045808316788     
   6.2121972532242727E-002   331.69528241592957     
   6.2669268168061204E-002   331.20228299013314     
   6.3221385487750539E-002   330.70134731885662     
   6.3778366970427783E-002   330.19236178603074     
   6.4340255469451643E-002   329.67521165381299     
   6.4907094215719718E-002   329.14978107089530     
   6.5478926820994515E-002   328.61595308178266     
   6.6055797281258904E-002   328.07360963707958     
   6.6637749980101149E-002   327.52263160482340     
   6.7224829692129659E-002   326.96289878290332     
   6.7817081586417888E-002   326.39428991260650     
   6.8414551229979637E-002   325.81668269333142     
   6.9017284591274847E-002   325.22995379851227     
   6.9625328043746354E-002   324.63397889279690     
   7.0238728369387882E-002   324.02863265052275     
   7.0857532762343259E-002   323.41378877553649     
   7.1481788832537529E-002   322.78932002240407     
   7.2111544609340023E-002   322.15509821905704     
   7.2746848545259576E-002   321.51099429092596     
   7.3387749519672502E-002   320.85687828660718     
   7.4034296842583253E-002   320.19261940511632     
   7.4686540258418185E-002   319.51808602477763     
   7.5344529949853009E-002   318.83314573380198     
   7.6008316541673573E-002   318.13766536260721     
   7.6677951104671002E-002   317.43151101793364     
   7.7353485159570939E-002   316.71454811881136     
   7.8034970680997504E-002   315.98664143443347     
   7.8722460101472130E-002   315.24765512399256     
   7.9416006315447651E-002   314.49745277853845     
   8.0115662683377983E-002   313.73589746491422     
   8.0821483035823483E-002   312.96285177183057     
   8.1533521677592702E-002   312.17817785813759     
   8.2251833391920465E-002   311.38173750335443     
   8.2976473444682813E-002   310.57339216051764     
   8.3707497588649135E-002   309.75300301140953     
   8.4444962067771620E-002   308.92043102422952     
   8.5188923621512702E-002   308.07553701376895     
   8.5939439489210359E-002   307.21818170415406     
   8.6696567414482201E-002   306.34822579421871     
   8.7460365649667984E-002   305.46553002557090     
   8.8230892960311696E-002   304.56995525341591     
   8.9008208629682645E-002   303.66136252020016     
   8.9792372463336864E-002   302.73961313213721     
   9.0583444793718271E-002   301.80456873868246     
   9.1381486484800656E-002   300.85609141501476     
   9.2186558936770510E-002   299.89404374759187     
   9.2998724090750925E-002   298.91828892283826     
   9.3818044433567407E-002   297.92869081902802     
   9.4644583002555474E-002   296.92511410142299     
   9.5478403390410541E-002   295.90742432072545     
   9.6319569750080880E-002   294.87548801490306     
   9.7168146799703245E-002   293.82917281444452     
   9.8024199827582287E-002   292.76834755109923     
   9.8887794697213788E-002   291.69288237015661     
   9.9758997852351969E-002   290.60264884631658     
  0.10063787632212172        289.49752010320015     
  0.10152449772617564        288.37737093654874     
  0.10241893027989661        287.24207794115739     
  0.10332124279964622        286.09151964158309     
  0.10423150470805934        284.92557662666820     
  0.10514978603938546        283.74413168791551     
  0.10607615744487701        282.54706996174633     
  0.10701069019822515        281.33427907567125     
  0.10795345620104345        280.10564929839728     
  0.10890452798839995        278.86107369389208     
  0.10986397873439785        277.60044827942022     
  0.11083188225780546        276.32367218756281     
  0.11180831302773571        275.03064783222288     
  0.11279334616937566        273.72128107861869     
  0.11378705746976653        272.39548141725533     
  0.11478952338363470        271.05316214186280     
  0.11580082103927399        269.69424053127818     
  0.11682102824447978        268.31863803524595     
  0.11785022349253546        266.92628046409948     
  0.11888848596825158        265.51709818228005     
  0.11993589555405824        264.09102630564115     
  0.12099253283615111        262.64800490247734     
  0.12205847911069154        261.18797919820491     
  0.12313381639006157        259.71089978361425     
  0.12421862740917364        258.21672282660347     
  0.12531299563183618        256.70541028728883     
  0.12641700525717520        255.17693013637933     
  0.12753074122611247        253.63125657668942     
  0.12865428922790073        252.06837026765112     
  0.12978773570671645        250.48825855267512     
  0.13093116786831077        248.89091568919474     
  0.13208467368671906        247.27634308121526     
  0.13324834191102936        245.64454951417488     
  0.13442226207221070        243.99555139190878     
  0.13560652449000149        242.32937297549236     
  0.13680122027985858        240.64604662372452     
  0.13800644135996754        238.94561303499353     
  0.13922228045831467        237.22812149025282     
  0.14044883111982148        235.49363009681483     
  0.14168618771354180        233.74220603265476     
  0.14293444543992243        231.97392579089612     
  0.14419370033812773        230.18887542413222     
  0.14546404929342877        228.38715078821735     
  0.14674559004465743        226.56885778514334     
  0.14803842119172639        224.73411260459474     
  0.14934264220321530        222.88304196375896     
  0.15065835342402364        221.01578334494275     
  0.15198565608309117        219.13248523053016     
  0.15332465230118628        217.23330733479202     
  0.15467544509876319        215.31842083203796     
  0.15603813840388794        213.38800858058093     
  0.15741283706023473        211.44226534196062     
  0.15879964683515221        209.48139799485381     
  0.16019867442780128        207.50562574307486     
  0.16161002747736408        205.51518031705317     
  0.16303381457132601        203.51030616814688     
  0.16447014525382991        201.49126065514025     
  0.16591913003410441        199.45831422224231     
  0.16738088039496635        197.41175056789353     
  0.16885550880139810        195.35186680366166     
  0.17034312870920043        193.27897360249358     
  0.17184385457372156        191.19339533557076     
  0.17335780185866342        189.09547019699872     
  0.17488508704496503        186.98555031554844     
  0.17642582763976447        184.86400185264841     
  0.17798014218543973        182.73120508581874     
  0.17954815026872917        180.58755447672132     
  0.18112997252993235        178.43345872299597     
  0.18272573067219192        176.26934079303885     
  0.18433554747085729        174.09563794287766     
  0.18595954678293072        171.91280171429096     
  0.18759785355659692        169.72129791331821     
  0.18925059384083609        167.52160656830841     
  0.19091789479512219        165.31422186665625     
  0.19259988469920628        163.09965206938222     
  0.19429669296298616        160.87841940272131     
  0.19600845013646306        158.65105992589653     
  0.19773528791978603        156.41812337426879     
  0.19947733917338456        154.18017297707385     
  0.20123473792819085        151.93778524897812     
  0.20300761939595185        149.69154975471207     
  0.20479611997963237        147.44206884606967     
  0.20660037728390959        145.18995737059674     
  0.20842053012576031        142.93584235132846     
  0.21025671854514116        140.68036263698170     
  0.21210908381576327        138.42416852205147     
  0.21397776845596156        136.16792133631731     
  0.21586291623965984        133.91229300331915     
  0.21776467220743267        131.65796556742632     
  0.21968318267766460        129.40563068918846     
  0.22161859525780755        127.15598910873219     
  0.22357105885573764        124.90975007704118     
  0.22554072369121198        122.66763075504275     
  0.22752774130742615        120.43035558051035     
  0.22953226458267398        118.19865560288393     
  0.23155444774210965        115.97326778620977     
  0.23359444636961360        113.75493428050267     
  0.23565241741976281        111.54440166194257     
  0.23772851922990687        109.34242014242946     
  0.23982291153235002        107.14974274913929     
  0.24193575546664092        104.96712447484398     
  0.24406721359197028        102.79532139988498     
  0.24621744989967814        100.63508978682052     
  0.24838662982587104        98.487185148897822     
  0.25057492026415035        96.352361293640840     
  0.25278248957845295        94.231369342979676     
  0.25500950761600494        92.124956731491750     
  0.25725614572038935        90.033866184466376     
  0.25952257674472901        87.958834677647474     
  0.26180897506498568        85.900592380655013     
  0.26411551659337651        83.859861586228163     
  0.26644237879190813        81.837355627576699     
  0.26878974068603051        79.833777786268485     
  0.27115778287841086        77.849820193218648     
  0.27354668756282891        75.886162725481483     
  0.27595663853819485        73.943471901676290     
  0.27838782122269023        72.022399779004687     
  0.28084042266803411        70.123582854933360     
  0.28331463157387421        68.247640976730679     
  0.28581063830230546        66.395176262145839     
  0.28832863489251603        64.566772034614672     
  0.29086881507556267        62.762991776458207     
  0.29343137428927601        60.984378103611945     
  0.29601650969329724        59.231451765481957     
  0.29862442018424745        57.504710673568610     
  0.30125530641103032        55.804628962529435     
  0.30390937079026970        54.131656087365570     
  0.30658681752188344        52.486215960413482     
  0.30928785260479408        50.868706131803947     
  0.31201268385277825        49.279497017008808     
  0.31476152091045539        47.718931175038946     
  0.31753457526941781        46.187322640775676     
  0.32033206028450201        44.684956314819345     
  0.32315419119020455        43.212087414114706     
  0.32600118511724141        41.768940986471875     
  0.32887326110925397        40.355711491933178     
  0.33177064013966162        38.972562453750001     
  0.33469354512866356        37.619626181522023     
  0.33764220096038977        36.297003568820102     
  0.34061683450020297        35.004763967358933     
  0.34361767461215381        33.742945139510432     
  0.34664495217658908        32.511553290653936     
  0.34969890010791532        31.310563182543220     
  0.35277975337251899        30.139918328537487     
  0.35588774900684444        28.999531271193156     
  0.35902312613563109        27.889283942347443     
  0.36218612599031130        26.809028105445748     
  0.36537699192757067        25.758585879474239     
  0.36859596944807116        24.737750343458885     
  0.37184330621533984        23.746286220085565     
  0.37511925207482366        22.783930636584557     
  0.37842405907311205        21.850393960610056     
  0.38175798147732953        20.945360708434094     
  0.38512127579469796        20.068490522367959     
  0.38851420079227239        19.219419213923796     
  0.39193701751685001        18.397759868842520     
  0.39538998931505470        17.603104009738981     
  0.39887338185359850        16.835022811759547     
  0.40238746313972190        16.093068366311947     
  0.40593250354181371        15.376774987616448     
  0.40950877581021261        14.685660556543789     
  0.41311655509819267        14.019227895952957     
  0.41675611898313292        13.376966171523403     
  0.42042774748787382        12.758352311893711     
  0.42413172310226172        12.162852441775971     
  0.42786833080488346        11.589923321613743     
  0.43163785808499205        11.039013787293191     
  0.43544059496462567        10.509566183404491     
  0.43927683402092171        10.001017783583716     
  0.44314687040862694        9.5128021915466725     
  0.44705100188280655        9.0443507165540638     
  0.45098952882175308        8.5950937172239428     
  0.45496275425009680        8.1644619078299545     
  0.45897098386211999        7.7518876214931867     
  0.46301452604527704        7.3568060249885594     
  0.46709369190392092        6.9786562802426131     
  0.47120879528323922        6.6168826479944647     
  0.47536015279340105        6.2709355295238618     
  0.47954808383391656        5.9402724428149005     
  0.48377291061821082        5.6243589300178405     
  0.48803495819841475        5.3226693935895018     
  0.49233455449037428        5.0346878590309103     
  0.49667203029887924        4.7599086626930927     
  0.50104771934311554        4.4978370636834688     
  0.50546195828234031        4.2479897794706076     
  0.50991508674178510        4.0098954453475653     
  0.51440744733878541        3.7830949984694495     
  0.51893938570914078        3.5671419877213610     
  0.52351125053370851        3.3616028111947736     
  0.52812339356523030        3.1660568835471086     
  0.53277616965539509        2.9800967359855912     
  0.53746993678214139        2.8033280520477892     
  0.54220505607719949        2.6353696427431612     
  0.54698189185387636        2.4758533649679704     
  0.55180081163508565        2.3244239874070063     
  0.55666218618162355        2.1807390083868046     
  0.56156638952069560        2.0444684303439220     
  0.56651379897469334        1.9152944957173976     
  0.57150479519022512        1.7929113891653048     
  0.57653976216740210        1.6770249110418065     
  0.58161908728938316        1.5673521270536814     
  0.58674316135217941        1.4636209989455073     
  0.59191237859472112        1.3655700009425598     
  0.59712713672919093        1.2729477265127667     
  0.60238783697162190        1.1855124897975069     
  0.60769488407276773        1.1030319258089876     
  0.61304868634924270        1.0252825932047362     
  0.61844965571493760       0.95204958313145471     
  0.62389820771271176       0.88312613728708422     
  0.62939476154636387       0.81831327798647968     
  0.63493974011288545       0.75741945263844479     
  0.64053357003499767       0.70026019465580724     
  0.64617668169397524       0.64665780243129978     
  0.65186950926275888       0.59644103762590406     
  0.65761249073936068       0.54944484363830892     
  0.66340606798056245       0.50551008475934367     
  0.66925068673591193       0.46448330616815159     
  0.67514679668201794       0.42621651460183696     
  0.68109485145714765       0.39056697923089434     
  0.68709530869612945       0.35739705200200594     
  0.69314863006556215       0.32657400647037438     
  0.69925528129933523       0.29796989393736883     
  0.70541573223446141       0.27146141553724568     
  0.71163045684722592       0.24692980877962278     
  0.71789993328965285       0.22426074695224768     
  0.72422464392629393       0.20334424972075876     
  0.73060507537134056       0.18407460322754068     
  0.73704171852606359       0.16635028798866586     
  0.74353506861658270       0.15007391291429689     
  0.75008562523196753       0.13515215383125212     
  0.75669389236267648       0.12149569496394920     
  0.76336037843933224       0.10901917192861715     
  0.77008559637183971        9.7641114912241048E-002
  0.77687006358884936        8.7283890838915926E-002
  0.78371430207756632        7.7873643468747381E-002
  0.79061883842391212        6.9340230524835456E-002
  0.79758420385303930        6.1617157098992403E-002
  0.80461093427020292        5.4641504743578526E-002
  0.81169957030199258        4.8353855812305488E-002
  0.81885065733792728        4.2698212764406794E-002
  0.82606474557241671        3.7621912291806524E-002
  0.83334239004709310        3.3075534265755414E-002
  0.84068415069351476        2.9012805626054617E-002
  0.84809059237624640        2.5390499450987800E-002
  0.85556228493631958        2.2168329548309443E-002
  0.86309980323507429        1.9308840996258386E-002
  0.87070372719838973        1.6777297138078899E-002
  0.87837464186130088        1.4541563593731240E-002
  0.88611313741301234        1.2571989898402285E-002
  0.89391980924230507        1.0841289409423378E-002
  0.90179525798334526        9.3244181417750857E-003
  0.90974008956189689        7.9984531982676965E-003
  0.91775491524193964        6.8424714546122863E-003
  0.92584035167269951        5.8374291429874256E-003
  0.93399702093609283        4.9660429515003103E-003
  0.94222555059458790        4.2126732223560963E-003
  0.95052657373948923        3.5632097898531580E-003
  0.95890072903964640        3.0049609518017751E-003
  0.96734866079059267        2.5265460159014457E-003
  0.97587101896411577        2.1177918072628871E-003
  0.98446845925826565        1.7696334658324465E-003
  0.99314164314780395        1.4740198041100932E-003
   1.0018912379350953        1.2238234373077809E-003
   1.0107179168014504        1.0127558409384100E-003
   1.0196223588589184        8.3528743562121693E-004
   1.0286052492025368        6.8657274638719899E-004
   1.0376672789630428        5.6238063460673535E-004
   1.0468091453600465        4.5902955535963015E-004
   1.0560315517556751        3.7332775202828102E-004
   1.0653352077086877        3.0251826340666990E-004
   1.0747208290290684        2.4422858686005630E-004
   1.0841891378330997        1.9642481411885548E-004
   1.0937408625989202        1.5737003412575698E-004
   1.1033767382225736        1.2558677987236844E-004
   1.1130975060745509        9.9823283179280964E-005
   1.1229039140568284        7.9023292645163316E-005
   1.1327967166604131        6.2299205216189061E-005
   1.1427766750233892        4.8908260664645433E-005
   1.1528445569894816        3.8231550341401303E-005
   1.1630011371671303        2.9755596487870160E-005
   1.1732471969890899        2.3056265755874410E-005
   1.1835835247725501        1.7784789985228710E-005
   1.1940109157797891        1.3655678333857786E-005
   1.2045301722793591        1.0436317164867728E-005
   1.2151421036078112        7.9380673123072302E-006
   1.2258475262319668        6.0086821428803090E-006
   1.2366472638117321        4.5258839062934961E-006
   1.2475421472634727        3.3919499577948616E-006
   1.2585330148239404        2.5291743138005098E-006
   1.2696207121147678        1.8760834721563501E-006
   1.2808060922075282        1.3842983348343240E-006
   1.2920900156893695        1.0159462890422460E-006
   1.3034733507292280        7.4153894124146795E-007
   1.3149569731446227        5.3824159531310890E-007
   1.3265417664690391        3.8847028551542290E-007
   1.3382286220199091        2.7876100464616896E-007
   1.3500184389671852        1.9886371559468629E-007
   1.3619121244025232        1.4102082439473676E-007
   1.3739105934090714        9.9396062350545047E-008
   1.3860147691318767        6.9625221271625491E-008
   1.3982255828489090        4.8464963982651090E-008
   1.4105439740427137        3.3520051333433962E-008
   1.4229708904726923        2.3032848500342874E-008
   1.4355072882480240        1.5721959403478265E-008
   1.4481541319012254        1.0659349308466425E-008
   1.4609123944623614        7.1774104045949697E-009
   1.4737830575339077        4.7991581908855397E-009
   1.4867671113662755        3.1861686029473288E-009
   1.4998655549339981        2.1000232123198760E-009
   1.5130793960125919        1.3739640565976926E-009
   1.5264096512560925        8.9220751809072847E-010
   1.5398573462752754        5.7496036543332820E-010
   1.5534235157165635        3.6764844258858960E-010
   1.5671092033416336        2.3323331117585548E-010
   1.5809154621077197        1.4677450472006849E-010
   1.5948433542486271        9.1611704711936345E-011
   1.6088939513564593        5.6705946339474144E-011
   1.6230683344640644        3.4803219794223400E-011
   1.6373675941282080        2.1176694994512649E-011
   1.6517928305134797        1.2772575303531147E-011
   1.6663451534769376        7.6350646212108316E-012
   1.6810256826534997        4.5226412932393847E-012
   1.6958355475420865        2.6542801570353831E-012
   1.7107758875925234        1.5431400310312764E-012
   1.7258478522932079        8.8857764911605108E-013
   1.7410526012595502        5.0669092904605366E-013
   1.7563913043231913        2.8607077478414928E-013
   1.7718651416220097        1.5988586309541681E-013
   1.7874753036909183        8.8445367363931461E-014
   1.8032229915534630        4.8416058344533606E-014
   1.8191094168142274        2.6222406642297475E-014
   1.8351358017520523        1.4048905234395650E-014
   1.8513033794140756        7.4441621216703399E-015
   1.8676133937106021        3.9003868066279573E-015
   1.8840670995108071        2.0203734840131329E-015
   1.9006657627392844        1.0344269984798190E-015
   1.9174106604734460        5.2338679844152481E-016
   1.9343030810417765        2.6164313964561072E-016
   1.9513443241229573        1.2920131675877428E-016
   1.9685357008458606        6.3008801224302135E-017
   1.9858785338904266        3.0340043817634082E-017
