   3.7363333963997891E-006   247.36507363606646     
   3.7692505572441434E-006   247.36507363460814     
   3.8024577188360484E-006   247.36507363312398     
   3.8359574360870271E-006   247.36507363161360     
   3.8697522864174184E-006   247.36507363007641     
   3.9038448699546771E-006   247.36507362851208     
   3.9382378097334264E-006   247.36507362692004     
   3.9729337518972669E-006   247.36507362529983     
   4.0079353659023709E-006   247.36507362365094     
   4.0432453447228662E-006   247.36507362197290     
   4.0788664050580269E-006   247.36507362026509     
   4.1148012875412923E-006   247.36507361852713     
   4.1510527569511334E-006   247.36507361675842     
   4.1876236024237632E-006   247.36507361495836     
   4.2245166376677322E-006   247.36507361312644     
   4.2617347011804136E-006   247.36507361126212     
   4.2992806564663888E-006   247.36507360936483     
   4.3371573922577633E-006   247.36507360743389     
   4.3753678227364232E-006   247.36507360546887     
   4.4139148877582458E-006   247.36507360346900     
   4.4528015530792873E-006   247.36507360143375     
   4.4920308105839666E-006   247.36507359936252     
   4.5316056785152565E-006   247.36507359725456     
   4.5715292017068987E-006   247.36507359510938     
   4.6118044518176754E-006   247.36507359292617     
   4.6524345275677324E-006   247.36507359070436     
   4.6934225549769950E-006   247.36507358844318     
   4.7347716876056746E-006   247.36507358614205     
   4.7764851067969029E-006   247.36507358380015     
   4.8185660219215001E-006   247.36507358141682     
   4.8610176706248957E-006   247.36507357899134     
   4.9038433190762326E-006   247.36507357652286     
   4.9470462622196591E-006   247.36507357401078     
   4.9906298240278368E-006   247.36507357145419     
   5.0345973577576825E-006   247.36507356885238     
   5.0789522462083648E-006   247.36507356620450     
   5.1236979019815694E-006   247.36507356350975     
   5.1688377677440632E-006   247.36507356076731     
   5.2143753164925635E-006   247.36507355797642     
   5.2603140518209491E-006   247.36507355513601     
   5.3066575081898192E-006   247.36507355224541     
   5.3534092511984336E-006   247.36507354930364     
   5.4005728778590398E-006   247.36507354630976     
   5.4481520168736249E-006   247.36507354326301     
   5.4961503289131043E-006   247.36507354016220     
   5.5445715068989637E-006   247.36507353700662     
   5.5934192762873912E-006   247.36507353379517     
   5.6426973953559073E-006   247.36507353052684     
   5.6924096554925233E-006   247.36507352720071     
   5.7425598814874399E-006   247.36507352381568     
   5.7931519318273260E-006   247.36507352037074     
   5.8441896989921860E-006   247.36507351686490     
   5.8956771097548368E-006   247.36507351329698     
   5.9476181254830307E-006   247.36507350966590     
   6.0000167424442392E-006   247.36507350597054     
   6.0528769921131158E-006   247.36507350220978     
   6.1062029414816768E-006   247.36507349838251     
   6.1599986933722072E-006   247.36507349448752     
   6.2142683867529236E-006   247.36507349052357     
   6.2690161970564241E-006   247.36507348648945     
   6.3242463365009420E-006   247.36507348238393     
   6.3799630544144218E-006   247.36507347820580     
   6.4361706375614596E-006   247.36507347395371     
   6.4928734104731238E-006   247.36507346962637     
   6.5500757357796709E-006   247.36507346522239     
   6.6077820145462065E-006   247.36507346074055     
   6.6659966866112938E-006   247.36507345617932     
   6.7247242309285516E-006   247.36507345153740     
   6.7839691659112529E-006   247.36507344681334     
   6.8437360497799717E-006   247.36507344200569     
   6.9040294809132808E-006   247.36507343711290     
   6.9648540982015483E-006   247.36507343213356     
   7.0262145814038425E-006   247.36507342706608     
   7.0881156515079911E-006   247.36507342190890     
   7.1505620710938071E-006   247.36507341666046     
   7.2135586446995071E-006   247.36507341131917     
   7.2771102191913745E-006   247.36507340588332     
   7.3412216841366700E-006   247.36507340035126     
   7.4058979721798178E-006   247.36507339472135     
   7.4711440594219310E-006   247.36507338899179     
   7.5369649658036546E-006   247.36507338316079     
   7.6033657554913938E-006   247.36507337722662     
   7.6703515372669519E-006   247.36507337118741     
   7.7379274649205839E-006   247.36507336504135     
   7.8060987376475233E-006   247.36507335878647     
   7.8748706004479998E-006   247.36507335242095     
   7.9442483445307959E-006   247.36507334594273     
   8.0142373077203204E-006   247.36507333934989     
   8.0848428748673130E-006   247.36507333264038     
   8.1560704782631380E-006   247.36507332581215     
   8.2279255980577392E-006   247.36507331886298     
   8.3004137626812761E-006   247.36507331179092     
   8.3735405492694717E-006   247.36507330459364     
   8.4473115840927070E-006   247.36507329726899     
   8.5217325429889048E-006   247.36507328981475     
   8.5968091518002135E-006   247.36507328222859     
   8.6725471868135508E-006   247.36507327450815     
   8.7489524752050168E-006   247.36507326665111     
   8.8260308954882381E-006   247.36507325865492     
   8.9037883779666398E-006   247.36507325051733     
   8.9822309051897268E-006   247.36507324223567     
   9.0613645124133650E-006   247.36507323380744     
   9.1411952880641243E-006   247.36507322523005     
   9.2217293742077240E-006   247.36507321650089     
   9.3029729670215752E-006   247.36507320761723     
   9.3849323172715299E-006   247.36507319857631     
   9.4676137307927858E-006   247.36507318937541     
   9.5510235689750565E-006   247.36507318001173     
   9.6351682492520109E-006   247.36507317048228     
   9.7200542455950189E-006   247.36507316078422     
   9.8056880890112404E-006   247.36507315091447     
   9.8920763680461281E-006   247.36507314087009     
   9.9792257292903271E-006   247.36507313064794     
   1.0067142877891063E-005   247.36507312024486     
   1.0155834578068018E-005   247.36507310965766     
   1.0245307653633769E-005   247.36507309888310     
   1.0335568988518799E-005   247.36507308791792     
   1.0426625527301130E-005   247.36507307675862     
   1.0518484275740638E-005   247.36507306540187     
   1.0611152301318064E-005   247.36507305384413     
   1.0704636733778773E-005   247.36507304208180     
   1.0798944765681309E-005   247.36507303011138     
   1.0894083652950778E-005   247.36507301792903     
   1.0990060715437110E-005   247.36507300553109     
   1.1086883337478239E-005   247.36507299291375     
   1.1184558968468241E-005   247.36507298007314     
   1.1283095123430478E-005   247.36507296700523     
   1.1382499383595801E-005   247.36507295370612     
   1.1482779396985832E-005   247.36507294017159     
   1.1583942879001390E-005   247.36507292639754     
   1.1685997613016112E-005   247.36507291237973     
   1.1788951450975286E-005   247.36507289811382     
   1.1892812313999972E-005   247.36507288359547     
   1.1997588192996442E-005   247.36507286882016     
   1.2103287149270989E-005   247.36507285378335     
   1.2209917315150151E-005   247.36507283848044     
   1.2317486894606399E-005   247.36507282290671     
   1.2426004163889347E-005   247.36507280705735     
   1.2535477472162505E-005   247.36507279092748     
   1.2645915242145654E-005   247.36507277451216     
   1.2757325970762881E-005   247.36507275780633     
   1.2869718229796321E-005   247.36507274080486     
   1.2983100666545655E-005   247.36507272350255     
   1.3097482004493422E-005   247.36507270589391     
   1.3212871043976185E-005   247.36507268797374     
   1.3329276662861631E-005   247.36507266973638     
   1.3446707817231606E-005   247.36507265117626     
   1.3565173542071191E-005   247.36507263228765     
   1.3684682951963841E-005   247.36507261306480     
   1.3805245241792645E-005   247.36507259350174     
   1.3926869687447768E-005   247.36507257359244     
   1.4049565646540126E-005   247.36507255333078     
   1.4173342559121348E-005   247.36507253271060     
   1.4298209948410076E-005   247.36507251172546     
   1.4424177421524674E-005   247.36507249036896     
   1.4551254670222378E-005   247.36507246863442     
   1.4679451471644972E-005   247.36507244651531     
   1.4808777689071028E-005   247.36507242400469     
   1.4939243272674768E-005   247.36507240109572     
   1.5070858260291614E-005   247.36507237778127     
   1.5203632778190499E-005   247.36507235405426     
   1.5337577041852952E-005   247.36507232990732     
   1.5472701356759067E-005   247.36507230533303     
   1.5609016119180388E-005   247.36507228032383     
   1.5746531816979806E-005   247.36507225487202     
   1.5885259030418444E-005   247.36507222896978     
   1.6025208432969716E-005   247.36507220260913     
   1.6166390792140517E-005   247.36507217578196     
   1.6308816970299656E-005   247.36507214848004     
   1.6452497925513603E-005   247.36507212069489     
   1.6597444712389578E-005   247.36507209241805     
   1.6743668482926070E-005   247.36507206364075     
   1.6891180487370883E-005   247.36507203435420     
   1.7039992075086680E-005   247.36507200454929     
   1.7190114695424209E-005   247.36507197421690     
   1.7341559898603191E-005   247.36507194334774     
   1.7494339336600976E-005   247.36507191193226     
   1.7648464764049045E-005   247.36507187996079     
   1.7803948039137369E-005   247.36507184742354     
   1.7960801124526781E-005   247.36507181431043     
   1.8119036088269363E-005   247.36507178061129     
   1.8278665104736931E-005   247.36507174631572     
   1.8439700455557730E-005   247.36507171141326     
   1.8602154530561360E-005   247.36507167589303     
   1.8766039828732034E-005   247.36507163974426     
   1.8931368959170222E-005   247.36507160295571     
   1.9098154642062785E-005   247.36507156551605     
   1.9266409709661646E-005   247.36507152741387     
   1.9436147107271092E-005   247.36507148863734     
   1.9607379894243759E-005   247.36507144917454     
   1.9780121244985393E-005   247.36507140901335     
   1.9954384449968492E-005   247.36507136814140     
   2.0130182916754838E-005   247.36507132654611     
   2.0307530171027055E-005   247.36507128421471     
   2.0486439857629269E-005   247.36507124113410     
   2.0666925741616917E-005   247.36507119729112     
   2.0849001709315798E-005   247.36507115267213     
   2.1032681769390483E-005   247.36507110726359     
   2.1217980053922119E-005   247.36507106105140     
   2.1404910819495730E-005   247.36507101402131     
   2.1593488448297086E-005   247.36507096615895     
   2.1783727449219275E-005   247.36507091744951     
   2.1975642458978970E-005   247.36507086787805     
   2.2169248243242559E-005   247.36507081742926     
   2.2364559697762225E-005   247.36507076608768     
   2.2561591849521960E-005   247.36507071383744     
   2.2760359857893750E-005   247.36507066066252     
   2.2960879015803902E-005   247.36507060654651     
   2.3163164750909677E-005   247.36507055147280     
   2.3367232626786241E-005   247.36507049542439     
   2.3573098344124131E-005   247.36507043838407     
   2.3780777741937241E-005   247.36507038033426     
   2.3990286798781436E-005   247.36507032125712     
   2.4201641633983942E-005   247.36507026113443     
   2.4414858508883514E-005   247.36507019994775     
   2.4629953828081596E-005   247.36507013767817     
   2.4846944140704446E-005   247.36507007430657     
   2.5065846141676403E-005   247.36507000981342     
   2.5286676673004371E-005   247.36506994417897     
   2.5509452725073632E-005   247.36506987738287     
   2.5734191437955035E-005   247.36506980940470     
   2.5960910102723766E-005   247.36506974022339     
   2.6189626162789661E-005   247.36506966981779     
   2.6420357215239303E-005   247.36506959816620     
   2.6653121012189897E-005   247.36506952524650     
   2.6887935462155118E-005   247.36506945103628     
   2.7124818631422937E-005   247.36506937551277     
   2.7363788745445641E-005   247.36506929865260     
   2.7604864190242050E-005   247.36506922043225     
   2.7848063513812138E-005   247.36506914082756     
   2.8093405427564063E-005   247.36506905981406     
   2.8340908807753807E-005   247.36506897736678     
   2.8590592696937505E-005   247.36506889346040     
   2.8842476305436504E-005   247.36506880806917     
   2.9096579012815444E-005   247.36506872116655     
   2.9352920369373239E-005   247.36506863272606     
   2.9611520097647273E-005   247.36506854272028     
   2.9872398093930821E-005   247.36506845112174     
   3.0135574429803846E-005   247.36506835790203     
   3.0401069353677267E-005   247.36506826303258     
   3.0668903292350835E-005   247.36506816648418     
   3.0939096852584786E-005   247.36506806822709     
   3.1211670822685239E-005   247.36506796823110     
   3.1486646174103648E-005   247.36506786646538     
   3.1764044063050317E-005   247.36506776289863     
   3.2043885832122124E-005   247.36506765749905     
   3.2326193011944584E-005   247.36506755023410     
   3.2610987322828388E-005   247.36506744107083     
   3.2898290676440541E-005   247.36506732997560     
   3.3188125177490201E-005   247.36506721691433     
   3.3480513125429399E-005   247.36506710185205     
   3.3775477016168699E-005   247.36506698475347     
   3.4073039543808045E-005   247.36506686558249     
   3.4373223602382769E-005   247.36506674430251     
   3.4676052287625054E-005   247.36506662087615     
   3.4981548898740875E-005   247.36506649526541     
   3.5289736940202608E-005   247.36506636743167     
   3.5600640123557423E-005   247.36506623733561     
   3.5914282369251633E-005   247.36506610493709     
   3.6230687808471098E-005   247.36506597019547     
   3.6549880784997812E-005   247.36506583306922     
   3.6871885857082933E-005   247.36506569351619     
   3.7196727799336207E-005   247.36506555149336     
   3.7524431604632122E-005   247.36506540695711     
   3.7855022486032814E-005   247.36506525986280     
   3.8188525878727928E-005   247.36506511016535     
   3.8524967441991561E-005   247.36506495781865     
   3.8864373061156463E-005   247.36506480277569     
   3.9206768849605581E-005   247.36506464498882     
   3.9552181150781235E-005   247.36506448440957     
   3.9900636540211898E-005   247.36506432098841     
   4.0252161827556936E-005   247.36506415467511     
   4.0606784058669231E-005   247.36506398541837     
   4.0964530517676111E-005   247.36506381316624     
   4.1325428729078533E-005   247.36506363786566     
   4.1689506459868760E-005   247.36506345946265     
   4.2056791721666747E-005   247.36506327790232     
   4.2427312772875286E-005   247.36506309312887     
   4.2801098120854180E-005   247.36506290508527     
   4.3178176524113563E-005   247.36506271371377     
   4.3558576994526538E-005   247.36506251895548     
   4.3942328799561282E-005   247.36506232075041     
   4.4329461464532895E-005   247.36506211903753     
   4.4720004774874973E-005   247.36506191375489     
   4.5113988778431311E-005   247.36506170483915     
   4.5511443787767723E-005   247.36506149222615     
   4.5912400382504227E-005   247.36506127585039     
   4.6316889411667831E-005   247.36506105564527     
   4.6724941996065978E-005   247.36506083154302     
   4.7136589530680970E-005   247.36506060347472     
   4.7551863687085432E-005   247.36506037137013     
   4.7970796415879083E-005   247.36506013515782     
   4.8393419949146965E-005   247.36505989476512     
   4.8819766802939350E-005   247.36505965011804     
   4.9249869779773448E-005   247.36505940114128     
   4.9683761971157237E-005   247.36505914775825     
   5.0121476760135396E-005   247.36505888989089     
   5.0563047823857847E-005   247.36505862745992     
   5.1008509136170727E-005   247.36505836038450     
   5.1457894970230377E-005   247.36505808858251     
   5.1911239901140218E-005   247.36505781197025     
   5.2368578808610894E-005   247.36505753046251     
   5.2829946879643939E-005   247.36505724397287     
   5.3295379611238925E-005   247.36505695241300     
   5.3764912813124630E-005   247.36505665569319     
   5.4238582610514125E-005   247.36505635372220     
   5.4716425446884254E-005   247.36505604640695     
   5.5198478086779477E-005   247.36505573365298     
   5.5684777618640545E-005   247.36505541536400     
   5.6175361457657991E-005   247.36505509144203     
   5.6670267348650818E-005   247.36505476178746     
   5.7169533368970512E-005   247.36505442629871     
   5.7673197931430701E-005   247.36505408487264     
   5.8181299787262537E-005   247.36505373740408     
   5.8693878029096175E-005   247.36505338378620     
   5.9210972093968523E-005   247.36505302391009     
   5.9732621766357445E-005   247.36505265766507     
   6.0258867181242733E-005   247.36505228493832     
   6.0789748827194043E-005   247.36505190561525     
   6.1325307549486000E-005   247.36505151957897     
   6.1865584553240819E-005   247.36505112671077     
   6.2410621406598521E-005   247.36505072688971     
   6.2960460043915160E-005   247.36505031999280     
   6.3515142768989181E-005   247.36504990589478     
   6.4074712258316220E-005   247.36504948446816     
   6.4639211564372523E-005   247.36504905558331     
   6.5208684118927459E-005   247.36504861910817     
   6.5783173736384969E-005   247.36504817490851     
   6.6362724617154663E-005   247.36504772284746     
   6.6947381351052483E-005   247.36504726278611     
   6.7537188920731449E-005   247.36504679458270     
   6.8132192705142497E-005   247.36504631809322     
   6.8732438483025895E-005   247.36504583317091     
   6.9337972436433410E-005   247.36504533966669     
   6.9948841154281429E-005   247.36504483742860     
   7.0565091635935547E-005   247.36504432630207     
   7.1186771294826488E-005   247.36504380612976     
   7.1813927962098207E-005   247.36504327675169     
   7.2446609890287759E-005   247.36504273800486     
   7.3084865757037939E-005   247.36504218972345     
   7.3728744668842373E-005   247.36504163173876     
   7.4378296164823743E-005   247.36504106387903     
   7.5033570220545232E-005   247.36504048596956     
   7.5694617251855596E-005   247.36503989783242     
   7.6361488118768071E-005   247.36503929928668     
   7.7034234129373476E-005   247.36503869014805     
   7.7712907043787821E-005   247.36503807022910     
   7.8397559078134552E-005   247.36503743933903     
   7.9088242908562079E-005   247.36503679728372     
   7.9785011675296603E-005   247.36503614386555     
   8.0487918986730603E-005   247.36503547888336     
   8.1197018923547410E-005   247.36503480213261     
   8.1912366042882065E-005   247.36503411340496     
   8.2634015382518971E-005   247.36503341248846     
   8.3362022465126255E-005   247.36503269916733     
   8.4096443302527786E-005   247.36503197322213     
   8.4837334400012510E-005   247.36503123442938     
   8.5584752760681912E-005   247.36503048256174     
   8.6338755889835830E-005   247.36502971738787     
   8.7099401799396693E-005   247.36502893867217     
   8.7866749012373028E-005   247.36502814617506     
   8.8640856567362035E-005   247.36502733965261     
   8.9421784023091942E-005   247.36502651885658     
   9.0209591463004445E-005   247.36502568353441     
   9.1004339499877292E-005   247.36502483342900     
   9.1806089280487918E-005   247.36502396827876     
   9.2614902490317875E-005   247.36502308781735     
   9.3430841358298859E-005   247.36502219177387     
   9.4253968661600510E-005   247.36502127987251     
   9.5084347730460420E-005   247.36502035183267     
   9.5922042453056648E-005   247.36501940736872     
   9.6767117280423143E-005   247.36501844618994     
   9.7619637231408633E-005   247.36501746800056     
   9.8479667897678966E-005   247.36501647249958     
   9.9347275448763688E-005   247.36501545938052     
   1.0022252663714705E-004   247.36501442833168     
   1.0110548880340379E-004   247.36501337903564     
   1.0199622988138028E-004   247.36501231116958     
   1.0289481840342124E-004   247.36501122440478     
   1.0380132350564247E-004   247.36501011840681     
   1.0471581493325021E-004   247.36500899283533     
   1.0563836304590708E-004   247.36500784734383     
   1.0656903882314555E-004   247.36500668157984     
   1.0750791386982899E-004   247.36500549518456     
   1.0845506042166082E-004   247.36500428779289     
   1.0941055135074224E-004   247.36500305903326     
   1.1037446017117891E-004   247.36500180852741     
   1.1134686104473703E-004   247.36500053589060     
   1.1232782878654915E-004   247.36499924073112     
   1.1331743887087053E-004   247.36499792265033     
   1.1431576743688579E-004   247.36499658124268     
   1.1532289129456713E-004   247.36499521609525     
   1.1633888793058389E-004   247.36499382678787     
   1.1736383551426430E-004   247.36499241289306     
   1.1839781290360967E-004   247.36499097397567     
   1.1944089965136168E-004   247.36498950959279     
   1.2049317601112301E-004   247.36498801929380     
   1.2155472294353194E-004   247.36498650262007     
   1.2262562212249137E-004   247.36498495910470     
   1.2370595594145262E-004   247.36498338827278     
   1.2479580751975479E-004   247.36498178964086     
   1.2589526070901975E-004   247.36498016271696     
   1.2700440009960355E-004   247.36497850700022     
   1.2812331102710471E-004   247.36497682198132     
   1.2925207957892995E-004   247.36497510714148     
   1.3039079260091736E-004   247.36497336195305     
   1.3153953770401845E-004   247.36497158587889     
   1.3269840327103860E-004   247.36496977837240     
   1.3386747846343730E-004   247.36496793887733     
   1.3504685322818799E-004   247.36496606682752     
   1.3623661830469846E-004   247.36496416164681     
   1.3743686523179222E-004   247.36496222274891     
   1.3864768635475142E-004   247.36496024953715     
   1.3986917483242169E-004   247.36495824140414     
   1.4110142464437967E-004   247.36495619773186     
   1.4234453059816366E-004   247.36495411789147     
   1.4359858833656807E-004   247.36495200124278     
   1.4486369434500181E-004   247.36494984713445     
   1.4613994595891200E-004   247.36494765490343     
   1.4742744137127270E-004   247.36494542387516     
   1.4872627964013970E-004   247.36494315336290     
   1.5003656069627192E-004   247.36494084266792     
   1.5135838535082011E-004   247.36493849107916     
   1.5269185530308277E-004   247.36493609787274     
   1.5403707314833116E-004   247.36493366231227     
   1.5539414238570245E-004   247.36493118364808     
   1.5676316742616311E-004   247.36492866111740     
   1.5814425360054189E-004   247.36492609394398     
   1.5953750716763399E-004   247.36492348133754     
   1.6094303532237646E-004   247.36492082249418     
   1.6236094620409542E-004   247.36491811659550     
   1.6379134890482646E-004   247.36491536280892     
   1.6523435347770771E-004   247.36491256028671     
   1.6669007094544751E-004   247.36490970816658     
   1.6815861330886592E-004   247.36490680557060     
   1.6964009355551230E-004   247.36490385160548     
   1.7113462566835822E-004   247.36490084536226     
   1.7264232463456714E-004   247.36489778591556     
   1.7416330645434133E-004   247.36489467232394     
   1.7569768814984694E-004   247.36489150362908     
   1.7724558777421732E-004   247.36488827885580     
   1.7880712442063594E-004   247.36488499701164     
   1.8038241823149927E-004   247.36488165708664     
   1.8197159040766033E-004   247.36487825805284     
   1.8357476321775369E-004   247.36487479886421     
   1.8519206000760271E-004   247.36487127845609     
   1.8682360520970955E-004   247.36486769574506     
   1.8846952435282879E-004   247.36486404962858     
   1.9012994407162554E-004   247.36486033898441     
   1.9180499211641841E-004   247.36485656267064     
   1.9349479736300855E-004   247.36485271952500     
   1.9519948982259504E-004   247.36484880836480     
   1.9691920065177790E-004   247.36484482798633     
   1.9865406216264901E-004   247.36484077716463     
   2.0040420783297197E-004   247.36483665465292     
   2.0216977231645190E-004   247.36483245918257     
   2.0395089145309520E-004   247.36482818946229     
   2.0574770227966115E-004   247.36482384417803     
   2.0756034304020510E-004   247.36481942199256     
   2.0938895319671502E-004   247.36481492154491     
   2.1123367343984126E-004   247.36481034145001     
   2.1309464569972122E-004   247.36480568029825     
   2.1497201315689925E-004   247.36480093665514     
   2.1686592025334272E-004   247.36479610906085     
   2.1877651270355521E-004   247.36479119602959     
   2.2070393750578754E-004   247.36478619604924     
   2.2264834295334759E-004   247.36478110758117     
   2.2460987864600989E-004   247.36477592905925     
   2.2658869550152546E-004   247.36477065888977     
   2.2858494576723329E-004   247.36476529545081     
   2.3059878303177404E-004   247.36475983709170     
   2.3263036223690692E-004   247.36475428213259     
   2.3467983968943062E-004   247.36474862886388     
   2.3674737307320944E-004   247.36474287554580     
   2.3883312146130521E-004   247.36473702040760     
   2.4093724532821612E-004   247.36473106164738     
   2.4305990656222335E-004   247.36472499743130     
   2.4520126847784685E-004   247.36471882589291     
   2.4736149582840988E-004   247.36471254513302     
   2.4954075481871564E-004   247.36470615321861     
   2.5173921311783432E-004   247.36469964818249     
   2.5395703987200340E-004   247.36469302802271     
   2.5619440571764173E-004   247.36468629070185     
   2.5845148279447788E-004   247.36467943414641     
   2.6072844475879436E-004   247.36467245624630     
   2.6302546679678846E-004   247.36466535485394     
   2.6534272563805085E-004   247.36465812778391     
   2.6768039956916287E-004   247.36465077281190     
   2.7003866844741380E-004   247.36464328767437     
   2.7241771371463855E-004   247.36463567006777     
   2.7481771841117789E-004   247.36462791764774     
   2.7723886718996075E-004   247.36462002802824     
   2.7968134633071199E-004   247.36461199878138     
   2.8214534375428359E-004   247.36460382743599     
   2.8463104903711365E-004   247.36459551147723     
   2.8713865342581193E-004   247.36458704834587     
   2.8966834985187401E-004   247.36457843543732     
   2.9222033294652516E-004   247.36456967010079     
   2.9479479905569522E-004   247.36456074963877     
   2.9739194625512497E-004   247.36455167130589     
   3.0001197436560571E-004   247.36454243230821     
   3.0265508496835351E-004   247.36453302980232     
   3.0532148142051825E-004   247.36452346089459     
   3.0801136887082978E-004   247.36451372264005     
   3.1072495427538187E-004   247.36450381204170     
   3.1346244641355481E-004   247.36449372604952     
   3.1622405590407893E-004   247.36448346155944     
   3.1900999522123906E-004   247.36447301541244     
   3.2182047871122220E-004   247.36446238439362     
   3.2465572260860883E-004   247.36445156523126     
   3.2751594505300982E-004   247.36444055459572     
   3.3040136610584971E-004   247.36442934909826     
   3.3331220776729788E-004   247.36441794529043     
   3.3624869399334910E-004   247.36440633966259     
   3.3921105071305405E-004   247.36439452864289     
   3.4219950584590255E-004   247.36438250859658     
   3.4521428931935861E-004   247.36437027582434     
   3.4825563308655145E-004   247.36435782656139     
   3.5132377114412101E-004   247.36434515697644     
   3.5441893955022192E-004   247.36433226317035     
   3.5754137644268492E-004   247.36431914117486     
   3.6069132205733914E-004   247.36430578695166     
   3.6386901874649558E-004   247.36429219639086     
   3.6707471099759316E-004   247.36427836530990     
   3.7030864545200919E-004   247.36426428945217     
   3.7357107092403596E-004   247.36424996448565     
   3.7686223842002358E-004   247.36423538600178     
   3.8018240115769274E-004   247.36422054951396     
   3.8353181458561624E-004   247.36420545045615     
   3.8691073640287349E-004   247.36419008418150     
   3.9031942657887674E-004   247.36417444596088     
   3.9375814737337362E-004   247.36415853098163     
   3.9722716335662434E-004   247.36414233434576     
   4.0072674142975772E-004   247.36412585106859     
   4.0425715084530602E-004   247.36410907607740     
   4.0781866322792088E-004   247.36409200420948     
   4.1141155259527182E-004   247.36407463021095     
   4.1503609537912867E-004   247.36405694873471     
   4.1869257044662973E-004   247.36403895433926     
   4.2238125912173784E-004   247.36402064148680     
   4.2610244520688436E-004   247.36400200454131     
   4.2985641500480515E-004   247.36398303776721     
   4.3364345734056808E-004   247.36396373532733     
   4.3746386358379456E-004   247.36394409128124     
   4.4131792767107759E-004   247.36392409958347     
   4.4520594612859626E-004   247.36390375408138     
   4.4912821809493071E-004   247.36388304851349     
   4.5308504534407674E-004   247.36386197650756     
   4.5707673230866439E-004   247.36384053157863     
   4.6110358610338033E-004   247.36381870712685     
   4.6516591654859670E-004   247.36379649643567     
   4.6926403619420854E-004   247.36377389266960     
   4.7339826034368084E-004   247.36375088887223     
   4.7756890707830726E-004   247.36372747796401     
   4.8177629728168327E-004   247.36370365274016     
   4.8602075466439422E-004   247.36367940586837     
   4.9030260578892127E-004   247.36365472988641     
   4.9462218009476647E-004   247.36362961720030     
   4.9897980992379977E-004   247.36360406008140     
   5.0337583054582821E-004   247.36357805066444     
   5.0781058018439188E-004   247.36355158094486     
   5.1228440004278601E-004   247.36352464277655     
   5.1679763433031261E-004   247.36349722786917     
   5.2135063028876331E-004   247.36346932778559     
   5.2594373821913617E-004   247.36344093393959     
   5.3057731150858679E-004   247.36341203759270     
   5.3525170665761766E-004   247.36338262985208     
   5.3996728330750682E-004   247.36335270166734     
   5.4472440426797815E-004   247.36332224382804     
   5.4952343554511506E-004   247.36329124696061     
   5.5436474636952142E-004   247.36325970152566     
   5.5924870922472814E-004   247.36322759781507     
   5.6417569987585311E-004   247.36319492594873     
   5.6914609739851111E-004   247.36316167587182     
   5.7416028420797941E-004   247.36312783735156     
   5.7921864608862026E-004   247.36309339997399     
   5.8432157222356319E-004   247.36305835314107     
   5.8946945522464706E-004   247.36302268606687     
   5.9466269116262868E-004   247.36298638777495     
   5.9990167959765377E-004   247.36294944709425     
   6.0518682361000069E-004   247.36291185265642     
   6.1051852983109165E-004   247.36287359289153     
   6.1589720847477836E-004   247.36283465602514     
   6.2132327336890370E-004   247.36279503007441     
   6.2679714198714102E-004   247.36275470284437     
   6.3231923548111378E-004   247.36271366192426     
   6.3788997871279830E-004   247.36267189468370     
   6.4350980028721227E-004   247.36262938826883     
   6.4917913258539085E-004   247.36258612959821     
   6.5489841179765349E-004   247.36254210535904     
   6.6066807795716362E-004   247.36249730200279     
   6.6648857497378464E-004   247.36245170574128     
   6.7236035066823316E-004   247.36240530254224     
   6.7828385680653404E-004   247.36235807812500     
   6.8425954913477844E-004   247.36231001795647     
   6.9028788741418851E-004   247.36226110724598     
   6.9636933545649034E-004   247.36221133094139     
   7.0250436115959936E-004   247.36216067372408     
   7.0869343654361976E-004   247.36210912000436     
   7.1493703778716046E-004   247.36205665391662     
   7.2123564526397255E-004   247.36200325931458     
   7.2758974357990767E-004   247.36194891976604     
   7.3399982161020331E-004   247.36189361854818     
   7.4046637253709629E-004   247.36183733864218     
   7.4698989388776739E-004   247.36178006272803     
   7.5357088757261996E-004   247.36172177317923     
   7.6020985992389682E-004   247.36166245205735     
   7.6690732173463659E-004   247.36160208110641     
   7.7366378829797297E-004   247.36154064174764     
   7.8047977944678104E-004   247.36147811507323     
   7.8735581959367244E-004   247.36141448184077     
   7.9429243777134277E-004   247.36134972246745     
   8.0129016767327465E-004   247.36128381702383     
   8.0834954769479943E-004   247.36121674522786     
   8.1547112097452078E-004   247.36114848643854     
   8.2265543543610215E-004   247.36107901964948     
   8.2990304383042399E-004   247.36100832348279     
   8.3721450377811175E-004   247.36093637618208     
   8.4459037781243779E-004   247.36086315560595     
   8.5203123342260227E-004   247.36078863922131     
   8.5953764309739473E-004   247.36071280409624     
   8.6711018436924083E-004   247.36063562689290     
   8.7474943985863668E-004   247.36055708386067     
   8.8245599731897489E-004   247.36047715082850     
   8.9023044968176556E-004   247.36039580319760     
   8.9807339510225527E-004   247.36031301593394     
   9.0598543700544864E-004   247.36022876356043     
   9.1396718413253508E-004   247.36014302014914     
   9.2201925058772391E-004   247.36005575931330     
   9.3014225588549304E-004   247.35996695419922     
   9.3833682499825353E-004   247.35987657747805     
   9.4660358840443419E-004   247.35978460133720     
   9.5494318213698917E-004   247.35969099747211     
   9.6335624783233426E-004   247.35959573707709     
   9.7184343277971247E-004   247.35949879083691     
   9.8040538997099642E-004   247.35940012891743     
   9.8904277815092790E-004   247.35929972095670     
   9.9775626186780178E-004   247.35919753605538     
   1.0065465115245938E-003   247.35909354276743     
   1.0154142034305422E-003   247.35898770909023     
   1.0243600198531805E-003   247.35888000245498     
   1.0333846490708312E-003   247.35877038971645     
   1.0424887854255599E-003   247.35865883714297     
   1.0516731293765988E-003   247.35854531040584     
   1.0609383875542370E-003   247.35842977456898     
   1.0702852728141879E-003   247.35831219407805     
   1.0797145042924377E-003   247.35819253274965     
   1.0892268074605713E-003   247.35807075375996     
   1.0988229141815908E-003   247.35794681963364     
   1.1085035627662247E-003   247.35782069223208     
   1.1182694980297308E-003   247.35769233274198     
   1.1281214713492020E-003   247.35756170166309     
   1.1380602407213766E-003   247.35742875879623     
   1.1480865708209569E-003   247.35729346323086     
   1.1582012330594422E-003   247.35715577333249     
   1.1684050056444805E-003   247.35701564672999     
   1.1786986736397422E-003   247.35687304030239     
   1.1890830290253221E-003   247.35672791016563     
   1.1995588707586736E-003   247.35658021165924     
   1.2101270048360774E-003   247.35642989933245     
   1.2207882443546572E-003   247.35627692693021     
   1.2315434095749342E-003   247.35612124737895     
   1.2423933279839404E-003   247.35596281277219     
   1.2533388343588818E-003   247.35580157435578     
   1.2643807708313658E-003   247.35563748251275     
   1.2755199869521939E-003   247.35547048674832     
   1.2867573397567244E-003   247.35530053567405     
   1.2980936938308118E-003   247.35512757699234     
   1.3095299213773267E-003   247.35495155748015     
   1.3210669022832619E-003   247.35477242297270     
   1.3327055241874294E-003   247.35459011834672     
   1.3444466825487545E-003   247.35440458750361     
   1.3562912807151704E-003   247.35421577335217     
   1.3682402299931217E-003   247.35402361779100     
   1.3802944497176780E-003   247.35382806169054     
   1.3924548673232659E-003   247.35362904487505     
   1.4047224184150261E-003   247.35342650610403     
   1.4170980468407959E-003   247.35322038305341     
   1.4295827047637281E-003   247.35301061229632     
   1.4421773527355493E-003   247.35279712928354     
   1.4548829597704632E-003   247.35257986832383     
   1.4677005034197054E-003   247.35235876256360     
   1.4806309698467534E-003   247.35213374396631     
   1.4936753539032030E-003   247.35190474329161     
   1.5068346592053093E-003   247.35167169007411     
   1.5201098982112029E-003   247.35143451260154     
   1.5335020922987881E-003   247.35119313789284     
   1.5470122718443267E-003   247.35094749167564     
   1.5606414763017120E-003   247.35069749836336     
   1.5743907542824444E-003   247.35044308103227     
   1.5882611636363088E-003   247.35018416139735     
   1.6022537715327653E-003   247.34992065978867     
   1.6163696545430548E-003   247.34965249512649     
   1.6306098987230297E-003   247.34937958489672     
   1.6449755996967119E-003   247.34910184512529     
   1.6594678627405910E-003   247.34881919035240     
   1.6740878028686597E-003   247.34853153360612     
   1.6888365449182045E-003   247.34823878637593     
   1.7037152236363462E-003   247.34794085858519     
   1.7187249837673482E-003   247.34763765856366     
   1.7338669801406897E-003   247.34732909301914     
   1.7491423777599173E-003   247.34701506700904     
   1.7645523518922789E-003   247.34669548391091     
   1.7800980881591470E-003   247.34637024539282     
   1.7957807826272378E-003   247.34603925138322     
   1.8116016419006367E-003   247.34570240004010     
   1.8275618832136308E-003   247.34535958771960     
   1.8436627345243626E-003   247.34501070894433     
   1.8599054346093065E-003   247.34465565637072     
   1.8762912331585781E-003   247.34429432075626     
   1.8928213908720856E-003   247.34392659092569     
   1.9094971795565235E-003   247.34355235373698     
   1.9263198822232254E-003   247.34317149404649     
   1.9432907931868774E-003   247.34278389467335     
   1.9604112181650988E-003   247.34238943636404     
   1.9776824743789035E-003   247.34198799775507     
   1.9951058906540462E-003   247.34157945533602     
   2.0126828075232579E-003   247.34116368341145     
   2.0304145773293860E-003   247.34074055406242     
   2.0483025643294418E-003   247.34030993710695     
   2.0663481447995634E-003   247.33987170006026     
   2.0845527071409061E-003   247.33942570809373     
   2.1029176519864624E-003   247.33897182399375     
   2.1214443923088253E-003   247.33850990811939     
   2.1401343535289003E-003   247.33803981835945     
   2.1589889736255757E-003   247.33756141008911     
   2.1780097032463581E-003   247.33707453612482     
   2.1971980058189838E-003   247.33657904667993     
   2.2165553576640115E-003   247.33607478931782     
   2.2360832481084099E-003   247.33556160890566     
   2.2557831796001428E-003   247.33503934756641     
   2.2756566678237677E-003   247.33450784463037     
   2.2957052418170472E-003   247.33396693658599     
   2.3159304440885935E-003   247.33341645702939     
   2.3363338307365459E-003   247.33285623661328     
   2.3569169715682943E-003   247.33228610299500     
   2.3776814502212587E-003   247.33170588078366     
   2.3986288642847322E-003   247.33111539148587     
   2.4197608254227965E-003   247.33051445345137     
   2.4410789594983208E-003   247.32990288181688     
   2.4625849066980546E-003   247.32928048844957     
   2.4842803216588200E-003   247.32864708188896     
   2.5061668735948182E-003   247.32800246728837     
   2.5282462464260554E-003   247.32734644635499     
   2.5505201389079018E-003   247.32667881728884     
   2.5729902647617922E-003   247.32599937472105     
   2.5956583528070750E-003   247.32530790965049     
   2.6185261470940279E-003   247.32460420937966     
   2.6415954070380405E-003   247.32388805744961     
   2.6648679075549817E-003   247.32315923357305     
   2.6883454391977602E-003   247.32241751356707     
   2.7120298082940852E-003   247.32166266928402     
   2.7359228370854452E-003   247.32089446854164     
   2.7600263638673061E-003   247.32011267505158     
   2.7843422431305491E-003   247.31931704834696     
   2.8088723457041502E-003   247.31850734370860     
   2.8336185588991218E-003   247.31768331208974     
   2.8585827866537189E-003   247.31684470003972     
   2.8837669496799231E-003   247.31599124962591     
   2.9091729856112226E-003   247.31512269835483     
   2.9348028491516889E-003   247.31423877909134     
   2.9606585122263713E-003   247.31333921997680     
   2.9867419641330102E-003   247.31242374434561     
   3.0130552116950939E-003   247.31149207064004     
   3.0396002794162605E-003   247.31054391232419     
   3.0663792096360578E-003   247.30957897779575     
   3.0933940626870823E-003   247.30859697029649     
   3.1206469170534934E-003   247.30759758782159     
   3.1481398695309324E-003   247.30658052302653     
   3.1758750353878466E-003   247.30554546313289     
   3.2038545485282327E-003   247.30449208983248     
   3.2320805616558191E-003   247.30342007918958     
   3.2605552464396908E-003   247.30232910154169     
   3.2892807936813731E-003   247.30121882139815     
   3.3182594134833921E-003   247.30008889733739     
   3.3474933354193130E-003   247.29893898190232     
   3.3769848087052833E-003   247.29776872149327     
   3.4067361023730814E-003   247.29657775626023     
   3.4367495054446967E-003   247.29536571999193     
   3.4670273271084394E-003   247.29413224000371     
   3.4975718968966083E-003   247.29287693702324     
   3.5283855648647225E-003   247.29159942507420     
   3.5594707017723294E-003   247.29029931135810     
   3.5908296992654075E-003   247.28897619613349     
   3.6224649700603798E-003   247.28762967259368     
   3.6543789481297390E-003   247.28625932674200     
   3.6865740888893184E-003   247.28486473726474     
   3.7190528693872072E-003   247.28344547540217     
   3.7518177884943286E-003   247.28200110481708     
   3.7848713670967033E-003   247.28053118146113     
   3.8182161482893991E-003   247.27903525343851     
   3.8518546975721958E-003   247.27751286086766     
   3.8857896030469697E-003   247.27596353574043     
   3.9200234756168175E-003   247.27438680177852     
   3.9545589491869378E-003   247.27278217428770     
   3.9893986808672791E-003   247.27114916000926     
   4.0245453511769738E-003   247.26948725696892     
   4.0600016642505718E-003   247.26779595432299     
   4.0957703480460957E-003   247.26607473220227     
   4.1318541545549269E-003   247.26432306155246     
   4.1682558600135327E-003   247.26254040397222     
   4.2049782651170757E-003   247.26072621154862     
   4.2420241952348869E-003   247.25887992668902     
   4.2793965006278530E-003   247.25700098195071     
   4.3170980566677045E-003   247.25508879986688     
   4.3551317640582463E-003   247.25314279277023     
   4.3935005490585355E-003   247.25116236261283     
   4.4322073637080173E-003   247.24914690078336     
   4.4712551860536598E-003   247.24709578792073     
   4.5106470203790721E-003   247.24500839372448     
   4.5503858974356515E-003   247.24288407676246     
   4.5904748746757717E-003   247.24072218427412     
   4.6309170364880097E-003   247.23852205197093     
   4.6717154944344603E-003   247.23628300383368     
   4.7128733874901331E-003   247.23400435190524     
   4.7543938822844616E-003   247.23168539608039     
   4.7962801733449356E-003   247.22932542389202     
   4.8385354833428897E-003   247.22692371029314     
   4.8811630633414475E-003   247.22447951743530     
   4.9241661930456522E-003   247.22199209444312     
   4.9675481810548061E-003   247.21946067718500     
   5.0113123651170256E-003   247.21688448803945     
   5.0554621123860485E-003   247.21426273565771     
   5.1000008196802910E-003   247.21159461472195     
   5.1449319137441977E-003   247.20887930569955     
   5.1902588515118919E-003   247.20611597459242     
   5.2359851203731432E-003   247.20330377268286     
   5.2821142384416875E-003   247.20044183627428     
   5.3286497548258992E-003   247.19752928642737     
   5.3755952499018591E-003   247.19456522869228     
   5.4229543355888248E-003   247.19154875283550     
   5.4707306556271195E-003   247.18847893256199     
   5.5189278858584845E-003   247.18535482523296     
   5.5675497345088875E-003   247.18217547157829     
   5.6165999424738306E-003   247.17893989540369     
   5.6660822836061692E-003   247.17564710329364     
   5.7160005650064658E-003   247.17229608430813     
   5.7663586273159050E-003   247.16888580967469     
   5.8171603450117839E-003   247.16541523247494     
   5.8684096267056134E-003   247.16188328732545     
   5.9201104154438340E-003   247.15828889005354     
   5.9722666890111974E-003   247.15463093736659     
   6.0248824602368032E-003   247.15090830651661     
   6.0779617773028443E-003   247.14711985495796     
   6.1315087240560702E-003   247.14326441999998     
   6.1855274203219844E-003   247.13934081845275     
   6.2400220222218307E-003   247.13534784626736     
   6.2949967224923435E-003   247.13128427816957     
   6.3504557508083474E-003   247.12714886728713     
   6.4064033741081669E-003   247.12294034477048     
   6.4628438969219319E-003   247.11865741940724     
   6.5197816617027522E-003   247.11429877722969     
   6.5772210491608241E-003   247.10986308111546     
   6.6351664786004757E-003   247.10534897038104     
   6.6936224082601841E-003   247.10075506036895     
   6.7525933356555766E-003   247.09607994202690     
   6.8120837979254766E-003   247.09132218148019     
   6.8720983721809762E-003   247.08648031959629     
   6.9326416758575893E-003   247.08155287154239     
   6.9937183670705219E-003   247.07653832633449     
   7.0553331449730514E-003   247.07143514637957     
   7.1174907501180750E-003   247.06624176700919     
   7.1801959648228426E-003   247.06095659600498     
   7.2434536135368996E-003   247.05557801311642     
   7.3072685632132759E-003   247.05010436956974     
   7.3716457236829369E-003   247.04453398756863     
   7.4365900480325474E-003   247.03886515978627     
   7.5021065329855452E-003   247.03309614884822     
   7.5682002192865912E-003   247.02722518680690     
   7.6348761920893883E-003   247.02125047460672     
   7.7021395813479327E-003   247.01517018153987     
   7.7699955622112021E-003   247.00898244469283     
   7.8384493554213251E-003   247.00268536838334     
   7.9075062277152545E-003   246.99627702358760     
   7.9771714922299928E-003   246.98975544735754     
   8.0474505089113604E-003   246.98311864222833     
   8.1183486849263995E-003   246.97636457561515     
   8.1898714750793800E-003   246.96949117919999     
   8.2620243822314927E-003   246.96249634830787     
   8.3348129577242337E-003   246.95537794127199     
   8.4082428018065047E-003   246.94813377878850     
   8.4823195640654995E-003   246.94076164325958     
   8.5570489438613704E-003   246.93325927812560     
   8.6324366907657313E-003   246.92562438718591     
   8.7084886050040177E-003   246.91785463390744     
   8.7852105379017508E-003   246.90994764072209     
   8.8626083923347299E-003   246.90190098831164     
   8.9406881231831898E-003   246.89371221488040     
   9.0194557377899619E-003   246.88537881541581     
   9.0989172964226692E-003   246.87689824093599     
   9.1790789127400001E-003   246.86826789772439     
   9.2599467542620710E-003   246.85948514655166     
   9.3415270428449659E-003   246.85054730188398     
   9.4238260551594202E-003   246.84145163107820     
   9.5068501231737497E-003   246.83219535356255     
   9.5906056346410119E-003   246.82277564000432     
   9.6750990335904858E-003   246.81318961146252     
   9.7603368208234540E-003   246.80343433852659     
   9.8463255544133672E-003   246.79350684044050     
   9.9330718502104193E-003   246.78340408421147     
   1.0020582382350556E-002   246.77312298370413     
   1.0108863883768970E-002   246.76266039871891     
   1.0197923146718132E-002   246.75201313405503     
   1.0287767023290373E-002   246.74117793855734     
   1.0378402425945073E-002   246.73015150414730     
   1.0469836328040494E-002   246.71893046483740     
   1.0562075764370309E-002   246.70751139572906     
   1.0655127831704836E-002   246.69589081199328     
   1.0748999689337064E-002   246.68406516783449     
   1.0843698559633479E-002   246.67203085543673     
   1.0939231728589731E-002   246.65978420389183     
   1.1035606546391220E-002   246.64732147811006     
   1.1132830427978607E-002   246.63463887771218     
   1.1230910853618301E-002   246.62173253590277     
   1.1329855369477988E-002   246.60859851832473     
   1.1429671588207221E-002   246.59523282189480     
   1.1530367189523124E-002   246.58163137361919     
   1.1631949920801259E-002   246.56779002938961     
   1.1734427597671699E-002   246.55370457275933     
   1.1837808104620351E-002   246.53937071369825     
   1.1942099395595578E-002   246.52478408732782     
   1.2047309494620163E-002   246.50994025263469     
   1.2153446496408666E-002   246.49483469116265     
   1.2260518566990222E-002   246.47946280568328     
   1.2368533944336816E-002   246.46381991884391     
   1.2477500938997115E-002   246.44790127179436     
   1.2587427934735856E-002   246.43170202278910     
   1.2698323389178885E-002   246.41521724576819     
   1.2810195834463878E-002   246.39844192891343     
   1.2923053877896790E-002   246.38137097318108     
   1.3036906202614086E-002   246.36399919081106     
   1.3151761568250812E-002   246.34632130381038     
   1.3267628811614548E-002   246.32833194241277     
   1.3384516847365300E-002   246.31002564351220     
   1.3502434668701380E-002   246.29139684907159     
   1.3621391348051327E-002   246.27243990450447     
   1.3741396037771934E-002   246.25314905703121     
   1.3862457970852414E-002   246.23351845400776     
   1.3984586461624770E-002   246.21354214122729     
   1.4107790906480426E-002   246.19321406119474     
   1.4232080784593178E-002   246.17252805137238     
   1.4357465658648505E-002   246.15147784239798     
   1.4483955175579306E-002   246.13005705627350     
   1.4611559067308122E-002   246.10825920452473     
   1.4740287151495904E-002   246.08607768633135     
   1.4870149332297352E-002   246.06350578662671     
   1.5001155601122947E-002   246.04053667416733     
   1.5133316037407665E-002   246.01716339957125     
   1.5266640809386469E-002   245.99337889332526     
   1.5401140174876654E-002   245.96917596375997     
   1.5536824482067054E-002   245.94454729499299     
   1.5673704170314225E-002   245.91948544483901     
   1.5811789770945637E-002   245.89398284268734     
   1.5951091908069925E-002   245.86803178734516     
   1.6091621299394305E-002   245.84162444484707     
   1.6233388757049178E-002   245.81475284623022     
   1.6376405188420002E-002   245.78740888527440     
   1.6520681596986476E-002   245.75958431620631     
   1.6666229083169153E-002   245.73127075136858     
   1.6813058845183474E-002   245.70245965885192     
   1.6961182179901349E-002   245.67314236009071     
   1.7110610483720323E-002   245.64331002742091     
   1.7261355253440400E-002   245.61295368160080     
   1.7413428087148582E-002   245.58206418929254     
   1.7566840685111221E-002   245.55063226050601     
   1.7721604850674217E-002   245.51864844600229     
   1.7877732491171132E-002   245.48610313465875     
   1.8035235618839362E-002   245.45298655079236     
   1.8194126351744302E-002   245.41928875144379     
   1.8354416914711714E-002   245.38499962361908     
   1.8516119640268291E-002   245.35010888149077     
   1.8679246969590488E-002   245.31460606355580     
   1.8843811453461732E-002   245.27848052975162     
   1.9009825753238081E-002   245.24172145852856     
   1.9177302641822339E-002   245.20431784387887     
   1.9346255004646807E-002   245.16625849232162     
   1.9516695840664674E-002   245.12753201984302     
   1.9688638263350114E-002   245.08812684879121     
   1.9862095501707241E-002   245.04803120472639     
   2.0037080901287915E-002   245.00723311322417     
   2.0213607925218532E-002   244.96572039663224     
   2.0391690155235870E-002   244.92348067078098     
   2.0571341292732036E-002   244.88050134164558     
   2.0752575159808634E-002   244.83676960196078     
   2.0935405700340214E-002   244.79227242778700     
   2.1119846981047109E-002   244.74699657502802     
   2.1305913192577686E-002   244.70092857589844     
   2.1493618650600170E-002   244.65405473534253     
   2.1682977796904073E-002   244.60636112740193     
   2.1874005200511307E-002   244.55783359153330     
   2.2066715558797127E-002   244.50845772887462     
   2.2261123698620908E-002   244.45821889846022     
   2.2457244577466902E-002   244.40710221338369     
   2.2655093284595067E-002   244.35509253690907     
   2.2854685042201988E-002   244.30217447852843     
   2.3056035206592062E-002   244.24833238996743     
   2.3259159269358991E-002   244.19355036113689     
   2.3464072858577684E-002   244.13781221603068     
   2.3670791740006650E-002   244.08110150856984     
   2.3879331818301004E-002   244.02340151839206     
   2.4089709138236135E-002   243.96469524658630     
   2.4301939885942193E-002   243.90496541137287     
   2.4516040390149391E-002   243.84419444372787     
   2.4732027123444345E-002   243.78236448295240     
   2.4949916703537439E-002   243.71945737218570     
   2.5169725894541365E-002   243.65545465386293     
   2.5391471608260933E-002   243.59033756511582     
   2.5615170905494242E-002   243.52408703311824     
   2.5840840997345321E-002   243.45668367037445     
   2.6068499246548301E-002   243.38810776995109     
   2.6298163168803311E-002   243.31833930065250     
   2.6529850434124095E-002   243.24735790213964     
   2.6763578868197510E-002   243.17514287999154     
   2.6999366453755023E-002   243.10167320071088     
   2.7237231331956279E-002   243.02692748667252     
   2.7477191803784839E-002   242.95088401101538     
   2.7719266331456240E-002   242.87352069247765     
   2.7963473539838458E-002   242.79481509017648     
   2.8209832217884871E-002   242.71474439833031     
   2.8458361320079853E-002   242.63328544092636     
   2.8709079967897112E-002   242.55041466633187     
   2.8962007451270862E-002   242.46610814185007     
   2.9217163230079973E-002   242.38034154822145     
   2.9474566935645170E-002   242.29309017407041     
   2.9734238372239447E-002   242.20432891029768     
   2.9996197518611795E-002   242.11403224441941     
   3.0260464529524307E-002   242.02217425485321     
   3.0527059737302888E-002   241.92872860515203     
   3.0796003653401561E-002   241.83366853818629     
   3.1067316969980621E-002   241.73696687027535     
   3.1341020561498657E-002   241.63859598526895     
   3.1617135486318573E-002   241.53852782857950     
   3.1895682988327817E-002   241.43673390116658     
   3.2176684498572861E-002   241.33318525347420     
   3.2460161636908035E-002   241.22785247932222     
   3.2746136213658981E-002   241.12070570975337     
   3.3034630231300655E-002   241.01171460683651     
   3.3325665886150220E-002   240.90084835742846     
   3.3619265570074740E-002   240.78807566689514     
   3.3915451872214036E-002   240.67336475279399     
   3.4214247580718629E-002   240.55668333851909     
   3.4515675684503019E-002   240.43799864691121     
   3.4819759375014456E-002   240.31727739383419     
   3.5126522048017209E-002   240.19448578172012     
   3.5435987305392651E-002   240.06958949308483     
   3.5748178956955139E-002   239.94255368401716     
   3.6063121022283873E-002   239.81334297764278     
   3.6380837732570961E-002   239.68192145756615     
   3.6701353532485742E-002   239.54825266129333     
   3.7024693082055506E-002   239.41229957363748     
   3.7350881258562771E-002   239.27402462011148     
   3.7679943158459392E-002   239.13338966030869     
   3.8011904099297347E-002   238.99035598127742     
   3.8346789621676695E-002   238.84488429089049     
   3.8684625491210614E-002   238.69693471121514     
   3.9025437700507780E-002   238.54646677188509     
   3.9369252471172185E-002   238.39343940348087     
   3.9716096255820593E-002   238.23781093092072     
   4.0065995740117800E-002   238.07953906686720     
   4.0418977844829729E-002   237.91858090515393     
   4.0775069727894735E-002   237.75489291423673     
   4.1134298786513049E-002   237.58843093067489     
   4.1496692659254729E-002   237.41915015264630     
   4.1862279228186083E-002   237.24700513350356     
   4.2231086621014907E-002   237.07194977537506     
   4.2603143213254584E-002   236.89393732281735     
   4.2978477630407255E-002   236.71292035652547     
   4.3357118750166207E-002   236.52885078710651     
   4.3739095704637722E-002   236.34167984892355     
   4.4124437882582412E-002   236.15135809401679     
   4.4513174931676378E-002   235.95783538610868     
   4.4905336760792253E-002   235.76106089470093     
   4.5300953542300355E-002   235.56098308927005     
   4.5700055714390071E-002   235.35754973357083     
   4.6102673983411793E-002   235.15070788005477     
   4.6508839326239358E-002   234.94040386441279     
   4.6918582992653390E-002   234.72658330025092     
   4.7331936507745635E-002   234.50919107390791     
   4.7748931674344394E-002   234.28817133942528     
   4.8169600575461456E-002   234.06346751367835     
   4.8593975576760477E-002   233.83502227168026     
   4.9022089329047190E-002   233.60277754206777     
   4.9453974770781443E-002   233.36667450278219     
   4.9889665130611487E-002   233.12665357695437     
   5.0329193929930550E-002   232.88265442900780     
   5.0772594985455888E-002   232.63461596099091     
   5.1219902411830609E-002   232.38247630915129     
   5.1671150624248423E-002   232.12617284076595     
   5.2126374341101463E-002   231.86564215123983     
   5.2585608586651490E-002   231.60082006148741     
   5.3048888693724643E-002   231.33164161561223     
   5.3516250306429813E-002   231.05804107889833     
   5.3987729382901119E-002   230.77995193612969     
   5.4463362198064462E-002   230.49730689025372     
   5.4943185346428433E-002   230.21003786140494     
   5.5427235744899904E-002   229.91807598630572     
   5.5915550635624284E-002   229.62135161806219     
   5.6408167588850942E-002   229.31979432637269     
   5.6905124505823787E-002   229.01333289816750     
   5.7406459621697312E-002   228.70189533869953     
   5.7912211508478389E-002   228.38540887310455     
   5.8422419077993920E-002   228.06379994845258     
   5.8937121584884671E-002   227.73699423631015     
   5.9456358629625457E-002   227.40491663583538     
   5.9980170161571950E-002   227.06749127742816     
   6.0508596482034313E-002   226.72464152695756     
   6.1041678247377974E-002   226.37628999059001     
   6.1579456472151600E-002   226.02235852024214     
   6.2121972532242727E-002   225.66276821968287     
   6.2669268168061204E-002   225.29743945130980     
   6.3221385487750539E-002   224.92629184362553     
   6.3778366970427783E-002   224.54924429944086     
   6.4340255469451643E-002   224.16621500483154     
   6.4907094215719718E-002   223.77712143887652     
   6.5478926820994515E-002   223.38188038420614     
   6.6055797281258904E-002   222.98040793838928     
   6.6637749980101149E-002   222.57261952618896     
   6.7224829692129659E-002   222.15842991271782     
   6.7817081586417888E-002   221.73775321752305     
   6.8414551229979637E-002   221.31050292963374     
   6.9017284591274847E-002   220.87659192360255     
   6.9625328043746354E-002   220.43593247657483     
   7.0238728369387882E-002   219.98843628641885     
   7.0857532762343259E-002   219.53401449095156     
   7.1481788832537529E-002   219.07257768829493     
   7.2111544609340023E-002   218.60403595839824     
   7.2746848545259576E-002   218.12829888576286     
   7.3387749519672502E-002   217.64527558340600     
   7.4034296842583253E-002   217.15487471810127     
   7.4686540258418185E-002   216.65700453693336     
   7.5344529949853009E-002   216.15157289520607     
   7.6008316541673573E-002   215.63848728574226     
   7.6677951104671002E-002   215.11765486961508     
   7.7353485159570939E-002   214.58898250835131     
   7.8034970680997504E-002   214.05237679764610     
   7.8722460101472130E-002   213.50774410263088     
   7.9416006315447651E-002   212.95499059473491     
   8.0115662683377983E-002   212.39402229018273     
   8.0821483035823483E-002   211.82474509016853     
   8.1533521677592702E-002   211.24706482275036     
   8.2251833391920465E-002   210.66088728650521     
   8.2976473444682813E-002   210.06611829598907     
   8.3707497588649135E-002   209.46266372904233     
   8.4444962067771620E-002   208.85042957598483     
   8.5188923621512702E-002   208.22932199074194     
   8.5939439489210359E-002   207.59924734394411     
   8.6696567414482201E-002   206.96011227804223     
   8.7460365649667984E-002   206.31182376448083     
   8.8230892960311696E-002   205.65428916296912     
   8.9008208629682645E-002   204.98741628289355     
   8.9792372463336864E-002   204.31111344690925     
   9.0583444793718271E-002   203.62528955675282     
   9.1381486484800656E-002   202.92985416131370     
   9.2186558936770510E-002   202.22471752700312     
   9.2998724090750925E-002   201.50979071045768     
   9.3818044433567407E-002   200.78498563361367     
   9.4644583002555474E-002   200.05021516118637     
   9.5478403390410541E-002   199.30539318058902     
   9.6319569750080880E-002   198.55043468432154     
   9.7168146799703245E-002   197.78525585486128     
   9.8024199827582287E-002   197.00977415208212     
   9.8887794697213788E-002   196.22390840322961     
   9.9758997852351969E-002   195.42757889547610     
  0.10063787632212172        194.62070747107668     
  0.10152449772617564        193.80321762514654     
  0.10241893027989661        192.97503460607496     
  0.10332124279964622        192.13608551859005     
  0.10423150470805934        191.28629942948425     
  0.10514978603938546        190.42560747600783     
  0.10607615744487701        189.55394297693252     
  0.10701069019822515        188.67124154628632     
  0.10795345620104345        187.77744120975302     
  0.10890452798839995        186.87248252372825     
  0.10986397873439785        185.95630869701799     
  0.11083188225780546        185.02886571516063     
  0.11180831302773571        184.09010246734880     
  0.11279334616937566        183.13997087592162     
  0.11378705746976653        182.17842602839181     
  0.11478952338363470        181.20542631196690     
  0.11580082103927399        180.22093355051641     
  0.11682102824447978        179.22491314393085     
  0.11785022349253546        178.21733420981116     
  0.11888848596825158        177.19816972741972     
  0.11993589555405824        176.16739668381643     
  0.12099253283615111        175.12499622209634     
  0.12205847911069154        174.07095379163397     
  0.12313381639006157        173.00525930023525     
  0.12421862740917364        171.92790726808533     
  0.12531299563183618        170.83889698337174     
  0.12641700525717520        169.73823265945498     
  0.12753074122611247        168.62592359344495     
  0.12865428922790073        167.50198432603486     
  0.12978773570671645        166.36643480243015     
  0.13093116786831077        165.21930053420158     
  0.13208467368671906        164.06061276187836     
  0.13324834191102936        162.89040861808681     
  0.13442226207221070        161.70873129102665     
  0.13560652449000149        160.51563018806615     
  0.13680122027985858        159.31116109922289     
  0.13800644135996754        158.09538636028617     
  0.13922228045831467        156.86837501532213     
  0.14044883111982148        155.63020297828950     
  0.14168618771354180        154.38095319348187     
  0.14293444543992243        153.12071579449577     
  0.14419370033812773        151.84958826141289     
  0.14546404929342877        150.56767557586804     
  0.14674559004465743        149.27509037366247     
  0.14803842119172639        147.97195309456555     
  0.14934264220321530        146.65839212893587     
  0.15065835342402364        145.33454396077732     
  0.15198565608309117        144.00055330683062     
  0.15332465230118628        142.65657325128899     
  0.15467544509876319        141.30276537571009     
  0.15603813840388794        139.93929988368535     
  0.15741283706023473        138.56635571981073     
  0.15879964683515221        137.18412068249435     
  0.16019867442780128        135.79279153011970     
  0.16161002747736408        134.39257408007325     
  0.16303381457132601        132.98368330013244     
  0.16447014525382991        131.56634339170046     
  0.16591913003410441        130.14078786436167     
  0.16738088039496635        128.70725960122425     
  0.16885550880139810        127.26601091450650     
  0.17034312870920043        125.81730359081634     
  0.17184385457372156        124.36140892556729     
  0.17335780185866342        122.89860774596721     
  0.17488508704496503        121.42919042201473     
  0.17642582763976447        119.95345686493300     
  0.17798014218543973        118.47171651247100     
  0.17954815026872917        116.98428830050239     
  0.18112997252993235        115.49150062035409     
  0.18272573067219192        113.99369126130162     
  0.18433554747085729        112.49120733767292     
  0.18595954678293072        110.98440520001211     
  0.18759785355659692        109.47365032976363     
  0.18925059384083609        107.95931721695119     
  0.19091789479512219        106.44178922033976     
  0.19259988469920628        104.92145840958793     
  0.19429669296298616        103.39872538891748     
  0.19600845013646306        101.87399910185010     
  0.19773528791978603        100.34769661658844     
  0.19947733917338456        98.820242891646231     
  0.20123473792819085        97.292070521365844     
  0.20300761939595185        95.763619460995926     
  0.20479611997963237        94.235336731041059     
  0.20660037728390959        92.707676100637158     
  0.20842053012576031        91.181097749751927     
  0.21025671854514116        89.656067910057772     
  0.21210908381576327        88.133058484378154     
  0.21397776845596156        86.612546644662544     
  0.21586291623965984        85.095014408506174     
  0.21776467220743267        83.580948194291693     
  0.21968318267766460        82.070838355097905     
  0.22161859525780755        80.565178691588628     
  0.22357105885573764        79.064465944169200     
  0.22554072369121198        77.569199264772791     
  0.22752774130742615        76.079879668719514     
  0.22953226458267398        74.597009467171929     
  0.23155444774210965        73.121091680796582     
  0.23359444636961360        71.652629435328379     
  0.23565241741976281        70.192125339824457     
  0.23772851922990687        68.740080848485576     
  0.23982291153235002        67.296995607017791     
  0.24193575546664092        65.863366784601141     
  0.24406721359197028        64.439688392629080     
  0.24621744989967814        63.026450591478152     
  0.24838662982587104        61.624138986665649     
  0.25057492026415035        60.233233915848956     
  0.25278248957845295        58.854209728216169     
  0.25500950761600494        57.487534057913294     
  0.25725614572038935        56.133667093245364     
  0.25952257674472901        54.793060843479736     
  0.26180897506498568        53.466158405167420     
  0.26411551659337651        52.153393229981646     
  0.26644237879190813        50.855188396153011     
  0.26878974068603051        49.571955885654361     
  0.27115778287841086        48.304095869357255     
  0.27354668756282891        47.051996002444206     
  0.27595663853819485        45.816030732415534     
  0.27838782122269023        44.596560622077092     
  0.28084042266803411        43.393931689932344     
  0.28331463157387421        42.208474770432389     
  0.28581063830230546        41.040504896554765     
  0.28832863489251603        39.890320707190895     
  0.29086881507556267        38.758203881817124     
  0.29343137428927601        37.644418604909170     
  0.29601650969329724        36.549211062530595     
  0.29862442018424745        35.472808973483595     
  0.30125530641103032        34.415421157355034     
  0.30390937079026970        33.377237141719938     
  0.30658681752188344        32.358426810679418     
  0.30928785260479408        31.359140096811082     
  0.31201268385277825        30.379506718494035     
  0.31476152091045539        29.419635964440999     
  0.31753457526941781        28.479616527124328     
  0.32033206028450201        27.559516386622690     
  0.32315419119020455        26.659382746239196     
  0.32600118511724141        25.779242021052930     
  0.32887326110925397        24.919099880361479     
  0.33177064013966162        24.078941344755723     
  0.33469354512866356        23.258730938338182     
  0.33764220096038977        22.458412896356059     
  0.34061683450020297        21.677911428268281     
  0.34361767461215381        20.917131036005159     
  0.34664495217658908        20.175956886911475     
  0.34969890010791532        19.454255240588672     
  0.35277975337251899        18.751873928572415     
  0.35588774900684444        18.068642885499898     
  0.35902312613563109        17.404374730137874     
  0.36218612599031130        16.758865394360036     
  0.36537699192757067        16.131894797883966     
  0.36859596944807116        15.523227566303618     
  0.37184330621533984        14.932613789687784     
  0.37511925207482366        14.359789818758674     
  0.37842405907311205        13.804479095421176     
  0.38175798147732953        13.266393014183784     
  0.38512127579469796        12.745231810800679     
  0.38851420079227239        12.240685474270377     
  0.39193701751685001        11.752434678155625     
  0.39538998931505470        11.280151727040517     
  0.39887338185359850        10.823501513818185     
  0.40238746313972190        10.382142483407026     
  0.40593250354181371        9.9557275984270444     
  0.40950877581021261        9.5439053023312823     
  0.41311655509819267        9.1463204754829697     
  0.41675611898313292        8.7626153796966708     
  0.42042774748787382        8.3924305868222469     
  0.42413172310226172        8.0354058870449574     
  0.42786833080488346        7.6911811727022208     
  0.43163785808499205        7.3593972935783123     
  0.43544059496462567        7.0396968798311548     
  0.43927683402092171        6.7317251289294386     
  0.44314687040862694        6.4351305532326100     
  0.44705100188280655        6.1495656851282519     
  0.45098952882175308        5.8746877369497943     
  0.45496275425009680        5.6101592132291938     
  0.45897098386211999        5.3556484731917466     
  0.46301452604527704        5.1108302417705351     
  0.46709369190392092        4.8753860678026637     
  0.47120879528323922        4.6490047284648792     
  0.47536015279340105        4.4313825794085817     
  0.47954808383391656        4.2222238504600274     
  0.48377291061821082        4.0212408871560390     
  0.48803495819841475        3.8281543387852444     
  0.49233455449037428        3.6426932939956087     
  0.49667203029887924        3.4645953654062960     
  0.50104771934311554        3.2936067250223360     
  0.50546195828234031        3.1294820925901932     
  0.50991508674178510        2.9719846793472224     
  0.51440744733878541        2.8208860899057067     
  0.51893938570914078        2.6759661852686030     
  0.52351125053370851        2.5370129101975967     
  0.52812339356523030        2.4038220883421375     
  0.53277616965539509        2.2761971886885459     
  0.53746993678214139        2.1539490670004029     
  0.54220505607719949        2.0368956859941707     
  0.54698189185387636        1.9248618180269810     
  0.55180081163508565        1.8176787340670690     
  0.55666218618162355        1.7151838826723116     
  0.56156638952069560        1.6172205626195715     
  0.56651379897469334        1.5236375927094092     
  0.57150479519022512        1.4342889821186369     
  0.57653976216740210        1.3490336044904032     
  0.58161908728938316        1.2677348787405569     
  0.58674316135217941        1.1902604593234871     
  0.59191237859472112        1.1164819384439488     
  0.59712713672919093        1.0462745624272971     
  0.60238783697162190       0.97951696417330103     
  0.60769488407276773       0.91609091332182480     
  0.61304868634924270       0.85588108545682351     
  0.61844965571493760       0.79877485137173143     
  0.62389820771271176       0.74466208711881832     
  0.62939476154636387       0.69343500527085811     
  0.63493974011288545       0.64498800753922103     
  0.64053357003499767       0.59921755862147419     
  0.64617668169397524       0.55602208089662208     
  0.65186950926275888       0.51530186935000488     
  0.65761249073936068       0.47695902589456923     
  0.66340606798056245       0.44089741206282440     
  0.66925068673591193       0.40702261887541430     
  0.67514679668201794       0.37524195254907966     
  0.68109485145714765       0.34546443458927067     
  0.68709530869612945       0.31760081472099827     
  0.69314863006556215       0.29156359504551088     
  0.69925528129933523       0.26726706376933212     
  0.70541573223446141       0.24462733683531021     
  0.71163045684722592       0.22356240579128586     
  0.71789993328965285       0.20399219025936682     
  0.72422464392629393       0.18583859341583700     
  0.73060507537134056       0.16902555895663304     
  0.73704171852606359       0.15347912810398093     
  0.74353506861658270       0.13912749530416429     
  0.75008562523196753       0.12590106137229709     
  0.75669389236267648       0.11373248295519611     
  0.76336037843933224       0.10255671730590102     
  0.77008559637183971        9.2311061490866445E-002
  0.77687006358884936        8.2935185281402535E-002
  0.78371430207756632        7.4371157112594982E-002
  0.79061883842391212        6.6563462623888792E-002
  0.79758420385303930        5.9459015424135515E-002
  0.80461093427020292        5.3007159848632808E-002
  0.81169957030199258        4.7159665595203459E-002
  0.81885065733792728        4.1870714239474381E-002
  0.82606474557241671        3.7096877735205515E-002
  0.83334239004709310        3.2797089102949477E-002
  0.84068415069351476        2.8932605598806227E-002
  0.84809059237624640        2.5466964734059020E-002
  0.85556228493631958        2.2365933585679693E-002
  0.86309980323507429        1.9597451896859942E-002
  0.87070372719838973        1.7131569515782159E-002
  0.87837464186130088        1.4940378759862099E-002
  0.88611313741301234        1.2997942321836297E-002
  0.89391980924230507        1.1280217353644654E-002
  0.90179525798334526        9.7649763744415870E-003
  0.90974008956189689        8.4317256507600805E-003
  0.91775491524193964        7.2616216903980506E-003
  0.92584035167269951        6.2373864776318491E-003
  0.93399702093609283        5.3432220565712875E-003
  0.94222555059458790        4.5647250425823946E-003
  0.95052657373948923        3.8888016094857122E-003
  0.95890072903964640        3.3035834634740440E-003
  0.96734866079059267        2.7983452741844501E-003
  0.97587101896411577        2.3634239899024100E-003
  0.98446845925826565        1.9901404182620310E-003
  0.99314164314780395        1.6707234068022948E-003
   1.0018912379350953        1.3982369100846062E-003
   1.0107179168014504        1.1665101824697109E-003
   1.0196223588589184        9.7007128874537340E-004
   1.0286052492025368        8.0408407918522429E-004
   1.0376672789630428        6.6428873184171035E-004
   1.0468091453600465        5.4694592340138386E-004
   1.0560315517556751        4.4878465115989730E-004
   1.0653352077086877        3.6695369293609614E-004
   1.0747208290290684        2.9897665929543862E-004
   1.0841891378330997        2.4271056347634337E-004
   1.0937408625989202        1.9630780902189115E-004
   1.1033767382225736        1.5818147335872521E-004
   1.1130975060745509        1.2697374741656758E-004
   1.1229039140568284        1.0152737676847467E-004
   1.1327967166604131        8.0859938564219853E-005
   1.1427766750233892        6.4140780551811844E-005
   1.1528445569894816        5.0670443520833647E-005
   1.1630011371671303        3.9862386311024936E-005
   1.1732471969890899        3.1226832841178193E-005
   1.1835835247725501        2.4356563142118703E-005
   1.1940109157797891        1.8914474829159409E-005
   1.2045301722793591        1.4622747527951221E-005
   1.2151421036078112        1.1253450181042762E-005
   1.2258475262319668        8.6204396284295438E-006
   1.2366472638117321        6.5724081060846139E-006
   1.2475421472634727        4.9869470925345801E-006
   1.2585330148239404        3.7655050272249680E-006
   1.2696207121147678        2.8291266217654286E-006
   1.2808060922075282        2.1148716075759471E-006
   1.2920900156893695        1.5728206583202693E-006
   1.3034733507292280        1.1635857660964773E-006
   1.3149569731446227        8.5625143515038485E-007
   1.3265417664690391        6.2668160836272794E-007
   1.3382286220199091        4.5613520471392884E-007
   1.3500184389671852        3.3014048540646642E-007
   1.3619121244025232        2.3758516539488399E-007
   1.3739105934090714        1.6998524442406938E-007
   1.3860147691318767        1.2090095914653110E-007
   1.3982255828489090        8.5473078048779111E-008
   1.4105439740427137        6.0057004727693054E-008
   1.4229708904726923        4.1935859695454168E-008
   1.4355072882480240        2.9096917755616667E-008
   1.4481541319012254        2.0058530943183939E-008
   1.4609123944623614        1.3737010854982953E-008
   1.4737830575339077        9.3449233727034839E-009
   1.4867671113662755        6.3139063910635553E-009
   1.4998655549339981        4.2364981348290409E-009
   1.5130793960125919        2.8225981633048209E-009
   1.5264096512560925        1.8671102710920152E-009
   1.5398573462752754        1.2260679031982079E-009
   1.5534235157165635        7.9914669264971139E-010
   1.5671092033416336        5.1695020080862687E-010
   1.5809154621077197        3.3183554771647346E-010
   1.5948433542486271        2.1134396593354864E-010
   1.6088939513564593        1.3353319587723762E-010
   1.6230683344640644        8.3687329827478656E-011
   1.6373675941282080        5.2016221725422419E-011
   1.6517928305134797        3.2059958857543814E-011
   1.6663451534769376        1.9591491468666487E-011
   1.6810256826534997        1.1868247403973000E-011
   1.6958355475420865        7.1261218146616198E-012
   1.7107758875925234        4.2403262570330917E-012
   1.7258478522932079        2.5000880186086527E-012
   1.7410526012595502        1.4603289847083833E-012
   1.7563913043231913        8.4491618402287482E-013
   1.7718651416220097        4.8413996531383608E-013
   1.7874753036909183        2.7469337990836494E-013
   1.8032229915534630        1.5430132562738178E-013
   1.8191094168142274        8.5794261385473956E-014
   1.8351358017520523        4.7210161820061185E-014
   1.8513033794140756        2.5705234209826974E-014
   1.8676133937106021        1.3846347131648412E-014
   1.8840670995108071        7.3772372119998110E-015
   1.9006657627392844        3.8869862978540526E-015
   1.9174106604734460        2.0249176034303204E-015
   1.9343030810417765        1.0427726392660469E-015
   1.9513443241229573        5.3072692672346841E-016
   1.9685357008458606        2.6690798640065340E-016
   1.9858785338904266        1.3260780844953720E-016
