   3.7363333963997891E-006   227.17948905950811     
   3.7692505572441434E-006   227.17948905662735     
   3.8024577188360484E-006   227.17948905650621     
   3.8359574360870271E-006   227.17948905448719     
   3.8697522864174184E-006   227.17948905429512     
   3.9038448699546771E-006   227.17948905406672     
   3.9382378097334264E-006   227.17948905100735     
   3.9729337518972669E-006   227.17948904884156     
   4.0079353659023709E-006   227.17948904756884     
   4.0432453447228662E-006   227.17948904625712     
   4.0788664050580269E-006   227.17948904537127     
   4.1148012875412923E-006   227.17948904397940     
   4.1510527569511334E-006   227.17948904301215     
   4.1876236024237632E-006   227.17948904060603     
   4.2245166376677322E-006   227.17948903955426     
   4.2617347011804136E-006   227.17948903799351     
   4.2992806564663888E-006   227.17948903592304     
   4.3371573922577633E-006   227.17948903473905     
   4.3753678227364232E-006   227.17948903164665     
   4.4139148877582458E-006   227.17948903083612     
   4.4528015530792873E-006   227.17948902904698     
   4.4920308105839666E-006   227.17948902674391     
   4.5316056785152565E-006   227.17948902485756     
   4.5715292017068987E-006   227.17948902338702     
   4.6118044518176754E-006   227.17948902186572     
   4.6524345275677324E-006   227.17948902029281     
   4.6934225549769950E-006   227.17948901727038     
   4.7347716876056746E-006   227.17948901559140     
   4.7764851067969029E-006   227.17948901385796     
   4.8185660219215001E-006   227.17948901206910     
   4.8610176706248957E-006   227.17948900975824     
   4.9038433190762326E-006   227.17948900785569     
   4.9470462622196591E-006   227.17948900542905     
   4.9906298240278368E-006   227.17948900340866     
   5.0345973577576825E-006   227.17948900086208     
   5.0789522462083648E-006   227.17948899825399     
   5.1236979019815694E-006   227.17948899604903     
   5.1688377677440632E-006   227.17948899424584     
   5.2143753164925635E-006   227.17948899144648     
   5.2603140518209491E-006   227.17948898904672     
   5.3066575081898192E-006   227.17948898611411     
   5.3534092511984336E-006   227.17948898311323     
   5.4005728778590398E-006   227.17948898097393     
   5.4481520168736249E-006   227.17948897876391     
   5.4961503289131043E-006   227.17948897508478     
   5.5445715068989637E-006   227.17948897319496     
   5.5934192762873912E-006   227.17948897029919     
   5.6426973953559073E-006   227.17948896732736     
   5.6924096554925233E-006   227.17948896427833     
   5.7425598814874399E-006   227.17948896161624     
   5.7931519318273260E-006   227.17948895840846     
   5.8441896989921860E-006   227.17948895558470     
   5.8956771097548368E-006   227.17948895174686     
   5.9476181254830307E-006   227.17948894922148     
   6.0000167424442392E-006   227.17948894614455     
   6.0528769921131158E-006   227.17948894298019     
   6.1062029414816768E-006   227.17948893926126     
   6.1599986933722072E-006   227.17948893591739     
   6.2142683867529236E-006   227.17948893248143     
   6.2690161970564241E-006   227.17948892895163     
   6.3242463365009420E-006   227.17948892439517     
   6.3799630544144218E-006   227.17948892160416     
   6.4361706375614596E-006   227.17948891731737     
   6.4928734104731238E-006   227.17948891386123     
   6.5500757357796709E-006   227.17948891076850     
   6.6077820145462065E-006   227.17948890617453     
   6.6659966866112938E-006   227.17948890287147     
   6.7247242309285516E-006   227.17948889806371     
   6.7839691659112529E-006   227.17948889407728     
   6.8437360497799717E-006   227.17948888997915     
   6.9040294809132808E-006   227.17948888530162     
   6.9648540982015483E-006   227.17948888143968     
   7.0262145814038425E-006   227.17948887699436     
   7.0881156515079911E-006   227.17948887289475     
   7.1505620710938071E-006   227.17948886820739     
   7.2135586446995071E-006   227.17948886386165     
   7.2771102191913745E-006   227.17948885799245     
   7.3412216841366700E-006   227.17948885385749     
   7.4058979721798178E-006   227.17948884819458     
   7.4711440594219310E-006   227.17948884379541     
   7.5369649658036546E-006   227.17948883832941     
   7.6033657554913938E-006   227.17948883365688     
   7.6703515372669519E-006   227.17948882884389     
   7.7379274649205839E-006   227.17948882295673     
   7.8060987376475233E-006   227.17948881738977     
   7.8748706004479998E-006   227.17948881214062     
   7.9442483445307959E-006   227.17948880627512     
   8.0142373077203204E-006   227.17948880118780     
   8.0848428748673130E-006   227.17948879501313     
   8.1560704782631380E-006   227.17948878914535     
   8.2279255980577392E-006   227.17948878288325     
   8.3004137626812761E-006   227.17948877668965     
   8.3735405492694717E-006   227.17948876986293     
   8.4473115840927070E-006   227.17948876403028     
   8.5217325429889048E-006   227.17948875755860     
   8.5968091518002135E-006   227.17948875044499     
   8.6725471868135508E-006   227.17948874454885     
   8.7489524752050168E-006   227.17948873707297     
   8.8260308954882381E-006   227.17948873034271     
   8.9037883779666398E-006   227.17948872319045     
   8.9822309051897268E-006   227.17948871607837     
   9.0613645124133650E-006   227.17948870900335     
   9.1411952880641243E-006   227.17948870149604     
   9.2217293742077240E-006   227.17948869355303     
   9.3029729670215752E-006   227.17948868610199     
   9.3849323172715299E-006   227.17948867844080     
   9.4676137307927858E-006   227.17948867033289     
   9.5510235689750565E-006   227.17948866200737     
   9.6351682492520109E-006   227.17948865369311     
   9.7200542455950189E-006   227.17948864538624     
   9.8056880890112404E-006   227.17948863638435     
   9.8920763680461281E-006   227.17948862784743     
   9.9792257292903271E-006   227.17948861860719     
   1.0067142877891063E-005   227.17948860982369     
   1.0155834578068018E-005   227.17948860056117     
   1.0245307653633769E-005   227.17948859128120     
   1.0335568988518799E-005   227.17948858197911     
   1.0426625527301130E-005   227.17948857195188     
   1.0518484275740638E-005   227.17948856189355     
   1.0611152301318064E-005   227.17948855203218     
   1.0704636733778773E-005   227.17948854189740     
   1.0798944765681309E-005   227.17948853148437     
   1.0894083652950778E-005   227.17948852078814     
   1.0990060715437110E-005   227.17948851003661     
   1.1086883337478239E-005   227.17948849922465     
   1.1184558968468241E-005   227.17948848764843     
   1.1283095123430478E-005   227.17948847646699     
   1.1382499383595801E-005   227.17948846497643     
   1.1482779396985832E-005   227.17948845293836     
   1.1583942879001390E-005   227.17948844104581     
   1.1685997613016112E-005   227.17948842882748     
   1.1788951450975286E-005   227.17948841627748     
   1.1892812313999972E-005   227.17948840338994     
   1.1997588192996442E-005   227.17948839085750     
   1.2103287149270989E-005   227.17948837750993     
   1.2209917315150151E-005   227.17948836450512     
   1.2317486894606399E-005   227.17948835090539     
   1.2426004163889347E-005   227.17948833717008     
   1.2535477472162505E-005   227.17948832305984     
   1.2645915242145654E-005   227.17948830880084     
   1.2757325970762881E-005   227.17948829438637     
   1.2869718229796321E-005   227.17948827957673     
   1.2983100666545655E-005   227.17948826413203     
   1.3097482004493422E-005   227.17948824920933     
   1.3212871043976185E-005   227.17948823340441     
   1.3329276662861631E-005   227.17948821764128     
   1.3446707817231606E-005   227.17948820121376     
   1.3565173542071191E-005   227.17948818481295     
   1.3684682951963841E-005   227.17948816796530     
   1.3805245241792645E-005   227.17948815089568     
   1.3926869687447768E-005   227.17948813382890     
   1.4049565646540126E-005   227.17948811605845     
   1.4173342559121348E-005   227.17948809827419     
   1.4298209948410076E-005   227.17948808000216     
   1.4424177421524674E-005   227.17948806123371     
   1.4551254670222378E-005   227.17948804219299     
   1.4679451471644972E-005   227.17948802287071     
   1.4808777689071028E-005   227.17948800349097     
   1.4939243272674768E-005   227.17948798334589     
   1.5070858260291614E-005   227.17948796359019     
   1.5203632778190499E-005   227.17948794281722     
   1.5337577041852952E-005   227.17948792171586     
   1.5472701356759067E-005   227.17948790050883     
   1.5609016119180388E-005   227.17948787825486     
   1.5746531816979806E-005   227.17948785587487     
   1.5885259030418444E-005   227.17948783382417     
   1.6025208432969716E-005   227.17948781046221     
   1.6166390792140517E-005   227.17948778740794     
   1.6308816970299656E-005   227.17948776371912     
   1.6452497925513603E-005   227.17948773926793     
   1.6597444712389578E-005   227.17948771462511     
   1.6743668482926070E-005   227.17948768954619     
   1.6891180487370883E-005   227.17948766413576     
   1.7039992075086680E-005   227.17948763803247     
   1.7190114695424209E-005   227.17948761180622     
   1.7341559898603191E-005   227.17948758462961     
   1.7494339336600976E-005   227.17948755742117     
   1.7648464764049045E-005   227.17948752970244     
   1.7803948039137369E-005   227.17948750146024     
   1.7960801124526781E-005   227.17948747233186     
   1.8119036088269363E-005   227.17948744311866     
   1.8278665104736931E-005   227.17948741310812     
   1.8439700455557730E-005   227.17948738275209     
   1.8602154530561360E-005   227.17948735191959     
   1.8766039828732034E-005   227.17948732024672     
   1.8931368959170222E-005   227.17948728818448     
   1.9098154642062785E-005   227.17948725571762     
   1.9266409709661646E-005   227.17948722248138     
   1.9436147107271092E-005   227.17948718869309     
   1.9607379894243759E-005   227.17948715433664     
   1.9780121244985393E-005   227.17948711939601     
   1.9954384449968492E-005   227.17948708385450     
   2.0130182916754838E-005   227.17948704757890     
   2.0307530171027055E-005   227.17948701078501     
   2.0486439857629269E-005   227.17948697322254     
   2.0666925741616917E-005   227.17948693499011     
   2.0849001709315798E-005   227.17948689630271     
   2.1032681769390483E-005   227.17948685655972     
   2.1217980053922119E-005   227.17948681632458     
   2.1404910819495730E-005   227.17948677534542     
   2.1593488448297086E-005   227.17948673383586     
   2.1783727449219275E-005   227.17948669142686     
   2.1975642458978970E-005   227.17948664809842     
   2.2169248243242559E-005   227.17948660417932     
   2.2364559697762225E-005   227.17948655941603     
   2.2561591849521960E-005   227.17948651390378     
   2.2760359857893750E-005   227.17948646750483     
   2.2960879015803902E-005   227.17948642054637     
   2.3163164750909677E-005   227.17948637254051     
   2.3367232626786241E-005   227.17948632369757     
   2.3573098344124131E-005   227.17948627399437     
   2.3780777741937241E-005   227.17948622340742     
   2.3990286798781436E-005   227.17948617202927     
   2.4201641633983942E-005   227.17948611971917     
   2.4414858508883514E-005   227.17948606633615     
   2.4629953828081596E-005   227.17948601208775     
   2.4846944140704446E-005   227.17948595683185     
   2.5065846141676403E-005   227.17948590089173     
   2.5286676673004371E-005   227.17948584354235     
   2.5509452725073632E-005   227.17948578545520     
   2.5734191437955035E-005   227.17948572636993     
   2.5960910102723766E-005   227.17948566602587     
   2.6189626162789661E-005   227.17948560462725     
   2.6420357215239303E-005   227.17948554237790     
   2.6653121012189897E-005   227.17948547878285     
   2.6887935462155118E-005   227.17948541404490     
   2.7124818631422937E-005   227.17948534836620     
   2.7363788745445641E-005   227.17948528136662     
   2.7604864190242050E-005   227.17948521313082     
   2.7848063513812138E-005   227.17948514397597     
   2.8093405427564063E-005   227.17948507317078     
   2.8340908807753807E-005   227.17948500138039     
   2.8590592696937505E-005   227.17948492857096     
   2.8842476305436504E-005   227.17948485412580     
   2.9096579012815444E-005   227.17948477859193     
   2.9352920369373239E-005   227.17948470135150     
   2.9611520097647273E-005   227.17948462283374     
   2.9872398093930821E-005   227.17948454300171     
   3.0135574429803846E-005   227.17948446205048     
   3.0401069353677267E-005   227.17948437924326     
   3.0668903292350835E-005   227.17948429523949     
   3.0939096852584786E-005   227.17948420965024     
   3.1211670822685239E-005   227.17948412255146     
   3.1486646174103648E-005   227.17948403378563     
   3.1764044063050317E-005   227.17948394354374     
   3.2043885832122124E-005   227.17948385201595     
   3.2326193011944584E-005   227.17948375857685     
   3.2610987322828388E-005   227.17948366347332     
   3.2898290676440541E-005   227.17948356666051     
   3.3188125177490201E-005   227.17948346809271     
   3.3480513125429399E-005   227.17948336789800     
   3.3775477016168699E-005   227.17948326591261     
   3.4073039543808045E-005   227.17948316208845     
   3.4373223602382769E-005   227.17948305649287     
   3.4676052287625054E-005   227.17948294901771     
   3.4981548898740875E-005   227.17948283967041     
   3.5289736940202608E-005   227.17948272828306     
   3.5600640123557423E-005   227.17948261497747     
   3.5914282369251633E-005   227.17948249958380     
   3.6230687808471098E-005   227.17948238222226     
   3.6549880784997812E-005   227.17948226266265     
   3.6871885857082933E-005   227.17948214131439     
   3.7196727799336207E-005   227.17948201747970     
   3.7524431604632122E-005   227.17948189168214     
   3.7855022486032814E-005   227.17948176351314     
   3.8188525878727928E-005   227.17948163314503     
   3.8524967441991561E-005   227.17948150045788     
   3.8864373061156463E-005   227.17948136538917     
   3.9206768849605581E-005   227.17948122799135     
   3.9552181150781235E-005   227.17948108802517     
   3.9900636540211898E-005   227.17948094571534     
   4.0252161827556936E-005   227.17948080087831     
   4.0606784058669231E-005   227.17948065344575     
   4.0964530517676111E-005   227.17948050346416     
   4.1325428729078533E-005   227.17948035068849     
   4.1689506459868760E-005   227.17948019533736     
   4.2056791721666747E-005   227.17948003722097     
   4.2427312772875286E-005   227.17947987620653     
   4.2801098120854180E-005   227.17947971256729     
   4.3178176524113563E-005   227.17947954570189     
   4.3558576994526538E-005   227.17947937611365     
   4.3942328799561282E-005   227.17947920354806     
   4.4329461464532895E-005   227.17947902780708     
   4.4720004774874973E-005   227.17947884898223     
   4.5113988778431311E-005   227.17947866704725     
   4.5511443787767723E-005   227.17947848197463     
   4.5912400382504227E-005   227.17947829344388     
   4.6316889411667831E-005   227.17947810154072     
   4.6724941996065978E-005   227.17947790634906     
   4.7136589530680970E-005   227.17947770771866     
   4.7551863687085432E-005   227.17947750561376     
   4.7970796415879083E-005   227.17947729982257     
   4.8393419949146965E-005   227.17947709042244     
   4.8819766802939350E-005   227.17947687731447     
   4.9249869779773448E-005   227.17947666051452     
   4.9683761971157237E-005   227.17947643974554     
   5.0121476760135396E-005   227.17947621513605     
   5.0563047823857847E-005   227.17947598658009     
   5.1008509136170727E-005   227.17947575396954     
   5.1457894970230377E-005   227.17947551713644     
   5.1911239901140218E-005   227.17947527625995     
   5.2368578808610894E-005   227.17947503105171     
   5.2829946879643939E-005   227.17947478151223     
   5.3295379611238925E-005   227.17947452752384     
   5.3764912813124630E-005   227.17947426908279     
   5.4238582610514125E-005   227.17947400612530     
   5.4716425446884254E-005   227.17947373829435     
   5.5198478086779477E-005   227.17947346592922     
   5.5684777618640545E-005   227.17947318866823     
   5.6175361457657991E-005   227.17947290649710     
   5.6670267348650818E-005   227.17947261934069     
   5.7169533368970512E-005   227.17947232717972     
   5.7673197931430701E-005   227.17947202970163     
   5.8181299787262537E-005   227.17947172711524     
   5.8693878029096175E-005   227.17947141910287     
   5.9210972093968523E-005   227.17947110569361     
   5.9732621766357445E-005   227.17947078668158     
   6.0258867181242733E-005   227.17947046203210     
   6.0789748827194043E-005   227.17947013159204     
   6.1325307549486000E-005   227.17946979526357     
   6.1865584553240819E-005   227.17946945300423     
   6.2410621406598521E-005   227.17946910476894     
   6.2960460043915160E-005   227.17946875039297     
   6.3515142768989181E-005   227.17946838976741     
   6.4074712258316220E-005   227.17946802266351     
   6.4639211564372523E-005   227.17946764902439     
   6.5208684118927459E-005   227.17946726887743     
   6.5783173736384969E-005   227.17946688192649     
   6.6362724617154663E-005   227.17946648816348     
   6.6947381351052483E-005   227.17946608746087     
   6.7537188920731449E-005   227.17946567959996     
   6.8132192705142497E-005   227.17946526456296     
   6.8732438483025895E-005   227.17946484212462     
   6.9337972436433410E-005   227.17946441231845     
   6.9948841154281429E-005   227.17946397479585     
   7.0565091635935547E-005   227.17946352955391     
   7.1186771294826488E-005   227.17946307649868     
   7.1813927962098207E-005   227.17946261532904     
   7.2446609890287759E-005   227.17946214608907     
   7.3084865757037939E-005   227.17946166846974     
   7.3728744668842373E-005   227.17946118242025     
   7.4378296164823743E-005   227.17946068776922     
   7.5033570220545232E-005   227.17946018437027     
   7.5694617251855596E-005   227.17945967207311     
   7.6361488118768071E-005   227.17945915075217     
   7.7034234129373476E-005   227.17945862010293     
   7.7712907043787821E-005   227.17945808010762     
   7.8397559078134552E-005   227.17945753056949     
   7.9088242908562079E-005   227.17945697128721     
   7.9785011675296603E-005   227.17945640211303     
   8.0487918986730603E-005   227.17945582289474     
   8.1197018923547410E-005   227.17945523332941     
   8.1912366042882065E-005   227.17945463342983     
   8.2634015382518971E-005   227.17945402282521     
   8.3362022465126255E-005   227.17945340151840     
   8.4096443302527786E-005   227.17945276915771     
   8.4837334400012510E-005   227.17945212556083     
   8.5584752760681912E-005   227.17945147065677     
   8.6338755889835830E-005   227.17945080410709     
   8.7099401799396693E-005   227.17945012582970     
   8.7866749012373028E-005   227.17944943544626     
   8.8640856567362035E-005   227.17944873292174     
   8.9421784023091942E-005   227.17944801789514     
   9.0209591463004445E-005   227.17944729026169     
   9.1004339499877292E-005   227.17944654976509     
   9.1806089280487918E-005   227.17944579611367     
   9.2614902490317875E-005   227.17944502912644     
   9.3430841358298859E-005   227.17944424858649     
   9.4253968661600510E-005   227.17944345424166     
   9.5084347730460420E-005   227.17944264583326     
   9.5922042453056648E-005   227.17944182312493     
   9.6767117280423143E-005   227.17944098584479     
   9.7619637231408633E-005   227.17944013374262     
   9.8479667897678966E-005   227.17943926653265     
   9.9347275448763688E-005   227.17943838400896     
   1.0022252663714705E-004   227.17943748587129     
   1.0110548880340379E-004   227.17943657181183     
   1.0199622988138028E-004   227.17943564160271     
   1.0289481840342124E-004   227.17943469489177     
   1.0380132350564247E-004   227.17943373143589     
   1.0471581493325021E-004   227.17943275092540     
   1.0563836304590708E-004   227.17943175304293     
   1.0656903882314555E-004   227.17943073760819     
   1.0750791386982899E-004   227.17942970402521     
   1.0845506042166082E-004   227.17942865227155     
   1.0941055135074224E-004   227.17942758187974     
   1.1037446017117891E-004   227.17942649248971     
   1.1134686104473703E-004   227.17942538390707     
   1.1232782878654915E-004   227.17942425569584     
   1.1331743887087053E-004   227.17942310743945     
   1.1431576743688579E-004   227.17942193888661     
   1.1532289129456713E-004   227.17942074968948     
   1.1633888793058389E-004   227.17941953940272     
   1.1736383551426430E-004   227.17941830774578     
   1.1839781290360967E-004   227.17941705425363     
   1.1944089965136168E-004   227.17941577856686     
   1.2049317601112301E-004   227.17941448031610     
   1.2155472294353194E-004   227.17941315909195     
   1.2262562212249137E-004   227.17941181441591     
   1.2370595594145262E-004   227.17941044606050     
   1.2479580751975479E-004   227.17940905337963     
   1.2589526070901975E-004   227.17940763612290     
   1.2700440009960355E-004   227.17940619373758     
   1.2812331102710471E-004   227.17940472580443     
   1.2925207957892995E-004   227.17940323192124     
   1.3039079260091736E-004   227.17940171160097     
   1.3153953770401845E-004   227.17940016434380     
   1.3269840327103860E-004   227.17939858973932     
   1.3386747846343730E-004   227.17939698726218     
   1.3504685322818799E-004   227.17939535638851     
   1.3623661830469846E-004   227.17939369666834     
   1.3743686523179222E-004   227.17939200757979     
   1.3864768635475142E-004   227.17939028857262     
   1.3986917483242169E-004   227.17938853915530     
   1.4110142464437967E-004   227.17938675874905     
   1.4234453059816366E-004   227.17938494684779     
   1.4359858833656807E-004   227.17938310291606     
   1.4486369434500181E-004   227.17938122628692     
   1.4613994595891200E-004   227.17937931645247     
   1.4742744137127270E-004   227.17937737283103     
   1.4872627964013970E-004   227.17937539479590     
   1.5003656069627192E-004   227.17937338179121     
   1.5135838535082011E-004   227.17937133308487     
   1.5269185530308277E-004   227.17936924816036     
   1.5403707314833116E-004   227.17936712635350     
   1.5539414238570245E-004   227.17936496695324     
   1.5676316742616311E-004   227.17936276930379     
   1.5814425360054189E-004   227.17936053280391     
   1.5953750716763399E-004   227.17935825670321     
   1.6094303532237646E-004   227.17935594031962     
   1.6236094620409542E-004   227.17935358293784     
   1.6379134890482646E-004   227.17935118382297     
   1.6523435347770771E-004   227.17934874222067     
   1.6669007094544751E-004   227.17934625745801     
   1.6815861330886592E-004   227.17934372868200     
   1.6964009355551230E-004   227.17934115513498     
   1.7113462566835822E-004   227.17933853603830     
   1.7264232463456714E-004   227.17933587062112     
   1.7416330645434133E-004   227.17933315798837     
   1.7569768814984694E-004   227.17933039733953     
   1.7724558777421732E-004   227.17932758782217     
   1.7880712442063594E-004   227.17932472857524     
   1.8038241823149927E-004   227.17932181872891     
   1.8197159040766033E-004   227.17931885737488     
   1.8357476321775369E-004   227.17931584362407     
   1.8519206000760271E-004   227.17931277653372     
   1.8682360520970955E-004   227.17930965510675     
   1.8846952435282879E-004   227.17930647843679     
   1.9012994407162554E-004   227.17930324556221     
   1.9180499211641841E-004   227.17929995548047     
   1.9349479736300855E-004   227.17929660711826     
   1.9519948982259504E-004   227.17929319950571     
   1.9691920065177790E-004   227.17928973158689     
   1.9865406216264901E-004   227.17928620226274     
   2.0040420783297197E-004   227.17928261046347     
   2.0216977231645190E-004   227.17927895510428     
   2.0395089145309520E-004   227.17927523504130     
   2.0574770227966115E-004   227.17927144914381     
   2.0756034304020510E-004   227.17926759620627     
   2.0938895319671502E-004   227.17926367507886     
   2.1123367343984126E-004   227.17925968453596     
   2.1309464569972122E-004   227.17925562334824     
   2.1497201315689925E-004   227.17925149031117     
   2.1686592025334272E-004   227.17924728406996     
   2.1877651270355521E-004   227.17924300342440     
   2.2070393750578754E-004   227.17923864696462     
   2.2264834295334759E-004   227.17923421337571     
   2.2460987864600989E-004   227.17922970135027     
   2.2658869550152546E-004   227.17922510944186     
   2.2858494576723329E-004   227.17922043625379     
   2.3059878303177404E-004   227.17921568032148     
   2.3263036223690692E-004   227.17921084027296     
   2.3467983968943062E-004   227.17920591446301     
   2.3674737307320944E-004   227.17920090151205     
   2.3883312146130521E-004   227.17919579980980     
   2.4093724532821612E-004   227.17919060780616     
   2.4305990656222335E-004   227.17918532385016     
   2.4520126847784685E-004   227.17917994640771     
   2.4736149582840988E-004   227.17917447376914     
   2.4954075481871564E-004   227.17916890426756     
   2.5173921311783432E-004   227.17916323616112     
   2.5395703987200340E-004   227.17915746773411     
   2.5619440571764173E-004   227.17915159719456     
   2.5845148279447788E-004   227.17914562271665     
   2.6072844475879436E-004   227.17913954249104     
   2.6302546679678846E-004   227.17913335465130     
   2.6534272563805085E-004   227.17912705723649     
   2.6768039956916287E-004   227.17912064837202     
   2.7003866844741380E-004   227.17911412606566     
   2.7241771371463855E-004   227.17910748828569     
   2.7481771841117789E-004   227.17910073302625     
   2.7723886718996075E-004   227.17909385815301     
   2.7968134633071199E-004   227.17908686161377     
   2.8214534375428359E-004   227.17907974120396     
   2.8463104903711365E-004   227.17907249474081     
   2.8713865342581193E-004   227.17906512001116     
   2.8966834985187401E-004   227.17905761474100     
   2.9222033294652516E-004   227.17904997660253     
   2.9479479905569522E-004   227.17904220324112     
   2.9739194625512497E-004   227.17903429228954     
   3.0001197436560571E-004   227.17902624129363     
   3.0265508496835351E-004   227.17901804776244     
   3.0532148142051825E-004   227.17900970918117     
   3.0801136887082978E-004   227.17900122302490     
   3.1072495427538187E-004   227.17899258661180     
   3.1346244641355481E-004   227.17898379730542     
   3.1622405590407893E-004   227.17897485241895     
   3.1900999522123906E-004   227.17896574919234     
   3.2182047871122220E-004   227.17895648479794     
   3.2465572260860883E-004   227.17894705640498     
   3.2751594505300982E-004   227.17893746112685     
   3.3040136610584971E-004   227.17892769594755     
   3.3331220776729788E-004   227.17891775791600     
   3.3624869399334910E-004   227.17890764394906     
   3.3921105071305405E-004   227.17889735094576     
   3.4219950584590255E-004   227.17888687570650     
   3.4521428931935861E-004   227.17887621503968     
   3.4825563308655145E-004   227.17886536563742     
   3.5132377114412101E-004   227.17885432417546     
   3.5441893955022192E-004   227.17884308723183     
   3.5754137644268492E-004   227.17883165137204     
   3.6069132205733914E-004   227.17882001304616     
   3.6386901874649558E-004   227.17880816869587     
   3.6707471099759316E-004   227.17879611465838     
   3.7030864545200919E-004   227.17878384723031     
   3.7357107092403596E-004   227.17877136261461     
   3.7686223842002358E-004   227.17875865697744     
   3.8018240115769274E-004   227.17874572640966     
   3.8353181458561624E-004   227.17873256692525     
   3.8691073640287349E-004   227.17871917445910     
   3.9031942657887674E-004   227.17870554490901     
   3.9375814737337362E-004   227.17869167405354     
   3.9722716335662434E-004   227.17867755763768     
   4.0072674142975772E-004   227.17866319131213     
   4.0425715084530602E-004   227.17864857063881     
   4.0781866322792088E-004   227.17863369113252     
   4.1141155259527182E-004   227.17861854817863     
   4.1503609537912867E-004   227.17860313715460     
   4.1869257044662973E-004   227.17858745327499     
   4.2238125912173784E-004   227.17857149172738     
   4.2610244520688436E-004   227.17855524759773     
   4.2985641500480515E-004   227.17853871586772     
   4.3364345734056808E-004   227.17852189147044     
   4.3746386358379456E-004   227.17850476918659     
   4.4131792767107759E-004   227.17848734377253     
   4.4520594612859626E-004   227.17846960985645     
   4.4912821809493071E-004   227.17845156196432     
   4.5308504534407674E-004   227.17843319453243     
   4.5707673230866439E-004   227.17841450190446     
   4.6110358610338033E-004   227.17839547834342     
   4.6516591654859670E-004   227.17837611797091     
   4.6926403619420854E-004   227.17835641480752     
   4.7339826034368084E-004   227.17833636281409     
   4.7756890707830726E-004   227.17831595580918     
   4.8177629728168327E-004   227.17829518747965     
   4.8602075466439422E-004   227.17827405143692     
   4.9030260578892127E-004   227.17825254118407     
   4.9462218009476647E-004   227.17823065007713     
   4.9897980992379977E-004   227.17820837140147     
   5.0337583054582821E-004   227.17818569825960     
   5.0781058018439188E-004   227.17816262368433     
   5.1228440004278601E-004   227.17813914054847     
   5.1679763433031261E-004   227.17811524163727     
   5.2135063028876331E-004   227.17809091957298     
   5.2594373821913617E-004   227.17806616687614     
   5.3057731150858679E-004   227.17804097590806     
   5.3525170665761766E-004   227.17801533890344     
   5.3996728330750682E-004   227.17798924797711     
   5.4472440426797815E-004   227.17796269507767     
   5.4952343554511506E-004   227.17793567204461     
   5.5436474636952142E-004   227.17790817052122     
   5.5924870922472814E-004   227.17788018204169     
   5.6417569987585311E-004   227.17785169800129     
   5.6914609739851111E-004   227.17782270960538     
   5.7416028420797941E-004   227.17779320792687     
   5.7921864608862026E-004   227.17776318386586     
   5.8432157222356319E-004   227.17773262818866     
   5.8946945522464706E-004   227.17770153146199     
   5.9466269116262868E-004   227.17766988412097     
   5.9990167959765377E-004   227.17763767639588     
   6.0518682361000069E-004   227.17760489836888     
   6.1051852983109165E-004   227.17757153993693     
   6.1589720847477836E-004   227.17753759082535     
   6.2132327336890370E-004   227.17750304057893     
   6.2679714198714102E-004   227.17746787852445     
   6.3231923548111378E-004   227.17743209384605     
   6.3788997871279830E-004   227.17739567551780     
   6.4350980028721227E-004   227.17735861230193     
   6.4917913258539085E-004   227.17732089278098     
   6.5489841179765349E-004   227.17728250534009     
   6.6066807795716362E-004   227.17724343814109     
   6.6648857497378464E-004   227.17720367913768     
   6.7236035066823316E-004   227.17716321608111     
   6.7828385680653404E-004   227.17712203650007     
   6.8425954913477844E-004   227.17708012770885     
   6.9028788741418851E-004   227.17703747678354     
   6.9636933545649034E-004   227.17699407058143     
   7.0250436115959936E-004   227.17694989571646     
   7.0869343654361976E-004   227.17690493859277     
   7.1493703778716046E-004   227.17685918531890     
   7.2123564526397255E-004   227.17681262182043     
   7.2758974357990767E-004   227.17676523374337     
   7.3399982161020331E-004   227.17671700646451     
   7.4046637253709629E-004   227.17666792513285     
   7.4698989388776739E-004   227.17661797460744     
   7.5357088757261996E-004   227.17656713950129     
   7.6020985992389682E-004   227.17651540414136     
   7.6690732173463659E-004   227.17646275257209     
   7.7366378829797297E-004   227.17640916857022     
   7.8047977944678104E-004   227.17635463561066     
   7.8735581959367244E-004   227.17629913689603     
   7.9429243777134277E-004   227.17624265530105     
   8.0129016767327465E-004   227.17618517342999     
   8.0834954769479943E-004   227.17612667354297     
   8.1547112097452078E-004   227.17606713760938     
   8.2265543543610215E-004   227.17600654729267     
   8.2990304383042399E-004   227.17594488388261     
   8.3721450377811175E-004   227.17588212839627     
   8.4459037781243779E-004   227.17581826147085     
   8.5203123342260227E-004   227.17575326341239     
   8.5953764309739473E-004   227.17568711419398     
   8.6711018436924083E-004   227.17561979340280     
   8.7474943985863668E-004   227.17555128028869     
   8.8245599731897489E-004   227.17548155373225     
   8.9023044968176556E-004   227.17541059223151     
   8.9807339510225527E-004   227.17533837390670     
   9.0598543700544864E-004   227.17526487647092     
   9.1396718413253508E-004   227.17519007728595     
   9.2201925058772391E-004   227.17511395328575     
   9.3014225588549304E-004   227.17503648096920     
   9.3833682499825353E-004   227.17495763646917     
   9.4660358840443419E-004   227.17487739547579     
   9.5494318213698917E-004   227.17479573322510     
   9.6335624783233426E-004   227.17471262454922     
   9.7184343277971247E-004   227.17462804380222     
   9.8040538997099642E-004   227.17454196492179     
   9.8904277815092790E-004   227.17445436133960     
   9.9775626186780178E-004   227.17436520605304     
   1.0065465115245938E-003   227.17427447154682     
   1.0154142034305422E-003   227.17418212986001     
   1.0243600198531805E-003   227.17408815249325     
   1.0333846490708312E-003   227.17399251046936     
   1.0424887854255599E-003   227.17389517429086     
   1.0516731293765988E-003   227.17379611392647     
   1.0609383875542370E-003   227.17369529882717     
   1.0702852728141879E-003   227.17359269789614     
   1.0797145042924377E-003   227.17348827948445     
   1.0892268074605713E-003   227.17338201138409     
   1.0988229141815908E-003   227.17327386080700     
   1.1085035627662247E-003   227.17316379439683     
   1.1182694980297308E-003   227.17305177819713     
   1.1281214713492020E-003   227.17293777765900     
   1.1380602407213766E-003   227.17282175760113     
   1.1480865708209569E-003   227.17270368223683     
   1.1582012330594422E-003   227.17258351514658     
   1.1684050056444805E-003   227.17246121925172     
   1.1786986736397422E-003   227.17233675681103     
   1.1890830290253221E-003   227.17221008943687     
   1.1995588707586736E-003   227.17208117803949     
   1.2101270048360774E-003   227.17194998285333     
   1.2207882443546572E-003   227.17181646339225     
   1.2315434095749342E-003   227.17168057845805     
   1.2423933279839404E-003   227.17154228612105     
   1.2533388343588818E-003   227.17140154370958     
   1.2643807708313658E-003   227.17125830780242     
   1.2755199869521939E-003   227.17111253418324     
   1.2867573397567244E-003   227.17096417787957     
   1.2980936938308118E-003   227.17081319310751     
   1.3095299213773267E-003   227.17065953326767     
   1.3210669022832619E-003   227.17050315094082     
   1.3327055241874294E-003   227.17034399787349     
   1.3444466825487545E-003   227.17018202493045     
   1.3562912807151704E-003   227.17001718213538     
   1.3682402299931217E-003   227.16984941860932     
   1.3802944497176780E-003   227.16967868256762     
   1.3924548673232659E-003   227.16950492131519     
   1.4047224184150261E-003   227.16932808121544     
   1.4170980468407959E-003   227.16914810769072     
   1.4295827047637281E-003   227.16896494517675     
   1.4421773527355493E-003   227.16877853714016     
   1.4548829597704632E-003   227.16858882604112     
   1.4677005034197054E-003   227.16839575331005     
   1.4806309698467534E-003   227.16819925934885     
   1.4936753539032030E-003   227.16799928348871     
   1.5068346592053093E-003   227.16779576400342     
   1.5201098982112029E-003   227.16758863805325     
   1.5335020922987881E-003   227.16737784168924     
   1.5470122718443267E-003   227.16716330983024     
   1.5606414763017120E-003   227.16694497623968     
   1.5743907542824444E-003   227.16672277349926     
   1.5882611636363088E-003   227.16649663300808     
   1.6022537715327653E-003   227.16626648493553     
   1.6163696545430548E-003   227.16603225820165     
   1.6306098987230297E-003   227.16579388049081     
   1.6449755996967119E-003   227.16555127818901     
   1.6594678627405910E-003   227.16530437637095     
   1.6740878028686597E-003   227.16505309879210     
   1.6888365449182045E-003   227.16479736784953     
   1.7037152236363462E-003   227.16453710456364     
   1.7187249837673482E-003   227.16427222854668     
   1.7338669801406897E-003   227.16400265799382     
   1.7491423777599173E-003   227.16372830964332     
   1.7645523518922789E-003   227.16344909875033     
   1.7800980881591470E-003   227.16316493907573     
   1.7957807826272378E-003   227.16287574284297     
   1.8116016419006367E-003   227.16258142071399     
   1.8275618832136308E-003   227.16228188176461     
   1.8436627345243626E-003   227.16197703347098     
   1.8599054346093065E-003   227.16166678164734     
   1.8762912331585781E-003   227.16135103045184     
   1.8928213908720856E-003   227.16102968231752     
   1.9094971795565235E-003   227.16070263797030     
   1.9263198822232254E-003   227.16036979635726     
   1.9432907931868774E-003   227.16003105464108     
   1.9604112181650988E-003   227.15968630814416     
   1.9776824743789035E-003   227.15933545035125     
   1.9951058906540462E-003   227.15897837283376     
   2.0126828075232579E-003   227.15861496524246     
   2.0304145773293860E-003   227.15824511528524     
   2.0483025643294418E-003   227.15786870864724     
   2.0663481447995634E-003   227.15748562900995     
   2.0845527071409061E-003   227.15709575797030     
   2.1029176519864624E-003   227.15669897503034     
   2.1214443923088253E-003   227.15629515754932     
   2.1401343535289003E-003   227.15588418071121     
   2.1589889736255757E-003   227.15546591747449     
   2.1780097032463581E-003   227.15504023854805     
   2.1971980058189838E-003   227.15460701234275     
   2.2165553576640115E-003   227.15416610493151     
   2.2360832481084099E-003   227.15371738000300     
   2.2557831796001428E-003   227.15326069883093     
   2.2756566678237677E-003   227.15279592022085     
   2.2957052418170472E-003   227.15232290046578     
   2.3159304440885935E-003   227.15184149331304     
   2.3363338307365459E-003   227.15135154990395     
   2.3569169715682943E-003   227.15085291874033     
   2.3776814502212587E-003   227.15034544562792     
   2.3986288642847322E-003   227.14982897363393     
   2.4197608254227965E-003   227.14930334303455     
   2.4410789594983208E-003   227.14876839126998     
   2.4625849066980546E-003   227.14822395288786     
   2.4842803216588200E-003   227.14766985950183     
   2.5061668735948182E-003   227.14710593972217     
   2.5282462464260554E-003   227.14653201912336     
   2.5505201389079018E-003   227.14594792017328     
   2.5729902647617922E-003   227.14535346218275     
   2.5956583528070750E-003   227.14474846125830     
   2.6185261470940279E-003   227.14413273022700     
   2.6415954070380405E-003   227.14350607859927     
   2.6648679075549817E-003   227.14286831248887     
   2.6883454391977602E-003   227.14221923456802     
   2.7120298082940852E-003   227.14155864400084     
   2.7359228370854452E-003   227.14088633637800     
   2.7600263638673061E-003   227.14020210365931     
   2.7843422431305491E-003   227.13950573410051     
   2.8088723457041502E-003   227.13879701219525     
   2.8336185588991218E-003   227.13807571860718     
   2.8585827866537189E-003   227.13734163009025     
   2.8837669496799231E-003   227.13659451944113     
   2.9091729856112226E-003   227.13583415540347     
   2.9348028491516889E-003   227.13506030262096     
   2.9606585122263713E-003   227.13427272153859     
   2.9867419641330102E-003   227.13347116834757     
   3.0130552116950939E-003   227.13265539490243     
   3.0396002794162605E-003   227.13182514864161     
   3.0663792096360578E-003   227.13098017251332     
   3.0933940626870823E-003   227.13012020488679     
   3.1206469170534934E-003   227.12924497948842     
   3.1481398695309324E-003   227.12835422529793     
   3.1758750353878466E-003   227.12744766647563     
   3.2038545485282327E-003   227.12652502227547     
   3.2320805616558191E-003   227.12558600695763     
   3.2605552464396908E-003   227.12463032969492     
   3.2892807936813731E-003   227.12365769448769     
   3.3182594134833921E-003   227.12266780006604     
   3.3474933354193130E-003   227.12166033980446     
   3.3769848087052833E-003   227.12063500161736     
   3.4067361023730814E-003   227.11959146786501     
   3.4367495054446967E-003   227.11852941525615     
   3.4670273271084394E-003   227.11744851474373     
   3.4975718968966083E-003   227.11634843142548     
   3.5283855648647225E-003   227.11522882444046     
   3.5594707017723294E-003   227.11408934685591     
   3.5908296992654075E-003   227.11292964556844     
   3.6224649700603798E-003   227.11174936118528     
   3.6543789481297390E-003   227.11054812791588     
   3.6865740888893184E-003   227.10932557346365     
   3.7190528693872072E-003   227.10808131889337     
   3.7518177884943286E-003   227.10681497853312     
   3.7848713670967033E-003   227.10552615984034     
   3.8182161482893991E-003   227.10421446328263     
   3.8518546975721958E-003   227.10287948221509     
   3.8857896030469697E-003   227.10152080275026     
   3.9200234756168175E-003   227.10013800362992     
   3.9545589491869378E-003   227.09873065609725     
   3.9893986808672791E-003   227.09729832375899     
   4.0245453511769738E-003   227.09584056244285     
   4.0600016642505718E-003   227.09435692007992     
   4.0957703480460957E-003   227.09284693653518     
   4.1318541545549269E-003   227.09131014348668     
   4.1682558600135327E-003   227.08974606426500     
   4.2049782651170757E-003   227.08815421371440     
   4.2420241952348869E-003   227.08653409803333     
   4.2793965006278530E-003   227.08488521462465     
   4.3170980566677045E-003   227.08320705193813     
   4.3551317640582463E-003   227.08149908930875     
   4.3935005490585355E-003   227.07976079679179     
   4.4322073637080173E-003   227.07799163500664     
   4.4712551860536598E-003   227.07619105495507     
   4.5106470203790721E-003   227.07435849786071     
   4.5503858974356515E-003   227.07249339498873     
   4.5904748746757717E-003   227.07059516746853     
   4.6309170364880097E-003   227.06866322611381     
   4.6717154944344603E-003   227.06669697123704     
   4.7128733874901331E-003   227.06469579246254     
   4.7543938822844616E-003   227.06265906853440     
   4.7962801733449356E-003   227.06058616712880     
   4.8385354833428897E-003   227.05847644464291     
   4.8811630633414475E-003   227.05632924600604     
   4.9241661930456522E-003   227.05414390446794     
   4.9675481810548061E-003   227.05191974139342     
   5.0113123651170256E-003   227.04965606604503     
   5.0554621123860485E-003   227.04735217537552     
   5.1000008196802910E-003   227.04500735379702     
   5.1449319137441977E-003   227.04262087296775     
   5.1902588515118919E-003   227.04019199155414     
   5.2359851203731432E-003   227.03771995500688     
   5.2821142384416875E-003   227.03520399531766     
   5.3286497548258992E-003   227.03264333078499     
   5.3755952499018591E-003   227.03003716576427     
   5.4229543355888248E-003   227.02738469042242     
   5.4707306556271195E-003   227.02468508048031     
   5.5189278858584845E-003   227.02193749695931     
   5.5675497345088875E-003   227.01914108591410     
   5.6165999424738306E-003   227.01629497816731     
   5.6660822836061692E-003   227.01339828903514     
   5.7160005650064658E-003   227.01045011805485     
   5.7663586273159050E-003   227.00744954869737     
   5.8171603450117839E-003   227.00439564808244     
   5.8684096267056134E-003   227.00128746668423     
   5.9201104154438340E-003   226.99812403803907     
   5.9722666890111974E-003   226.99490437843428     
   6.0248824602368032E-003   226.99162748660962     
   6.0779617773028443E-003   226.98829234343015     
   6.1315087240560702E-003   226.98489791158357     
   6.1855274203219844E-003   226.98144313523761     
   6.2400220222218307E-003   226.97792693972417     
   6.2949967224923435E-003   226.97434823119124     
   6.3504557508083474E-003   226.97070589626350     
   6.4064033741081669E-003   226.96699880169757     
   6.4628438969219319E-003   226.96322579401709     
   6.5197816617027522E-003   226.95938569916103     
   6.5772210491608241E-003   226.95547732210969     
   6.6351664786004757E-003   226.95149944650763     
   6.6936224082601841E-003   226.94745083429052     
   6.7525933356555766E-003   226.94333022528633     
   6.8120837979254766E-003   226.93913633682894     
   6.8720983721809762E-003   226.93486786335012     
   6.9326416758575893E-003   226.93052347597018     
   6.9937183670705219E-003   226.92610182208580     
   7.0553331449730514E-003   226.92160152493960     
   7.1174907501180750E-003   226.91702118318966     
   7.1801959648228426E-003   226.91235937047395     
   7.2434536135368996E-003   226.90761463495585     
   7.3072685632132759E-003   226.90278549887444     
   7.3716457236829369E-003   226.89787045807657     
   7.4365900480325474E-003   226.89286798154700     
   7.5021065329855452E-003   226.88777651092568     
   7.5682002192865912E-003   226.88259446002348     
   7.6348761920893883E-003   226.87732021431799     
   7.7021395813479327E-003   226.87195213045004     
   7.7699955622112021E-003   226.86648853570756     
   7.8384493554213251E-003   226.86092772749805     
   7.9075062277152545E-003   226.85526797282165     
   7.9771714922299928E-003   226.84950750771526     
   8.0474505089113604E-003   226.84364453671105     
   8.1183486849263995E-003   226.83767723226134     
   8.1898714750793800E-003   226.83160373417411     
   8.2620243822314927E-003   226.82542214902548     
   8.3348129577242337E-003   226.81913054956124     
   8.4082428018065047E-003   226.81272697410134     
   8.4823195640654995E-003   226.80620942591418     
   8.5570489438613704E-003   226.79957587259463     
   8.6324366907657313E-003   226.79282424542708     
   8.7084886050040177E-003   226.78595243873275     
   8.7852105379017508E-003   226.77895830921165     
   8.8626083923347299E-003   226.77183967526730     
   8.9406881231831898E-003   226.76459431632253     
   9.0194557377899619E-003   226.75721997212520     
   9.0989172964226692E-003   226.74971434203491     
   9.1790789127400001E-003   226.74207508430237     
   9.2599467542620710E-003   226.73429981533570     
   9.3415270428449659E-003   226.72638610895200     
   9.4238260551594202E-003   226.71833149561337     
   9.5068501231737497E-003   226.71013346165523     
   9.5906056346410119E-003   226.70178944849715     
   9.6750990335904858E-003   226.69329685183783     
   9.7603368208234540E-003   226.68465302084064     
   9.8463255544133672E-003   226.67585525730163     
   9.9330718502104193E-003   226.66690081480067     
   1.0020582382350556E-002   226.65778689784412     
   1.0108863883768970E-002   226.64851066098498     
   1.0197923146718132E-002   226.63906920793187     
   1.0287767023290373E-002   226.62945959064092     
   1.0378402425945073E-002   226.61967880839103     
   1.0469836328040494E-002   226.60972380684331     
   1.0562075764370309E-002   226.59959147708526     
   1.0655127831704836E-002   226.58927865465301     
   1.0748999689337064E-002   226.57878211854450     
   1.0843698559633479E-002   226.56809859020598     
   1.0939231728589731E-002   226.55722473250762     
   1.1035606546391220E-002   226.54615714869669     
   1.1132830427978607E-002   226.53489238133523     
   1.1230910853618301E-002   226.52342691121703     
   1.1329855369477988E-002   226.51175715626550     
   1.1429671588207221E-002   226.49987947041313     
   1.1530367189523124E-002   226.48779014245974     
   1.1631949920801259E-002   226.47548539491328     
   1.1734427597671699E-002   226.46296138280491     
   1.1837808104620351E-002   226.45021419249025     
   1.1942099395595578E-002   226.43723984042384     
   1.2047309494620163E-002   226.42403427191380     
   1.2153446496408666E-002   226.41059335985523     
   1.2260518566990222E-002   226.39691290344109     
   1.2368533944336816E-002   226.38298862684854     
   1.2477500938997115E-002   226.36881617790669     
   1.2587427934735856E-002   226.35439112673436     
   1.2698323389178885E-002   226.33970896436119     
   1.2810195834463878E-002   226.32476510131846     
   1.2923053877896790E-002   226.30955486620780     
   1.3036906202614086E-002   226.29407350424623     
   1.3151761568250812E-002   226.27831617578283     
   1.3267628811614548E-002   226.26227795479122     
   1.3384516847365300E-002   226.24595382733474     
   1.3502434668701380E-002   226.22933869000713     
   1.3621391348051327E-002   226.21242734834266     
   1.3741396037771934E-002   226.19521451519927     
   1.3862457970852414E-002   226.17769480911562     
   1.3984586461624770E-002   226.15986275263936     
   1.4107790906480426E-002   226.14171277062241     
   1.4232080784593178E-002   226.12323918849194     
   1.4357465658648505E-002   226.10443623048621     
   1.4483955175579306E-002   226.08529801786420     
   1.4611559067308122E-002   226.06581856708380     
   1.4740287151495904E-002   226.04599178794166     
   1.4870149332297352E-002   226.02581148169219     
   1.5001155601122947E-002   226.00527133912368     
   1.5133316037407665E-002   225.98436493860845     
   1.5266640809386469E-002   225.96308574411546     
   1.5401140174876654E-002   225.94142710318783     
   1.5536824482067054E-002   225.91938224489036     
   1.5673704170314225E-002   225.89694427771798     
   1.5811789770945637E-002   225.87410618746810     
   1.5951091908069925E-002   225.85086083507719     
   1.6091621299394305E-002   225.82720095442340     
   1.6233388757049178E-002   225.80311915008588     
   1.6376405188420002E-002   225.77860789506934     
   1.6520681596986476E-002   225.75365952849160     
   1.6666229083169153E-002   225.72826625322477     
   1.6813058845183474E-002   225.70242013350662     
   1.6961182179901349E-002   225.67611309250026     
   1.7110610483720323E-002   225.64933690982144     
   1.7261355253440400E-002   225.62208321901898     
   1.7413428087148582E-002   225.59434350501368     
   1.7566840685111221E-002   225.56610910149493     
   1.7721604850674217E-002   225.53737118827269     
   1.7877732491171132E-002   225.50812078858581     
   1.8035235618839362E-002   225.47834876636171     
   1.8194126351744302E-002   225.44804582343642     
   1.8354416914711714E-002   225.41720249672079     
   1.8516119640268291E-002   225.38580915532623     
   1.8679246969590488E-002   225.35385599763788     
   1.8843811453461732E-002   225.32133304833945     
   1.9009825753238081E-002   225.28823015539240     
   1.9177302641822339E-002   225.25453698695969     
   1.9346255004646807E-002   225.22024302828282     
   1.9516695840664674E-002   225.18533757850633     
   1.9688638263350114E-002   225.14980974744788     
   1.9862095501707241E-002   225.11364845231924     
   2.0037080901287915E-002   225.07684241438858     
   2.0213607925218532E-002   225.03938015559407     
   2.0391690155235870E-002   225.00124999509603     
   2.0571341292732036E-002   224.96244004577841     
   2.0752575159808634E-002   224.92293821069075     
   2.0935405700340214E-002   224.88273217943163     
   2.1119846981047109E-002   224.84180942447767     
   2.1305913192577686E-002   224.80015719744813     
   2.1493618650600170E-002   224.75776252531500     
   2.1682977796904073E-002   224.71461220654862     
   2.1874005200511307E-002   224.67069280720358     
   2.2066715558797127E-002   224.62599065694178     
   2.2261123698620908E-002   224.58049184499362     
   2.2457244577466902E-002   224.53418221605290     
   2.2655093284595067E-002   224.48704736611069     
   2.2854685042201988E-002   224.43907263822041     
   2.3056035206592062E-002   224.39024311819975     
   2.3259159269358991E-002   224.34054363026382     
   2.3464072858577684E-002   224.28995873258953     
   2.3670791740006650E-002   224.23847271281630     
   2.3879331818301004E-002   224.18606958347090     
   2.4089709138236135E-002   224.13273307732857     
   2.4301939885942193E-002   224.07844664269845     
   2.4516040390149391E-002   224.02319343864042     
   2.4732027123444345E-002   223.96695633010859     
   2.4949916703537439E-002   223.90971788302187     
   2.5169725894541365E-002   223.85146035926095     
   2.5391471608260933E-002   223.79216571159043     
   2.5615170905494242E-002   223.73181557850637     
   2.5840840997345321E-002   223.67039127900642     
   2.6068499246548301E-002   223.60787380728601     
   2.6298163168803311E-002   223.54424382735357     
   2.6529850434124095E-002   223.47948166757192     
   2.6763578868197510E-002   223.41356731511712     
   2.6999366453755023E-002   223.34648041036047     
   2.7237231331956279E-002   223.27820024117051     
   2.7477191803784839E-002   223.20870573713262     
   2.7719266331456240E-002   223.13797546369011     
   2.7963473539838458E-002   223.06598761620222     
   2.8209832217884871E-002   222.99272001391921     
   2.8458361320079853E-002   222.91815009387670     
   2.8709079967897112E-002   222.84225490470646     
   2.8962007451270862E-002   222.76501110036077     
   2.9217163230079973E-002   222.68639493375798     
   2.9474566935645170E-002   222.60638225033841     
   2.9734238372239447E-002   222.52494848153890     
   2.9996197518611795E-002   222.44206863818090     
   3.0260464529524307E-002   222.35771730377394     
   3.0527059737302888E-002   222.27186862773237     
   3.0796003653401561E-002   222.18449631850802     
   3.1067316969980621E-002   222.09557363663521     
   3.1341020561498657E-002   222.00507338769160     
   3.1617135486318573E-002   221.91296791517050     
   3.1895682988327817E-002   221.81922909327074     
   3.2176684498572861E-002   221.72382831959709     
   3.2460161636908035E-002   221.62673650777651     
   3.2746136213658981E-002   221.52792407999010     
   3.3034630231300655E-002   221.42736095941660     
   3.3325665886150220E-002   221.32501656259342     
   3.3619265570074740E-002   221.22085979169304     
   3.3915451872214036E-002   221.11485902671313     
   3.4214247580718629E-002   221.00698211758652     
   3.4515675684503019E-002   220.89719637620453     
   3.4819759375014456E-002   220.78546856836209     
   3.5126522048017209E-002   220.67176490561872     
   3.5435987305392651E-002   220.55605103707995     
   3.5748178956955139E-002   220.43829204110079     
   3.6063121022283873E-002   220.31845241690957     
   3.6380837732570961E-002   220.19649607615480     
   3.6701353532485742E-002   220.07238633437868     
   3.7024693082055506E-002   219.94608590241438     
   3.7350881258562771E-002   219.81755687771192     
   3.7679943158459392E-002   219.68676073559379     
   3.8011904099297347E-002   219.55365832044185     
   3.8346789621676695E-002   219.41820983681725     
   3.8684625491210614E-002   219.28037484051612     
   3.9025437700507780E-002   219.14011222956481     
   3.9369252471172185E-002   218.99738023515215     
   3.9716096255820593E-002   218.85213641250982     
   4.0065995740117800E-002   218.70433763173423     
   4.0418977844829729E-002   218.55394006856091     
   4.0775069727894735E-002   218.40089919508972     
   4.1134298786513049E-002   218.24516977046761     
   4.1496692659254729E-002   218.08670583152855     
   4.1862279228186083E-002   217.92546068339954     
   4.2231086621014907E-002   217.76138689007342     
   4.2603143213254584E-002   217.59443626495306     
   4.2978477630407255E-002   217.42455986137338     
   4.3357118750166207E-002   217.25170796310465     
   4.3739095704637722E-002   217.07583007484152     
   4.4124437882582412E-002   216.89687491268546     
   4.4513174931676378E-002   216.71479039462440     
   4.4905336760792253E-002   216.52952363101636     
   4.5300953542300355E-002   216.34102091508257     
   4.5700055714390071E-002   216.14922771341784     
   4.6102673983411793E-002   215.95408865652482     
   4.6508839326239358E-002   215.75554752937799     
   4.6918582992653390E-002   215.55354726202808     
   4.7331936507745635E-002   215.34802992025081     
   4.7748931674344394E-002   215.13893669625261     
   4.8169600575461456E-002   214.92620789943825     
   4.8593975576760477E-002   214.70978294725285     
   4.9022089329047190E-002   214.48960035610529     
   4.9453974770781443E-002   214.26559773238463     
   4.9889665130611487E-002   214.03771176357949     
   5.0329193929930550E-002   213.80587820951055     
   5.0772594985455888E-002   213.57003189368979     
   5.1219902411830609E-002   213.33010669481527     
   5.1671150624248423E-002   213.08603553841704     
   5.2126374341101463E-002   212.83775038866426     
   5.2585608586651490E-002   212.58518224034944     
   5.3048888693724643E-002   212.32826111106155     
   5.3516250306429813E-002   212.06691603356569     
   5.3987729382901119E-002   211.80107504840004     
   5.4463362198064462E-002   211.53066519671029     
   5.4943185346428433E-002   211.25561251333610     
   5.5427235744899904E-002   210.97584202016628     
   5.5915550635624284E-002   210.69127771978000     
   5.6408167588850942E-002   210.40184258939539     
   5.6905124505823787E-002   210.10745857514056     
   5.7406459621697312E-002   209.80804658667125     
   5.7912211508478389E-002   209.50352649215017     
   5.8422419077993920E-002   209.19381711361612     
   5.8937121584884671E-002   208.87883622275896     
   5.9456358629625457E-002   208.55850053712737     
   5.9980170161571950E-002   208.23272571679070     
   6.0508596482034313E-002   207.90142636148184     
   6.1041678247377974E-002   207.56451600824334     
   6.1579456472151600E-002   207.22190712960719     
   6.2121972532242727E-002   206.87351113233132     
   6.2669268168061204E-002   206.51923835672483     
   6.3221385487750539E-002   206.15899807658775     
   6.3778366970427783E-002   205.79269849979809     
   6.4340255469451643E-002   205.42024676957521     
   6.4907094215719718E-002   205.04154896645255     
   6.5478926820994515E-002   204.65651011099351     
   6.6055797281258904E-002   204.26503416728210     
   6.6637749980101149E-002   203.86702404722706     
   6.7224829692129659E-002   203.46238161571276     
   6.7817081586417888E-002   203.05100769663545     
   6.8414551229979637E-002   202.63280207986367     
   6.9017284591274847E-002   202.20766352916147     
   6.9625328043746354E-002   201.77548979111668     
   7.0238728369387882E-002   201.33617760511376     
   7.0857532762343259E-002   200.88962271439723     
   7.1481788832537529E-002   200.43571987826789     
   7.2111544609340023E-002   199.97436288545759     
   7.2746848545259576E-002   199.50544456873050     
   7.3387749519672502E-002   199.02885682075680     
   7.4034296842583253E-002   198.54449061131052     
   7.4686540258418185E-002   198.05223600583884     
   7.5344529949853009E-002   197.55198218545689     
   7.6008316541673573E-002   197.04361746842073     
   7.6677951104671002E-002   196.52702933313014     
   7.7353485159570939E-002   196.00210444272022     
   7.8034970680997504E-002   195.46872867129559     
   7.8722460101472130E-002   194.92678713186595     
   7.9416006315447651E-002   194.37616420604192     
   8.0115662683377983E-002   193.81674357555175     
   8.0821483035823483E-002   193.24840825563965     
   8.1533521677592702E-002   192.67104063040824     
   8.2251833391920465E-002   192.08452249016983     
   8.2976473444682813E-002   191.48873507087029     
   8.3707497588649135E-002   190.88355909565084     
   8.4444962067771620E-002   190.26887481861684     
   8.5188923621512702E-002   189.64456207087960     
   8.5939439489210359E-002   189.01050030894049     
   8.6696567414482201E-002   188.36656866548705     
   8.7460365649667984E-002   187.71264600267290     
   8.8230892960311696E-002   187.04861096795020     
   8.9008208629682645E-002   186.37434205253052     
   8.9792372463336864E-002   185.68971765254204     
   9.0583444793718271E-002   184.99461613296211     
   9.1381486484800656E-002   184.28891589439257     
   9.2186558936770510E-002   183.57249544275814     
   9.2998724090750925E-002   182.84523346199717     
   9.3818044433567407E-002   182.10700888982211     
   9.4644583002555474E-002   181.35770099662381     
   9.5478403390410541E-002   180.59718946759261     
   9.6319569750080880E-002   179.82535448813238     
   9.7168146799703245E-002   179.04207683263979     
   9.8024199827582287E-002   178.24723795672247     
   9.8887794697213788E-002   177.44072009292810     
   9.9758997852351969E-002   176.62240635005691     
  0.10063787632212172        175.79218081612635     
  0.10152449772617564        174.94992866505822     
  0.10241893027989661        174.09553626715547     
  0.10332124279964622        173.22889130343367     
  0.10423150470805934        172.34988288387120     
  0.10514978603938546        171.45840166963981     
  0.10607615744487701        170.55433999937361     
  0.10701069019822515        169.63759201953309     
  0.10795345620104345        168.70805381891557     
  0.10890452798839995        167.76562356736309     
  0.10986397873439785        166.81020165871129     
  0.11083188225780546        165.84169085802253     
  0.11180831302773571        164.85999645313706     
  0.11279334616937566        163.86502641057660     
  0.11378705746976653        162.85669153582563     
  0.11478952338363470        161.83490563801038     
  0.11580082103927399        160.79958569899100     
  0.11682102824447978        159.75065204687382     
  0.11785022349253546        158.68802853394538     
  0.11888848596825158        157.61164271901961     
  0.11993589555405824        156.52142605418425     
  0.12099253283615111        155.41731407592380     
  0.12205847911069154        154.29924660058293     
  0.12313381639006157        153.16716792413069     
  0.12421862740917364        152.02102702617165     
  0.12531299563183618        150.86077777813978     
  0.12641700525717520        149.68637915559941     
  0.12753074122611247        148.49779545456727     
  0.12865428922790073        147.29499651175320     
  0.12978773570671645        146.07795792860884     
  0.13093116786831077        144.84666129905287     
  0.13208467368671906        143.60109444073387     
  0.13324834191102936        142.34125162967106     
  0.13442226207221070        141.06713383809944     
  0.13560652449000149        139.77874897532814     
  0.13680122027985858        138.47611213140533     
  0.13800644135996754        137.15924582336112     
  0.13922228045831467        135.82818024378543     
  0.14044883111982148        134.48295351147394     
  0.14168618771354180        133.12361192385876     
  0.14293444543992243        131.75021021091663     
  0.14419370033812773        130.36281179022794     
  0.14546404929342877        128.96148902283562     
  0.14674559004465743        127.54632346953234     
  0.14803842119172639        126.11740614717786     
  0.14934264220321530        124.67483778462889     
  0.15065835342402364        123.21872907783302     
  0.15198565608309117        121.74920094361953     
  0.15332465230118628        120.26638477168891     
  0.15467544509876319        118.77042267428000     
  0.15603813840388794        117.26146773296689     
  0.15741283706023473        115.73968424200861     
  0.15879964683515221        114.20524794765132     
  0.16019867442780128        112.65834628275142     
  0.16161002747736408        111.09917859606531     
  0.16303381457132601        109.52795637551782     
  0.16447014525382991        107.94490346474285     
  0.16591913003410441        106.35025627215222     
  0.16738088039496635        104.74426397177218     
  0.16885550880139810        103.12718869505225     
  0.17034312870920043        101.49930571283060     
  0.17184385457372156        99.860903606612510     
  0.17335780185866342        98.212284428294055     
  0.17488508704496503        96.553763847441473     
  0.17642582763976447        94.885671285210790     
  0.17798014218543973        93.208350033976274     
  0.17954815026872917        91.522157361710512     
  0.18112997252993235        89.827464600147081     
  0.18272573067219192        88.124657215735141     
  0.18433554747085729        86.414134862385822     
  0.18595954678293072        84.696311414994668     
  0.18759785355659692        82.971614982716758     
  0.18925059384083609        81.240487900965647     
  0.19091789479512219        79.503386701100055     
  0.19259988469920628        77.760782056764754     
  0.19429669296298616        76.013158705854011     
  0.19600845013646306        74.261015347070824     
  0.19773528791978603        72.504864510068273     
  0.19947733917338456        70.745232398171595     
  0.20123473792819085        68.982658702699680     
  0.20300761939595185        67.217696387927830     
  0.20479611997963237        65.450911445762173     
  0.20660037728390959        63.682882619230938     
  0.20842053012576031        61.914201093934309     
  0.21025671854514116        60.145470156643412     
  0.21210908381576327        58.377304820285019     
  0.21397776845596156        56.610331414609931     
  0.21586291623965984        54.845187141902514     
  0.21776467220743267        53.082519597161138     
  0.21968318267766460        51.322986252253287     
  0.22161859525780755        49.567253903634949     
  0.22357105885573764        47.815998083310930     
  0.22554072369121198        46.069902432812611     
  0.22752774130742615        44.329658040072374     
  0.22953226458267398        42.595962739184898     
  0.23155444774210965        40.869520373166026     
  0.23359444636961360        39.151040019943053     
  0.23565241741976281        37.441235181944819     
  0.23772851922990687        35.740822939797354     
  0.23982291153235002        34.050523070779278     
  0.24193575546664092        32.371057132841656     
  0.24406721359197028        30.703147515155791     
  0.24621744989967814        29.047516456318363     
  0.24838662982587104        27.404885031509906     
  0.25057492026415035        25.775972110080730     
  0.25278248957845295        24.161493285213112     
  0.25500950761600494        22.562159777494202     
  0.25725614572038935        20.978677314417169     
  0.25952257674472901        19.411744988015684     
  0.26180897506498568        17.862054093026444     
  0.26411551659337651        16.330286948161827     
  0.26644237879190813        14.817115703263724     
  0.26878974068603051        13.323201135296145     
  0.27115778287841086        11.849191436317142     
  0.27354668756282891        10.395720996749958     
  0.27595663853819485        8.9634091874473825     
  0.27838782122269023        7.5528591442108279     
  0.28084042266803411        6.1646565585828981     
  0.28331463157387421        4.7993684788834301     
  0.28581063830230546        3.4575421255950261     
  0.28832863489251603        2.1397037253305768     
  0.29086881507556267       0.84635736772561643     
  0.29343137428927601      -0.42201611030668573     
  0.29601650969329724       -1.6649602084422526     
  0.29862442018424745       -2.8820438103615516     
  0.30125530641103032       -4.0728621901012829     
  0.30390937079026970       -5.2370379727159957     
  0.30658681752188344       -6.3742220446306987     
  0.30928785260479408       -7.4840944090977146     
  0.31201268385277825       -8.5663649822325070     
  0.31476152091045539       -9.6207743251878952     
  0.31753457526941781       -10.647094308143515     
  0.32033206028450201       -11.645128701930922     
  0.32315419119020455       -12.614713693291741     
  0.32600118511724141       -13.555718319970758     
  0.32887326110925397       -14.468044822084806     
  0.33177064013966162       -15.351628906476236     
  0.33469354512866356       -16.206439921060401     
  0.33764220096038977       -17.032480936506921     
  0.34061683450020297       -17.829788732956558     
  0.34361767461215381       -18.598433689865352     
  0.34664495217658908       -19.338519577486565     
  0.34969890010791532       -20.050183248946055     
  0.35277975337251899       -20.733594232336305     
  0.35588774900684444       -21.388954222746428     
  0.35902312613563109       -22.016496474657362     
  0.36218612599031130       -22.616485095660508     
  0.36537699192757067       -23.189214243000180     
  0.36859596944807116       -23.735007224993993     
  0.37184330621533984       -24.254215509943720     
  0.37511925207482366       -24.747217645711558     
  0.37842405907311205       -25.214418093696274     
  0.38175798147732953       -25.656245981496753     
  0.38512127579469796       -26.073153779092586     
  0.38851420079227239       -26.465615903897419     
  0.39193701751685001       -26.834127260544747     
  0.39538998931505470       -27.179201721744914     
  0.39887338185359850       -27.501370556998790     
  0.40238746313972190       -27.801180816364905     
  0.40593250354181371       -28.079193676845726     
  0.40950877581021261       -28.335982759283645     
  0.41311655509819267       -28.572132423929631     
  0.41675611898313292       -28.788236053067134     
  0.42042774748787382       -28.984894329233960     
  0.42413172310226172       -29.162713517684029     
  0.42786833080488346       -29.322303761765031     
  0.43163785808499205       -29.464277399855725     
  0.43544059496462567       -29.589247312405480     
  0.43927683402092171       -29.697825307448408     
  0.44314687040862694       -29.790620552724032     
  0.44705100188280655       -29.868238062227093     
  0.45098952882175308       -29.931277244631442     
  0.45496275425009680       -29.980330520589824     
  0.45897098386211999       -30.015982015404436     
  0.46301452604527704       -30.038806332997837     
  0.46709369190392092       -30.049367416492654     
  0.47120879528323922       -30.048217500038845     
  0.47536015279340105       -30.035896155813148     
  0.47954808383391656       -30.012929439365038     
  0.48377291061821082       -29.979829135703362     
  0.48803495819841475       -29.937092107716019     
  0.49233455449037428       -29.885199747699943     
  0.49667203029887924       -29.824617531958708     
  0.50104771934311554       -29.755794677609209     
  0.50546195828234031       -29.679163899936228     
  0.50991508674178510       -29.595141267852796     
  0.51440744733878541       -29.504126154274822     
  0.51893938570914078       -29.406501277507740     
  0.52351125053370851       -29.302632829080164     
  0.52812339356523030       -29.192870682852387     
  0.53277616965539509       -29.077548679681264     
  0.53746993678214139       -28.956984981446666     
  0.54220505607719949       -28.831482487840567     
  0.54698189185387636       -28.701329308994193     
  0.55180081163508565       -28.566799286774216     
  0.55666218618162355       -28.428152557417267     
  0.56156638952069560       -28.285636148095044     
  0.56651379897469334       -28.139484600008668     
  0.57150479519022512       -27.989920610700306     
  0.57653976216740210       -27.837155688438706     
  0.58161908728938316       -27.681390811780407     
  0.58674316135217941       -27.522817087724476     
  0.59191237859472112       -27.361616402260168     
  0.59712713672919093       -27.197962057546924     
  0.60238783697162190       -27.032019390457645     
  0.60769488407276773       -26.863946367750046     
  0.61304868634924270       -26.693894153699723     
  0.61844965571493760       -26.522007646622246     
  0.62389820771271176       -26.348425981321739     
  0.62939476154636387       -26.173282995120392     
  0.63493974011288545       -25.996707655738138     
  0.64053357003499767       -25.818824449896262     
  0.64617668169397524       -25.639753732103379     
  0.65186950926275888       -25.459612033640994     
  0.65761249073936068       -25.278512332290155     
  0.66340606798056245       -25.096564283825803     
  0.66925068673591193       -24.913874416744953     
  0.67514679668201794       -24.730546292085304     
  0.68109485145714765       -24.546680630528567     
  0.68709530869612945       -24.362375409265894     
  0.69314863006556215       -24.177725931329739     
  0.69925528129933523       -23.992824870267444     
  0.70541573223446141       -23.807762293147633     
  0.71163045684722592       -23.622625664952320     
  0.71789993328965285       -23.437499837419246     
  0.72422464392629393       -23.252467025361952     
  0.73060507537134056       -23.067606773415097     
  0.73704171852606359       -22.882995916032744     
  0.74353506861658270       -22.698708533413249     
  0.75008562523196753       -22.514815905840791     
  0.75669389236267648       -22.331386468725881     
  0.76336037843933224       -22.148485770400793     
  0.77008559637183971       -21.966176434485607     
  0.77687006358884936       -21.784518128392030     
  0.78371430207756632       -21.603567539279823     
  0.79061883842391212       -21.423378358529217     
  0.79758420385303930       -21.244001275546044     
  0.80461093427020292       -21.065483981478401     
  0.81169957030199258       -20.887871183197415     
  0.81885065733792728       -20.711204627682918     
  0.82606474557241671       -20.535523136759991     
  0.83334239004709310       -20.360862651955387     
  0.84068415069351476       -20.187256289086175     
  0.84809059237624640       -20.014734402056128     
  0.85556228493631958       -19.843324655219437     
  0.86309980323507429       -19.673052103576275     
  0.87070372719838973       -19.503939279989439     
  0.87837464186130088       -19.336006288556256     
  0.88611313741301234       -19.169270903232533     
  0.89391980924230507       -19.003748670786337     
  0.90179525798334526       -18.839453017155442     
  0.90974008956189689       -18.676395356293540     
  0.91775491524193964       -18.514585200614249     
  0.92584035167269951       -18.354030272177070     
  0.93399702093609283       -18.194736613804526     
  0.94222555059458790       -18.036708699372564     
  0.95052657373948923       -17.879949542575691     
  0.95890072903964640       -17.724460803532587     
  0.96734866079059267       -17.570242892665529     
  0.97587101896411577       -17.417295071356701     
  0.98446845925826565       -17.265615548954965     
  0.99314164314780395       -17.115201575776645     
   1.0018912379350953       -16.966049531812690     
   1.0107179168014504       -16.818155010920794     
   1.0196223588589184       -16.671512900344528     
   1.0286052492025368       -16.526117455460678     
   1.0376672789630428       -16.381962369711598     
   1.0468091453600465       -16.239040839729512     
   1.0560315517556751       -16.097345625705582     
   1.0653352077086877       -15.956869107096502     
   1.0747208290290684       -15.817603333796777     
   1.0841891378330997       -15.679540072934554     
   1.0937408625989202       -15.542670851473522     
   1.1033767382225736       -15.406986994823198     
   1.1130975060745509       -15.272479661674851     
   1.1229039140568284       -15.139139875290979     
   1.1327967166604131       -15.006958551482516     
   1.1427766750233892       -14.875926523511009     
   1.1528445569894816       -14.746034564152035     
   1.1630011371671303       -14.617273405153071     
   1.1732471969890899       -14.489633754312603     
   1.1835835247725501       -14.363106310399571     
   1.1940109157797891       -14.237681776122168     
   1.2045301722793591       -14.113350869344060     
   1.2151421036078112       -13.990104332734077     
   1.2258475262319668       -13.867932942022508     
   1.2366472638117321       -13.746827513024432     
   1.2475421472634727       -13.626778907576998     
   1.2585330148239404       -13.507778038524982     
   1.2696207121147678       -13.389815873875897     
   1.2808060922075282       -13.272883440234088     
   1.2920900156893695       -13.156971825611478     
   1.3034733507292280       -13.042072181701798     
   1.3149569731446227       -12.928175725695036     
   1.3265417664690391       -12.815273741699542     
   1.3382286220199091       -12.703357581830593     
   1.3500184389671852       -12.592418667016689     
   1.3619121244025232       -12.482448487567721     
   1.3739105934090714       -12.373438603543221     
   1.3860147691318767       -12.265380644953165     
   1.3982255828489090       -12.158266311819256     
   1.4105439740427137       -12.052087374120264     
   1.4229708904726923       -11.946835671641448     
   1.4355072882480240       -11.842503113744893     
   1.4481541319012254       -11.739081679074976     
   1.4609123944623614       -11.636563415210842     
   1.4737830575339077       -11.534940438275823     
   1.4867671113662755       -11.434204932512083     
   1.4998655549339981       -11.334349149827448     
   1.5130793960125919       -11.235365409320126     
   1.5264096512560925       -11.137246096786063     
   1.5398573462752754       -11.039983664212954     
   1.5534235157165635       -10.943570629264133     
   1.5671092033416336       -10.847999574755024     
   1.5809154621077197       -10.753263148124447     
   1.5948433542486271       -10.659354060902563     
   1.6088939513564593       -10.566265088176976     
   1.6230683344640644       -10.473989068058243     
   1.6373675941282080       -10.382518901145797     
   1.6517928305134797       -10.291847549995087     
   1.6663451534769376       -10.201968038586614     
   1.6810256826534997       -10.112873451797418     
   1.6958355475420865       -10.024556934875401     
   1.7107758875925234       -9.9370116929168510     
   1.7258478522932079       -9.8502309903474607     
   1.7410526012595502       -9.7642081504069704     
   1.7563913043231913       -9.6789365546376818     
   1.7718651416220097       -9.5944096423769061     
   1.7874753036909183       -9.5106209102534258     
   1.8032229915534630       -9.4275639116880843     
   1.8191094168142274       -9.3452322563984556     
   1.8351358017520523       -9.2636196099077281     
   1.8513033794140756       -9.1827196930576722     
   1.8676133937106021       -9.1025262815258081     
   1.8840670995108071       -9.0230332053467279     
   1.9006657627392844       -8.9442343484374973     
   1.9174106604734460       -8.8661236481272070     
   1.9343030810417765       -8.7886950946905795     
   1.9513443241229573       -8.7119427308856441     
   1.9685357008458606       -8.6358606514954239     
   1.9858785338904266       -8.5604430028736171     
