                                                  
                                                                                                                                                                                                                                                                
         SCF,CCSD
   -1381.414522,   -1382.625440
   -1381.358353,   -1382.620312
   -1381.155519,   -1382.520721
   -1381.170711,   -1382.325374
   -1381.128719,   -1382.353174
   -1380.600383,   -1381.721336
   -1379.446519,   -1380.484133
   -1377.628844,   -1378.584099
   -1374.723994,   -1375.641971
   -1370.971811,   -1371.847779
   -1366.240220,   -1367.081595
   -1360.461400,   -1361.275454
   -1353.647557,   -1354.428283
   -1275.325477,   -1275.802547
   -1381.351594,   -1382.656678
                                                  
