                                                  
                                                                                                                                                                                                                                                                
         SCF,CCSD
   -1381.414455,   -1382.594030
   -1381.358281,   -1382.587657
   -1381.155444,   -1382.487195
   -1381.170641,   -1382.294135
   -1381.128647,   -1382.320534
   -1380.600314,   -1381.690110
   -1379.446447,   -1380.455092
   -1377.628766,   -1378.557732
   -1374.723919,   -1375.617494
   -1370.971737,   -1371.825383
   -1366.240144,   -1367.061453
   -1360.461331,   -1361.257748
   -1353.647500,   -1354.413221
   -1275.325434,   -1275.792845
   -1381.351413,   -1382.623791
                                                  
