                                                  
                                                                                                                                                                                                                                                                
        SCF,CCSD
   -144.94048306,   -145.72333420
   -144.87273676,   -145.70478249
   -144.66105732,   -145.59499933
   -144.69319142,   -145.41892205
   -144.63737136,   -145.42993485
   -144.11258202,   -144.80300914
   -142.96090833,   -143.57199765
   -141.14233202,   -141.67715995
   -138.22959233,   -138.73560254
   -134.46120517,   -134.93533492
   -129.70196837,   -130.15461335
   -123.88094080,   -124.32313069
   -117.00771903,   -117.43635966
    -38.66113760,    -38.76695959
   -144.86586680,   -145.74280112
                                                  
