                                                  
                                                                                                                                                                                                                                                                
        SCF,CCSD
   -144.93934333,   -145.68566390
   -144.87152987,   -145.66455038
   -144.65982467,   -145.55275316
   -144.69202462,   -145.38195091
   -144.63611489,   -145.39024505
   -144.11131958,   -144.76633947
   -142.95955825,   -143.53893315
   -141.14116018,   -141.64847614
   -138.22858592,   -138.71048836
   -134.46028389,   -134.91381330
   -129.70113323,   -130.13706629
   -123.88027570,   -124.31004205
   -117.00731900,   -117.42772768
    -38.66064897,    -38.76632943
   -144.86465487,   -145.70176825
                                                  
