                                                  
                                                                                                                                                                                                                                                                
         SCF,CCSD
   -1271.364541,   -1272.058639
   -1271.288819,   -1272.024569
   -1271.074868,   -1271.903560
   -1271.131550,   -1271.768897
   -1271.058108,   -1271.756881
   -1251.154694,   -1251.506715
   -1182.867520,   -1182.959597
   -1271.277982,   -1272.059403
   -1270.568473,   -1271.173057
   -1269.534819,   -1270.052468
   -1267.557977,   -1268.037077
   -1264.830277,   -1265.268508
   -1261.222012,   -1261.627623
   -1256.662213,   -1257.043109
                                                  
