   4.0351624297894465E-006   114.33166129452854     
   4.0706339586960673E-006   114.33166129544554     
   4.1064173038888636E-006   114.33166129400922     
   4.1425152064224035E-006   114.33166129441031     
   4.1789304314467894E-006   114.33166129338849     
   4.2156657684194715E-006   114.33166129373751     
   4.2527240313189270E-006   114.33166129266272     
   4.2901080588602128E-006   114.33166129202641     
   4.3278207147124155E-006   114.33166129136242     
   4.3658648877180122E-006   114.33166129206728     
   4.4042434921141596E-006   114.33166129088073     
   4.4429594677559338E-006   114.33166129013080     
   4.4820157803415140E-006   114.33166129028234     
   4.5214154216393764E-006   114.33166128900683     
   4.5611614097174544E-006   114.33166128816623     
   4.6012567891743356E-006   114.33166128775997     
   4.6417046313724746E-006   114.33166128685610     
   4.6825080346734706E-006   114.33166128685127     
   4.7236701246754019E-006   114.33166128588209     
   4.7651940544522524E-006   114.33166128581070     
   4.8070830047954434E-006   114.33166128523948     
   4.8493401844574846E-006   114.33166128463347     
   4.8919688303977655E-006   114.33166128445788     
   4.9349722080305213E-006   114.33166128378048     
   4.9783536114749568E-006   114.33166128306652     
   5.0221163638075882E-006   114.33166128231522     
   5.0662638173167916E-006   114.33166128199173     
   5.1107993537595945E-006   114.33166128116397     
   5.1557263846207248E-006   114.33166128076255     
   5.2010483513739307E-006   114.33166127985555     
   5.2467687257456061E-006   114.33166127890780     
   5.2928910099807300E-006   114.33166127884999     
   5.3394187371111389E-006   114.33166127781874     
   5.3863554712261711E-006   114.33166127721023     
   5.4337048077456680E-006   114.33166127562680     
   5.4814703736954021E-006   114.33166127493030     
   5.5296558279849008E-006   114.33166127418849     
   5.5782648616877314E-006   114.33166127293515     
   5.6273011983242389E-006   114.33166127303201     
   5.6767685941467754E-006   114.33166127261552     
   5.7266708384274298E-006   114.33166127215060     
   5.7770117537482982E-006   114.33166127070501     
   5.8277951962942934E-006   114.33166126967484     
   5.8790250561485368E-006   114.33166126952494     
   5.9307052575903410E-006   114.33166126746039     
   5.9828397593958215E-006   114.33166126673996     
   6.0354325551411372E-006   114.33166126689707     
   6.0884876735084094E-006   114.33166126513669     
   6.1420091785943222E-006   114.33166126425192     
   6.1960011702214367E-006   114.33166126331031     
   6.2504677842522461E-006   114.33166126231100     
   6.3054131929059875E-006   114.33166126125298     
   6.3608416050782398E-006   114.33166125966943     
   6.4167572666633275E-006   114.33166125942205     
   6.4731644608795696E-006   114.33166125818138     
   6.5300675085973740E-006   114.33166125687774     
   6.5874707686702249E-006   114.33166125597563     
   6.6453786382685736E-006   114.33166125547388     
   6.7037955532166756E-006   114.33166125350874     
   6.7627259883323710E-006   114.33166125287300     
   6.8221744577698721E-006   114.33166125123711     
   6.8821455153655436E-006   114.33166125046262     
   6.9426437549867412E-006   114.33166124961684     
   7.0036738108837070E-006   114.33166124776727     
   7.0652403580445529E-006   114.33166124630958     
   7.1273481125533780E-006   114.33166124524246     
   7.1900018319515290E-006   114.33166124409888     
   7.2532063156020257E-006   114.33166124311043     
   7.3169664050572065E-006   114.33166124111153     
   7.3812869844295975E-006   114.33166123996341     
   7.4461729807660377E-006   114.33166123873343     
   7.5116293644251025E-006   114.33166123695429     
   7.5776611494578381E-006   114.33166123555600     
   7.6442733939918444E-006   114.33166123430419     
   7.7114712006187367E-006   114.33166123273162     
   7.7792597167850108E-006   114.33166123130241     
   7.8476441351863411E-006   114.33166122978224     
   7.9166296941653545E-006   114.33166122816942     
   7.9862216781128874E-006   114.33166122669519     
   8.0564254178727877E-006   114.33166122535789     
   8.1272462911502537E-006   114.33166122322444     
   8.1986897229237806E-006   114.33166122192290     
   8.2707611858607216E-006   114.33166122052040     
   8.3434662007364977E-006   114.33166121785075     
   8.4168103368575013E-006   114.33166121647344     
   8.4907992124877108E-006   114.33166121452393     
   8.5654384952790581E-006   114.33166121269880     
   8.6407339027055772E-006   114.33166121099606     
   8.7166912025013689E-006   114.33166120894828     
   8.7933162131024287E-006   114.33166120701907     
   8.8706148040923335E-006   114.33166120520639     
   8.9485928966518637E-006   114.33166120304253     
   9.0272564640125789E-006   114.33166120075816     
   9.1066115319143701E-006   114.33166119881696     
   9.1866641790670455E-006   114.33166119675099     
   9.2674205376159622E-006   114.33166119455814     
   9.3488867936117613E-006   114.33166119293458     
   9.4310691874842262E-006   114.33166119048110     
   9.5139740145203059E-006   114.33166118812659     
   9.5976076253463546E-006   114.33166118563599     
   9.6819764264145774E-006   114.33166118300687     
   9.7670868804937981E-006   114.33166118046950     
   9.8529455071644940E-006   114.33166117848725     
   9.9395588833182215E-006   114.33166117612609     
   1.0026933643661408E-005   114.33166117338357     
   1.0115076481223578E-005   114.33166117072261     
   1.0203994147870055E-005   114.33166116814061     
   1.0293693454819156E-005   114.33166116563484     
   1.0384181273163946E-005   114.33166116273691     
   1.0475464534398573E-005   114.33166115990957     
   1.0567550230949230E-005   114.33166115738288     
   1.0660445416709780E-005   114.33166115422256     
   1.0754157207582102E-005   114.33166115182269     
   1.0848692782021169E-005   114.33166114878310     
   1.0944059381584941E-005   114.33166114556656     
   1.1040264311489072E-005   114.33166114240265     
   1.1137314941166488E-005   114.33166113905548     
   1.1235218704831916E-005   114.33166113598736     
   1.1333983102051348E-005   114.33166113296227     
   1.1433615698316511E-005   114.33166112974391     
   1.1534124125624403E-005   114.33166112632898     
   1.1635516083061910E-005   114.33166112294680     
   1.1737799337395570E-005   114.33166111959383     
   1.1840981723666515E-005   114.33166111580073     
   1.1945071145790651E-005   114.33166111249534     
   1.2050075577164101E-005   114.33166110897525     
   1.2156003061273992E-005   114.33166110523683     
   1.2262861712314577E-005   114.33166110104332     
   1.2370659715808814E-005   114.33166109732218     
   1.2479405329235379E-005   114.33166109337077     
   1.2589106882661200E-005   114.33166108965088     
   1.2699772779379553E-005   114.33166108569253     
   1.2811411496553767E-005   114.33166108172452     
   1.2924031585866586E-005   114.33166107727675     
   1.3037641674175241E-005   114.33166107281062     
   1.3152250464172279E-005   114.33166106855447     
   1.3267866735052196E-005   114.33166106403820     
   1.3384499343183948E-005   114.33166105972276     
   1.3502157222789348E-005   114.33166105513794     
   1.3620849386627446E-005   114.33166105051174     
   1.3740584926684923E-005   114.33166104560650     
   1.3861373014872545E-005   114.33166104088292     
   1.3983222903727741E-005   114.33166103587041     
   1.4106143927123366E-005   114.33166103102940     
   1.4230145500982693E-005   114.33166102588916     
   1.4355237124000669E-005   114.33166102067713     
   1.4481428378371552E-005   114.33166101527161     
   1.4608728930522899E-005   114.33166101013279     
   1.4737148531856041E-005   114.33166100455657     
   1.4866697019493048E-005   114.33166099900291     
   1.4997384317030272E-005   114.33166099346607     
   1.5129220435298502E-005   114.33166098759096     
   1.5262215473129814E-005   114.33166098172080     
   1.5396379618131146E-005   114.33166097608239     
   1.5531723147464694E-005   114.33166096985468     
   1.5668256428635155E-005   114.33166096372969     
   1.5805989920283886E-005   114.33166095735197     
   1.5944934172990057E-005   114.33166095106407     
   1.6085099830078834E-005   114.33166094451030     
   1.6226497628436681E-005   114.33166093803300     
   1.6369138399333811E-005   114.33166093139249     
   1.6513033069253888E-005   114.33166092446544     
   1.6658192660730999E-005   114.33166091736109     
   1.6804628293194005E-005   114.33166091030500     
   1.6952351183818299E-005   114.33166090317349     
   1.7101372648385061E-005   114.33166089537684     
   1.7251704102148064E-005   114.33166088795525     
   1.7403357060708084E-005   114.33166088066810     
   1.7556343140895038E-005   114.33166087280904     
   1.7710674061657827E-005   114.33166086471920     
   1.7866361644962029E-005   114.33166085685610     
   1.8023417816695487E-005   114.33166084862927     
   1.8181854607581839E-005   114.33166084061241     
   1.8341684154102094E-005   114.33166083221471     
   1.8502918699424298E-005   114.33166082366029     
   1.8665570594341383E-005   114.33166081470739     
   1.8829652298217254E-005   114.33166080569612     
   1.8995176379941191E-005   114.33166079685003     
   1.9162155518890653E-005   114.33166078746132     
   1.9330602505902510E-005   114.33166077821880     
   1.9500530244252883E-005   114.33166076864711     
   1.9671951750645514E-005   114.33166075896912     
   1.9844880156208880E-005   114.33166074917477     
   2.0019328707502047E-005   114.33166073878812     
   2.0195310767529395E-005   114.33166072861354     
   2.0372839816764217E-005   114.33166071840765     
   2.0551929454181372E-005   114.33166070781033     
   2.0732593398298947E-005   114.33166069692703     
   2.0914845488229152E-005   114.33166068574639     
   2.1098699684738398E-005   114.33166067460638     
   2.1284170071316708E-005   114.33166066326243     
   2.1471270855256533E-005   114.33166065158645     
   2.1660016368741072E-005   114.33166063979911     
   2.1850421069942100E-005   114.33166062788825     
   2.2042499544127519E-005   114.33166061595779     
   2.2236266504778591E-005   114.33166060352937     
   2.2431736794717014E-005   114.33166059059010     
   2.2628925387241909E-005   114.33166057794176     
   2.2827847387276789E-005   114.33166056487255     
   2.3028518032526618E-005   114.33166055148519     
   2.3230952694645046E-005   114.33166053799869     
   2.3435166880411899E-005   114.33166052404977     
   2.3641176232921010E-005   114.33166051020618     
   2.3848996532778513E-005   114.33166049575470     
   2.4058643699311660E-005   114.33166048137912     
   2.4270133791788246E-005   114.33166046636586     
   2.4483483010646801E-005   114.33166045151438     
   2.4698707698737546E-005   114.33166043611055     
   2.4915824342574275E-005   114.33166042060407     
   2.5134849573597260E-005   114.33166040474600     
   2.5355800169447239E-005   114.33166038875271     
   2.5578693055250591E-005   114.33166037214158     
   2.5803545304915856E-005   114.33166035547782     
   2.6030374142441583E-005   114.33166033839461     
   2.6259196943235737E-005   114.33166032099086     
   2.6490031235446682E-005   114.33166030348133     
   2.6722894701305840E-005   114.33166028549846     
   2.6957805178482200E-005   114.33166026737285     
   2.7194780661448687E-005   114.33166024861987     
   2.7433839302860582E-005   114.33166022980231     
   2.7674999414946031E-005   114.33166021043485     
   2.7918279470908779E-005   114.33166019107961     
   2.8163698106343273E-005   114.33166017101769     
   2.8411274120662140E-005   114.33166015092701     
   2.8661026478536268E-005   114.33166013020428     
   2.8912974311347514E-005   114.33166010911918     
   2.9167136918654220E-005   114.33166008788271     
   2.9423533769669556E-005   114.33166006600703     
   2.9682184504752908E-005   114.33166004393513     
   2.9943108936914351E-005   114.33166002146947     
   3.0206327053332352E-005   114.33165999852838     
   3.0471859016884812E-005   114.33165997520456     
   3.0739725167693592E-005   114.33165995153189     
   3.1009946024682569E-005   114.33165992742755     
   3.1282542287149426E-005   114.33165990275000     
   3.1557534836351249E-005   114.33165987776476     
   3.1834944737104045E-005   114.33165985227117     
   3.2114793239396380E-005   114.33165982641754     
   3.2397101780017094E-005   114.33165980000217     
   3.2681891984197449E-005   114.33165977317242     
   3.2969185667267601E-005   114.33165974584199     
   3.3259004836327730E-005   114.33165971815743     
   3.3551371691933787E-005   114.33165968979858     
   3.3846308629798104E-005   114.33165966126018     
   3.4143838242504896E-005   114.33165963187179     
   3.4443983321240977E-005   114.33165960218525     
   3.4746766857541473E-005   114.33165957176203     
   3.5052212045051110E-005   114.33165954086166     
   3.5360342281300837E-005   114.33165950945215     
   3.5671181169500095E-005   114.33165947755913     
   3.5984752520344893E-005   114.33165944509096     
   3.6301080353841694E-005   114.33165941183944     
   3.6620188901147449E-005   114.33165937829386     
   3.6942102606425661E-005   114.33165934407020     
   3.7266846128718907E-005   114.33165930901629     
   3.7594444343837698E-005   114.33165927367799     
   3.7924922346266066E-005   114.33165923749448     
   3.8258305451083757E-005   114.33165920083570     
   3.8594619195905490E-005   114.33165916343074     
   3.8933889342837100E-005   114.33165912535702     
   3.9276141880449001E-005   114.33165908657497     
   3.9621403025766906E-005   114.33165904710262     
   3.9969699226280124E-005   114.33165900707360     
   4.0321057161967463E-005   114.33165896615515     
   4.0675503747340953E-005   114.33165892465405     
   4.1033066133507509E-005   114.33165888235260     
   4.1393771710248806E-005   114.33165883932315     
   4.1757648108119303E-005   114.33165879557930     
   4.2124723200562836E-005   114.33165875101724     
   4.2495025106047753E-005   114.33165870570718     
   4.2868582190220800E-005   114.33165865948553     
   4.3245423068079982E-005   114.33165861253713     
   4.3625576606166551E-005   114.33165856481315     
   4.4009071924776165E-005   114.33165851608942     
   4.4395938400189569E-005   114.33165846648984     
   4.4786205666922886E-005   114.33165841637060     
   4.5179903619997610E-005   114.33165836503889     
   4.5577062417230632E-005   114.33165831290734     
   4.5977712481544409E-005   114.33165825974686     
   4.6381884503297321E-005   114.33165820579347     
   4.6789609442634673E-005   114.33165815064172     
   4.7200918531860234E-005   114.33165809481659     
   4.7615843277828714E-005   114.33165803785249     
   4.8034415464359199E-005   114.33165797992297     
   4.8456667154669859E-005   114.33165792090966     
   4.8882630693834022E-005   114.33165786086778     
   4.9312338711257865E-005   114.33165779990952     
   4.9745824123179861E-005   114.33165773779683     
   5.0183120135192230E-005   114.33165767446508     
   5.0624260244784492E-005   114.33165761013959     
   5.1069278243909468E-005   114.33165754457883     
   5.1518208221571757E-005   114.33165747794772     
   5.1971084566439037E-005   114.33165741011862     
   5.2427941969476234E-005   114.33165734119564     
   5.2888815426602948E-005   114.33165727093251     
   5.3353740241374181E-005   114.33165719943082     
   5.3822752027684599E-005   114.33165712667454     
   5.4295886712496663E-005   114.33165705270443     
   5.4773180538592640E-005   114.33165697732716     
   5.5254670067350872E-005   114.33165690058075     
   5.5740392181546432E-005   114.33165682261847     
   5.6230384088176393E-005   114.33165674318457     
   5.6724683321309917E-005   114.33165666242940     
   5.7223327744963456E-005   114.33165658015253     
   5.7726355556001141E-005   114.33165649650124     
   5.8233805287060765E-005   114.33165641135963     
   5.8745715809505407E-005   114.33165632463908     
   5.9262126336401033E-005   114.33165623645334     
   5.9783076425520291E-005   114.33165614673976     
   6.0308605982372652E-005   114.33165605540512     
   6.0838755263261297E-005   114.33165596238365     
   6.1373564878366722E-005   114.33165586778233     
   6.1913075794857629E-005   114.33165577156120     
   6.2457329340028964E-005   114.33165567356190     
   6.3006367204467746E-005   114.33165557382836     
   6.3560231445246535E-005   114.33165547243129     
   6.4118964489145151E-005   114.33165536920717     
   6.4682609135900549E-005   114.33165526413620     
   6.5251208561485372E-005   114.33165515713802     
   6.5824806321415302E-005   114.33165504839275     
   6.6403446354085469E-005   114.33165493761254     
   6.6987172984136171E-005   114.33165482494439     
   6.7576030925848232E-005   114.33165471027104     
   6.8170065286568109E-005   114.33165459358986     
   6.8769321570163352E-005   114.33165447477944     
   6.9373845680508031E-005   114.33165435389111     
   6.9983683924999219E-005   114.33165423097375     
   7.0598883018104116E-005   114.33165410572508     
   7.1219490084938476E-005   114.33165397836410     
   7.1845552664876429E-005   114.33165384870028     
   7.2477118715192100E-005   114.33165371680275     
   7.3114236614733183E-005   114.33165358253427     
   7.3756955167626813E-005   114.33165344593004     
   7.4405323607018071E-005   114.33165330693532     
   7.5059391598841273E-005   114.33165316546388     
   7.5719209245624474E-005   114.33165302139781     
   7.6384827090327398E-005   114.33165287490755     
   7.7056296120213056E-005   114.33165272575366     
   7.7733667770753511E-005   114.33165257395558     
   7.8416993929569822E-005   114.33165241953037     
   7.9106326940406806E-005   114.33165226240487     
   7.9801719607142568E-005   114.33165210250303     
   8.0503225197833388E-005   114.33165193971689     
   8.1210897448794075E-005   114.33165177405192     
   8.1924790568714372E-005   114.33165160548151     
   8.2644959242811244E-005   114.33165143394689     
   8.3371458637018011E-005   114.33165125941537     
   8.4104344402209977E-005   114.33165108170550     
   8.4843672678467494E-005   114.33165090095287     
   8.5589500099376349E-005   114.33165071696953     
   8.6341883796365890E-005   114.33165052968081     
   8.7100881403085449E-005   114.33165033918311     
   8.7866551059819170E-005   114.33165014530761     
   8.8638951417939591E-005   114.33164994799830     
   8.9418141644400463E-005   114.33164974713742     
   9.0204181426268952E-005   114.33164954274912     
   9.0997130975297878E-005   114.33164933482482     
   9.1797051032537858E-005   114.33164912311929     
   9.2604002872990321E-005   114.33164890782007     
   9.3418048310301132E-005   114.33164868858688     
   9.4239249701495649E-005   114.33164846551222     
   9.5067669951755384E-005   114.33164823853883     
   9.5903372519236588E-005   114.33164800754741     
   9.6746421419931285E-005   114.33164777247231     
   9.7596881232570929E-005   114.33164753321489     
   9.8454817103573228E-005   114.33164728975936     
   9.9320294752032519E-005   114.33164704199845     
   1.0019338047475388E-004   114.33164678981996     
   1.0107414115133159E-004   114.33164653325304     
   1.0196264424927217E-004   114.33164627211846     
   1.0285895782916250E-004   114.33164600640669     
   1.0376315054988338E-004   114.33164573595815     
   1.0467529167386889E-004   114.33164546075369     
   1.0559545107241196E-004   114.33164518068213     
   1.0652369923101660E-004   114.33164489568503     
   1.0746010725479729E-004   114.33164460564115     
   1.0840474687392558E-004   114.33164431051080     
   1.0935769044912487E-004   114.33164401013300     
   1.1031901097721321E-004   114.33164370439920     
   1.1128878209669507E-004   114.33164339328306     
   1.1226707809340207E-004   114.33164307672303     
   1.1325397390618345E-004   114.33164275459399     
   1.1424954513264646E-004   114.33164242667766     
   1.1525386803494717E-004   114.33164209306995     
   1.1626701954563241E-004   114.33164175352584     
   1.1728907727353278E-004   114.33164140796930     
   1.1832011950970766E-004   114.33164105634671     
   1.1936022523344242E-004   114.33164069846737     
   1.2040947411829827E-004   114.33164033427965     
   1.2146794653821548E-004   114.33163996368160     
   1.2253572357367003E-004   114.33163958653557     
   1.2361288701788459E-004   114.33163920274080     
   1.2469951938309386E-004   114.33163881211658     
   1.2579570390686530E-004   114.33163841463562     
   1.2690152455847509E-004   114.33163801011767     
   1.2801706604534036E-004   114.33163759844814     
   1.2914241381950791E-004   114.33163717950481     
   1.3027765408419993E-004   114.33163675320162     
   1.3142287380041729E-004   114.33163631929955     
   1.3257816069360093E-004   114.33163587781326     
   1.3374360326035158E-004   114.33163542847331     
   1.3491929077520901E-004   114.33163497123496     
   1.3610531329749030E-004   114.33163450585585     
   1.3730176167818869E-004   114.33163403234732     
   1.3850872756693286E-004   114.33163355042109     
   1.3972630341900730E-004   114.33163305998391     
   1.4095458250243476E-004   114.33163256090467     
   1.4219365890512039E-004   114.33163205297041     
   1.4344362754205935E-004   114.33163153611906     
   1.4470458416260715E-004   114.33163101009012     
   1.4597662535781431E-004   114.33163047481742     
   1.4725984856782542E-004   114.33162993005033     
   1.4855435208934310E-004   114.33162937565947     
   1.4986023508315764E-004   114.33162881149087     
   1.5117759758174302E-004   114.33162823736592     
   1.5250654049691931E-004   114.33162765308106     
   1.5384716562758286E-004   114.33162705848031     
   1.5519957566750419E-004   114.33162645338268     
   1.5656387421319429E-004   114.33162583761049     
   1.5794016577184061E-004   114.33162521094607     
   1.5932855576931209E-004   114.33162457320418     
   1.6072915055823515E-004   114.33162392421690     
   1.6214205742614050E-004   114.33162326376117     
   1.6356738460368125E-004   114.33162259163106     
   1.6500524127292381E-004   114.33162190763778     
   1.6645573757571129E-004   114.33162121155078     
   1.6791898462210038E-004   114.33162050317100     
   1.6939509449887284E-004   114.33161978228634     
   1.7088418027812115E-004   114.33161904868626     
   1.7238635602591029E-004   114.33161830207445     
   1.7390173681101518E-004   114.33161754231560     
   1.7543043871373520E-004   114.33161676911510     
   1.7697257883478608E-004   114.33161598226661     
   1.7852827530426992E-004   114.33161518152008     
   1.8009764729072427E-004   114.33161436664039     
   1.8168081501025043E-004   114.33161353736318     
   1.8327789973572226E-004   114.33161269342361     
   1.8488902380607586E-004   114.33161183458520     
   1.8651431063568098E-004   114.33161096058166     
   1.8815388472379454E-004   114.33161007113080     
   1.8980787166409752E-004   114.33160916596353     
   1.9147639815431580E-004   114.33160824482349     
   1.9315959200592509E-004   114.33160730740872     
   1.9485758215394169E-004   114.33160635338595     
   1.9657049866679901E-004   114.33160538259330     
   1.9829847275631095E-004   114.33160439460482     
   2.0004163678772303E-004   114.33160338915070     
   2.0180012428985158E-004   114.33160236597251     
   2.0357406996531245E-004   114.33160132470590     
   2.0536360970083923E-004   114.33160026502600     
   2.0716888057769250E-004   114.33159918664711     
   2.0899002088216033E-004   114.33159808922028     
   2.1082717011615130E-004   114.33159697240603     
   2.1268046900788050E-004   114.33159583585922     
   2.1455005952264954E-004   114.33159467921433     
   2.1643608487372122E-004   114.33159350217215     
   2.1833868953328992E-004   114.33159230429595     
   2.2025801924354846E-004   114.33159108528753     
   2.2219422102785191E-004   114.33158984476842     
   2.2414744320198003E-004   114.33158858229405     
   2.2611783538549842E-004   114.33158729754285     
   2.2810554851321948E-004   114.33158599008266     
   2.3011073484676428E-004   114.33158465953045     
   2.3213354798622612E-004   114.33158330545740     
   2.3417414288193629E-004   114.33158192747601     
   2.3623267584633374E-004   114.33158052515171     
   2.3830930456593868E-004   114.33157909806869     
   2.4040418811343159E-004   114.33157764574156     
   2.4251748695983846E-004   114.33157616778971     
   2.4464936298682305E-004   114.33157466371875     
   2.4679997949908727E-004   114.33157313307981     
   2.4896950123688060E-004   114.33157157537465     
   2.5115809438861945E-004   114.33156999017876     
   2.5336592660361721E-004   114.33156837695185     
   2.5559316700492663E-004   114.33156673524826     
   2.5783998620229485E-004   114.33156506453435     
   2.6010655630523237E-004   114.33156336430477     
   2.6239305093619675E-004   114.33156163404539     
   2.6469964524389241E-004   114.33155987320345     
   2.6702651591668732E-004   114.33155808125281     
   2.6937384119614757E-004   114.33155625766409     
   2.7174180089069083E-004   114.33155440183134     
   2.7413057638935999E-004   114.33155251323171     
   2.7654035067571783E-004   114.33155059125727     
   2.7897130834186380E-004   114.33154863533105     
   2.8142363560257398E-004   114.33154664484800     
   2.8389752030956553E-004   114.33154461919639     
   2.8639315196588629E-004   114.33154255777157     
   2.8891072174043095E-004   114.33154045988829     
   2.9145042248258506E-004   114.33153832497590     
   2.9401244873699712E-004   114.33153615233846     
   2.9659699675848162E-004   114.33153394130602     
   2.9920426452705181E-004   114.33153169121249     
   3.0183445176308566E-004   114.33152940135869     
   3.0448775994262455E-004   114.33152707106950     
   3.0716439231280661E-004   114.33152469959151     
   3.0986455390743590E-004   114.33152228622316     
   3.1258845156268794E-004   114.33151983019752     
   3.1533629393295414E-004   114.33151733079075     
   3.1810829150682454E-004   114.33151478721231     
   3.2090465662321197E-004   114.33151219870564     
   3.2372560348761694E-004   114.33150956446042     
   3.2657134818853681E-004   114.33150688369159     
   3.2944210871401793E-004   114.33150415552927     
   3.3233810496835389E-004   114.33150137915652     
   3.3525955878893073E-004   114.33149855375001     
   3.3820669396321986E-004   114.33149567841355     
   3.4117973624592045E-004   114.33149275226464     
   3.4417891337625272E-004   114.33148977441914     
   3.4720445509540287E-004   114.33148674396102     
   3.5025659316412162E-004   114.33148365996323     
   3.5333556138047762E-004   114.33148052145793     
   3.5644159559776657E-004   114.33147732750780     
   3.5957493374257771E-004   114.33147407711095     
   3.6273581583301984E-004   114.33147076928668     
   3.6592448399710634E-004   114.33146740301675     
   3.6914118249130323E-004   114.33146397725159     
   3.7238615771923914E-004   114.33146049096661     
   3.7565965825058027E-004   114.33145694306046     
   3.7896193484007111E-004   114.33145333247683     
   3.8229324044674283E-004   114.33144965808702     
   3.8565383025328996E-004   114.33144591877624     
   3.8904396168561802E-004   114.33144211339879     
   3.9246389443256270E-004   114.33143824074756     
   3.9591389046578218E-004   114.33143429969130     
   3.9939421405982452E-004   114.33143028896973     
   4.0290513181237195E-004   114.33142620738812     
   4.0644691266466203E-004   114.33142205368608     
   4.1001982792208909E-004   114.33141782659345     
   4.1362415127498692E-004   114.33141352477134     
   4.1726015881959346E-004   114.33140914692723     
   4.2092812907920028E-004   114.33140469174049     
   4.2462834302548787E-004   114.33140015782499     
   4.2836108410004853E-004   114.33139554377090     
   4.3212663823609832E-004   114.33139084819459     
   4.3592529388037987E-004   114.33138606961347     
   4.3975734201525806E-004   114.33138120661863     
   4.4362307618100934E-004   114.33137625765568     
   4.4752279249830754E-004   114.33137122124100     
   4.5145678969090727E-004   114.33136609582937     
   4.5542536910852610E-004   114.33136087982712     
   4.5942883474992896E-004   114.33135557164104     
   4.6346749328621430E-004   114.33135016964792     
   4.6754165408430611E-004   114.33134467218184     
   4.7165162923065138E-004   114.33133907756508     
   4.7579773355512655E-004   114.33133338406674     
   4.7998028465515402E-004   114.33132758994412     
   4.8419960292003035E-004   114.33132169342298     
   4.8845601155546878E-004   114.33131569268852     
   4.9274983660835671E-004   114.33130958590147     
   4.9708140699173244E-004   114.33130337117439     
   5.0145105450997887E-004   114.33129704662099     
   5.0585911388424166E-004   114.33129061026989     
   5.1030592277806822E-004   114.33128406017221     
   5.1479182182327383E-004   114.33127739429040     
   5.1931715464603441E-004   114.33127061061214     
   5.2388226789320841E-004   114.33126370701774     
   5.2848751125889114E-004   114.33125668140872     
   5.3313323751120112E-004   114.33124953161808     
   5.3781980251930311E-004   114.33124225546339     
   5.4254756528066786E-004   114.33123485068904     
   5.4731688794857193E-004   114.33122731503710     
   5.5212813585983947E-004   114.33121964617970     
   5.5698167756282682E-004   114.33121184177446     
   5.6187788484565466E-004   114.33120389941854     
   5.6681713276468656E-004   114.33119581667535     
   5.7179979967325991E-004   114.33118759105366     
   5.7682626725066757E-004   114.33117922003811     
   5.8189692053139507E-004   114.33117070104959     
   5.8701214793461522E-004   114.33116203146886     
   5.9217234129394088E-004   114.33115320864039     
   5.9737789588744101E-004   114.33114422985182     
   6.0262921046791830E-004   114.33113509233829     
   6.0792668729345528E-004   114.33112579330520     
   6.1327073215822702E-004   114.33111632988152     
   6.1866175442358594E-004   114.33110669917124     
   6.2410016704941970E-004   114.33109689820355     
   6.2958638662578403E-004   114.33108692397656     
   6.3512083340481410E-004   114.33107677342173     
   6.4070393133291699E-004   114.33106644342240     
   6.4633610808324598E-004   114.33105593080001     
   6.5201779508846129E-004   114.33104523233180     
   6.5774942757377826E-004   114.33103434472673     
   6.6353144459030595E-004   114.33102326463586     
   6.6936428904868016E-004   114.33101198865995     
   6.7524840775298940E-004   114.33100051332798     
   6.8118425143500188E-004   114.33098883511883     
   6.8717227478869180E-004   114.33097695043961     
   6.9321293650506980E-004   114.33096485563624     
   6.9930669930731867E-004   114.33095254699720     
   7.0545402998623940E-004   114.33094002073869     
   7.1165539943600776E-004   114.33092727300419     
   7.1791128269024502E-004   114.33091429987559     
   7.2422215895840672E-004   114.33090109737549     
   7.3058851166249081E-004   114.33088766143840     
   7.3701082847406785E-004   114.33087398793555     
   7.4348960135163825E-004   114.33086007266667     
   7.5002532657831580E-004   114.33084591134474     
   7.5661850479984496E-004   114.33083149962840     
   7.6326964106295002E-004   114.33081683308058     
   7.6997924485402308E-004   114.33080190718221     
   7.7674783013815076E-004   114.33078671737888     
   7.8357591539848510E-004   114.33077125895556     
   7.9046402367596023E-004   114.33075552718481     
   7.9741268260935744E-004   114.33073951722724     
   8.0442242447572383E-004   114.33072322415558     
   8.1149378623114490E-004   114.33070664296781     
   8.1862730955187604E-004   114.33068976856032     
   8.2582354087583636E-004   114.33067259574057     
   8.3308303144446604E-004   114.33065511923633     
   8.4040633734495235E-004   114.33063733365771     
   8.4779401955282672E-004   114.33061923355319     
   8.5524664397493635E-004   114.33060081334230     
   8.6276478149279346E-004   114.33058206736803     
   8.7034900800630544E-004   114.33056298986548     
   8.7799990447788947E-004   114.33054357495951     
   8.8571805697697551E-004   114.33052381668068     
   8.9350405672489999E-004   114.33050370895529     
   9.0135850014019358E-004   114.33048324559934     
   9.0928198888426881E-004   114.33046242031151     
   9.1727512990750647E-004   114.33044122668582     
   9.2533853549575109E-004   114.33041965821155     
   9.3347282331721060E-004   114.33039770824496     
   9.4167861646977252E-004   114.33037537002599     
   9.4995654352873294E-004   114.33035263670246     
   9.5830723859494646E-004   114.33032950126261     
   9.6673134134339970E-004   114.33030595658630     
   9.7522949707221096E-004   114.33028199544128     
   9.8380235675206060E-004   114.33025761045030     
   9.9245057707605727E-004   114.33023279409969     
   1.0011748205100402E-003   114.33020753876821     
   1.0099757553433267E-003   114.33018183667184     
   1.0188540557399025E-003   114.33015567991021     
   1.0278104017900640E-003   114.33012906042035     
   1.0368454795625158E-003   114.33010197001386     
   1.0459599811569213E-003   114.33007440035942     
   1.0551546047569214E-003   114.33004634296503     
   1.0644300546836154E-003   114.33001778919459     
   1.0737870414495128E-003   114.32998873025929     
   1.0832262818129593E-003   114.32995915721381     
   1.0927484988330421E-003   114.32992906095092     
   1.1023544219249770E-003   114.32989843220815     
   1.1120447869159826E-003   114.32986726155139     
   1.1218203361016460E-003   114.32983553938840     
   1.1316818183027828E-003   114.32980325595196     
   1.1416299889227988E-003   114.32977040128964     
   1.1516656100055550E-003   114.32973696530473     
   1.1617894502937401E-003   114.32970293768534     
   1.1720022852877584E-003   114.32966830795425     
   1.1823048973051335E-003   114.32963306545076     
   1.1926980755404362E-003   114.32959719931773     
   1.2031826161257358E-003   114.32956069851053     
   1.2137593221915868E-003   114.32952355177844     
   1.2244290039285489E-003   114.32948574769659     
   1.2351924786492487E-003   114.32944727459977     
   1.2460505708509876E-003   114.32940812064300     
   1.2570041122788994E-003   114.32936827377330     
   1.2680539419896626E-003   114.32932772170227     
   1.2792009064157733E-003   114.32928645194312     
   1.2904458594303835E-003   114.32924445177724     
   1.3017896624127089E-003   114.32920170826344     
   1.3132331843140124E-003   114.32915820822973     
   1.3247773017241657E-003   114.32911393827260     
   1.3364228989387976E-003   114.32906888474906     
   1.3481708680270336E-003   114.32902303377290     
   1.3600221088998282E-003   114.32897637121539     
   1.3719775293788994E-003   114.32892888268890     
   1.3840380452662703E-003   114.32888055355920     
   1.3962045804144197E-003   114.32883136892696     
   1.4084780667970513E-003   114.32878131363253     
   1.4208594445804829E-003   114.32873037224357     
   1.4333496621956659E-003   114.32867852905622     
   1.4459496764108364E-003   114.32862576808185     
   1.4586604524048036E-003   114.32857207305676     
   1.4714829638408852E-003   114.32851742742525     
   1.4844181929414906E-003   114.32846181433331     
   1.4974671305633611E-003   114.32840521662973     
   1.5106307762734706E-003   114.32834761685956     
   1.5239101384255938E-003   114.32828899726206     
   1.5373062342375475E-003   114.32822933975649     
   1.5508200898691116E-003   114.32816862593813     
   1.5644527405006331E-003   114.32810683707919     
   1.5782052304123230E-003   114.32804395411893     
   1.5920786130642507E-003   114.32797995766185     
   1.6060739511770384E-003   114.32791482795471     
   1.6201923168132689E-003   114.32784854490762     
   1.6344347914596055E-003   114.32778108807042     
   1.6488024661096374E-003   114.32771243661989     
   1.6632964413474489E-003   114.32764256938111     
   1.6779178274319278E-003   114.32757146478514     
   1.6926677443818115E-003   114.32749910088182     
   1.7075473220614830E-003   114.32742545534632     
   1.7225577002675193E-003   114.32735050543960     
   1.7377000288160008E-003   114.32727422802367     
   1.7529754676305913E-003   114.32719659955592     
   1.7683851868313869E-003   114.32711759606508     
   1.7839303668245507E-003   114.32703719316453     
   1.7996121983927331E-003   114.32695536602057     
   1.8154318827862874E-003   114.32687208937028     
   1.8313906318152859E-003   114.32678733749390     
   1.8474896679423498E-003   114.32670108422207     
   1.8637302243762874E-003   114.32661330291035     
   1.8801135451665624E-003   114.32652396644420     
   1.8966408852985890E-003   114.32643304723052     
   1.9133135107898653E-003   114.32634051718480     
   1.9301326987869523E-003   114.32624634771548     
   1.9470997376633051E-003   114.32615050973050     
   1.9642159271179641E-003   114.32605297361710     
   1.9814825782751132E-003   114.32595370923400     
   1.9989010137845160E-003   114.32585268591083     
   2.0164725679228286E-003   114.32574987241935     
   2.0341985866958114E-003   114.32564523698784     
   2.0520804279414318E-003   114.32553874727250     
   2.0701194614338790E-003   114.32543037035231     
   2.0883170689884878E-003   114.32532007272653     
   2.1066746445675901E-003   114.32520782029320     
   2.1251935943872938E-003   114.32509357834601     
   2.1438753370252002E-003   114.32497731155996     
   2.1627213035290689E-003   114.32485898398312     
   2.1817329375264389E-003   114.32473855901503     
   2.2009116953352129E-003   114.32461599941246     
   2.2202590460752123E-003   114.32449126726539     
   2.2397764717807128E-003   114.32436432399646     
   2.2594654675139737E-003   114.32423513032506     
   2.2793275414797580E-003   114.32410364628487     
   2.2993642151408664E-003   114.32396983119287     
   2.3195770233346807E-003   114.32383364364426     
   2.3399675143907350E-003   114.32369504148670     
   2.3605372502493228E-003   114.32355398183194     
   2.3812878065811388E-003   114.32341042101376     
   2.4022207729079820E-003   114.32326431459916     
   2.4233377527245140E-003   114.32311561735389     
   2.4446403636210865E-003   114.32296428324372     
   2.4661302374076547E-003   114.32281026541375     
   2.4878090202387743E-003   114.32265351616650     
   2.5096783727396985E-003   114.32249398696786     
   2.5317399701335866E-003   114.32233162840532     
   2.5539955023698257E-003   114.32216639019231     
   2.5764466742534860E-003   114.32199822114268     
   2.5990952055759088E-003   114.32182706916149     
   2.6219428312464466E-003   114.32165288122155     
   2.6449913014253575E-003   114.32147560334988     
   2.6682423816578736E-003   114.32129518061328     
   2.6916978530094416E-003   114.32111155709583     
   2.7153595122021536E-003   114.32092467588876     
   2.7392291717523820E-003   114.32073447906060     
   2.7633086601096188E-003   114.32054090765303     
   2.7875998217965371E-003   114.32034390165370     
   2.8121045175502853E-003   114.32014339997716     
   2.8368246244650222E-003   114.31993934045107     
   2.8617620361357033E-003   114.31973165979502     
   2.8869186628031340E-003   114.31952029359240     
   2.9122964315002990E-003   114.31930517627916     
   2.9378972861999701E-003   114.31908624112702     
   2.9637231879636227E-003   114.31886342020778     
   2.9897761150916545E-003   114.31863664438714     
   3.0160580632749229E-003   114.31840584329115     
   3.0425710457476223E-003   114.31817094529129     
   3.0693170934414978E-003   114.31793187747996     
   3.0962982551414192E-003   114.31768856564770     
   3.1235165976423182E-003   114.31744093425988     
   3.1509742059075102E-003   114.31718890642850     
   3.1786731832284046E-003   114.31693240389620     
   3.2066156513856211E-003   114.31667134700524     
   3.2348037508115181E-003   114.31640565467427     
   3.2632396407541548E-003   114.31613524437557     
   3.2919254994426940E-003   114.31586003210145     
   3.3208635242542544E-003   114.31557993234696     
   3.3500559318822357E-003   114.31529485807675     
   3.3795049585061171E-003   114.31500472069752     
   3.4092128599627564E-003   114.31470943003575     
   3.4391819119191864E-003   114.31440889430218     
   3.4694144100469340E-003   114.31410302006913     
   3.4999126701978764E-003   114.31379171223375     
   3.5306790285816333E-003   114.31347487399501     
   3.5617158419445263E-003   114.31315240681806     
   3.5930254877501095E-003   114.31282421040697     
   3.6246103643612858E-003   114.31249018266982     
   3.6564728912240243E-003   114.31215021968933     
   3.6886155090526938E-003   114.31180421568376     
   3.7210406800170254E-003   114.31145206298555     
   3.7537508879307191E-003   114.31109365199291     
   3.7867486384417027E-003   114.31072887114436     
   3.8200364592240752E-003   114.31035760688178     
   3.8536169001717230E-003   114.30997974361020     
   3.8874925335936508E-003   114.30959516367011     
   3.9216659544110220E-003   114.30920374728839     
   3.9561397803559318E-003   114.30880537254882     
   3.9909166521719325E-003   114.30839991535322     
   4.0259992338163141E-003   114.30798724937495     
   4.0613902126641725E-003   114.30756724602890     
   4.0970922997142596E-003   114.30713977442196     
   4.1331082297966547E-003   114.30670470131491     
   4.1694407617822570E-003   114.30626189108210     
   4.2060926787941136E-003   114.30581120566467     
   4.2430667884206137E-003   114.30535250452829     
   4.2803659229305561E-003   114.30488564461939     
   4.3179929394901026E-003   114.30441048032014     
   4.3559507203816388E-003   114.30392686339468     
   4.3942421732245662E-003   114.30343464295515     
   4.4328702311980245E-003   114.30293366540229     
   4.4718378532655817E-003   114.30242377438259     
   4.5111480244018915E-003   114.30190481073447     
   4.5508037558213499E-003   114.30137661244117     
   4.5908080852087542E-003   114.30083901457789     
   4.6311640769519978E-003   114.30029184925894     
   4.6718748223768050E-003   114.29973494558192     
   4.7129434399835312E-003   114.29916812957890     
   4.7543730756860452E-003   114.29859122415303     
   4.7961669030527065E-003   114.29800404903159     
   4.8383281235494704E-003   114.29740642069800     
   4.8808599667851237E-003   114.29679815234277     
   4.9237656907586743E-003   114.29617905379740     
   4.9670485821089209E-003   114.29554893147514     
   5.0107119563662147E-003   114.29490758831048     
   5.0547591582064313E-003   114.29425482369447     
   5.0991935617071800E-003   114.29359043341276     
   5.1440185706062612E-003   114.29291420957713     
   5.1892376185623985E-003   114.29222594055977     
   5.2348541694182630E-003   114.29152541093003     
   5.2808717174658033E-003   114.29081240137867     
   5.3272937877139187E-003   114.29008668864986     
   5.3741239361584803E-003   114.28934804547208     
   5.4213657500547189E-003   114.28859624048266     
   5.4690228481920206E-003   114.28783103815488     
   5.5170988811711280E-003   114.28705219872148     
   5.5655975316837815E-003   114.28625947809866     
   5.6145225147948181E-003   114.28545262780443     
   5.6638775782267533E-003   114.28463139488292     
   5.7136665026468582E-003   114.28379552182406     
   5.7638931019567659E-003   114.28294474647595     
   5.8145612235846224E-003   114.28207880196169     
   5.8656747487798059E-003   114.28119741659771     
   5.9172375929102310E-003   114.28030031380024     
   5.9692537057622758E-003   114.27938721200121     
   6.0217270718433396E-003   114.27845782455620     
   6.0746617106870650E-003   114.27751185965064     
   6.1280616771612331E-003   114.27654902020652     
   6.1819310617783774E-003   114.27556900378596     
   6.2362739910091225E-003   114.27457150249722     
   6.2910946275982751E-003   114.27355620289234     
   6.3463971708836971E-003   114.27252278586207     
   6.4021858571179820E-003   114.27147092654178     
   6.4584649597929566E-003   114.27040029420021     
   6.5152387899670367E-003   114.26931055213407     
   6.5725116965954589E-003   114.26820135755850     
   6.6302880668634235E-003   114.26707236149787     
   6.6885723265221447E-003   114.26592320867201     
   6.7473689402278878E-003   114.26475353738152     
   6.8066824118839511E-003   114.26356297938980     
   6.8665172849856834E-003   114.26235115980359     
   6.9268781429685155E-003   114.26111769695393     
   6.9877696095590608E-003   114.25986220227082     
   7.0491963491292981E-003   114.25858428015442     
   7.1111630670538679E-003   114.25728352785359     
   7.1736745100705141E-003   114.25595953532775     
   7.2367354666436883E-003   114.25461188511906     
   7.3003507673313518E-003   114.25324015221349     
   7.3645252851550075E-003   114.25184390390632     
   7.4292639359729738E-003   114.25042269965672     
   7.4945716788569518E-003   114.24897609094762     
   7.5604535164718982E-003   114.24750362113980     
   7.6269144954592260E-003   114.24600482532315     
   7.6939597068234004E-003   114.24447923016470     
   7.7615942863219021E-003   114.24292635375406     
   7.8298234148586436E-003   114.24134570544686     
   7.8986523188808253E-003   114.23973678570570     
   7.9680862707792992E-003   114.23809908593580     
   8.0381305892924318E-003   114.23643208832038     
   8.1087906399135313E-003   114.23473526565124     
   8.1800718353018508E-003   114.23300808115380     
   8.2519796356972097E-003   114.23124998831838     
   8.3245195493382457E-003   114.22946043071414     
   8.3976971328843641E-003   114.22763884181290     
   8.4715179918413847E-003   114.22578464479977     
   8.5459877809909227E-003   114.22389725238776     
   8.6211122048235628E-003   114.22197606662240     
   8.6968970179758243E-003   114.22002047868881     
   8.7733480256709812E-003   114.21802986871012     
   8.8504710841637389E-003   114.21600360554487     
   8.9282721011888482E-003   114.21394104658066     
   9.0067570364136280E-003   114.21184153752336     
   9.0859319018945020E-003   114.20970441217975     
   9.1658027625375182E-003   114.20752899224397     
   9.2463757365629264E-003   114.20531458706921     
   9.3276569959738608E-003   114.20306049344447     
   9.4096527670291027E-003   114.20076599536122     
   9.4923693307200352E-003   114.19843036377949     
   9.5758130232517693E-003   114.19605285638670     
   9.6599902365285088E-003   114.19363271735494     
   9.7449074186431763E-003   114.19116917708823     
   9.8305710743713508E-003   114.18866145197410     
   9.9169877656695368E-003   114.18610874412229     
   1.0004164112177825E-002   114.18351024110103     
   1.0092106791726963E-002   114.18086511567151     
   1.0180822540849887E-002   114.17817252551146     
   1.0270318155297749E-002   114.17543161294122     
   1.0360600490560482E-002   114.17264150463490     
   1.0451676462391942E-002   114.16980131133772     
   1.0543553047339659E-002   114.16691012756803     
   1.0636237283279254E-002   114.16396703131807     
   1.0729736269953554E-002   114.16097108375067     
   1.0824057169516434E-002   114.15792132888657     
   1.0919207207081451E-002   114.15481679328821     
   1.1015193671275306E-002   114.15165648573793     
   1.1112023914796151E-002   114.14843939690797     
   1.1209705354976816E-002   114.14516449902618     
   1.1308245474353005E-002   114.14183074553694     
   1.1407651821236446E-002   114.13843707074926     
   1.1507932010293116E-002   114.13498238948773     
   1.1609093723126528E-002   114.13146559672856     
   1.1711144708866163E-002   114.12788556723234     
   1.1814092784761053E-002   114.12424115517274     
   1.1917945836778594E-002   114.12053119375094     
   1.2022711820208630E-002   114.11675449481197     
   1.2128398760272840E-002   114.11290984844402     
   1.2235014752739465E-002   114.10899602257916     
   1.2342567964543477E-002   114.10501176258140     
   1.2451066634412160E-002   114.10095579082702     
   1.2560519073496217E-002   114.09682680628094     
   1.2670933666006421E-002   114.09262348405957     
   1.2782318869855841E-002   114.08834447499117     
   1.2894683217307747E-002   114.08398840516264     
   1.3008035315629182E-002   114.07955387546252     
   1.3122383847750293E-002   114.07503946111194     
   1.3237737572929465E-002   114.07044371118769     
   1.3354105327424278E-002   114.06576514813679     
   1.3471496025168384E-002   114.06100226728540     
   1.3589918658454332E-002   114.05615353632834     
   1.3709382298622378E-002   114.05121739482138     
   1.3829896096755376E-002   114.04619225365428     
   1.3951469284379750E-002   114.04107649452180     
   1.4074111174172656E-002   114.03586846937696     
   1.4197831160675333E-002   114.03056649988048     
   1.4322638721012748E-002   114.02516887683532     
   1.4448543415619552E-002   114.01967385961581     
   1.4575554888972424E-002   114.01407967557901     
   1.4703682870328853E-002   114.00838451947061     
   1.4832937174472410E-002   114.00258655281885     
   1.4963327702464573E-002   113.99668390331453     
   1.5094864442403171E-002   113.99067466418069     
   1.5227557470187473E-002   113.98455689353227     
   1.5361416950290030E-002   113.97832861372166     
   1.5496453136535276E-002   113.97198781067129     
   1.5632676372884995E-002   113.96553243319482     
   1.5770097094230672E-002   113.95896039230763     
   1.5908725827192830E-002   113.95226956052085     
   1.6048573190927385E-002   113.94545777112273     
   1.6189649897939078E-002   113.93852281744932     
   1.6331966754902078E-002   113.93146245213745     
   1.6475534663487786E-002   113.92427438636696     
   1.6620364621199903E-002   113.91695628908820     
   1.6766467722216891E-002   113.90950578623136     
   1.6913855158241755E-002   113.90192045990750     
   1.7062538219359394E-002   113.89419784758780     
   1.7212528294901386E-002   113.88633544127305     
   1.7363836874318469E-002   113.87833068664276     
   1.7516475548060621E-002   113.87018098219272     
   1.7670456008464931E-002   113.86188367835263     
   1.7825790050651220E-002   113.85343607659001     
   1.7982489573425575E-002   113.84483542849466     
   1.8140566580191836E-002   113.83607893484958     
   1.8300033179871028E-002   113.82716374467964     
   1.8460901587828968E-002   113.81808695428765     
   1.8623184126811944E-002   113.80884560626833     
   1.8786893227890684E-002   113.79943668850547     
   1.8952041431412568E-002   113.78985713314995     
   1.9118641387962248E-002   113.78010381558028     
   1.9286705859330705E-002   113.77017355334061     
   1.9456247719492809E-002   113.76006310506096     
   1.9627279955593498E-002   113.74976916935793     
   1.9799815668942587E-002   113.73928838371251     
   1.9973868076018381E-002   113.72861732332865     
   2.0149450509480048E-002   113.71775249997086     
   2.0326576419188922E-002   113.70669036077794     
   2.0505259373238813E-002   113.69542728705778     
   2.0685513058995283E-002   113.68395959305673     
   2.0867351284144187E-002   113.67228352470750     
   2.1050787977749296E-002   113.66039525835430     
   2.1235837191319329E-002   113.64829089945289     
   2.1422513099884296E-002   113.63596648124712     
   2.1610830003081342E-002   113.62341796342173     
   2.1800802326250094E-002   113.61064123072777     
   2.1992444621537686E-002   113.59763209158643     
   2.2185771569013465E-002   113.58438627666203     
   2.2380797977793496E-002   113.57089943741300     
   2.2577538787174983E-002   113.55716714461397     
   2.2776009067780618E-002   113.54318488685033     
   2.2976224022713026E-002   113.52894806898564     
   2.3178198988719336E-002   113.51445201060125     
   2.3381949437366000E-002   113.49969194440604     
   2.3587490976223945E-002   113.48466301461764     
   2.3794839350064115E-002   113.46936027531268     
   2.4004010442063559E-002   113.45377868874897     
   2.4215020275022106E-002   113.43791312365505     
   2.4427885012589728E-002   113.42175835348837     
   2.4642620960504694E-002   113.40530905466284     
   2.4859244567842616E-002   113.38855980474324     
   2.5077772428276475E-002   113.37150508060546     
   2.5298221281347722E-002   113.35413925656599     
   2.5520608013748541E-002   113.33645660247402     
   2.5744949660615395E-002   113.31845128177207     
   2.5971263406833950E-002   113.30011734951887     
   2.6199566588355452E-002   113.28144875037736     
   2.6429876693524694E-002   113.26243931656558     
   2.6662211364419642E-002   113.24308276577267     
   2.6896588398202838E-002   113.22337269903483     
   2.7133025748484703E-002   113.20330259857309     
   2.7371541526698781E-002   113.18286582559404     
   2.7612154003489150E-002   113.16205561804946     
   2.7854881610109915E-002   113.14086508835607     
   2.8099742939837122E-002   113.11928722107535     
   2.8346756749393003E-002   113.09731487055024     
   2.8595941960382766E-002   113.07494075850195     
   2.8847317660744023E-002   113.05215747158132     
   2.9100903106208970E-002   113.02895745888003     
   2.9356717721779356E-002   113.00533302939414     
   2.9614781103214523E-002   112.98127634944575     
   2.9875113018532424E-002   112.95677944005780     
   3.0137733409523904E-002   112.93183417428327     
   3.0402662393280263E-002   112.90643227448658     
   3.0669920263734253E-002   112.88056530957903     
   3.0939527493214623E-002   112.85422469220481     
   3.1211504734014323E-002   112.82740167587832     
   3.1485872819972512E-002   112.80008735207224     
   3.1762652768070443E-002   112.77227264725519     
   3.2041865780041402E-002   112.74394831987729     
   3.2323533243994791E-002   112.71510495730621     
   3.2607676736054497E-002   112.68573297270791     
   3.2894318022011620E-002   112.65582260187637     
   3.3183479058991786E-002   112.62536390000929     
   3.3475181997137136E-002   112.59434673842657     
   3.3769449181302952E-002   112.56276080123803     
   3.4066303152769407E-002   112.53059558195002     
   3.4365766650968223E-002   112.49784038001917     
   3.4667862615224518E-002   112.46448429734664     
   3.4972614186514019E-002   112.43051623471467     
   3.5280044709235688E-002   112.39592488816407     
   3.5590177732999953E-002   112.36069874531307     
   3.5903037014432586E-002   112.32482608161445     
   3.6218646518994549E-002   112.28829495655202     
   3.6537030422817786E-002   112.25109320977651     
   3.6858213114557080E-002   112.21320845717798     
   3.7182219197258351E-002   112.17462808689589     
   3.7509073490243197E-002   112.13533925526514     
   3.7838801031010165E-002   112.09532888269766     
   3.8171427077152598E-002   112.05458364950019     
   3.8506977108293435E-002   112.01308999162484     
   3.8845476828036983E-002   111.97083409635533     
   3.9186952165937837E-002   111.92780189792543     
   3.9531429279487135E-002   111.88397907306972     
   3.9878934556116241E-002   111.83935103650853     
   4.0229494615218082E-002   111.79390293636240     
   4.0583136310186216E-002   111.74761964949886     
   4.0939886730471824E-002   111.70048577680987     
   4.1299773203658845E-002   111.65248563841939     
   4.1662823297557279E-002   111.60360326882105     
   4.2029064822314895E-002   111.55382241194525     
   4.2398525832547579E-002   111.50312651615479     
   4.2771234629488321E-002   111.45149872917068     
   4.3147219763155158E-002   111.39892189292519     
   4.3526510034538099E-002   111.34537853834465     
   4.3909134497805369E-002   111.29085088005871     
   4.4295122462528973E-002   111.23532081103900     
   4.4684503495929874E-002   111.17876989716575     
   4.5077307425142855E-002   111.12117937172124     
   4.5473564339501324E-002   111.06253012981199     
   4.5873304592842216E-002   111.00280272271857     
   4.6276558805831147E-002   110.94197735217432     
   4.6683357868307955E-002   110.88003386457120     
   4.7093732941652942E-002   110.81695174509522     
   4.7507715461173904E-002   110.75271011179001     
   4.7925337138514032E-002   110.68728770955082     
   4.8346629964081171E-002   110.62066290404712     
   4.8771626209498251E-002   110.55281367557683     
   4.9200358430075405E-002   110.48371761285043     
   4.9632859467303683E-002   110.41335190670853     
   5.0069162451370823E-002   110.34169334377077     
   5.0509300803698996E-002   110.26871830001892     
   5.0953308239505023E-002   110.19440273431502     
   5.1401218770382923E-002   110.11872218185576     
   5.1853066706909312E-002   110.04165174756301     
   5.2308886661271606E-002   109.96316609941414     
   5.2768713549919376E-002   109.88323946171332     
   5.3232582596238989E-002   109.80184560830236     
   5.3700529333251784E-002   109.71895785571843     
   5.4172589606335926E-002   109.63454905629550     
   5.4648799575972247E-002   109.54859159121494     
   5.5129195720514154E-002   109.46105736350609     
   5.5613814838981958E-002   109.37191779100027     
   5.6102694053881706E-002   109.28114379923937     
   5.6595870814048807E-002   109.18870581434408     
   5.7093382897516698E-002   109.09457375584296     
   5.7595268414410677E-002   108.99871702946598     
   5.8101565809867181E-002   108.90110451990805     
   5.8612313866978773E-002   108.80170458356204     
   5.9127551709764935E-002   108.70048504123048     
   5.9647318806169053E-002   108.59741317081506     
   6.0171654971081713E-002   108.49245569999249     
   6.0700600369390581E-002   108.38557879887884     
   6.1234195519057066E-002   108.27674807268858     
   6.1772481294220076E-002   108.16592855439313     
   6.2315498928327051E-002   108.05308469738435     
   6.2863290017292461E-002   107.93818036814955     
   6.3415896522684118E-002   107.82117883896353     
   6.3973360774937538E-002   107.70204278060464     
   6.4535725476598457E-002   107.58073425510111     
   6.5103033705593921E-002   107.45721470851612     
   6.5675328918532158E-002   107.33144496377736     
   6.6252654954031320E-002   107.20338521356149     
   6.6835056036077714E-002   107.07299501323948     
   6.7422576777413298E-002   106.94023327389351     
   6.8015262182953118E-002   106.80505825541357     
   6.8613157653232851E-002   106.66742755968426     
   6.9216308987886346E-002   106.52729812387139     
   6.9824762389154138E-002   106.38462621381905     
   7.0438564465422501E-002   106.23936741756890     
   7.1057762234793695E-002   106.09147663901271     
   7.1682403128687719E-002   105.94090809169080     
   7.2312534995475547E-002   105.78761529274885     
   7.2948206104144361E-002   105.63155105706582     
   7.3589465147995123E-002   105.47266749156904     
   7.4236361248372448E-002   105.31091598974788     
   7.4888943958427420E-002   105.14624722638399     
   7.5547263266913411E-002   104.97861115251163     
   7.6211369602015341E-002   104.80795699062654     
   7.6881313835212434E-002   104.63423323015834     
   7.7557147285175196E-002   104.45738762322677     
   7.8238921721696386E-002   104.27736718069718     
   7.8926689369656661E-002   104.09411816855868     
   7.9620502913025179E-002   103.90758610464025     
   8.0320415498895084E-002   103.71771575568982     
   8.1026480741554857E-002   103.52445113483543     
   8.1738752726595060E-002   103.32773549945199     
   8.2457286015051520E-002   103.12751134945654     
   8.3182135647584657E-002   102.92372042605678     
   8.3913357148695744E-002   102.71630371097689     
   8.4651006530980191E-002   102.50520142618799     
   8.5395140299418082E-002   102.29035303416916     
   8.6145815455702643E-002   102.07169723872704     
   8.6903089502606570E-002   101.84917198640349     
   8.7667020448386909E-002   101.62271446850059     
   8.8437666811228513E-002   101.39226112375337     
   8.9215087623726569E-002   101.15774764168384     
   8.9999342437408730E-002   100.91910896666718     
   9.0790491327296663E-002   100.67627930274534     
   9.1588594896508016E-002   100.42919211922373     
   9.2393714280898639E-002   100.17778015708453     
   9.3205911153745699E-002   99.921975436257782     
   9.4025247730471953E-002   99.661709263784530     
   9.4851786773411453E-002   99.396912242915846     
   9.5685591596617353E-002   99.127514283184325     
   9.6526726070711777E-002   98.853444611492648     
   9.7375254627778407E-002   98.574631784261697     
   9.8231242266298091E-002   98.291003700681841     
   9.9094754556127790E-002   98.002487617112763     
   9.9965857643523365E-002   97.709010162679448     
  0.10084461825620640        97.410497356110454     
  0.10173110370847575        97.106874623869032     
  0.10262538190636381        96.798066819625745     
  0.10352752135283821        96.483998245124440     
  0.10443759115304936        96.164592672494393     
  0.10535566101962386        95.839773368060747     
  0.10628180127800467        95.509463117709373     
  0.10721608287183809        95.173584253860923     
  0.10815857736840821        94.832058684110081     
  0.10910935696411898        94.484807921590544     
  0.11006849449002459        94.131753117120439     
  0.11103606341740849        93.772815093190843     
  0.11201213786341127        93.407914379857317     
  0.11299679259670826        93.036971252594839     
  0.11399010304323687        92.659905772178632     
  0.11499214529197427        92.276637826655161     
  0.11600299610076598        91.887087175464302     
  0.11702273290220563        91.491173495778639     
  0.11805143380956637        91.088816431123462     
  0.11908917762278447        90.679935642342301     
  0.12013604383449547        90.264450860973866     
  0.12119211263612355        89.842281945104006     
  0.12225746492402413        89.413348937759721     
  0.12333218230568081        88.977572127908786     
  0.12441634710595650        88.534872114131147     
  0.12551004237339963        88.085169871025101     
  0.12661335188660591        87.628386818413333     
  0.12772636016063574        87.164444893410817     
  0.12884915245348819        86.693266625417706     
  0.12998181477263207        86.214775214096846     
  0.13112443388159395        85.728894610396864     
  0.13227709730660456        85.235549600677217     
  0.13343989334330336        84.734665893993039     
  0.13461291106350215        84.226170212592010     
  0.13579624032200799        83.709990385675994     
  0.13698997176350636        83.186055446476146     
  0.13819419682950448        82.654295732686620     
  0.13940900776533607        82.114642990301533     
  0.14063449762722732        81.567030480890963     
  0.14187076028942519        81.011393092355050     
  0.14311789045138826        80.447667453183342     
  0.14437598364504092        79.875792050247568     
  0.14564513624209119        79.295707350147836     
  0.14692544546141290        78.707355924127967     
  0.14821700937649290        78.110682576568578     
  0.14951992692294358        77.505634477062046     
  0.15083429790608135        76.892161296064160     
  0.15216022300857213        76.270215344111975     
  0.15349780379814348        75.639751714587277     
  0.15484714273536507        75.000728430000009     
  0.15620834318149723        74.353106591753360     
  0.15758150940640853        73.696850533344019     
  0.15896674659656299        73.031927976943550     
  0.16036416086307759        72.358310193291629     
  0.16177385924985044        71.675972164824557     
  0.16319594974176060        70.984892751947768     
  0.16463054127293977        70.285054862351927     
  0.16607774373511683        69.576445623254244     
  0.16753766798603578        68.859056556438588     
  0.16901042585794743        68.132883755948811     
  0.17049613016617607        67.397928068277736     
  0.17199489471776117        66.654195274876699     
  0.17350683432017527        65.901696276796116     
  0.17503206479011837        65.140447281248569     
  0.17657070296238944        64.370469989870202     
  0.17812286669883648        63.591791788436154     
  0.17968867489738471        62.804445937769160     
  0.18126824750114418        62.008471765559079     
  0.18286170550759795        61.203914858792075     
  0.18446917097787024        60.390827256467162     
  0.18609076704607694        59.569267642257998     
  0.18772661792875742        58.739301536754425     
  0.18937684893438997        57.901001488897037     
  0.19104158647299047        57.054447266196931     
  0.19272095806579573        56.199726043307706     
  0.19441509235503157        55.336932588495273     
  0.19612411911376723        54.466169447527520     
  0.19784816925585591        53.587547124481858     
  0.19958737484596331        52.701184258945190     
  0.20134186910968357        51.807207799058858     
  0.20311178644374486        50.905753169833417     
  0.20489726242630418        49.996964436141013     
  0.20669843382733286        49.080994459763076     
  0.20851543861909339        48.158005049854609     
  0.21034841598670823        47.228167106159006     
  0.21219750633882170        46.291660754290007     
  0.21406285131835531        45.348675472373259     
  0.21594459381335793        44.399410208322081     
  0.21784287796795110        43.444073487002754     
  0.21975784919337085        42.482883506526164     
  0.22168965417910627        41.516068222888606     
  0.22363844090413612        40.543865422166931     
  0.22560435864826436        39.566522779463043     
  0.22758755800355504        38.584297903781248     
  0.22958819088586793        37.597458368011402     
  0.23160641054649550        36.606281723187692     
  0.23364237158390225        35.611055496185557     
  0.23569622995556691        34.612077170022033     
  0.23776814298992938        33.609654145922931     
  0.23985826939844196        32.604103686328799     
  0.24196676928772717        31.595752838018598     
  0.24409380417184190        30.584938334542812     
  0.24623953698464970        29.572006477174241     
  0.24840413209230186        28.557312993605066     
  0.25058775530582783        27.541222873643775     
  0.25279057389383686        26.524110181194743     
  0.25501275659533085        25.506357841837712     
  0.25725447363262999        24.488357405363701     
  0.25951589672441205        23.470508782667778     
  0.26179719909886640        22.453219956449729     
  0.26409855550696332        21.436906665227966     
  0.26642014223584026        20.421992060233954     
  0.26876213712230579        19.408906334820060     
  0.27112471956646189        18.398086326087544     
  0.27350807054544668        17.389975088518440     
  0.27591237262729701        16.385021439481307     
  0.27833780998493374        15.383679476569675     
  0.28078456841026961        14.386408066829489     
  0.28325283532844109        13.393670308033734     
  0.28574279981216560        12.405932962270640     
  0.28825465259622440        11.423665862225825     
  0.29078858609207342        10.447341290656951     
  0.29334479440258210        9.4774333336850134     
  0.29592347333690222        8.5144172086542298     
  0.29852482042546669        7.5587685674475935     
  0.30114903493512107        6.6109627762807008     
  0.30379631788438749        5.6714741731398775     
  0.30646687205886303        4.7407753041735816     
  0.30916090202675328        3.8193361404928439     
  0.31187861415454271        2.9076232769852126     
  0.31462021662280248        2.0060991148960667     
  0.31738591944213740        1.1152210300804413     
  0.32017593446927312       0.23544052897771195     
  0.32299047542328468      -0.63279760549131936     
  0.32582975790196750       -1.4890561757603962     
  0.32869399939835259       -2.3329064367018404     
  0.33158341931736679       -3.1639289653360976     
  0.33449823899263964       -3.9817145304152106     
  0.33743868170345764       -4.7858649590037530     
  0.34040497269186792       -5.5759939970666892     
  0.34339733917993198       -6.3517281609672693     
  0.34641601038713127       -7.1127075766838814     
  0.34946121754792570       -7.8585868034714252     
  0.35253319392946653       -8.5890356386241962     
  0.35563217484946508       -9.3037398999421015     
  0.35875839769421819       -10.002402182463420     
  0.36191210193679252       -10.684742586005985     
  0.36509352915536836       -11.350499410055406     
  0.36830292305174511       -11.999429812554538     
  0.37154052947000876       -12.631310429185831     
  0.37480659641536451       -13.245937949795760     
  0.37810137407313366       -13.843129648690187     
  0.38142511482791863       -14.422723865633749     
  0.38477807328293567       -14.984580434511315     
  0.38816050627951809       -15.528581056761034     
  0.39157267291679043       -16.054629616861984     
  0.39501483457151615       -16.562652437357940     
  0.39848725491811882       -17.052598471120824     
  0.40199019994888069       -17.524439428803163     
  0.40552393799431768       -17.978169839696839     
  0.40908873974373394       -18.413807044505909     
  0.41268487826595696       -18.831391118852451     
  0.41631262903025523       -19.230984726664612     
  0.41997226992743925       -19.612672902944482     
  0.42366408129114874       -19.976562765777718     
  0.42738834591932634       -20.322783157824624     
  0.43114534909588031       -20.651484217921979     
  0.43493537861253789       -20.962836883822835     
  0.43875872479089029       -21.257032327505659     
  0.44261568050463201       -21.534281324891190     
  0.44650654120199501       -21.794813562211594     
  0.45043160492838097       -22.038876881679702     
  0.45439117234919141       -22.266736469500849     
  0.45838554677285959       -22.478673989655181     
  0.46241503417408403       -22.674986667247040     
  0.46647994321726666       -22.855986325570278     
  0.47058058528015717       -23.021998381367286     
  0.47471727447770468       -23.173360803062948     
  0.47889032768611961       -23.310423037029302     
  0.48310006456714666       -23.433544907178067     
  0.48734680759255150       -23.543095493383927     
  0.49163088206882249       -23.639451994408617     
  0.49595261616208963       -23.722998581121189     
  0.50031234092326260       -23.794125245891927     
  0.50471039031338949       -23.853226654073648     
  0.50914710122923912       -23.900701003473500     
  0.51362281352910744       -23.936948897660017     
  0.51813787005885126       -23.962372238842843     
  0.52269261667815070       -23.977373145907823     
  0.52728740228700255       -23.982352902986737     
  0.53192257885244665       -23.977710943691829     
  0.53659850143552679       -23.963843875851197     
  0.54131552821848883       -23.941144551244665     
  0.54607402053221887       -23.910001184463887     
  0.55087434288392001       -23.870796524608853     
  0.55571686298503586       -23.823907083089079     
  0.56060195177941663       -23.769702420326492     
  0.56552998347173422       -23.708544493663126     
  0.57050133555614702       -23.640787068265162     
  0.57551638884521672       -23.566775192291477     
  0.58057552749907804       -23.486844737065319     
  0.58567913905486746       -23.401322002457569     
  0.59082761445640741       -23.310523387165961     
  0.59602134808415475       -23.214755123061622     
  0.60126073778540989       -23.114313072279241     
  0.60654618490479240       -23.009482585254407     
  0.61187809431498530       -22.900538417467956     
  0.61725687444774802       -22.787744702246179     
  0.62268293732520352       -22.671354976592809     
  0.62815669859139944       -22.551612256697432     
  0.63367857754414714       -22.428749159478834     
  0.63924899716714012       -22.302988066283255     
  0.64486838416235603       -22.174541324669256     
  0.65053716898274172       -22.043611484073178     
  0.65625578586518696       -21.910391561063495     
  0.66202467286378763       -21.775065329857913     
  0.66784427188340101       -21.637807633792992     
  0.67371502871349709       -21.498784713500669     
  0.67963739306230542       -21.358154547657090     
  0.68561181859126430       -21.216067202323135     
  0.69163876294977178       -21.072665185089793     
  0.69771868781024204       -20.928083800470493     
  0.70385205890347013       -20.782451503242516     
  0.71003934605430774       -20.635890246725143     
  0.71628102321765252       -20.488515823288694     
  0.72257756851475341       -20.340438194710391     
  0.72892946426983563       -20.191761810324373     
  0.73533719704704736       -20.042585911249766     
  0.74180125768773120       -19.893004819316104     
  0.74832214134802300       -19.743108209635587     
  0.75490034753678259       -19.592981366091397     
  0.76153638015385527       -19.442705419316940     
  0.76823074752867249       -19.292357567027590     
  0.77498396245919021       -19.142011276832370     
  0.78179654225116990       -18.991736471894217     
  0.78866900875780444       -18.841599700022087     
  0.79560188841969426       -18.691664286964993     
  0.80259571230517124       -18.541990474835970     
  0.80965101615098156       -18.392635546721706     
  0.81676834040332236       -18.243653938633141     
  0.82394823025924091       -18.095097340022100     
  0.83119123570839826       -17.947014784132069     
  0.83849791157519815       -17.799452729467891     
  0.84586881756128818       -17.652455133661739     
  0.85330451828843357       -17.506063520983723     
  0.86080558334176704       -17.360317044696490     
  0.86837258731342160       -17.215252545387958     
  0.87600610984654370       -17.070904606336423     
  0.88370673567969504       -16.927305606871258     
  0.89147505469164445       -16.784485774592714     
  0.89931166194655388       -16.642473237208339     
  0.90721715773956046       -16.501294074634437     
  0.91519214764276002       -16.360972371900360     
  0.92323724255159545       -16.221530273284078     
  0.93135305873165097       -16.082988038001119     
  0.93954021786586051       -15.945364097667102     
  0.94779934710212776       -15.808675115658760     
  0.95613107910136830       -15.672936048409975     
  0.96453605208597060       -15.538160208599690     
  0.97301490988868633       -15.404359330117540     
  0.98156830200194778       -15.271543634631881     
  0.99019688362762015       -15.139721899533056     
  0.99890131572719121       -15.008901526982903     
   1.0076822650724020       -14.879088613769087     
   1.0165404042963218       -14.750288021639685     
   1.0254764119448729       -14.622503447779062     
   1.0344909725288092       -14.495737495079819     
   1.0435847765761492       -14.369991741867004     
   1.0527585206850727       -14.245266810738554     
   1.0620129075772804       -14.121562436200129     
   1.0713486461518233       -13.998877530791402     
   1.0807664515394062       -13.877210249424232     
   1.0902670451571670       -13.756558051679855     
   1.0998511547639385       -13.636917761841621     
   1.1095195145159957       -13.518285626470851     
   1.1192728650232933       -13.400657369365701     
   1.1291119534061966       -13.284028243775429     
   1.1390375333527143       -13.168393081774898     
   1.1490503651762289       -13.053746340735664     
   1.1591512158737405       -12.940082146860211     
   1.1693408591846186       -12.827394335774516     
   1.1796200756498711       -12.715676490200600     
   1.1899896526719362       -12.604921974754767     
   1.2004503845749972       -12.495123967939012     
   1.2110030726658303       -12.386275491411995     
   1.2216485252951843       -12.278369436642077     
   1.2323875579197023       -12.171398589058612     
   1.2432209931643872       -12.065355649828248     
   1.2541496608856144       -11.960233255391316     
   1.2651743982347015       -11.856023994898916     
   1.2762960497220346       -11.752720425694763     
   1.2875154672817595       -11.650315086986986     
   1.2988335103370399       -11.548800511854370     
   1.3102510458658911       -11.448169237729141     
   1.3217689484675934       -11.348413815494405     
   1.3333881004296839       -11.249526817329352     
   1.3451093917955443       -11.151500843429019     
   1.3569337204325782       -11.054328527718596     
   1.3688619921009890       -10.958002542674684     
   1.3808951205231621       -10.862515603358002     
   1.3930340274536583       -10.767860470753920     
   1.4052796427498206       -10.674029954509084     
   1.4176329044430029       -10.581016915144238     
   1.4300947588104245       -10.488814265815535     
   1.4426661604476561       -10.397414973689035     
   1.4553480723417438       -10.306812060985918     
   1.4681414659449743       -10.216998605749149     
   1.4810473212492907       -10.127967742376088     
   1.4940666268613596       -10.039712661955766     
   1.5072003800783016       -9.9522266124442496     
   1.5204495869640842       -9.8655028987068256     
   1.5338152624265886       -9.7795348824514399     
   1.5472984302953525       -9.6943159820741069     
   1.5609001233999977       -9.6098396724336403     
   1.5746213836493455       -9.5260994845702420     
   1.5884632621112280       -9.4430890053799192     
   1.6024268190930036       -9.3608018772546266     
   1.6165131242227744       -9.2792317976961805     
   1.6307232565313248       -9.1983725189104533     
   1.6450583045347749       -9.1182178473871307     
   1.6595193663179622       -9.0387616434691633     
   1.6741075496185578       -8.9599978209152678     
   1.6888239719119189       -8.8819203464580401     
   1.7036697604966908       -8.8045232393597317     
   1.7186460525811578       -8.7278005709672133     
   1.7337539953703562       -8.6517464642673350     
   1.7489947461539517       -8.5763550934436026     
   1.7643694723948888       -8.5016206834347887     
   1.7798793518188210       -8.4275375094960374     
   1.7955255725043244       -8.3540998967627740     
   1.8113093329739092       -8.2813022198177002     
   1.8272318422858254       -8.2091389022610670     
   1.8432943201266794       -8.1376044162843186     
   1.8594979969048644       -8.0666932822471971     
   1.8758441138448103       -7.9964000682583727     
   1.8923339230820637       -7.9267193897596027     
   1.9089686877592040       -7.8576459091134163     
   1.9257496821226001       -7.7891743351943710     
   1.9426781916200213       -7.7212994229838001     
   1.9597555129991031       -7.6540159731680895     
   1.9769829544066813       -7.5873188317404257     
   1.9943618354889954       -7.5212028896060179     
