   4.0351624297894465E-006   186.52990374989463     
   4.0706339586960673E-006   186.52990374889873     
   4.1064173038888636E-006   186.52990374788521     
   4.1425152064224035E-006   186.52990374685382     
   4.1789304314467894E-006   186.52990374580418     
   4.2156657684194715E-006   186.52990374473603     
   4.2527240313189270E-006   186.52990374364902     
   4.2901080588602128E-006   186.52990374254281     
   4.3278207147124155E-006   186.52990374141706     
   4.3658648877180122E-006   186.52990374027144     
   4.4042434921141596E-006   186.52990373910555     
   4.4429594677559338E-006   186.52990373791914     
   4.4820157803415140E-006   186.52990373671170     
   4.5214154216393764E-006   186.52990373548303     
   4.5611614097174544E-006   186.52990373423262     
   4.6012567891743356E-006   186.52990373296012     
   4.6417046313724746E-006   186.52990373166517     
   4.6825080346734706E-006   186.52990373034734     
   4.7236701246754019E-006   186.52990372900621     
   4.7651940544522524E-006   186.52990372764145     
   4.8070830047954434E-006   186.52990372625257     
   4.8493401844574846E-006   186.52990372483916     
   4.8919688303977655E-006   186.52990372340076     
   4.9349722080305213E-006   186.52990372193702     
   4.9783536114749568E-006   186.52990372044741     
   5.0221163638075882E-006   186.52990371893148     
   5.0662638173167916E-006   186.52990371738881     
   5.1107993537595945E-006   186.52990371581890     
   5.1557263846207248E-006   186.52990371422123     
   5.2010483513739307E-006   186.52990371259537     
   5.2467687257456061E-006   186.52990371094080     
   5.2928910099807300E-006   186.52990370925698     
   5.3394187371111389E-006   186.52990370754347     
   5.3863554712261711E-006   186.52990370579968     
   5.4337048077456680E-006   186.52990370402512     
   5.4814703736954021E-006   186.52990370221920     
   5.5296558279849008E-006   186.52990370038140     
   5.5782648616877314E-006   186.52990369851116     
   5.6273011983242389E-006   186.52990369660790     
   5.6767685941467754E-006   186.52990369467102     
   5.7266708384274298E-006   186.52990369269992     
   5.7770117537482982E-006   186.52990369069403     
   5.8277951962942934E-006   186.52990368865272     
   5.8790250561485368E-006   186.52990368657532     
   5.9307052575903410E-006   186.52990368446126     
   5.9828397593958215E-006   186.52990368230991     
   6.0354325551411372E-006   186.52990368012053     
   6.0884876735084094E-006   186.52990367789246     
   6.1420091785943222E-006   186.52990367562512     
   6.1960011702214367E-006   186.52990367331773     
   6.2504677842522461E-006   186.52990367096959     
   6.3054131929059875E-006   186.52990366857998     
   6.3608416050782398E-006   186.52990366614816     
   6.4167572666633275E-006   186.52990366367334     
   6.4731644608795696E-006   186.52990366115489     
   6.5300675085973740E-006   186.52990365859196     
   6.5874707686702249E-006   186.52990365598379     
   6.6453786382685736E-006   186.52990365332951     
   6.7037955532166756E-006   186.52990365062840     
   6.7627259883323710E-006   186.52990364787959     
   6.8221744577698721E-006   186.52990364508221     
   6.8821455153655436E-006   186.52990364223550     
   6.9426437549867412E-006   186.52990363933847     
   7.0036738108837070E-006   186.52990363639026     
   7.0652403580445529E-006   186.52990363339001     
   7.1273481125533780E-006   186.52990363033680     
   7.1900018319515290E-006   186.52990362722969     
   7.2532063156020257E-006   186.52990362406769     
   7.3169664050572065E-006   186.52990362084986     
   7.3812869844295975E-006   186.52990361757520     
   7.4461729807660377E-006   186.52990361424273     
   7.5116293644251025E-006   186.52990361085136     
   7.5776611494578381E-006   186.52990360740014     
   7.6442733939918444E-006   186.52990360388799     
   7.7114712006187367E-006   186.52990360031382     
   7.7792597167850108E-006   186.52990359667649     
   7.8476441351863411E-006   186.52990359297499     
   7.9166296941653545E-006   186.52990358920812     
   7.9862216781128874E-006   186.52990358537471     
   8.0564254178727877E-006   186.52990358147360     
   8.1272462911502537E-006   186.52990357750360     
   8.1986897229237806E-006   186.52990357346354     
   8.2707611858607216E-006   186.52990356935211     
   8.3434662007364977E-006   186.52990356516807     
   8.4168103368575013E-006   186.52990356091016     
   8.4907992124877108E-006   186.52990355657704     
   8.5654384952790581E-006   186.52990355216744     
   8.6407339027055772E-006   186.52990354767994     
   8.7166912025013689E-006   186.52990354311322     
   8.7933162131024287E-006   186.52990353846582     
   8.8706148040923335E-006   186.52990353373639     
   8.9485928966518637E-006   186.52990352892346     
   9.0272564640125789E-006   186.52990352402549     
   9.1066115319143701E-006   186.52990351904106     
   9.1866641790670455E-006   186.52990351396863     
   9.2674205376159622E-006   186.52990350880660     
   9.3488867936117613E-006   186.52990350355344     
   9.4310691874842262E-006   186.52990349820749     
   9.5139740145203059E-006   186.52990349276715     
   9.5976076253463546E-006   186.52990348723074     
   9.6819764264145774E-006   186.52990348159656     
   9.7670868804937981E-006   186.52990347586288     
   9.8529455071644940E-006   186.52990347002799     
   9.9395588833182215E-006   186.52990346409007     
   1.0026933643661408E-005   186.52990345804727     
   1.0115076481223578E-005   186.52990345189772     
   1.0203994147870055E-005   186.52990344563963     
   1.0293693454819156E-005   186.52990343927101     
   1.0384181273163946E-005   186.52990343279001     
   1.0475464534398573E-005   186.52990342619444     
   1.0567550230949230E-005   186.52990341948245     
   1.0660445416709780E-005   186.52990341265195     
   1.0754157207582102E-005   186.52990340570088     
   1.0848692782021169E-005   186.52990339862700     
   1.0944059381584941E-005   186.52990339142821     
   1.1040264311489072E-005   186.52990338410234     
   1.1137314941166488E-005   186.52990337664701     
   1.1235218704831916E-005   186.52990336906015     
   1.1333983102051348E-005   186.52990336133925     
   1.1433615698316511E-005   186.52990335348204     
   1.1534124125624403E-005   186.52990334548605     
   1.1635516083061910E-005   186.52990333734886     
   1.1737799337395570E-005   186.52990332906799     
   1.1840981723666515E-005   186.52990332064093     
   1.1945071145790651E-005   186.52990331206504     
   1.2050075577164101E-005   186.52990330333770     
   1.2156003061273992E-005   186.52990329445623     
   1.2262861712314577E-005   186.52990328541799     
   1.2370659715808814E-005   186.52990327622010     
   1.2479405329235379E-005   186.52990326685978     
   1.2589106882661200E-005   186.52990325733421     
   1.2699772779379553E-005   186.52990324764039     
   1.2811411496553767E-005   186.52990323777544     
   1.2924031585866586E-005   186.52990322773627     
   1.3037641674175241E-005   186.52990321751980     
   1.3152250464172279E-005   186.52990320712297     
   1.3267866735052196E-005   186.52990319654251     
   1.3384499343183948E-005   186.52990318577520     
   1.3502157222789348E-005   186.52990317481778     
   1.3620849386627446E-005   186.52990316366686     
   1.3740584926684923E-005   186.52990315231904     
   1.3861373014872545E-005   186.52990314077084     
   1.3983222903727741E-005   186.52990312901872     
   1.4106143927123366E-005   186.52990311705906     
   1.4230145500982693E-005   186.52990310488823     
   1.4355237124000669E-005   186.52990309250245     
   1.4481428378371552E-005   186.52990307989799     
   1.4608728930522899E-005   186.52990306707090     
   1.4737148531856041E-005   186.52990305401738     
   1.4866697019493048E-005   186.52990304073333     
   1.4997384317030272E-005   186.52990302721463     
   1.5129220435298502E-005   186.52990301345730     
   1.5262215473129814E-005   186.52990299945699     
   1.5396379618131146E-005   186.52990298520945     
   1.5531723147464694E-005   186.52990297071037     
   1.5668256428635155E-005   186.52990295595524     
   1.5805989920283886E-005   186.52990294093951     
   1.5944934172990057E-005   186.52990292565869     
   1.6085099830078834E-005   186.52990291010801     
   1.6226497628436681E-005   186.52990289428271     
   1.6369138399333811E-005   186.52990287817798     
   1.6513033069253888E-005   186.52990286178886     
   1.6658192660730999E-005   186.52990284511031     
   1.6804628293194005E-005   186.52990282813727     
   1.6952351183818299E-005   186.52990281086448     
   1.7101372648385061E-005   186.52990279328674     
   1.7251704102148064E-005   186.52990277539857     
   1.7403357060708084E-005   186.52990275719452     
   1.7556343140895038E-005   186.52990273866899     
   1.7710674061657827E-005   186.52990271981633     
   1.7866361644962029E-005   186.52990270063080     
   1.8023417816695487E-005   186.52990268110648     
   1.8181854607581839E-005   186.52990266123737     
   1.8341684154102094E-005   186.52990264101737     
   1.8502918699424298E-005   186.52990262044040     
   1.8665570594341383E-005   186.52990259949999     
   1.8829652298217254E-005   186.52990257818982     
   1.8995176379941191E-005   186.52990255650337     
   1.9162155518890653E-005   186.52990253443394     
   1.9330602505902510E-005   186.52990251197483     
   1.9500530244252883E-005   186.52990248911911     
   1.9671951750645514E-005   186.52990246585981     
   1.9844880156208880E-005   186.52990244218978     
   2.0019328707502047E-005   186.52990241810176     
   2.0195310767529395E-005   186.52990239358837     
   2.0372839816764217E-005   186.52990236864213     
   2.0551929454181372E-005   186.52990234325532     
   2.0732593398298947E-005   186.52990231742029     
   2.0914845488229152E-005   186.52990229112908     
   2.1098699684738398E-005   186.52990226437353     
   2.1284170071316708E-005   186.52990223714554     
   2.1471270855256533E-005   186.52990220943678     
   2.1660016368741072E-005   186.52990218123867     
   2.1850421069942100E-005   186.52990215254266     
   2.2042499544127519E-005   186.52990212333989     
   2.2236266504778591E-005   186.52990209362147     
   2.2431736794717014E-005   186.52990206337830     
   2.2628925387241909E-005   186.52990203260106     
   2.2827847387276789E-005   186.52990200128028     
   2.3028518032526618E-005   186.52990196940647     
   2.3230952694645046E-005   186.52990193696982     
   2.3435166880411899E-005   186.52990190396042     
   2.3641176232921010E-005   186.52990187036806     
   2.3848996532778513E-005   186.52990183618255     
   2.4058643699311660E-005   186.52990180139332     
   2.4270133791788246E-005   186.52990176598982     
   2.4483483010646801E-005   186.52990172996115     
   2.4698707698737546E-005   186.52990169329627     
   2.4915824342574275E-005   186.52990165598391     
   2.5134849573597260E-005   186.52990161801267     
   2.5355800169447239E-005   186.52990157937091     
   2.5578693055250591E-005   186.52990154004684     
   2.5803545304915856E-005   186.52990150002836     
   2.6030374142441583E-005   186.52990145930318     
   2.6259196943235737E-005   186.52990141785887     
   2.6490031235446682E-005   186.52990137568273     
   2.6722894701305840E-005   186.52990133276180     
   2.6957805178482200E-005   186.52990128908297     
   2.7194780661448687E-005   186.52990124463284     
   2.7433839302860582E-005   186.52990119939776     
   2.7674999414946031E-005   186.52990115336388     
   2.7918279470908779E-005   186.52990110651714     
   2.8163698106343273E-005   186.52990105884317     
   2.8411274120662140E-005   186.52990101032739     
   2.8661026478536268E-005   186.52990096095482     
   2.8912974311347514E-005   186.52990091071041     
   2.9167136918654220E-005   186.52990085957879     
   2.9423533769669556E-005   186.52990080754427     
   2.9682184504752908E-005   186.52990075459087     
   2.9943108936914351E-005   186.52990070070243     
   3.0206327053332352E-005   186.52990064586234     
   3.0471859016884812E-005   186.52990059005390     
   3.0739725167693592E-005   186.52990053325999     
   3.1009946024682569E-005   186.52990047546314     
   3.1282542287149426E-005   186.52990041664566     
   3.1557534836351249E-005   186.52990035678962     
   3.1834944737104045E-005   186.52990029587662     
   3.2114793239396380E-005   186.52990023388796     
   3.2397101780017094E-005   186.52990017080464     
   3.2681891984197449E-005   186.52990010660741     
   3.2969185667267601E-005   186.52990004127656     
   3.3259004836327730E-005   186.52989997479202     
   3.3551371691933787E-005   186.52989990713345     
   3.3846308629798104E-005   186.52989983828019     
   3.4143838242504896E-005   186.52989976821110     
   3.4443983321240977E-005   186.52989969690461     
   3.4746766857541473E-005   186.52989962433904     
   3.5052212045051110E-005   186.52989955049202     
   3.5360342281300837E-005   186.52989947534101     
   3.5671181169500095E-005   186.52989939886291     
   3.5984752520344893E-005   186.52989932103435     
   3.6301080353841694E-005   186.52989924183143     
   3.6620188901147449E-005   186.52989916122991     
   3.6942102606425661E-005   186.52989907920511     
   3.7266846128718907E-005   186.52989899573186     
   3.7594444343837698E-005   186.52989891078460     
   3.7924922346266066E-005   186.52989882433729     
   3.8258305451083757E-005   186.52989873636346     
   3.8594619195905490E-005   186.52989864683619     
   3.8933889342837100E-005   186.52989855572795     
   3.9276141880449001E-005   186.52989846301088     
   3.9621403025766906E-005   186.52989836865657     
   3.9969699226280124E-005   186.52989827263610     
   4.0321057161967463E-005   186.52989817492011     
   4.0675503747340953E-005   186.52989807547848     
   4.1033066133507509E-005   186.52989797428097     
   4.1393771710248806E-005   186.52989787129644     
   4.1757648108119303E-005   186.52989776649338     
   4.2124723200562836E-005   186.52989765983961     
   4.2495025106047753E-005   186.52989755130253     
   4.2868582190220800E-005   186.52989744084880     
   4.3245423068079982E-005   186.52989732844466     
   4.3625576606166551E-005   186.52989721405561     
   4.4009071924776165E-005   186.52989709764665     
   4.4395938400189569E-005   186.52989697918210     
   4.4786205666922886E-005   186.52989685862565     
   4.5179903619997610E-005   186.52989673594030     
   4.5577062417230632E-005   186.52989661108856     
   4.5977712481544409E-005   186.52989648403209     
   4.6381884503297321E-005   186.52989635473199     
   4.6789609442634673E-005   186.52989622314865     
   4.7200918531860234E-005   186.52989608924179     
   4.7615843277828714E-005   186.52989595297032     
   4.8034415464359199E-005   186.52989581429247     
   4.8456667154669859E-005   186.52989567316578     
   4.8882630693834022E-005   186.52989552954708     
   4.9312338711257865E-005   186.52989538339224     
   4.9745824123179861E-005   186.52989523465652     
   5.0183120135192230E-005   186.52989508329432     
   5.0624260244784492E-005   186.52989492925934     
   5.1069278243909468E-005   186.52989477250432     
   5.1518208221571757E-005   186.52989461298125     
   5.1971084566439037E-005   186.52989445064125     
   5.2427941969476234E-005   186.52989428543455     
   5.2888815426602948E-005   186.52989411731056     
   5.3353740241374181E-005   186.52989394621775     
   5.3822752027684599E-005   186.52989377210372     
   5.4295886712496663E-005   186.52989359491505     
   5.4773180538592640E-005   186.52989341459752     
   5.5254670067350872E-005   186.52989323109588     
   5.5740392181546432E-005   186.52989304435388     
   5.6230384088176393E-005   186.52989285431426     
   5.6724683321309917E-005   186.52989266091885     
   5.7223327744963456E-005   186.52989246410840     
   5.7726355556001141E-005   186.52989226382255     
   5.8233805287060765E-005   186.52989205999992     
   5.8745715809505407E-005   186.52989185257815     
   5.9262126336401033E-005   186.52989164149358     
   5.9783076425520291E-005   186.52989142668156     
   6.0308605982372652E-005   186.52989120807632     
   6.0838755263261297E-005   186.52989098561085     
   6.1373564878366722E-005   186.52989075921695     
   6.1913075794857629E-005   186.52989052882529     
   6.2457329340028964E-005   186.52989029436526     
   6.3006367204467746E-005   186.52989005576504     
   6.3560231445246535E-005   186.52988981295147     
   6.4118964489145151E-005   186.52988956585020     
   6.4682609135900549E-005   186.52988931438546     
   6.5251208561485372E-005   186.52988905848022     
   6.5824806321415302E-005   186.52988879805616     
   6.6403446354085469E-005   186.52988853303333     
   6.6987172984136171E-005   186.52988826333069     
   6.7576030925848232E-005   186.52988798886543     
   6.8170065286568109E-005   186.52988770955355     
   6.8769321570163352E-005   186.52988742530945     
   6.9373845680508031E-005   186.52988713604600     
   6.9983683924999219E-005   186.52988684167460     
   7.0598883018104116E-005   186.52988654210509     
   7.1219490084938476E-005   186.52988623724559     
   7.1845552664876429E-005   186.52988592700274     
   7.2477118715192100E-005   186.52988561128149     
   7.3114236614733183E-005   186.52988528998506     
   7.3756955167626813E-005   186.52988496301506     
   7.4405323607018071E-005   186.52988463027120     
   7.5059391598841273E-005   186.52988429165163     
   7.5719209245624474E-005   186.52988394705255     
   7.6384827090327398E-005   186.52988359636836     
   7.7056296120213056E-005   186.52988323949162     
   7.7733667770753511E-005   186.52988287631300     
   7.8416993929569822E-005   186.52988250672118     
   7.9106326940406806E-005   186.52988213060286     
   7.9801719607142568E-005   186.52988174784295     
   8.0503225197833388E-005   186.52988135832408     
   8.1210897448794075E-005   186.52988096192684     
   8.1924790568714372E-005   186.52988055852984     
   8.2644959242811244E-005   186.52988014800945     
   8.3371458637018011E-005   186.52987973023994     
   8.4104344402209977E-005   186.52987930509320     
   8.4843672678467494E-005   186.52987887243907     
   8.5589500099376349E-005   186.52987843214487     
   8.6341883796365890E-005   186.52987798407577     
   8.7100881403085449E-005   186.52987752809440     
   8.7866551059819170E-005   186.52987706406114     
   8.8638951417939591E-005   186.52987659183373     
   8.9418141644400463E-005   186.52987611126750     
   9.0204181426268952E-005   186.52987562221520     
   9.0997130975297878E-005   186.52987512452694     
   9.1797051032537858E-005   186.52987461805034     
   9.2604002872990321E-005   186.52987410263009     
   9.3418048310301132E-005   186.52987357810827     
   9.4239249701495649E-005   186.52987304432423     
   9.5067669951755384E-005   186.52987250111437     
   9.5903372519236588E-005   186.52987194831223     
   9.6746421419931285E-005   186.52987138574844     
   9.7596881232570929E-005   186.52987081325062     
   9.8454817103573228E-005   186.52987023064335     
   9.9320294752032519E-005   186.52986963774816     
   1.0019338047475388E-004   186.52986903438330     
   1.0107414115133159E-004   186.52986842036393     
   1.0196264424927217E-004   186.52986779550190     
   1.0285895782916250E-004   186.52986715960583     
   1.0376315054988338E-004   186.52986651248071     
   1.0467529167386889E-004   186.52986585392838     
   1.0559545107241196E-004   186.52986518374695     
   1.0652369923101660E-004   186.52986450173120     
   1.0746010725479729E-004   186.52986380767209     
   1.0840474687392558E-004   186.52986310135688     
   1.0935769044912487E-004   186.52986238256929     
   1.1031901097721321E-004   186.52986165108894     
   1.1128878209669507E-004   186.52986090669179     
   1.1226707809340207E-004   186.52986014914967     
   1.1325397390618345E-004   186.52985937823055     
   1.1424954513264646E-004   186.52985859369818     
   1.1525386803494717E-004   186.52985779531213     
   1.1626701954563241E-004   186.52985698282779     
   1.1728907727353278E-004   186.52985615599621     
   1.1832011950970766E-004   186.52985531456403     
   1.1936022523344242E-004   186.52985445827346     
   1.2040947411829827E-004   186.52985358686209     
   1.2146794653821548E-004   186.52985270006289     
   1.2253572357367003E-004   186.52985179760415     
   1.2361288701788459E-004   186.52985087920939     
   1.2469951938309386E-004   186.52984994459717     
   1.2579570390686530E-004   186.52984899348107     
   1.2690152455847509E-004   186.52984802556972     
   1.2801706604534036E-004   186.52984704056658     
   1.2914241381950791E-004   186.52984603816969     
   1.3027765408419993E-004   186.52984501807208     
   1.3142287380041729E-004   186.52984397996107     
   1.3257816069360093E-004   186.52984292351857     
   1.3374360326035158E-004   186.52984184842089     
   1.3491929077520901E-004   186.52984075433861     
   1.3610531329749030E-004   186.52983964093647     
   1.3730176167818869E-004   186.52983850787342     
   1.3850872756693286E-004   186.52983735480217     
   1.3972630341900730E-004   186.52983618136938     
   1.4095458250243476E-004   186.52983498721562     
   1.4219365890512039E-004   186.52983377197484     
   1.4344362754205935E-004   186.52983253527481     
   1.4470458416260715E-004   186.52983127673650     
   1.4597662535781431E-004   186.52982999597435     
   1.4725984856782542E-004   186.52982869259586     
   1.4855435208934310E-004   186.52982736620169     
   1.4986023508315764E-004   186.52982601638541     
   1.5117759758174302E-004   186.52982464273339     
   1.5250654049691931E-004   186.52982324482483     
   1.5384716562758286E-004   186.52982182223130     
   1.5519957566750419E-004   186.52982037451690     
   1.5656387421319429E-004   186.52981890123806     
   1.5794016577184061E-004   186.52981740194338     
   1.5932855576931209E-004   186.52981587617347     
   1.6072915055823515E-004   186.52981432346070     
   1.6214205742614050E-004   186.52981274332944     
   1.6356738460368125E-004   186.52981113529543     
   1.6500524127292381E-004   186.52980949886600     
   1.6645573757571129E-004   186.52980783353973     
   1.6791898462210038E-004   186.52980613880629     
   1.6939509449887284E-004   186.52980441414644     
   1.7088418027812115E-004   186.52980265903170     
   1.7238635602591029E-004   186.52980087292440     
   1.7390173681101518E-004   186.52979905527707     
   1.7543043871373520E-004   186.52979720553284     
   1.7697257883478608E-004   186.52979532312500     
   1.7852827530426992E-004   186.52979340747669     
   1.8009764729072427E-004   186.52979145800094     
   1.8168081501025043E-004   186.52978947410043     
   1.8327789973572226E-004   186.52978745516720     
   1.8488902380607586E-004   186.52978540058277     
   1.8651431063568098E-004   186.52978330971743     
   1.8815388472379454E-004   186.52978118193059     
   1.8980787166409752E-004   186.52977901657033     
   1.9147639815431580E-004   186.52977681297307     
   1.9315959200592509E-004   186.52977457046362     
   1.9485758215394169E-004   186.52977228835488     
   1.9657049866679901E-004   186.52976996594759     
   1.9829847275631095E-004   186.52976760253011     
   2.0004163678772303E-004   186.52976519737831     
   2.0180012428985158E-004   186.52976274975521     
   2.0357406996531245E-004   186.52976025891078     
   2.0536360970083923E-004   186.52975772408183     
   2.0716888057769250E-004   186.52975514449170     
   2.0899002088216033E-004   186.52975251934990     
   2.1082717011615130E-004   186.52974984785212     
   2.1268046900788050E-004   186.52974712917978     
   2.1455005952264954E-004   186.52974436249980     
   2.1643608487372122E-004   186.52974154696452     
   2.1833868953328992E-004   186.52973868171114     
   2.2025801924354846E-004   186.52973576586180     
   2.2219422102785191E-004   186.52973279852299     
   2.2414744320198003E-004   186.52972977878554     
   2.2611783538549842E-004   186.52972670572407     
   2.2810554851321948E-004   186.52972357839710     
   2.3011073484676428E-004   186.52972039584631     
   2.3213354798622612E-004   186.52971715709646     
   2.3417414288193629E-004   186.52971386115533     
   2.3623267584633374E-004   186.52971050701285     
   2.3830930456593868E-004   186.52970709364141     
   2.4040418811343159E-004   186.52970361999502     
   2.4251748695983846E-004   186.52970008500938     
   2.4464936298682305E-004   186.52969648760129     
   2.4679997949908727E-004   186.52969282666845     
   2.4896950123688060E-004   186.52968910108916     
   2.5115809438861945E-004   186.52968530972186     
   2.5336592660361721E-004   186.52968145140483     
   2.5559316700492663E-004   186.52967752495582     
   2.5783998620229485E-004   186.52967352917170     
   2.6010655630523237E-004   186.52966946282825     
   2.6239305093619675E-004   186.52966532467934     
   2.6469964524389241E-004   186.52966111345711     
   2.6702651591668732E-004   186.52965682787112     
   2.6937384119614757E-004   186.52965246660830     
   2.7174180089069083E-004   186.52964802833222     
   2.7413057638935999E-004   186.52964351168305     
   2.7654035067571783E-004   186.52963891527676     
   2.7897130834186380E-004   186.52963423770504     
   2.8142363560257398E-004   186.52962947753457     
   2.8389752030956553E-004   186.52962463330684     
   2.8639315196588629E-004   186.52961970353743     
   2.8891072174043095E-004   186.52961468671595     
   2.9145042248258506E-004   186.52960958130512     
   2.9401244873699712E-004   186.52960438574056     
   2.9659699675848162E-004   186.52959909843031     
   2.9920426452705181E-004   186.52959371775438     
   3.0183445176308566E-004   186.52958824206397     
   3.0448775994262455E-004   186.52958266968136     
   3.0716439231280661E-004   186.52957699889896     
   3.0986455390743590E-004   186.52957122797937     
   3.1258845156268794E-004   186.52956535515423     
   3.1533629393295414E-004   186.52955937862410     
   3.1810829150682454E-004   186.52955329655762     
   3.2090465662321197E-004   186.52954710709128     
   3.2372560348761694E-004   186.52954080832853     
   3.2657134818853681E-004   186.52953439833939     
   3.2944210871401793E-004   186.52952787515974     
   3.3233810496835389E-004   186.52952123679083     
   3.3525955878893073E-004   186.52951448119862     
   3.3820669396321986E-004   186.52950760631310     
   3.4117973624592045E-004   186.52950061002778     
   3.4417891337625272E-004   186.52949349019892     
   3.4720445509540287E-004   186.52948624464489     
   3.5025659316412162E-004   186.52947887114564     
   3.5333556138047762E-004   186.52947136744186     
   3.5644159559776657E-004   186.52946373123433     
   3.5957493374257771E-004   186.52945596018324     
   3.6273581583301984E-004   186.52944805190748     
   3.6592448399710634E-004   186.52944000398384     
   3.6914118249130323E-004   186.52943181394642     
   3.7238615771923914E-004   186.52942347928567     
   3.7565965825058027E-004   186.52941499744787     
   3.7896193484007111E-004   186.52940636583398     
   3.8229324044674283E-004   186.52939758179929     
   3.8565383025328996E-004   186.52938864265224     
   3.8904396168561802E-004   186.52937954565380     
   3.9246389443256270E-004   186.52937028801662     
   3.9591389046578218E-004   186.52936086690400     
   3.9939421405982452E-004   186.52935127942931     
   4.0290513181237195E-004   186.52934152265485     
   4.0644691266466203E-004   186.52933159359097     
   4.1001982792208909E-004   186.52932148919544     
   4.1362415127498692E-004   186.52931120637214     
   4.1726015881959346E-004   186.52930074197030     
   4.2092812907920028E-004   186.52929009278353     
   4.2462834302548787E-004   186.52927925554894     
   4.2836108410004853E-004   186.52926822694576     
   4.3212663823609832E-004   186.52925700359486     
   4.3592529388037987E-004   186.52924558205720     
   4.3975734201525806E-004   186.52923395883329     
   4.4362307618100934E-004   186.52922213036152     
   4.4752279249830754E-004   186.52921009301761     
   4.5145678969090727E-004   186.52919784311320     
   4.5542536910852610E-004   186.52918537689487     
   4.5942883474992896E-004   186.52917269054288     
   4.6346749328621430E-004   186.52915978016998     
   4.6754165408430611E-004   186.52914664182038     
   4.7165162923065138E-004   186.52913327146834     
   4.7579773355512655E-004   186.52911966501708     
   4.7998028465515402E-004   186.52910581829755     
   4.8419960292003035E-004   186.52909172706700     
   4.8845601155546878E-004   186.52907738700773     
   4.9274983660835671E-004   186.52906279372576     
   4.9708140699173244E-004   186.52904794274988     
   5.0145105450997887E-004   186.52903282952937     
   5.0585911388424166E-004   186.52901744943350     
   5.1030592277806822E-004   186.52900179774980     
   5.1479182182327383E-004   186.52898586968237     
   5.1931715464603441E-004   186.52896966035084     
   5.2388226789320841E-004   186.52895316478845     
   5.2848751125889114E-004   186.52893637794097     
   5.3313323751120112E-004   186.52891929466475     
   5.3781980251930311E-004   186.52890190972533     
   5.4254756528066786E-004   186.52888421779591     
   5.4731688794857193E-004   186.52886621345553     
   5.5212813585983947E-004   186.52884789118755     
   5.5698167756282682E-004   186.52882924537795     
   5.6187788484565466E-004   186.52881027031356     
   5.6681713276468656E-004   186.52879096018020     
   5.7179979967325991E-004   186.52877130906126     
   5.7682626725066757E-004   186.52875131093546     
   5.8189692053139507E-004   186.52873095967524     
   5.8701214793461522E-004   186.52871024904491     
   5.9217234129394088E-004   186.52868917269859     
   5.9737789588744101E-004   186.52866772417843     
   6.0262921046791830E-004   186.52864589691248     
   6.0792668729345528E-004   186.52862368421268     
   6.1327073215822702E-004   186.52860107927299     
   6.1866175442358594E-004   186.52857807516725     
   6.2410016704941970E-004   186.52855466484672     
   6.2958638662578403E-004   186.52853084113846     
   6.3512083340481410E-004   186.52850659674283     
   6.4070393133291699E-004   186.52848192423113     
   6.4633610808324598E-004   186.52845681604367     
   6.5201779508846129E-004   186.52843126448718     
   6.5774942757377826E-004   186.52840526173259     
   6.6353144459030595E-004   186.52837879981254     
   6.6936428904868016E-004   186.52835187061896     
   6.7524840775298940E-004   186.52832446590068     
   6.8118425143500188E-004   186.52829657726085     
   6.8717227478869180E-004   186.52826819615424     
   6.9321293650506980E-004   186.52823931388477     
   6.9930669930731867E-004   186.52820992160292     
   7.0545402998623940E-004   186.52818001030269     
   7.1165539943600776E-004   186.52814957081932     
   7.1791128269024502E-004   186.52811859382598     
   7.2422215895840672E-004   186.52808706983126     
   7.3058851166249081E-004   186.52805498917613     
   7.3701082847406785E-004   186.52802234203105     
   7.4348960135163825E-004   186.52798911839284     
   7.5002532657831580E-004   186.52795530808177     
   7.5661850479984496E-004   186.52792090073825     
   7.6326964106295002E-004   186.52788588581990     
   7.6997924485402308E-004   186.52785025259800     
   7.7674783013815076E-004   186.52781399015458     
   7.8357591539848510E-004   186.52777708737878     
   7.9046402367596023E-004   186.52773953296355     
   7.9741268260935744E-004   186.52770131540223     
   8.0442242447572383E-004   186.52766242298492     
   8.1149378623114490E-004   186.52762284379506     
   8.1862730955187604E-004   186.52758256570550     
   8.2582354087583636E-004   186.52754157637506     
   8.3308303144446604E-004   186.52749986324471     
   8.4040633734495235E-004   186.52745741353351     
   8.4779401955282672E-004   186.52741421423497     
   8.5524664397493635E-004   186.52737025211280     
   8.6276478149279346E-004   186.52732551369715     
   8.7034900800630544E-004   186.52727998528022     
   8.7799990447788947E-004   186.52723365291220     
   8.8571805697697551E-004   186.52718650239689     
   8.9350405672489999E-004   186.52713851928760     
   9.0135850014019358E-004   186.52708968888234     
   9.0928198888426881E-004   186.52703999621966     
   9.1727512990750647E-004   186.52698942607390     
   9.2533853549575109E-004   186.52693796295051     
   9.3347282331721060E-004   186.52688559108140     
   9.4167861646977252E-004   186.52683229442005     
   9.4995654352873294E-004   186.52677805663652     
   9.5830723859494646E-004   186.52672286111272     
   9.6673134134339970E-004   186.52666669093691     
   9.7522949707221096E-004   186.52660952889883     
   9.8380235675206060E-004   186.52655135748444     
   9.9245057707605727E-004   186.52649215887027     
   1.0011748205100402E-003   186.52643191491822     
   1.0099757553433267E-003   186.52637060716995     
   1.0188540557399025E-003   186.52630821684113     
   1.0278104017900640E-003   186.52624472481588     
   1.0368454795625158E-003   186.52618011164066     
   1.0459599811569213E-003   186.52611435751842     
   1.0551546047569214E-003   186.52604744230271     
   1.0644300546836154E-003   186.52597934549127     
   1.0737870414495128E-003   186.52591004621979     
   1.0832262818129593E-003   186.52583952325557     
   1.0927484988330421E-003   186.52576775499102     
   1.1023544219249770E-003   186.52569471943713     
   1.1120447869159826E-003   186.52562039421647     
   1.1218203361016460E-003   186.52554475655663     
   1.1316818183027828E-003   186.52546778328301     
   1.1416299889227988E-003   186.52538945081187     
   1.1516656100055550E-003   186.52530973514308     
   1.1617894502937401E-003   186.52522861185267     
   1.1720022852877584E-003   186.52514605608553     
   1.1823048973051335E-003   186.52506204254763     
   1.1926980755404362E-003   186.52497654549833     
   1.2031826161257358E-003   186.52488953874251     
   1.2137593221915868E-003   186.52480099562254     
   1.2244290039285489E-003   186.52471088901009     
   1.2351924786492487E-003   186.52461919129792     
   1.2460505708509876E-003   186.52452587439120     
   1.2570041122788994E-003   186.52443090969925     
   1.2680539419896626E-003   186.52433426812635     
   1.2792009064157733E-003   186.52423592006323     
   1.2904458594303835E-003   186.52413583537773     
   1.3017896624127089E-003   186.52403398340573     
   1.3132331843140124E-003   186.52393033294177     
   1.3247773017241657E-003   186.52382485222915     
   1.3364228989387976E-003   186.52371750895085     
   1.3481708680270336E-003   186.52360827021894     
   1.3600221088998282E-003   186.52349710256496     
   1.3719775293788994E-003   186.52338397192960     
   1.3840380452662703E-003   186.52326884365200     
   1.3962045804144197E-003   186.52315168245954     
   1.4084780667970513E-003   186.52303245245670     
   1.4208594445804829E-003   186.52291111711423     
   1.4333496621956659E-003   186.52278763925796     
   1.4459496764108364E-003   186.52266198105741     
   1.4586604524048036E-003   186.52253410401406     
   1.4714829638408852E-003   186.52240396894979     
   1.4844181929414906E-003   186.52227153599466     
   1.4974671305633611E-003   186.52213676457498     
   1.5106307762734706E-003   186.52199961340051     
   1.5239101384255938E-003   186.52186004045220     
   1.5373062342375475E-003   186.52171800296901     
   1.5508200898691116E-003   186.52157345743504     
   1.5644527405006331E-003   186.52142635956596     
   1.5782052304123230E-003   186.52127666429578     
   1.5920786130642507E-003   186.52112432576268     
   1.6060739511770384E-003   186.52096929729530     
   1.6201923168132689E-003   186.52081153139829     
   1.6344347914596055E-003   186.52065097973770     
   1.6488024661096374E-003   186.52048759312618     
   1.6632964413474489E-003   186.52032132150822     
   1.6779178274319278E-003   186.52015211394436     
   1.6926677443818115E-003   186.51997991859602     
   1.7075473220614830E-003   186.51980468270924     
   1.7225577002675193E-003   186.51962635259883     
   1.7377000288160008E-003   186.51944487363190     
   1.7529754676305913E-003   186.51926019021079     
   1.7683851868313869E-003   186.51907224575655     
   1.7839303668245507E-003   186.51888098269134     
   1.7996121983927331E-003   186.51868634242064     
   1.8154318827862874E-003   186.51848826531568     
   1.8313906318152859E-003   186.51828669069505     
   1.8474896679423498E-003   186.51808155680581     
   1.8637302243762874E-003   186.51787280080524     
   1.8801135451665624E-003   186.51766035874084     
   1.8966408852985890E-003   186.51744416553129     
   1.9133135107898653E-003   186.51722415494632     
   1.9301326987869523E-003   186.51700025958652     
   1.9470997376633051E-003   186.51677241086259     
   1.9642159271179641E-003   186.51654053897431     
   1.9814825782751132E-003   186.51630457288951     
   1.9989010137845160E-003   186.51606444032183     
   2.0164725679228286E-003   186.51582006770900     
   2.0341985866958114E-003   186.51557138019007     
   2.0520804279414318E-003   186.51531830158262     
   2.0701194614338790E-003   186.51506075435947     
   2.0883170689884878E-003   186.51479865962463     
   2.1066746445675901E-003   186.51453193708971     
   2.1251935943872938E-003   186.51426050504890     
   2.1438753370252002E-003   186.51398428035401     
   2.1627213035290689E-003   186.51370317838925     
   2.1817329375264389E-003   186.51341711304505     
   2.2009116953352129E-003   186.51312599669197     
   2.2202590460752123E-003   186.51282974015359     
   2.2397764717807128E-003   186.51252825267954     
   2.2594654675139737E-003   186.51222144191740     
   2.2793275414797580E-003   186.51190921388468     
   2.2993642151408664E-003   186.51159147293998     
   2.3195770233346807E-003   186.51126812175363     
   2.3399675143907350E-003   186.51093906127807     
   2.3605372502493228E-003   186.51060419071737     
   2.3812878065811388E-003   186.51026340749650     
   2.4022207729079820E-003   186.50991660722994     
   2.4233377527245140E-003   186.50956368368963     
   2.4446403636210865E-003   186.50920452877259     
   2.4661302374076547E-003   186.50883903246776     
   2.4878090202387743E-003   186.50846708282239     
   2.5096783727396985E-003   186.50808856590768     
   2.5317399701335866E-003   186.50770336578421     
   2.5539955023698257E-003   186.50731136446592     
   2.5764466742534860E-003   186.50691244188465     
   2.5990952055759088E-003   186.50650647585300     
   2.6219428312464466E-003   186.50609334202696     
   2.6449913014253575E-003   186.50567291386821     
   2.6682423816578736E-003   186.50524506260484     
   2.6916978530094416E-003   186.50480965719242     
   2.7153595122021536E-003   186.50436656427394     
   2.7392291717523820E-003   186.50391564813856     
   2.7633086601096188E-003   186.50345677068063     
   2.7875998217965371E-003   186.50298979135695     
   2.8121045175502853E-003   186.50251456714432     
   2.8368246244650222E-003   186.50203095249520     
   2.8617620361357033E-003   186.50153879929383     
   2.8869186628031340E-003   186.50103795681028     
   2.9122964315002990E-003   186.50052827165496     
   2.9378972861999701E-003   186.50000958773123     
   2.9637231879636227E-003   186.49948174618794     
   2.9897761150916545E-003   186.49894458537074     
   3.0160580632749229E-003   186.49839794077278     
   3.0425710457476223E-003   186.49784164498413     
   3.0693170934414978E-003   186.49727552764097     
   3.0962982551414192E-003   186.49669941537317     
   3.1235165976423182E-003   186.49611313175149     
   3.1509742059075102E-003   186.49551649723347     
   3.1786731832284046E-003   186.49490932910874     
   3.2066156513856211E-003   186.49429144144304     
   3.2348037508115181E-003   186.49366264502137     
   3.2632396407541548E-003   186.49302274729018     
   3.2919254994426940E-003   186.49237155229855     
   3.3208635242542544E-003   186.49170886063825     
   3.3500559318822357E-003   186.49103446938284     
   3.3795049585061171E-003   186.49034817202548     
   3.4092128599627564E-003   186.48964975841619     
   3.4391819119191864E-003   186.48893901469714     
   3.4694144100469340E-003   186.48821572323769     
   3.4999126701978764E-003   186.48747966256784     
   3.5306790285816333E-003   186.48673060731025     
   3.5617158419445263E-003   186.48596832811168     
   3.5930254877501095E-003   186.48519259157297     
   3.6246103643612858E-003   186.48440316017735     
   3.6564728912240243E-003   186.48359979221834     
   3.6886155090526938E-003   186.48278224172563     
   3.7210406800170254E-003   186.48195025838999     
   3.7537508879307191E-003   186.48110358748684     
   3.7867486384417027E-003   186.48024196979856     
   3.8200364592240752E-003   186.47936514153500     
   3.8536169001717230E-003   186.47847283425335     
   3.8874925335936508E-003   186.47756477477589     
   3.9216659544110220E-003   186.47664068510656     
   3.9561397803559318E-003   186.47570028234617     
   3.9909166521719325E-003   186.47474327860610     
   4.0259992338163141E-003   186.47376938092026     
   4.0613902126641725E-003   186.47277829115566     
   4.0970922997142596E-003   186.47176970592147     
   4.1331082297966547E-003   186.47074331647650     
   4.1694407617822570E-003   186.46969880863469     
   4.2060926787941136E-003   186.46863586266954     
   4.2430667884206137E-003   186.46755415321633     
   4.2803659229305561E-003   186.46645334917281     
   4.3179929394901026E-003   186.46533311359846     
   4.3559507203816388E-003   186.46419310361131     
   4.3942421732245662E-003   186.46303297028354     
   4.4328702311980245E-003   186.46185235853500     
   4.4718378532655817E-003   186.46065090702493     
   4.5111480244018915E-003   186.45942824804163     
   4.5508037558213499E-003   186.45818400739057     
   4.5908080852087542E-003   186.45691780427984     
   4.6311640769519978E-003   186.45562925120450     
   4.6718748223768050E-003   186.45431795382811     
   4.7129434399835312E-003   186.45298351086262     
   4.7543730756860452E-003   186.45162551394608     
   4.7961669030527065E-003   186.45024354751797     
   4.8383281235494704E-003   186.44883718869278     
   4.8808599667851237E-003   186.44740600713101     
   4.9237656907586743E-003   186.44594956490792     
   4.9670485821089209E-003   186.44446741638023     
   5.0107119563662147E-003   186.44295910805045     
   5.0547591582064313E-003   186.44142417842829     
   5.0991935617071800E-003   186.43986215789056     
   5.1440185706062612E-003   186.43827256853791     
   5.1892376185623985E-003   186.43665492404915     
   5.2348541694182630E-003   186.43500872953351     
   5.2808717174658033E-003   186.43333348137944     
   5.3272937877139187E-003   186.43162866710185     
   5.3741239361584803E-003   186.42989376518565     
   5.4213657500547189E-003   186.42812824492725     
   5.4690228481920206E-003   186.42633156627289     
   5.5170988811711280E-003   186.42450317965438     
   5.5655975316837815E-003   186.42264252582189     
   5.6145225147948181E-003   186.42074903567377     
   5.6638775782267533E-003   186.41882213008319     
   5.7136665026468582E-003   186.41686121972253     
   5.7638931019567659E-003   186.41486570488371     
   5.8145612235846224E-003   186.41283497529582     
   5.8656747487798059E-003   186.41076840993986     
   5.9172375929102310E-003   186.40866537685977     
   5.9692537057622758E-003   186.40652523297024     
   6.0217270718433396E-003   186.40434732386146     
   6.0746617106870650E-003   186.40213098360010     
   6.1280616771612331E-003   186.39987553452715     
   6.1819310617783774E-003   186.39758028705185     
   6.2362739910091225E-003   186.39524453944236     
   6.2910946275982751E-003   186.39286757761275     
   6.3463971708836971E-003   186.39044867490585     
   6.4021858571179820E-003   186.38798709187301     
   6.4584649597929566E-003   186.38548207604939     
   6.5152387899670367E-003   186.38293286172572     
   6.5725116965954589E-003   186.38033866971580     
   6.6302880668634235E-003   186.37769870712029     
   6.6885723265221447E-003   186.37501216708617     
   6.7473689402278878E-003   186.37227822856184     
   6.8066824118839511E-003   186.36949605604840     
   6.8665172849856834E-003   186.36666479934610     
   6.9268781429685155E-003   186.36378359329689     
   6.9877696095590608E-003   186.36085155752215     
   7.0491963491292981E-003   186.35786779615566     
   7.1111630670538679E-003   186.35483139757267     
   7.1736745100705141E-003   186.35174143411348     
   7.2367354666436883E-003   186.34859696180268     
   7.3003507673313518E-003   186.34539702006313     
   7.3645252851550075E-003   186.34214063142556     
   7.4292639359729738E-003   186.33882680123250     
   7.4945716788569518E-003   186.33545451733744     
   7.5604535164718982E-003   186.33202274979863     
   7.6269144954592260E-003   186.32853045056765     
   7.6939597068234004E-003   186.32497655317266     
   7.7615942863219021E-003   186.32135997239567     
   7.8298234148586436E-003   186.31767960394501     
   7.8986523188808253E-003   186.31393432412142     
   7.9680862707792992E-003   186.31012298947888     
   8.0381305892924318E-003   186.30624443647895     
   8.1087906399135313E-003   186.30229748113982     
   8.1800718353018508E-003   186.29828091867896     
   8.2519796356972097E-003   186.29419352314940     
   8.3245195493382457E-003   186.29003404707007     
   8.3976971328843641E-003   186.28580122104967     
   8.4715179918413847E-003   186.28149375340374     
   8.5459877809909227E-003   186.27711032976558     
   8.6211122048235628E-003   186.27264961269020     
   8.6968970179758243E-003   186.26811024125121     
   8.7733480256709812E-003   186.26349083063144     
   8.8504710841637389E-003   186.25878997170565     
   8.9282721011888482E-003   186.25400623061691     
   9.0067570364136280E-003   186.24913814834477     
   9.0859319018945020E-003   186.24418424026692     
   9.1658027625375182E-003   186.23914299571251     
   9.2463757365629264E-003   186.23401287750841     
   9.3276569959738608E-003   186.22879232151718     
   9.4096527670291027E-003   186.22347973616755     
   9.4923693307200352E-003   186.21807350197636     
   9.5758130232517693E-003   186.21257197106269     
   9.6599902365285088E-003   186.20697346665349     
   9.7449074186431763E-003   186.20127628258078     
   9.8305710743713508E-003   186.19547868277004     
   9.9169877656695368E-003   186.18957890072011     
   1.0004164112177825E-002   186.18357513897422     
   1.0092106791726963E-002   186.17746556858143     
   1.0180822540849887E-002   186.17124832854967     
   1.0270318155297749E-002   186.16492152528880     
   1.0360600490560482E-002   186.15848323204432     
   1.0451676462391942E-002   186.15193148832162     
   1.0543553047339659E-002   186.14526429930007     
   1.0636237283279254E-002   186.13847963523762     
   1.0729736269953554E-002   186.13157543086453     
   1.0824057169516434E-002   186.12454958476738     
   1.0919207207081451E-002   186.11739995876263     
   1.1015193671275306E-002   186.11012437725893     
   1.1112023914796151E-002   186.10272062660914     
   1.1209705354976816E-002   186.09518645445127     
   1.1308245474353005E-002   186.08751956903788     
   1.1407651821236446E-002   186.07971763855471     
   1.1507932010293116E-002   186.07177829042720     
   1.1609093723126528E-002   186.06369911061572     
   1.1711144708866163E-002   186.05547764289824     
   1.1814092784761053E-002   186.04711138814190     
   1.1917945836778594E-002   186.03859780356115     
   1.2022711820208630E-002   186.02993430196423     
   1.2128398760272840E-002   186.02111825098646     
   1.2235014752739465E-002   186.01214697231089     
   1.2342567964543477E-002   186.00301774087558     
   1.2451066634412160E-002   185.99372778406769     
   1.2560519073496217E-002   185.98427428090429     
   1.2670933666006421E-002   185.97465436119884     
   1.2782318869855841E-002   185.96486510471414     
   1.2894683217307747E-002   185.95490354030096     
   1.3008035315629182E-002   185.94476664502230     
   1.3122383847750293E-002   185.93445134326294     
   1.3237737572929465E-002   185.92395450582401     
   1.3354105327424278E-002   185.91327294900296     
   1.3471496025168384E-002   185.90240343365730     
   1.3589918658454332E-002   185.89134266425381     
   1.3709382298622378E-002   185.88008728790109     
   1.3829896096755376E-002   185.86863389336639     
   1.3951469284379750E-002   185.85697901007632     
   1.4074111174172656E-002   185.84511910710046     
   1.4197831160675333E-002   185.83305059211870     
   1.4322638721012748E-002   185.82076981037127     
   1.4448543415619552E-002   185.80827304359136     
   1.4575554888972424E-002   185.79555650892019     
   1.4703682870328853E-002   185.78261635780447     
   1.4832937174472410E-002   185.76944867487526     
   1.4963327702464573E-002   185.75604947680887     
   1.5094864442403171E-002   185.74241471116875     
   1.5227557470187473E-002   185.72854025522847     
   1.5361416950290030E-002   185.71442191477584     
   1.5496453136535276E-002   185.70005542289690     
   1.5632676372884995E-002   185.68543643874042     
   1.5770097094230672E-002   185.67056054626241     
   1.5908725827192830E-002   185.65542325294976     
   1.6048573190927385E-002   185.64001998852387     
   1.6189649897939078E-002   185.62434610362254     
   1.6331966754902078E-002   185.60839686846094     
   1.6475534663487786E-002   185.59216747147110     
   1.6620364621199903E-002   185.57565301791908     
   1.6766467722216891E-002   185.55884852850008     
   1.6913855158241755E-002   185.54174893791125     
   1.7062538219359394E-002   185.52434909340099     
   1.7212528294901386E-002   185.50664375329580     
   1.7363836874318469E-002   185.48862758550302     
   1.7516475548060621E-002   185.47029516598997     
   1.7670456008464931E-002   185.45164097723887     
   1.7825790050651220E-002   185.43265940667737     
   1.7982489573425575E-002   185.41334474508380     
   1.8140566580191836E-002   185.39369118496785     
   1.8300033179871028E-002   185.37369281892524     
   1.8460901587828968E-002   185.35334363796656     
   1.8623184126811944E-002   185.33263752982020     
   1.8786893227890684E-002   185.31156827720832     
   1.8952041431412568E-002   185.29012955609619     
   1.9118641387962248E-002   185.26831493391410     
   1.9286705859330705E-002   185.24611786775165     
   1.9456247719492809E-002   185.22353170252421     
   1.9627279955593498E-002   185.20054966911079     
   1.9799815668942587E-002   185.17716488246333     
   1.9973868076018381E-002   185.15337033968720     
   2.0149450509480048E-002   185.12915891809169     
   2.0326576419188922E-002   185.10452337321118     
   2.0505259373238813E-002   185.07945633679600     
   2.0685513058995283E-002   185.05395031477289     
   2.0867351284144187E-002   185.02799768517426     
   2.1050787977749296E-002   185.00159069603677     
   2.1235837191319329E-002   184.97472146326751     
   2.1422513099884296E-002   184.94738196847905     
   2.1610830003081342E-002   184.91956405679139     
   2.1800802326250094E-002   184.89125943460181     
   2.1992444621537686E-002   184.86245966732110     
   2.2185771569013465E-002   184.83315617707683     
   2.2380797977793496E-002   184.80334024038251     
   2.2577538787174983E-002   184.77300298577259     
   2.2776009067780618E-002   184.74213539140305     
   2.2976224022713026E-002   184.71072828261714     
   2.3178198988719336E-002   184.67877232947541     
   2.3381949437366000E-002   184.64625804425106     
   2.3587490976223945E-002   184.61317577888829     
   2.3794839350064115E-002   184.57951572242499     
   2.4004010442063559E-002   184.54526789837882     
   2.4215020275022106E-002   184.51042216209586     
   2.4427885012589728E-002   184.47496819806219     
   2.4642620960504694E-002   184.43889551717805     
   2.4859244567842616E-002   184.40219345399356     
   2.5077772428276475E-002   184.36485116390651     
   2.5298221281347722E-002   184.32685762032133     
   2.5520608013748541E-002   184.28820161176913     
   2.5744949660615395E-002   184.24887173898884     
   2.5971263406833950E-002   184.20885641196838     
   2.6199566588355452E-002   184.16814384694638     
   2.6429876693524694E-002   184.12672206337356     
   2.6662211364419642E-002   184.08457888083407     
   2.6896588398202838E-002   184.04170191592618     
   2.7133025748484703E-002   183.99807857910167     
   2.7371541526698781E-002   183.95369607146506     
   2.7612154003489150E-002   183.90854138153060     
   2.7854881610109915E-002   183.86260128193851     
   2.8099742939837122E-002   183.81586232612901     
   2.8346756749393003E-002   183.76831084497488     
   2.8595941960382766E-002   183.71993294337182     
   2.8847317660744023E-002   183.67071449678650     
   2.9100903106208970E-002   183.62064114776265     
   2.9356717721779356E-002   183.56969830238450     
   2.9614781103214523E-002   183.51787112669768     
   2.9875113018532424E-002   183.46514454308786     
   3.0137733409523904E-002   183.41150322661613     
   3.0402662393280263E-002   183.35693160131268     
   3.0669920263734253E-002   183.30141383642692     
   3.0939527493214623E-002   183.24493384263559     
   3.1211504734014323E-002   183.18747526820766     
   3.1485872819972512E-002   183.12902149512752     
   3.1762652768070443E-002   183.06955563517511     
   3.2041865780041402E-002   183.00906052596397     
   3.2323533243994791E-002   182.94751872693726     
   3.2607676736054497E-002   182.88491251532164     
   3.2894318022011620E-002   182.82122388203993     
   3.3183479058991786E-002   182.75643452758158     
   3.3475181997137136E-002   182.69052585783282     
   3.3769449181302952E-002   182.62347897986541     
   3.4066303152769407E-002   182.55527469768543     
   3.4365766650968223E-002   182.48589350794165     
   3.4667862615224518E-002   182.41531559559479     
   3.4972614186514019E-002   182.34352082954777     
   3.5280044709235688E-002   182.27048875823712     
   3.5590177732999953E-002   182.19619860518699     
   3.5903037014432586E-002   182.12062926452586     
   3.6218646518994549E-002   182.04375929646685     
   3.6537030422817786E-002   181.96556692275226     
   3.6858213114557080E-002   181.88603002206347     
   3.7182219197258351E-002   181.80512612539678     
   3.7509073490243197E-002   181.72283241140630     
   3.7838801031010165E-002   181.63912570171505     
   3.8171427077152598E-002   181.55398245619494     
   3.8506977108293435E-002   181.46737876821740     
   3.8845476828036983E-002   181.37929035987537     
   3.9186952165937837E-002   181.28969257717813     
   3.9531429279487135E-002   181.19856038522065     
   3.9878934556116241E-002   181.10586836332843     
   4.0229494615218082E-002   181.01159070017988     
   4.0583136310186216E-002   180.91570118890760     
   4.0939886730471824E-002   180.81817322218055     
   4.1299773203658845E-002   180.71897978726835     
   4.1662823297557279E-002   180.61809346109075     
   4.2029064822314895E-002   180.51548640525317     
   4.2398525832547579E-002   180.41113036107126     
   4.2771234629488321E-002   180.30499664458637     
   4.3147219763155158E-002   180.19705614157436     
   4.3526510034538099E-002   180.08727930255040     
   4.3909134497805369E-002   179.97563613777197     
   4.4295122462528973E-002   179.86209621224381     
   4.4684503495929874E-002   179.74662864072607     
   4.5077307425142855E-002   179.62920208275031     
   4.5473564339501324E-002   179.50978473764556     
   4.5873304592842216E-002   179.38834433957797     
   4.6276558805831147E-002   179.26484815260753     
   4.6683357868307955E-002   179.13926296576534     
   4.7093732941652942E-002   179.01155508815569     
   4.7507715461173904E-002   178.88169034408588     
   4.7925337138514032E-002   178.74963406822911     
   4.8346629964081171E-002   178.61535110082355     
   4.8771626209498251E-002   178.47880578291299     
   4.9200358430075405E-002   178.33996195163317     
   4.9632859467303683E-002   178.19878293554865     
   5.0069162451370823E-002   178.05523155004539     
   5.0509300803698996E-002   177.90927009278451     
   5.0953308239505023E-002   177.76086033922198     
   5.1401218770382923E-002   177.60996353820070     
   5.1853066706909312E-002   177.45654040762022     
   5.2308886661271606E-002   177.30055113019066     
   5.2768713549919376E-002   177.14195534927669     
   5.3232582596238989E-002   176.98071216483910     
   5.3700529333251784E-002   176.81678012947927     
   5.4172589606335926E-002   176.65011724459526     
   5.4648799575972247E-002   176.48068095665573     
   5.5129195720514154E-002   176.30842815359975     
   5.5613814838981958E-002   176.13331516137069     
   5.6102694053881706E-002   175.95529774059167     
   5.6595870814048807E-002   175.77433108339167     
   5.7093382897516698E-002   175.59036981039065     
   5.7595268414410677E-002   175.40336796785320     
   5.8101565809867181E-002   175.21327902501974     
   5.8612313866978773E-002   175.02005587162512     
   5.9127551709764935E-002   174.82365081561454     
   5.9647318806169053E-002   174.62401558106788     
   6.0171654971081713E-002   174.42110130634163     
   6.0700600369390581E-002   174.21485854244142     
   6.1234195519057066E-002   174.00523725163518     
   6.1772481294220076E-002   173.79218680631905     
   6.2315498928327051E-002   173.57565598814875     
   6.2863290017292461E-002   173.35559298744855     
   6.3415896522684118E-002   173.13194540291056     
   6.3973360774937538E-002   172.90466024159829     
   6.4535725476598457E-002   172.67368391926783     
   6.5103033705593921E-002   172.43896226102120     
   6.5675328918532158E-002   172.20044050230564     
   6.6252654954031320E-002   171.95806329027516     
   6.6835056036077714E-002   171.71177468552864     
   6.7422576777413298E-002   171.46151816424106     
   6.8015262182953118E-002   171.20723662070392     
   6.8613157653232851E-002   170.94887237029198     
   6.9216308987886346E-002   170.68636715287289     
   6.9824762389154138E-002   170.41966213667848     
   7.0438564465422501E-002   170.14869792265506     
   7.1057762234793695E-002   169.87341454931183     
   7.1682403128687719E-002   169.59375149808642     
   7.2312534995475547E-002   169.30964769924748     
   7.2948206104144361E-002   169.02104153835393     
   7.3589465147995123E-002   168.72787086329237     
   7.4236361248372448E-002   168.43007299191271     
   7.4888943958427420E-002   168.12758472028486     
   7.5547263266913411E-002   167.82034233159754     
   7.6211369602015341E-002   167.50828160572257     
   7.6881313835212434E-002   167.19133782946773     
   7.7557147285175196E-002   166.86944580754130     
   7.8238921721696386E-002   166.54253987425307     
   7.8926689369656661E-002   166.21055390597633     
   7.9620502913025179E-002   165.87342133439563     
   8.0320415498895084E-002   165.53107516056644     
   8.1026480741554857E-002   165.18344796981256     
   8.1738752726595060E-002   164.83047194748772     
   8.2457286015051520E-002   164.47207889562901     
   8.3182135647584657E-002   164.10820025052917     
   8.3913357148695744E-002   163.73876710125569     
   8.4651006530980191E-002   163.36371020914578     
   8.5395140299418082E-002   162.98296002830497     
   8.6145815455702643E-002   162.59644672714015     
   8.6903089502606570E-002   162.20410021095466     
   8.7667020448386909E-002   161.80585014563749     
   8.8437666811228513E-002   161.40162598247585     
   8.9215087623726569E-002   160.99135698412138     
   8.9999342437408730E-002   160.57497225174254     
   9.0790491327296663E-002   160.15240075339284     
   9.1588594896508016E-002   159.72357135362759     
   9.2393714280898639E-002   159.28841284439974     
   9.3205911153745699E-002   158.84685397726844     
   9.4025247730471953E-002   158.39882349695023     
   9.4851786773411453E-002   157.94425017624684     
   9.5685591596617353E-002   157.48306285238070     
   9.6526726070711777E-002   157.01519046477071     
   9.7375254627778407E-002   156.54056209428063     
   9.8231242266298091E-002   156.05910700397152     
   9.9094754556127790E-002   155.57075468139104     
   9.9965857643523365E-002   155.07543488243024     
  0.10084461825620640        154.57307767678017     
  0.10173110370847575        154.06361349501879     
  0.10262538190636381        153.54697317735895     
  0.10352752135283821        153.02308802408780     
  0.10443759115304936        152.49188984772658     
  0.10535566101962386        151.95331102694044     
  0.10628180127800467        151.40728456222561     
  0.10721608287183809        150.85374413340190     
  0.10815857736840821        150.29262415893635     
  0.10910935696411898        149.72385985712299     
  0.11006849449002459        149.14738730914408     
  0.11103606341740849        148.56314352403368     
  0.11201213786341127        147.97106650556665     
  0.11299679259670826        147.37109532109176     
  0.11399010304323687        146.76317017232762     
  0.11499214529197427        146.14723246813750     
  0.11600299610076598        145.52322489929776     
  0.11702273290220563        144.89109151527131     
  0.11805143380956637        144.25077780299750     
  0.11908917762278447        143.60223076770461     
  0.12013604383449547        142.94539901575061     
  0.12119211263612355        142.28023283949463     
  0.12225746492402413        141.60668430419770     
  0.12333218230568081        140.92470733694933     
  0.12441634710595650        140.23425781761264     
  0.12551004237339963        139.53529367177734     
  0.12661335188660591        138.82777496570563     
  0.12772636016063574        138.11166400325308     
  0.12884915245348819        137.38692542474195     
  0.12998181477263207        136.65352630775877     
  0.13112443388159395        135.91143626984655     
  0.13227709730660456        135.16062757305284     
  0.13343989334330336        134.40107523029388     
  0.13461291106350215        133.63275711348683     
  0.13579624032200799        132.85565406339791     
  0.13698997176350636        132.06975000114804     
  0.13819419682950448        131.27503204131170     
  0.13940900776533607        130.47149060653769     
  0.14063449762722732        129.65911954361465     
  0.14187076028942519        128.83791624089747     
  0.14311789045138826        128.00788174700222     
  0.14437598364504092        127.16902089067153     
  0.14564513624209119        126.32134240170376     
  0.14692544546141290        125.46485903283089     
  0.14821700937649290        124.59958768242343     
  0.14951992692294358        123.72554951789101     
  0.15083429790608135        122.84277009963836     
  0.15216022300857213        121.95127950542853     
  0.15349780379814348        121.05111245499577     
  0.15484714273536507        120.14230843473970     
  0.15620834318149723        119.22491182232524     
  0.15758150940640853        118.29897201100046     
  0.15896674659656299        117.36454353343616     
  0.16036416086307759        116.42168618488024     
  0.16177385924985044        115.47046514540915     
  0.16319594974176060        114.51095110104848     
  0.16463054127293977        113.54322036352491     
  0.16607774373511683        112.56735498839916     
  0.16753766798603578        111.58344289132036     
  0.16901042585794743        110.59157796213100     
  0.17049613016617607        109.59186017653960     
  0.17199489471776117        108.58439570506931     
  0.17350683432017527        107.56929701897761     
  0.17503206479011837        106.54668299283331     
  0.17657070296238944        105.51667900342545     
  0.17812286669883648        104.47941702466743     
  0.17968867489738471        103.43503571815188     
  0.18126824750114418        102.38368051899852     
  0.18286170550759795        101.32550371662990     
  0.18446917097787024        100.26066453009972     
  0.18609076704607694        99.189329177588505     
  0.18772661792875742        98.111670939675136     
  0.18937684893438997        97.027870215981935     
  0.19104158647299047        95.938114574785970     
  0.19272095806579573        94.842598795181260     
  0.19441509235503157        93.741524901371022     
  0.19612411911376723        92.635102188663382     
  0.19784816925585591        91.523547240741166     
  0.19958737484596331        90.407083937770523     
  0.20134186910968357        89.285943454914289     
  0.20311178644374486        88.160364250811085     
  0.20489726242630418        87.030592045584740     
  0.20669843382733286        85.896879787947711     
  0.20851543861909339        84.759487610965891     
  0.21034841598670823        83.618682776056389     
  0.21219750633882170        82.474739604795914     
  0.21406285131835531        81.327939398124798     
  0.21594459381335793        80.178570342540610     
  0.21784287796795110        79.026927402887495     
  0.21975784919337085        77.873312201359283     
  0.22168965417910627        76.718032882350712     
  0.22363844090413612        75.561403962807390     
  0.22560435864826436        74.403746167745197     
  0.22758755800355504        73.245386250631569     
  0.22958819088586793        72.086656798344450     
  0.23160641054649550        70.927896020452408     
  0.23364237158390225        69.769447522587171     
  0.23569622995556691        68.611660063712606     
  0.23776814298992938        67.454887297126817     
  0.23985826939844196        66.299487495072256     
  0.24196676928772717        65.145823256867160     
  0.24409380417184190        63.994261200514131     
  0.24623953698464970        62.845171637786166     
  0.24840413209230186        61.698928232838213     
  0.25058775530582783        60.555907644442122     
  0.25279057389383686        59.416489151995677     
  0.25501275659533085        58.281054265511663     
  0.25725447363262999        57.149986319850818     
  0.25951589672441205        56.023670053522480     
  0.26179719909886640        54.902491172439177     
  0.26409855550696332        53.786835899076600     
  0.26642014223584026        52.677090507556422     
  0.26876213712230579        51.573640845238174     
  0.27112471956646189        50.476871841477077     
  0.27350807054544668        49.387167004275241     
  0.27591237262729701        48.304907905628042     
  0.27833780998493374        47.230473656439607     
  0.28078456841026961        46.164240371956772     
  0.28325283532844109        45.106580628745284     
  0.28574279981216560        44.057862914306703     
  0.28825465259622440        43.018451070508519     
  0.29078858609207342        41.988703732073546     
  0.29334479440258210        40.968973761447117     
  0.29592347333690222        39.959607681430491     
  0.29852482042546669        38.960945107038441     
  0.30114903493512107        37.973318178103113     
  0.30379631788438749        36.997050994210582     
  0.30646687205886303        36.032459053614311     
  0.30916090202675328        35.079848697825184     
  0.31187861415454271        34.139516563627261     
  0.31462021662280248        33.211749044313834     
  0.31738591944213740        32.296821761976481     
  0.32017593446927312        31.394999052712592     
  0.32299047542328468        30.506533466642395     
  0.32582975790196750        29.631665284643976     
  0.32869399939835259        28.770622053724537     
  0.33158341931736679        27.923618142947557     
  0.33449823899263964        27.090854321827003     
  0.33743868170345764        26.272517363082351     
  0.34040497269186792        25.468779671620084     
  0.34339733917993198        24.679798941569437     
  0.34641601038713127        23.905717843150548     
  0.34946121754792570        23.146663741093377     
  0.35253319392946653        22.402748446253884     
  0.35563217484946508        21.674068001990520     
  0.35875839769421819        20.960702506769728     
  0.36191210193679252        20.262715974361800     
  0.36509352915536836        19.580156232870785     
  0.36830292305174511        18.913054863711878     
  0.37154052947000876        18.261427181508985     
  0.37480659641536451        17.625272255732714     
  0.37810137407313366        17.004572974737229     
  0.38142511482791863        16.399296152681003     
  0.38477807328293567        15.809392679635859     
  0.38816050627951809        15.234797714997413     
  0.39157267291679043        14.675430924113080     
  0.39501483457151615        14.131196757838746     
  0.39848725491811882        13.601984774525587     
  0.40199019994888069        13.087670003723835     
  0.40552393799431768        12.588113350673545     
  0.40908873974373394        12.103162040433146     
  0.41268487826595696        11.632650100277797     
  0.41631262903025523        11.176398878782104     
  0.41997226992743925        10.734217599787613     
  0.42366408129114874        10.305903949245788     
  0.42738834591932634        9.8912446927248432     
  0.43114534909588031        9.4900163211737691     
  0.43493537861253789        9.1019857223532785     
  0.43875872479089029        8.7269108751706277     
  0.44261568050463201        8.3645415639969052     
  0.44650654120199501        8.0146201099023955     
  0.45043160492838097        7.6768821156191756     
  0.45439117234919141        7.3510572209332885     
  0.45838554677285959        7.0368698651210471     
  0.46241503417408403        6.7340400529786892     
  0.46647994321726666        6.4422841209511077     
  0.47058058528015717        6.1613154998460749     
  0.47471727447770468        5.8908454706253934     
  0.47889032768611961        5.6305839097943124     
  0.48310006456714666        5.3802400209663466     
  0.48734680759255150        5.1395230492617010     
  0.49163088206882249        4.9081429753044077     
  0.49595261616208963        4.6858111857151865     
  0.50031234092326260        4.4722411171535921     
  0.50471039031338949        4.2671488711432648     
  0.50914710122923912        4.0702537971167043     
  0.51362281352910744        3.8812790413398157     
  0.51813787005885126        3.6999520596194850     
  0.52269261667815070        3.5260050919579458     
  0.52728740228700255        3.3591755975932789     
  0.53192257885244665        3.1992066491538789     
  0.53659850143552679        3.0458472849532776     
  0.54131552821848883        2.8988528187576508     
  0.54607402053221887        2.7579851066688654     
  0.55087434288392001        2.6230127710779447     
  0.55571686298503586        2.4937113819538856     
  0.56060195177941663        2.3698635960388068     
  0.56552998347173422        2.2512592548178403     
  0.57050133555614702        2.1376954424193664     
  0.57551638884521672        2.0289765048742319     
  0.58057552749907804        1.9249140324192184     
  0.58567913905486746        1.8253268067671202     
  0.59082761445640741        1.7300407154816466     
  0.59602134808415475        1.6388886357867964     
  0.60126073778540989        1.5517102903066935     
  0.60654618490479240        1.4683520773703573     
  0.61187809431498530        1.3886668786262077     
  0.61725687444774802        1.3125138467920068     
  0.62268293732520352        1.2397581764167975     
  0.62815669859139944        1.1702708605525816     
  0.63367857754414714        1.1039284362247543     
  0.63924899716714012        1.0406127215527521     
  0.64486838416235603       0.98021054730676227     
  0.65053716898274172       0.92261348559427403     
  0.65625578586518696       0.86771757825327311     
  0.66202467286378763       0.81542306738921422     
  0.66784427188340101       0.76563413033274319     
  0.67371502871349709       0.71825862111701499     
  0.67963739306230542       0.67320782038025906     
  0.68561181859126430       0.63039619539354896     
  0.69163876294977178       0.58974117169890694     
  0.69771868781024204       0.55116291762156944     
  0.70385205890347013       0.51458414269570862     
  0.71003934605430774       0.47992991081803110     
  0.71628102321765252       0.44712746872135012     
  0.72257756851475341       0.41610609014317429     
  0.72892946426983563       0.38679693585514136     
  0.73533719704704736       0.35913292952011278     
  0.74180125768773120       0.33304864915696458     
  0.74832214134802300       0.30848023382046935     
  0.75490034753678259       0.28536530494663576     
  0.76153638015385527       0.26364290167371196     
  0.76823074752867249       0.24325342932668242     
  0.77498396245919021       0.22413862014912492     
  0.78179654225116990       0.20624150528100835     
  0.78866900875780444       0.18950639691446899     
  0.79560188841969426       0.17387887951146819     
  0.80259571230517124       0.15930580893707846     
  0.80965101615098156       0.14573531834907086     
  0.81676834040332236       0.13311682968768415     
  0.82394823025924091       0.12140106962763386     
  0.83119123570839826       0.11054008888641177     
  0.83849791157519815       0.10048728382725022     
  0.84586881756128818        9.1197419350308798E-002
  0.85330451828843357        8.2626652130164624E-002
  0.86080558334176704        7.4732553329952919E-002
  0.86837258731342160        6.7474130000970980E-002
  0.87600610984654370        6.0811844459697131E-002
  0.88370673567969504        5.4707631020478285E-002
  0.89147505469164445        4.9124909550225658E-002
  0.89931166194655388        4.4028595399983092E-002
  0.90721715773956046        3.9385105355972769E-002
  0.91519214764276002        3.5162359338565506E-002
  0.92323724255159545        3.1329777660563829E-002
  0.93135305873165097        2.7858273735349905E-002
  0.93954021786586051        2.4720242200068496E-002
  0.94779934710212776        2.1889542488470831E-002
  0.95613107910136830        1.9341477951800547E-002
  0.96453605208597060        1.7052770683782598E-002
  0.97301490988868633        1.5001532257070762E-002
  0.98156830200194778        1.3167230623256558E-002
  0.99019688362762015        1.1530653466642086E-002
  0.99890131572719121        1.0073868333451034E-002
   1.0076822650724020        8.7801798830816902E-003
   1.0165404042963218        7.6340846265607349E-003
   1.0254764119448729        6.6212235297748306E-003
   1.0344909725288092        5.7283328656312109E-003
   1.0435847765761492        4.9431937003794283E-003
   1.0527585206850727        4.2545803953030516E-003
   1.0620129075772804        3.6522084962965209E-003
   1.0713486461518233        3.1266823709344234E-003
   1.0807664515394062        2.6694429360022347E-003
   1.0902670451571670        2.2727157985861098E-003
   1.0998511547639385        1.9294601112196264E-003
   1.1095195145159957        1.6333184167660550E-003
   1.1192728650232933        1.3785677321778574E-003
   1.1291119534061966        1.1600720925121512E-003
   1.1390375333527143        9.7323674806701105E-004
   1.1490503651762289        8.1396417869042609E-004
   1.1591512158737405        6.7861206062581523E-004
   1.1693408591846186        5.6395329308854927E-004
   1.1796200756498711        4.6713816447244323E-004
   1.1899896526719362        3.8565871198145951E-004
   1.2004503845749972        3.1731530384538910E-004
   1.2110030726658303        2.6018545034052802E-004
   1.2216485252951843        2.1259482878533838E-004
   1.2323875579197023        1.7309048865899961E-004
   1.2432209931643872        1.4041618609684988E-004
   1.2541496608856144        1.1348978230666438E-004
   1.2651743982347015        9.1382627939388313E-005
   1.2762960497220346        7.3300845115044439E-005
   1.2875154672817595        5.8568410592487377E-005
   1.2988335103370399        4.6611937393248654E-005
   1.3102510458658911        3.6947047931247306E-005
   1.3217689484675934        2.9166229225873775E-005
   1.3333881004296839        2.2928059932703949E-005
   1.3451093917955443        1.7947699547711543E-005
   1.3569337204325782        1.3988532052829131E-005
   1.3688619921009890        1.0854859294330947E-005
   1.3808951205231621        8.3855433420305172E-006
   1.3930340274536583        6.4485017914240980E-006
   1.4052796427498206        4.9359652741750401E-006
   1.4176329044430029        3.7604121757187971E-006
   1.4300947588104245        2.8511015750426723E-006
   1.4426661604476561        2.1511315870948236E-006
   1.4553480723417438        1.6149564837691275E-006
   1.4681414659449743        1.2063020913973187E-006
   1.4810473212492907        8.9642492327304456E-007
   1.4940666268613596        6.6266623261601184E-007
   1.5072003800783016        4.8725760728672853E-007
   1.5204495869640842        3.5633982943537291E-007
   1.5338152624265886        2.5916146120766194E-007
   1.5472984302953525        1.8742797361519742E-007
   1.5609001233999977        1.3477620217414019E-007
   1.5746213836493455        9.6352491419711730E-008
   1.5884632621112280        6.8476089956775253E-008
   1.6024268190930036        4.8372193447122981E-008
   1.6165131242227744        3.3961524710998169E-008
   1.6307232565313248        2.3695511208136740E-008
   1.6450583045347749        1.6427996097254121E-008
   1.6595193663179622        1.1316026622180940E-008
   1.6741075496185578        7.7436298628243336E-009
   1.6888239719119189        5.2636376697558709E-009
   1.7036697604966908        3.5535856629369606E-009
   1.7186460525811578        2.3825099025511055E-009
   1.7337539953703562        1.5861218926133304E-009
   1.7489947461539517        1.0483786841129229E-009
   1.7643694723948888        6.8789869229112458E-010
   1.7798793518188210        4.4802205441048252E-010
   1.7955255725043244        2.8959152549492465E-010
   1.8113093329739092        1.8574869924967000E-010
   1.8272318422858254        1.1821160017189665E-010
   1.8432943201266794        7.4632614452531774E-011
   1.8594979969048644        4.6738014556476046E-011
   1.8758441138448103        2.9028368465499532E-011
   1.8923339230820637        1.7878141812686046E-011
   1.9089686877592040        1.0917042780377232E-011
   1.9257496821226001        6.6085303877810545E-012
   1.9426781916200213        3.9651097956682245E-012
   1.9597555129991031        2.3576971241037642E-012
   1.9769829544066813        1.3891018893968240E-012
   1.9943618354889954        8.1081744334681489E-013
