   4.0351624297894465E-006   22.651233025320153     
   4.0706339586960673E-006   22.651233026652562     
   4.1064173038888636E-006   22.651233025639044     
   4.1425152064224035E-006   22.651233026470294     
   4.1789304314467894E-006   22.651233025886313     
   4.2156657684194715E-006   22.651233026680814     
   4.2527240313189270E-006   22.651233026059458     
   4.2901080588602128E-006   22.651233025884579     
   4.3278207147124155E-006   22.651233025690146     
   4.3658648877180122E-006   22.651233026872831     
   4.4042434921141596E-006   22.651233026172605     
   4.4429594677559338E-006   22.651233025917520     
   4.4820157803415140E-006   22.651233026572726     
   4.5214154216393764E-006   22.651233025809717     
   4.5611614097174544E-006   22.651233025490626     
   4.6012567891743356E-006   22.651233025615113     
   4.6417046313724746E-006   22.651233025251486     
   4.6825080346734706E-006   22.651233025796301     
   4.7236701246754019E-006   22.651233025386489     
   4.7651940544522524E-006   22.651233025884380     
   4.8070830047954434E-006   22.651233025892481     
   4.8493401844574846E-006   22.651233025876053     
   4.8919688303977655E-006   22.651233026300304     
   4.9349722080305213E-006   22.651233026233541     
   4.9783536114749568E-006   22.651233026140915     
   5.0221163638075882E-006   22.651233026021970     
   5.0662638173167916E-006   22.651233026341941     
   5.1107993537595945E-006   22.651233026169024     
   5.1557263846207248E-006   22.651233026433999     
   5.2010483513739307E-006   22.651233026205119     
   5.2467687257456061E-006   22.651233025947533     
   5.2928910099807300E-006   22.651233026592024     
   5.3394187371111389E-006   22.651233026275492     
   5.3863554712261711E-006   22.651233026394351     
   5.4337048077456680E-006   22.651233025551107     
   5.4814703736954021E-006   22.651233025607837     
   5.5296558279849008E-006   22.651233025632678     
   5.5782648616877314E-006   22.651233025159428     
   5.6273011983242389E-006   22.651233026050136     
   5.6767685941467754E-006   22.651233026441560     
   5.7266708384274298E-006   22.651233026798764     
   5.7770117537482982E-006   22.651233026189857     
   5.8277951962942934E-006   22.651233026011198     
   5.8790250561485368E-006   22.651233026727766     
   5.9307052575903410E-006   22.651233025545025     
   5.9828397593958215E-006   22.651233025721979     
   6.0354325551411372E-006   22.651233026792227     
   6.0884876735084094E-006   22.651233025961147     
   6.1420091785943222E-006   22.651233026022112     
   6.1960011702214367E-006   22.651233026043030     
   6.2504677842522461E-006   22.651233026023192     
   6.3054131929059875E-006   22.651233025961886     
   6.3608416050782398E-006   22.651233025392713     
   6.4167572666633275E-006   22.651233026177522     
   6.4731644608795696E-006   22.651233025987381     
   6.5300675085973740E-006   22.651233025752759     
   6.5874707686702249E-006   22.651233025938552     
   6.6453786382685736E-006   22.651233026543906     
   6.7037955532166756E-006   22.651233025705437     
   6.7627259883323710E-006   22.651233026216261     
   6.8221744577698721E-006   22.651233025747189     
   6.8821455153655436E-006   22.651233026160099     
   6.9426437549867412E-006   22.651233026522704     
   7.0036738108837070E-006   22.651233025902798     
   7.0652403580445529E-006   22.651233025696513     
   7.1273481125533780E-006   22.651233025902940     
   7.1900018319515290E-006   22.651233026055451     
   7.2532063156020257E-006   22.651233026385910     
   7.3169664050572065E-006   22.651233025729226     
   7.3812869844295975E-006   22.651233025947022     
   7.4461729807660377E-006   22.651233026107008     
   7.5116293644251025E-006   22.651233025742442     
   7.5776611494578381E-006   22.651233025783682     
   7.6442733939918444E-006   22.651233025996817     
   7.7114712006187367E-006   22.651233025915104     
   7.7792597167850108E-006   22.651233026003069     
   7.8476441351863411E-006   22.651233026026858     
   7.9166296941653545E-006   22.651233025985277     
   7.9862216781128874E-006   22.651233026109992     
   8.0564254178727877E-006   22.651233026399836     
   8.1272462911502537E-006   22.651233025922295     
   8.1986897229237806E-006   22.651233026306016     
   8.2707611858607216E-006   22.651233026618371     
   8.3434662007364977E-006   22.651233025693955     
   8.4168103368575013E-006   22.651233026092655     
   8.4907992124877108E-006   22.651233025950489     
   8.5654384952790581E-006   22.651233025964672     
   8.6407339027055772E-006   22.651233026133781     
   8.7166912025013689E-006   22.651233025990848     
   8.7933162131024287E-006   22.651233026000057     
   8.8706148040923335E-006   22.651233026160071     
   8.9485928966518637E-006   22.651233026003752     
   9.0272564640125789E-006   22.651233025762394     
   9.1066115319143701E-006   22.651233025900240     
   9.1866641790670455E-006   22.651233025950091     
   9.2674205376159622E-006   22.651233025910329     
   9.3488867936117613E-006   22.651233026477939     
   9.4310691874842262E-006   22.651233026254260     
   9.5139740145203059E-006   22.651233026169024     
   9.5976076253463546E-006   22.651233025987722     
   9.6819764264145774E-006   22.651233025708649     
   9.7670868804937981E-006   22.651233025562902     
   9.8529455071644940E-006   22.651233026014438     
   9.9395588833182215E-006   22.651233026130114     
   1.0026933643661408E-005   22.651233025908084     
   1.0115076481223578E-005   22.651233025812132     
   1.0203994147870055E-005   22.651233025840469     
   1.0293693454819156E-005   22.651233025991104     
   1.0384181273163946E-005   22.651233025796529     
   1.0475464534398573E-005   22.651233025720217     
   1.0567550230949230E-005   22.651233025993150     
   1.0660445416709780E-005   22.651233025681904     
   1.0754157207582102E-005   22.651233026181416     
   1.0848692782021169E-005   22.651233026092456     
   1.0944059381584941E-005   22.651233025878582     
   1.1040264311489072E-005   22.651233025770466     
   1.1137314941166488E-005   22.651233025532889     
   1.1235218704831916E-005   22.651233025629438     
   1.1333983102051348E-005   22.651233025824780     
   1.1433615698316511E-005   22.651233025883812     
   1.1534124125624403E-005   22.651233025804061     
   1.1635516083061910E-005   22.651233025815941     
   1.1737799337395570E-005   22.651233025916980     
   1.1840981723666515E-005   22.651233025638987     
   1.1945071145790651E-005   22.651233025910670     
   1.2050075577164101E-005   22.651233026030894     
   1.2156003061273992E-005   22.651233025996987     
   1.2262861712314577E-005   22.651233025573475     
   1.2370659715808814E-005   22.651233025688811     
   1.2479405329235379E-005   22.651233025641716     
   1.2589106882661200E-005   22.651233025895039     
   1.2699772779379553E-005   22.651233025980105     
   1.2811411496553767E-005   22.651233026126874     
   1.2924031585866586E-005   22.651233025866588     
   1.3037641674175241E-005   22.651233025661838     
   1.3152250464172279E-005   22.651233025742386     
   1.3267866735052196E-005   22.651233025639300     
   1.3384499343183948E-005   22.651233025815031     
   1.3502157222789348E-005   22.651233025800650     
   1.3620849386627446E-005   22.651233025825604     
   1.3740584926684923E-005   22.651233025653653     
   1.3861373014872545E-005   22.651233025746990     
   1.3983222903727741E-005   22.651233025636401     
   1.4106143927123366E-005   22.651233025783938     
   1.4230145500982693E-005   22.651233025720302     
   1.4355237124000669E-005   22.651233025674543     
   1.4481428378371552E-005   22.651233025526523     
   1.4608728930522899E-005   22.651233025737952     
   1.4737148531856041E-005   22.651233025606530     
   1.4866697019493048E-005   22.651233025593825     
   1.4997384317030272E-005   22.651233025695717     
   1.5129220435298502E-005   22.651233025558980     
   1.5262215473129814E-005   22.651233025528512     
   1.5396379618131146E-005   22.651233025832880     
   1.5531723147464694E-005   22.651233025652886     
   1.5668256428635155E-005   22.651233025682501     
   1.5805989920283886E-005   22.651233025567933     
   1.5944934172990057E-005   22.651233025653937     
   1.6085099830078834E-005   22.651233025586492     
   1.6226497628436681E-005   22.651233025710098     
   1.6369138399333811E-005   22.651233025787093     
   1.6513033069253888E-005   22.651233025696115     
   1.6658192660730999E-005   22.651233025548549     
   1.6804628293194005E-005   22.651233025572139     
   1.6952351183818299E-005   22.651233025645240     
   1.7101372648385061E-005   22.651233025180545     
   1.7251704102148064E-005   22.651233025220336     
   1.7403357060708084E-005   22.651233025526324     
   1.7556343140895038E-005   22.651233025394419     
   1.7710674061657827E-005   22.651233025168210     
   1.7866361644962029E-005   22.651233025307619     
   1.8023417816695487E-005   22.651233025224656     
   1.8181854607581839E-005   22.651233025495401     
   1.8341684154102094E-005   22.651233025531667     
   1.8502918699424298E-005   22.651233025560202     
   1.8665570594341383E-005   22.651233025341725     
   1.8829652298217254E-005   22.651233025219142     
   1.8995176379941191E-005   22.651233025418776     
   1.9162155518890653E-005   22.651233025235427     
   1.9330602505902510E-005   22.651233025360881     
   1.9500530244252883E-005   22.651233025322568     
   1.9671951750645514E-005   22.651233025346329     
   1.9844880156208880E-005   22.651233025425029     
   2.0019328707502047E-005   22.651233025085730     
   2.0195310767529395E-005   22.651233025135980     
   2.0372839816764217E-005   22.651233025335443     
   2.0551929454181372E-005   22.651233025327173     
   2.0732593398298947E-005   22.651233025219938     
   2.0914845488229152E-005   22.651233025005752     
   2.1098699684738398E-005   22.651233025025732     
   2.1284170071316708E-005   22.651233025038920     
   2.1471270855256533E-005   22.651233024920600     
   2.1660016368741072E-005   22.651233024894992     
   2.1850421069942100E-005   22.651233024953569     
   2.2042499544127519E-005   22.651233025203879     
   2.2236266504778591E-005   22.651233025171365     
   2.2431736794717014E-005   22.651233024846931     
   2.2628925387241909E-005   22.651233025036163     
   2.2827847387276789E-005   22.651233025031104     
   2.3028518032526618E-005   22.651233024938676     
   2.3230952694645046E-005   22.651233024981906     
   2.3435166880411899E-005   22.651233024801627     
   2.3641176232921010E-005   22.651233024969713     
   2.3848996532778513E-005   22.651233024777468     
   2.4058643699311660E-005   22.651233024912841     
   2.4270133791788246E-005   22.651233024666766     
   2.4483483010646801E-005   22.651233024843265     
   2.4698707698737546E-005   22.651233024732790     
   2.4915824342574275E-005   22.651233024789747     
   2.5134849573597260E-005   22.651233024769908     
   2.5355800169447239E-005   22.651233024894452     
   2.5578693055250591E-005   22.651233024685922     
   2.5803545304915856E-005   22.651233024714315     
   2.6030374142441583E-005   22.651233024618080     
   2.6259196943235737E-005   22.651233024501209     
   2.6490031235446682E-005   22.651233024583831     
   2.6722894701305840E-005   22.651233024503739     
   2.6957805178482200E-005   22.651233024597076     
   2.7194780661448687E-005   22.651233024384766     
   2.7433839302860582E-005   22.651233024435243     
   2.7674999414946031E-005   22.651233024269004     
   2.7918279470908779E-005   22.651233024454058     
   2.8163698106343273E-005   22.651233024277531     
   2.8411274120662140E-005   22.651233024423362     
   2.8661026478536268E-005   22.651233024294470     
   2.8912974311347514E-005   22.651233024166856     
   2.9167136918654220E-005   22.651233024257976     
   2.9423533769669556E-005   22.651233024086480     
   2.9682184504752908E-005   22.651233024102055     
   2.9943108936914351E-005   22.651233024113907     
   3.0206327053332352E-005   22.651233024047229     
   3.0471859016884812E-005   22.651233024001726     
   3.0739725167693592E-005   22.651233024018495     
   3.1009946024682569E-005   22.651233024021849     
   3.1282542287149426E-005   22.651233023877694     
   3.1557534836351249E-005   22.651233023859135     
   3.1834944737104045E-005   22.651233023773131     
   3.2114793239396380E-005   22.651233023775632     
   3.2397101780017094E-005   22.651233023673001     
   3.2681891984197449E-005   22.651233023620620     
   3.2969185667267601E-005   22.651233023540556     
   3.3259004836327730E-005   22.651233023587366     
   3.3551371691933787E-005   22.651233023449691     
   3.3846308629798104E-005   22.651233023630709     
   3.4143838242504896E-005   22.651233023469018     
   3.4443983321240977E-005   22.651233023525123     
   3.4746766857541473E-005   22.651233023369883     
   3.5052212045051110E-005   22.651233023271971     
   3.5360342281300837E-005   22.651233023208846     
   3.5671181169500095E-005   22.651233023215610     
   3.5984752520344893E-005   22.651233023210693     
   3.6301080353841694E-005   22.651233022995569     
   3.6620188901147449E-005   22.651233023069864     
   3.6942102606425661E-005   22.651233023059660     
   3.7266846128718907E-005   22.651233022823362     
   3.7594444343837698E-005   22.651233022917495     
   3.7924922346266066E-005   22.651233022792155     
   3.8258305451083757E-005   22.651233022828308     
   3.8594619195905490E-005   22.651233022766206     
   3.8933889342837100E-005   22.651233022694754     
   3.9276141880449001E-005   22.651233022586069     
   3.9621403025766906E-005   22.651233022469967     
   3.9969699226280124E-005   22.651233022492136     
   4.0321057161967463E-005   22.651233022332178     
   4.0675503747340953E-005   22.651233022309242     
   4.1033066133507509E-005   22.651233022218435     
   4.1393771710248806E-005   22.651233022145050     
   4.1757648108119303E-005   22.651233022115775     
   4.2124723200562836E-005   22.651233022040230     
   4.2495025106047753E-005   22.651233022002231     
   4.2868582190220800E-005   22.651233021852022     
   4.3245423068079982E-005   22.651233021788670     
   4.3625576606166551E-005   22.651233021777671     
   4.4009071924776165E-005   22.651233021609414     
   4.4395938400189569E-005   22.651233021422826     
   4.4786205666922886E-005   22.651233021589064     
   4.5179903619997610E-005   22.651233021430841     
   4.5577062417230632E-005   22.651233021376328     
   4.5977712481544409E-005   22.651233021212562     
   4.6381884503297321E-005   22.651233021191672     
   4.6789609442634673E-005   22.651233020924820     
   4.7200918531860234E-005   22.651233020953782     
   4.7615843277828714E-005   22.651233020830034     
   4.8034415464359199E-005   22.651233020744627     
   4.8456667154669859E-005   22.651233020596891     
   4.8882630693834022E-005   22.651233020460069     
   4.9312338711257865E-005   22.651233020464673     
   4.9745824123179861E-005   22.651233020391317     
   5.0183120135192230E-005   22.651233020194411     
   5.0624260244784492E-005   22.651233020118696     
   5.1069278243909468E-005   22.651233019942282     
   5.1518208221571757E-005   22.651233019849997     
   5.1971084566439037E-005   22.651233019734747     
   5.2427941969476234E-005   22.651233019721388     
   5.2888815426602948E-005   22.651233019584708     
   5.3353740241374181E-005   22.651233019447801     
   5.3822752027684599E-005   22.651233019316464     
   5.4295886712496663E-005   22.651233019253709     
   5.4773180538592640E-005   22.651233019088892     
   5.5254670067350872E-005   22.651233018883175     
   5.5740392181546432E-005   22.651233018813144     
   5.6230384088176393E-005   22.651233018646906     
   5.6724683321309917E-005   22.651233018559140     
   5.7223327744963456E-005   22.651233018374171     
   5.7726355556001141E-005   22.651233018264463     
   5.8233805287060765E-005   22.651233018139550     
   5.8745715809505407E-005   22.651233017937045     
   5.9262126336401033E-005   22.651233017797040     
   5.9783076425520291E-005   22.651233017683978     
   6.0308605982372652E-005   22.651233017532093     
   6.0838755263261297E-005   22.651233017303468     
   6.1373564878366722E-005   22.651233017133649     
   6.1913075794857629E-005   22.651233017011492     
   6.2457329340028964E-005   22.651233016808192     
   6.3006367204467746E-005   22.651233016597445     
   6.3560231445246535E-005   22.651233016480717     
   6.4118964489145151E-005   22.651233016325449     
   6.4682609135900549E-005   22.651233016143181     
   6.5251208561485372E-005   22.651233015885992     
   6.5824806321415302E-005   22.651233015766593     
   6.6403446354085469E-005   22.651233015530408     
   6.6987172984136171E-005   22.651233015358343     
   6.7576030925848232E-005   22.651233015167577     
   6.8170065286568109E-005   22.651233014990538     
   6.8769321570163352E-005   22.651233014741621     
   6.9373845680508031E-005   22.651233014508307     
   6.9983683924999219E-005   22.651233014376629     
   7.0598883018104116E-005   22.651233014081811     
   7.1219490084938476E-005   22.651233013881210     
   7.1845552664876429E-005   22.651233013623255     
   7.2477118715192100E-005   22.651233013416629     
   7.3114236614733183E-005   22.651233013164557     
   7.3756955167626813E-005   22.651233012943266     
   7.4405323607018071E-005   22.651233012739766     
   7.5059391598841273E-005   22.651233012510431     
   7.5719209245624474E-005   22.651233012180569     
   7.6384827090327398E-005   22.651233011964706     
   7.7056296120213056E-005   22.651233011668097     
   7.7733667770753511E-005   22.651233011356027     
   7.8416993929569822E-005   22.651233011091819     
   7.9106326940406806E-005   22.651233010849467     
   7.9801719607142568E-005   22.651233010601203     
   8.0503225197833388E-005   22.651233010287854     
   8.1210897448794075E-005   22.651233009964642     
   8.1924790568714372E-005   22.651233009655698     
   8.2644959242811244E-005   22.651233009353803     
   8.3371458637018011E-005   22.651233009078737     
   8.4104344402209977E-005   22.651233008702405     
   8.4843672678467494E-005   22.651233008414778     
   8.5589500099376349E-005   22.651233008083182     
   8.6341883796365890E-005   22.651233007689200     
   8.7100881403085449E-005   22.651233007386509     
   8.7866551059819170E-005   22.651233007064576     
   8.8638951417939591E-005   22.651233006726670     
   8.9418141644400463E-005   22.651233006315437     
   9.0204181426268952E-005   22.651233005916453     
   9.0997130975297878E-005   22.651233005583549     
   9.1797051032537858E-005   22.651233005135254     
   9.2604002872990321E-005   22.651233004823695     
   9.3418048310301132E-005   22.651233004374546     
   9.4239249701495649E-005   22.651233003947311     
   9.5067669951755384E-005   22.651233003552989     
   9.5903372519236588E-005   22.651233003141556     
   9.6746421419931285E-005   22.651233002718243     
   9.7596881232570929E-005   22.651233002256220     
   9.8454817103573228E-005   22.651233001812869     
   9.9320294752032519E-005   22.651233001355251     
   1.0019338047475388E-004   22.651233000847128     
   1.0107414115133159E-004   22.651233000394711     
   1.0196264424927217E-004   22.651232999897161     
   1.0285895782916250E-004   22.651232999425019     
   1.0376315054988338E-004   22.651232998899701     
   1.0467529167386889E-004   22.651232998384984     
   1.0559545107241196E-004   22.651232997853583     
   1.0652369923101660E-004   22.651232997333125     
   1.0746010725479729E-004   22.651232996789190     
   1.0840474687392558E-004   22.651232996270977     
   1.0935769044912487E-004   22.651232995707716     
   1.1031901097721321E-004   22.651232995082751     
   1.1128878209669507E-004   22.651232994463101     
   1.1226707809340207E-004   22.651232993882502     
   1.1325397390618345E-004   22.651232993312675     
   1.1424954513264646E-004   22.651232992633766     
   1.1525386803494717E-004   22.651232992041912     
   1.1626701954563241E-004   22.651232991394380     
   1.1728907727353278E-004   22.651232990718682     
   1.1832011950970766E-004   22.651232990067058     
   1.1936022523344242E-004   22.651232989356345     
   1.2040947411829827E-004   22.651232988644267     
   1.2146794653821548E-004   22.651232987940290     
   1.2253572357367003E-004   22.651232987220084     
   1.2361288701788459E-004   22.651232986498201     
   1.2469951938309386E-004   22.651232985711488     
   1.2579570390686530E-004   22.651232984951861     
   1.2690152455847509E-004   22.651232984160799     
   1.2801706604534036E-004   22.651232983347342     
   1.2914241381950791E-004   22.651232982515126     
   1.3027765408419993E-004   22.651232981706414     
   1.3142287380041729E-004   22.651232980812267     
   1.3257816069360093E-004   22.651232979980250     
   1.3374360326035158E-004   22.651232979075843     
   1.3491929077520901E-004   22.651232978191643     
   1.3610531329749030E-004   22.651232977225220     
   1.3730176167818869E-004   22.651232976330277     
   1.3850872756693286E-004   22.651232975363257     
   1.3972630341900730E-004   22.651232974378274     
   1.4095458250243476E-004   22.651232973394258     
   1.4219365890512039E-004   22.651232972350726     
   1.4344362754205935E-004   22.651232971341130     
   1.4470458416260715E-004   22.651232970262924     
   1.4597662535781431E-004   22.651232969210753     
   1.4725984856782542E-004   22.651232968097702     
   1.4855435208934310E-004   22.651232966961004     
   1.4986023508315764E-004   22.651232965816234     
   1.5117759758174302E-004   22.651232964657197     
   1.5250654049691931E-004   22.651232963456010     
   1.5384716562758286E-004   22.651232962235355     
   1.5519957566750419E-004   22.651232960995884     
   1.5656387421319429E-004   22.651232959745130     
   1.5794016577184061E-004   22.651232958453704     
   1.5932855576931209E-004   22.651232957127888     
   1.6072915055823515E-004   22.651232955794796     
   1.6214205742614050E-004   22.651232954429929     
   1.6356738460368125E-004   22.651232953029222     
   1.6500524127292381E-004   22.651232951609330     
   1.6645573757571129E-004   22.651232950149051     
   1.6791898462210038E-004   22.651232948661914     
   1.6939509449887284E-004   22.651232947152550     
   1.7088418027812115E-004   22.651232945630909     
   1.7238635602591029E-004   22.651232944024969     
   1.7390173681101518E-004   22.651232942427555     
   1.7543043871373520E-004   22.651232940776566     
   1.7697257883478608E-004   22.651232939101902     
   1.7852827530426992E-004   22.651232937394241     
   1.8009764729072427E-004   22.651232935663245     
   1.8168081501025043E-004   22.651232933893652     
   1.8327789973572226E-004   22.651232932074151     
   1.8488902380607586E-004   22.651232930226541     
   1.8651431063568098E-004   22.651232928346843     
   1.8815388472379454E-004   22.651232926420192     
   1.8980787166409752E-004   22.651232924449516     
   1.9147639815431580E-004   22.651232922455165     
   1.9315959200592509E-004   22.651232920416788     
   1.9485758215394169E-004   22.651232918287576     
   1.9657049866679901E-004   22.651232916197728     
   1.9829847275631095E-004   22.651232914017669     
   2.0004163678772303E-004   22.651232911779971     
   2.0180012428985158E-004   22.651232909533462     
   2.0357406996531245E-004   22.651232907226614     
   2.0536360970083923E-004   22.651232904852918     
   2.0716888057769250E-004   22.651232902450630     
   2.0899002088216033E-004   22.651232900000508     
   2.1082717011615130E-004   22.651232897498602     
   2.1268046900788050E-004   22.651232894941245     
   2.1455005952264954E-004   22.651232892310247     
   2.1643608487372122E-004   22.651232889660179     
   2.1833868953328992E-004   22.651232886914045     
   2.2025801924354846E-004   22.651232884139858     
   2.2219422102785191E-004   22.651232881331765     
   2.2414744320198003E-004   22.651232878424622     
   2.2611783538549842E-004   22.651232875482577     
   2.2810554851321948E-004   22.651232872466352     
   2.3011073484676428E-004   22.651232869392629     
   2.3213354798622612E-004   22.651232866239297     
   2.3417414288193629E-004   22.651232863032789     
   2.3623267584633374E-004   22.651232859759830     
   2.3830930456593868E-004   22.651232856433268     
   2.4040418811343159E-004   22.651232853003933     
   2.4251748695983846E-004   22.651232849535290     
   2.4464936298682305E-004   22.651232845984595     
   2.4679997949908727E-004   22.651232842362788     
   2.4896950123688060E-004   22.651232838639544     
   2.5115809438861945E-004   22.651232834866562     
   2.5336592660361721E-004   22.651232830988079     
   2.5559316700492663E-004   22.651232827051473     
   2.5783998620229485E-004   22.651232823025055     
   2.6010655630523237E-004   22.651232818914224     
   2.6239305093619675E-004   22.651232814724324     
   2.6469964524389241E-004   22.651232810431679     
   2.6702651591668732E-004   22.651232806048256     
   2.6937384119614757E-004   22.651232801592471     
   2.7174180089069083E-004   22.651232797015751     
   2.7413057638935999E-004   22.651232792362521     
   2.7654035067571783E-004   22.651232787602083     
   2.7897130834186380E-004   22.651232782744927     
   2.8142363560257398E-004   22.651232777783832     
   2.8389752030956553E-004   22.651232772715474     
   2.8639315196588629E-004   22.651232767554291     
   2.8891072174043095E-004   22.651232762245058     
   2.9145042248258506E-004   22.651232756858519     
   2.9401244873699712E-004   22.651232751350932     
   2.9659699675848162E-004   22.651232745716527     
   2.9920426452705181E-004   22.651232739965110     
   3.0183445176308566E-004   22.651232734084971     
   3.0448775994262455E-004   22.651232728100979     
   3.0716439231280661E-004   22.651232721971724     
   3.0986455390743590E-004   22.651232715720596     
   3.1258845156268794E-004   22.651232709318180     
   3.1533629393295414E-004   22.651232702791305     
   3.1810829150682454E-004   22.651232696113055     
   3.2090465662321197E-004   22.651232689304379     
   3.2372560348761694E-004   22.651232682345949     
   3.2657134818853681E-004   22.651232675257717     
   3.2944210871401793E-004   22.651232667989149     
   3.3233810496835389E-004   22.651232660556929     
   3.3525955878893073E-004   22.651232652986124     
   3.3820669396321986E-004   22.651232645243994     
   3.4117973624592045E-004   22.651232637326785     
   3.4417891337625272E-004   22.651232629244447     
   3.4720445509540287E-004   22.651232620990868     
   3.5025659316412162E-004   22.651232612565167     
   3.5333556138047762E-004   22.651232603941736     
   3.5644159559776657E-004   22.651232595142403     
   3.5957493374257771E-004   22.651232586141106     
   3.6273581583301984E-004   22.651232576950520     
   3.6592448399710634E-004   22.651232567563056     
   3.6914118249130323E-004   22.651232557957542     
   3.7238615771923914E-004   22.651232548156457     
   3.7565965825058027E-004   22.651232538123566     
   3.7896193484007111E-004   22.651232527886435     
   3.8229324044674283E-004   22.651232517419714     
   3.8565383025328996E-004   22.651232506731219     
   3.8904396168561802E-004   22.651232495817681     
   3.9246389443256270E-004   22.651232484634789     
   3.9591389046578218E-004   22.651232473234387     
   3.9939421405982452E-004   22.651232461560198     
   4.0290513181237195E-004   22.651232449643118     
   4.0644691266466203E-004   22.651232437469361     
   4.1001982792208909E-004   22.651232425038046     
   4.1362415127498692E-004   22.651232412301681     
   4.1726015881959346E-004   22.651232399281810     
   4.2092812907920028E-004   22.651232385995286     
   4.2462834302548787E-004   22.651232372417041     
   4.2836108410004853E-004   22.651232358522293     
   4.3212663823609832E-004   22.651232344337075     
   4.3592529388037987E-004   22.651232329812927     
   4.3975734201525806E-004   22.651232315001039     
   4.4362307618100934E-004   22.651232299832259     
   4.4752279249830754E-004   22.651232284334839     
   4.5145678969090727E-004   22.651232268502042     
   4.5542536910852610E-004   22.651232252305761     
   4.5942883474992896E-004   22.651232235746107     
   4.6346749328621430E-004   22.651232218821207     
   4.6754165408430611E-004   22.651232201515199     
   4.7165162923065138E-004   22.651232183829592     
   4.7579773355512655E-004   22.651232165742130     
   4.7998028465515402E-004   22.651232147249260     
   4.8419960292003035E-004   22.651232128346464     
   4.8845601155546878E-004   22.651232109019787     
   4.9274983660835671E-004   22.651232089262635     
   4.9708140699173244E-004   22.651232069053066     
   5.0145105450997887E-004   22.651232048402363     
   5.0585911388424166E-004   22.651232027270936     
   5.1030592277806822E-004   22.651232005675695     
   5.1479182182327383E-004   22.651231983579208     
   5.1931715464603441E-004   22.651231961005095     
   5.2388226789320841E-004   22.651231937905152     
   5.2848751125889114E-004   22.651231914289212     
   5.3313323751120112E-004   22.651231890135904     
   5.3781980251930311E-004   22.651231865445823     
   5.4254756528066786E-004   22.651231840185403     
   5.4731688794857193E-004   22.651231814357942     
   5.5212813585983947E-004   22.651231787936496     
   5.5698167756282682E-004   22.651231760920439     
   5.6187788484565466E-004   22.651231733290047     
   5.6681713276468656E-004   22.651231705033723     
   5.7179979967325991E-004   22.651231676128361     
   5.7682626725066757E-004   22.651231646569926     
   5.8189692053139507E-004   22.651231616335366     
   5.8701214793461522E-004   22.651231585406293     
   5.9217234129394088E-004   22.651231553774210     
   5.9737789588744101E-004   22.651231521420470     
   6.0262921046791830E-004   22.651231488321486     
   6.0792668729345528E-004   22.651231454472168     
   6.1327073215822702E-004   22.651231419840400     
   6.1866175442358594E-004   22.651231384419447     
   6.2410016704941970E-004   22.651231348178243     
   6.2958638662578403E-004   22.651231311107011     
   6.3512083340481410E-004   22.651231273182077     
   6.4070393133291699E-004   22.651231234385307     
   6.4633610808324598E-004   22.651231194691263     
   6.5201779508846129E-004   22.651231154086446     
   6.5774942757377826E-004   22.651231112545247     
   6.6353144459030595E-004   22.651231070042030     
   6.6936428904868016E-004   22.651231026559572     
   6.7524840775298940E-004   22.651230982068540     
   6.8118425143500188E-004   22.651230936550348     
   6.8717227478869180E-004   22.651230889976290     
   6.9321293650506980E-004   22.651230842319563     
   6.9930669930731867E-004   22.651230793560046     
   7.0545402998623940E-004   22.651230743670254     
   7.1165539943600776E-004   22.651230692616764     
   7.1791128269024502E-004   22.651230640371409     
   7.2422215895840672E-004   22.651230586916085     
   7.3058851166249081E-004   22.651230532214214     
   7.3701082847406785E-004   22.651230476236975     
   7.4348960135163825E-004   22.651230418956516     
   7.5002532657831580E-004   22.651230360332164     
   7.5661850479984496E-004   22.651230300343457     
   7.6326964106295002E-004   22.651230238950859     
   7.6997924485402308E-004   22.651230176110403     
   7.7674783013815076E-004   22.651230111821690     
   7.8357591539848510E-004   22.651230046004201     
   7.9046402367596023E-004   22.651229978646825     
   7.9741268260935744E-004   22.651229909709798     
   8.0442242447572383E-004   22.651229839150233     
   8.1149378623114490E-004   22.651229766936837     
   8.1862730955187604E-004   22.651229693024192     
   8.2582354087583636E-004   22.651229617367477     
   8.3308303144446604E-004   22.651229539933240     
   8.4040633734495235E-004   22.651229460662535     
   8.4779401955282672E-004   22.651229379529184     
   8.5524664397493635E-004   22.651229296473673     
   8.6276478149279346E-004   22.651229211457547     
   8.7034900800630544E-004   22.651229124433627     
   8.7799990447788947E-004   22.651229035345551     
   8.8571805697697551E-004   22.651228944145203     
   8.9350405672489999E-004   22.651228850785031     
   9.0135850014019358E-004   22.651228755213168     
   9.0928198888426881E-004   22.651228657369330     
   9.1727512990750647E-004   22.651228557198237     
   9.2533853549575109E-004   22.651228454652198     
   9.3347282331721060E-004   22.651228349664621     
   9.4167861646977252E-004   22.651228242168827     
   9.4995654352873294E-004   22.651228132123919     
   9.5830723859494646E-004   22.651228019450059     
   9.6673134134339970E-004   22.651227904081168     
   9.7522949707221096E-004   22.651227785963698     
   9.8380235675206060E-004   22.651227665025885     
   9.9245057707605727E-004   22.651227541188518     
   1.0011748205100402E-003   22.651227414396061     
   1.0099757553433267E-003   22.651227284563788     
   1.0188540557399025E-003   22.651227151626586     
   1.0278104017900640E-003   22.651227015495209     
   1.0368454795625158E-003   22.651226876095620     
   1.0459599811569213E-003   22.651226733354093     
   1.0551546047569214E-003   22.651226587182151     
   1.0644300546836154E-003   22.651226437495694     
   1.0737870414495128E-003   22.651226284208747     
   1.0832262818129593E-003   22.651226127232519     
   1.0927484988330421E-003   22.651225966472623     
   1.1023544219249770E-003   22.651225801838848     
   1.1120447869159826E-003   22.651225633230951     
   1.1218203361016460E-003   22.651225460555651     
   1.1316818183027828E-003   22.651225283712250     
   1.1416299889227988E-003   22.651225102585613     
   1.1516656100055550E-003   22.651224917089849     
   1.1617894502937401E-003   22.651224727100868     
   1.1720022852877584E-003   22.651224532509104     
   1.1823048973051335E-003   22.651224333204425     
   1.1926980755404362E-003   22.651224129066662     
   1.2031826161257358E-003   22.651223919977724     
   1.2137593221915868E-003   22.651223705806302     
   1.2244290039285489E-003   22.651223486443342     
   1.2351924786492487E-003   22.651223261739233     
   1.2460505708509876E-003   22.651223031567952     
   1.2570041122788994E-003   22.651222795802340     
   1.2680539419896626E-003   22.651222554290456     
   1.2792009064157733E-003   22.651222306896102     
   1.2904458594303835E-003   22.651222053469525     
   1.3017896624127089E-003   22.651221793860145     
   1.3132331843140124E-003   22.651221527912668     
   1.3247773017241657E-003   22.651221255469864     
   1.3364228989387976E-003   22.651220976368990     
   1.3481708680270336E-003   22.651220690442102     
   1.3600221088998282E-003   22.651220397520973     
   1.3719775293788994E-003   22.651220097424982     
   1.3840380452662703E-003   22.651219789977660     
   1.3962045804144197E-003   22.651219474992871     
   1.4084780667970513E-003   22.651219152283687     
   1.4208594445804829E-003   22.651218821655164     
   1.4333496621956659E-003   22.651218482909542     
   1.4459496764108364E-003   22.651218135838519     
   1.4586604524048036E-003   22.651217780236919     
   1.4714829638408852E-003   22.651217415891210     
   1.4844181929414906E-003   22.651217042578139     
   1.4974671305633611E-003   22.651216660071015     
   1.5106307762734706E-003   22.651216268137830     
   1.5239101384255938E-003   22.651215866545357     
   1.5373062342375475E-003   22.651215455049623     
   1.5508200898691116E-003   22.651215033397563     
   1.5644527405006331E-003   22.651214601333493     
   1.5782052304123230E-003   22.651214158594939     
   1.5920786130642507E-003   22.651213704916699     
   1.6060739511770384E-003   22.651213240013448     
   1.6201923168132689E-003   22.651212763607191     
   1.6344347914596055E-003   22.651212275408909     
   1.6488024661096374E-003   22.651211775112984     
   1.6632964413474489E-003   22.651211262424169     
   1.6779178274319278E-003   22.651210737021842     
   1.6926677443818115E-003   22.651210198579378     
   1.7075473220614830E-003   22.651209646777005     
   1.7225577002675193E-003   22.651209081269599     
   1.7377000288160008E-003   22.651208501708339     
   1.7529754676305913E-003   22.651207907741934     
   1.7683851868313869E-003   22.651207299000021     
   1.7839303668245507E-003   22.651206675113798     
   1.7996121983927331E-003   22.651206035690933     
   1.8154318827862874E-003   22.651205380341707     
   1.8313906318152859E-003   22.651204708658724     
   1.8474896679423498E-003   22.651204020231745     
   1.8637302243762874E-003   22.651203314630294     
   1.8801135451665624E-003   22.651202591416450     
   1.8966408852985890E-003   22.651201850144844     
   1.9133135107898653E-003   22.651201090358057     
   1.9301326987869523E-003   22.651200311579117     
   1.9470997376633051E-003   22.651199513327128     
   1.9642159271179641E-003   22.651198695105393     
   1.9814825782751132E-003   22.651197856403030     
   1.9989010137845160E-003   22.651196996702822     
   2.0164725679228286E-003   22.651196115462199     
   2.0341985866958114E-003   22.651195212136827     
   2.0520804279414318E-003   22.651194286161513     
   2.0701194614338790E-003   22.651193336955032     
   2.0883170689884878E-003   22.651192363927095     
   2.1066746445675901E-003   22.651191366467401     
   2.1251935943872938E-003   22.651190343952493     
   2.1438753370252002E-003   22.651189295741744     
   2.1627213035290689E-003   22.651188221180263     
   2.1817329375264389E-003   22.651187119587320     
   2.2009116953352129E-003   22.651185990273888     
   2.2202590460752123E-003   22.651184832529196     
   2.2397764717807128E-003   22.651183645631932     
   2.2594654675139737E-003   22.651182428825791     
   2.2793275414797580E-003   22.651181181348761     
   2.2993642151408664E-003   22.651179902414299     
   2.3195770233346807E-003   22.651178591218297     
   2.3399675143907350E-003   22.651177246925897     
   2.3605372502493228E-003   22.651175868695560     
   2.3812878065811388E-003   22.651174455650107     
   2.4022207729079820E-003   22.651173006900905     
   2.4233377527245140E-003   22.651171521526635     
   2.4446403636210865E-003   22.651169998588244     
   2.4661302374076547E-003   22.651168437122209     
   2.4878090202387743E-003   22.651166836132290     
   2.5096783727396985E-003   22.651165194609831     
   2.5317399701335866E-003   22.651163511507320     
   2.5539955023698257E-003   22.651161785756074     
   2.5764466742534860E-003   22.651160016257109     
   2.5990952055759088E-003   22.651158201886773     
   2.6219428312464466E-003   22.651156341488473     
   2.6449913014253575E-003   22.651154433875917     
   2.6682423816578736E-003   22.651152477833818     
   2.6916978530094416E-003   22.651150472112647     
   2.7153595122021536E-003   22.651148415434932     
   2.7392291717523820E-003   22.651146306482246     
   2.7633086601096188E-003   22.651144143908738     
   2.7875998217965371E-003   22.651141926331178     
   2.8121045175502853E-003   22.651139652328311     
   2.8368246244650222E-003   22.651137320444775     
   2.8617620361357033E-003   22.651134929188970     
   2.8869186628031340E-003   22.651132477023594     
   2.9122964315002990E-003   22.651129962373716     
   2.9378972861999701E-003   22.651127383629472     
   2.9637231879636227E-003   22.651124739130410     
   2.9897761150916545E-003   22.651122027179554     
   3.0160580632749229E-003   22.651119246030504     
   3.0425710457476223E-003   22.651116393893233     
   3.0693170934414978E-003   22.651113468931442     
   3.0962982551414192E-003   22.651110469261170     
   3.1235165976423182E-003   22.651107392949712     
   3.1509742059075102E-003   22.651104238009822     
   3.1786731832284046E-003   22.651101002406790     
   3.2066156513856211E-003   22.651097684050711     
   3.2348037508115181E-003   22.651094280796912     
   3.2632396407541548E-003   22.651090790447256     
   3.2919254994426940E-003   22.651087210741366     
   3.3208635242542544E-003   22.651083539363981     
   3.3500559318822357E-003   22.651079773937681     
   3.3795049585061171E-003   22.651075912020787     
   3.4092128599627564E-003   22.651071951111874     
   3.4391819119191864E-003   22.651067888640540     
   3.4694144100469340E-003   22.651063721972520     
   3.4999126701978764E-003   22.651059448400389     
   3.5306790285816333E-003   22.651055065148824     
   3.5617158419445263E-003   22.651050569367868     
   3.5930254877501095E-003   22.651045958134773     
   3.6246103643612858E-003   22.651041228448719     
   3.6564728912240243E-003   22.651036377232344     
   3.6886155090526938E-003   22.651031401322683     
   3.7210406800170254E-003   22.651026297481565     
   3.7537508879307191E-003   22.651021062379215     
   3.7867486384417027E-003   22.651015692601106     
   3.8200364592240752E-003   22.651010184644036     
   3.8536169001717230E-003   22.651004534909589     
   3.8874925335936508E-003   22.650998739711042     
   3.9216659544110220E-003   22.650992795258190     
   3.9561397803559318E-003   22.650986697664337     
   3.9909166521719325E-003   22.650980442942824     
   4.0259992338163141E-003   22.650974026997631     
   4.0613902126641725E-003   22.650967445630357     
   4.0970922997142596E-003   22.650960694528862     
   4.1331082297966547E-003   22.650953769267971     
   4.1694407617822570E-003   22.650946665308197     
   4.2060926787941136E-003   22.650939377989289     
   4.2430667884206137E-003   22.650931902528384     
   4.2803659229305561E-003   22.650924234018078     
   4.3179929394901026E-003   22.650916367423378     
   4.3559507203816388E-003   22.650908297570879     
   4.3942421732245662E-003   22.650900019158513     
   4.4328702311980245E-003   22.650891526740452     
   4.4718378532655817E-003   22.650882814729783     
   4.5111480244018915E-003   22.650873877390524     
   4.5508037558213499E-003   22.650864708837560     
   4.5908080852087542E-003   22.650855303030824     
   4.6311640769519978E-003   22.650845653771938     
   4.6718748223768050E-003   22.650835754696715     
   4.7129434399835312E-003   22.650825599277368     
   4.7543730756860452E-003   22.650815180809815     
   4.7961669030527065E-003   22.650804492418615     
   4.8383281235494704E-003   22.650793527042424     
   4.8808599667851237E-003   22.650782277438225     
   4.9237656907586743E-003   22.650770736170131     
   4.9670485821089209E-003   22.650758895606145     
   5.0107119563662147E-003   22.650746747914354     
   5.0547591582064313E-003   22.650734285055364     
   5.0991935617071800E-003   22.650721498779887     
   5.1440185706062612E-003   22.650708380619733     
   5.1892376185623985E-003   22.650694921882575     
   5.2348541694182630E-003   22.650681113651132     
   5.2808717174658033E-003   22.650666946769746     
   5.3272937877139187E-003   22.650652411841236     
   5.3741239361584803E-003   22.650637499222313     
   5.4213657500547189E-003   22.650622199014691     
   5.4690228481920206E-003   22.650606501059883     
   5.5170988811711280E-003   22.650590394930873     
   5.5655975316837815E-003   22.650573869926831     
   5.6145225147948181E-003   22.650556915061628     
   5.6638775782267533E-003   22.650539519060999     
   5.7136665026468582E-003   22.650521670356113     
   5.7638931019567659E-003   22.650503357070306     
   5.8145612235846224E-003   22.650484567012313     
   5.8656747487798059E-003   22.650465287672375     
   5.9172375929102310E-003   22.650445506207490     
   5.9692537057622758E-003   22.650425209437458     
   6.0217270718433396E-003   22.650404383834740     
   6.0746617106870650E-003   22.650383015513682     
   6.1280616771612331E-003   22.650361090222077     
   6.1819310617783774E-003   22.650338593330190     
   6.2362739910091225E-003   22.650315509825163     
   6.2910946275982751E-003   22.650291824297170     
   6.3463971708836971E-003   22.650267520925098     
   6.4021858571179820E-003   22.650242583475006     
   6.4584649597929566E-003   22.650216995282364     
   6.5152387899670367E-003   22.650190739242561     
   6.5725116965954589E-003   22.650163797797973     
   6.6302880668634235E-003   22.650136152928297     
   6.6885723265221447E-003   22.650107786136886     
   6.7473689402278878E-003   22.650078678438689     
   6.8066824118839511E-003   22.650048810346419     
   6.8665172849856834E-003   22.650018161856622     
   6.9268781429685155E-003   22.649986712439215     
   6.9877696095590608E-003   22.649954441021180     
   7.0491963491292981E-003   22.649921325969643     
   7.1111630670538679E-003   22.649887345084068     
   7.1736745100705141E-003   22.649852475573311     
   7.2367354666436883E-003   22.649816694045910     
   7.3003507673313518E-003   22.649779976490066     
   7.3645252851550075E-003   22.649742298261373     
   7.4292639359729738E-003   22.649703634060899     
   7.4945716788569518E-003   22.649663957921348     
   7.5604535164718982E-003   22.649623243188898     
   7.6269144954592260E-003   22.649581462504898     
   7.6939597068234004E-003   22.649538587787134     
   7.7615942863219021E-003   22.649494590209372     
   7.8298234148586436E-003   22.649449440182764     
   7.8986523188808253E-003   22.649403107336184     
   7.9680862707792992E-003   22.649355560494257     
   8.0381305892924318E-003   22.649306767657038     
   8.1087906399135313E-003   22.649256695977670     
   8.1800718353018508E-003   22.649205311737859     
   8.2519796356972097E-003   22.649152580330252     
   8.3245195493382457E-003   22.649098466228196     
   8.3976971328843641E-003   22.649042932966893     
   8.4715179918413847E-003   22.648985943114184     
   8.5459877809909227E-003   22.648927458248494     
   8.6211122048235628E-003   22.648867438929528     
   8.6968970179758243E-003   22.648805844673717     
   8.7733480256709812E-003   22.648742633924826     
   8.8504710841637389E-003   22.648677764025877     
   8.9282721011888482E-003   22.648611191190724     
   9.0067570364136280E-003   22.648542870473790     
   9.0859319018945020E-003   22.648472755737089     
   9.1658027625375182E-003   22.648400799623317     
   9.2463757365629264E-003   22.648326953518620     
   9.3276569959738608E-003   22.648251167522176     
   9.4096527670291027E-003   22.648173390410676     
   9.4923693307200352E-003   22.648093569604356     
   9.5758130232517693E-003   22.648011651129707     
   9.6599902365285088E-003   22.647927579584689     
   9.7449074186431763E-003   22.647841298096267     
   9.8305710743713508E-003   22.647752748287076     
   9.9169877656695368E-003   22.647661870232241     
   1.0004164112177825E-002   22.647568602418005     
   1.0092106791726963E-002   22.647472881701702     
   1.0180822540849887E-002   22.647374643265550     
   1.0270318155297749E-002   22.647273820576260     
   1.0360600490560482E-002   22.647170345333961     
   1.0451676462391942E-002   22.647064147431536     
   1.0543553047339659E-002   22.646955154902486     
   1.0636237283279254E-002   22.646843293872223     
   1.0729736269953554E-002   22.646728488509041     
   1.0824057169516434E-002   22.646610660970197     
   1.0919207207081451E-002   22.646489731349845     
   1.1015193671275306E-002   22.646365617624070     
   1.1112023914796151E-002   22.646238235594126     
   1.1209705354976816E-002   22.646107498828940     
   1.1308245474353005E-002   22.645973318607588     
   1.1407651821236446E-002   22.645835603854948     
   1.1507932010293116E-002   22.645694261083321     
   1.1609093723126528E-002   22.645549194325639     
   1.1711144708866163E-002   22.645400305069387     
   1.1814092784761053E-002   22.645247492192709     
   1.1917945836778594E-002   22.645090651889944     
   1.2022711820208630E-002   22.644929677606143     
   1.2128398760272840E-002   22.644764459958793     
   1.2235014752739465E-002   22.644594886666340     
   1.2342567964543477E-002   22.644420842470765     
   1.2451066634412160E-002   22.644242209056756     
   1.2560519073496217E-002   22.644058864973772     
   1.2670933666006421E-002   22.643870685549786     
   1.2782318869855841E-002   22.643677542808405     
   1.2894683217307747E-002   22.643479305379287     
   1.3008035315629182E-002   22.643275838410034     
   1.3122383847750293E-002   22.643067003472765     
   1.3237737572929465E-002   22.642852658468797     
   1.3354105327424278E-002   22.642632657531891     
   1.3471496025168384E-002   22.642406850931422     
   1.3589918658454332E-002   22.642175084964066     
   1.3709382298622378E-002   22.641937201853779     
   1.3829896096755376E-002   22.641693039640302     
   1.3951469284379750E-002   22.641442432072040     
   1.4074111174172656E-002   22.641185208488764     
   1.4197831160675333E-002   22.640921193707129     
   1.4322638721012748E-002   22.640650207899370     
   1.4448543415619552E-002   22.640372066473077     
   1.4575554888972424E-002   22.640086579941681     
   1.4703682870328853E-002   22.639793553796579     
   1.4832937174472410E-002   22.639492788374980     
   1.4963327702464573E-002   22.639184078722508     
   1.5094864442403171E-002   22.638867214452603     
   1.5227557470187473E-002   22.638541979604469     
   1.5361416950290030E-002   22.638208152495196     
   1.5496453136535276E-002   22.637865505567476     
   1.5632676372884995E-002   22.637513805234420     
   1.5770097094230672E-002   22.637152811721620     
   1.5908725827192830E-002   22.636782278902757     
   1.6048573190927385E-002   22.636401954130918     
   1.6189649897939078E-002   22.636011578067951     
   1.6331966754902078E-002   22.635610884505866     
   1.6475534663487786E-002   22.635199600186809     
   1.6620364621199903E-002   22.634777444617384     
   1.6766467722216891E-002   22.634344129874961     
   1.6913855158241755E-002   22.633899360415029     
   1.7062538219359394E-002   22.633442832867274     
   1.7212528294901386E-002   22.632974235831114     
   1.7363836874318469E-002   22.632493249662105     
   1.7516475548060621E-002   22.631999546256168     
   1.7670456008464931E-002   22.631492788825312     
   1.7825790050651220E-002   22.630972631669863     
   1.7982489573425575E-002   22.630438719941822     
   1.8140566580191836E-002   22.629890689406636     
   1.8300033179871028E-002   22.629328166192693     
   1.8460901587828968E-002   22.628750766540435     
   1.8623184126811944E-002   22.628158096540460     
   1.8786893227890684E-002   22.627549751866638     
   1.8952041431412568E-002   22.626925317501787     
   1.9118641387962248E-002   22.626284367457743     
   1.9286705859330705E-002   22.625626464485435     
   1.9456247719492809E-002   22.624951159779187     
   1.9627279955593498E-002   22.624257992673904     
   1.9799815668942587E-002   22.623546490332501     
   1.9973868076018381E-002   22.622816167426578     
   2.0149450509480048E-002   22.622066525808947     
   2.0326576419188922E-002   22.621297054176068     
   2.0505259373238813E-002   22.620507227724431     
   2.0685513058995283E-002   22.619696507795396     
   2.0867351284144187E-002   22.618864341511909     
   2.1050787977749296E-002   22.618010161406971     
   2.1235837191319329E-002   22.617133385040432     
   2.1422513099884296E-002   22.616233414607137     
   2.1610830003081342E-002   22.615309636535358     
   2.1800802326250094E-002   22.614361421072999     
   2.1992444621537686E-002   22.613388121866478     
   2.2185771569013465E-002   22.612389075524334     
   2.2380797977793496E-002   22.611363601173764     
   2.2577538787174983E-002   22.610311000003691     
   2.2776009067780618E-002   22.609230554796000     
   2.2976224022713026E-002   22.608121529445327     
   2.3178198988719336E-002   22.606983168467139     
   2.3381949437366000E-002   22.605814696492075     
   2.3587490976223945E-002   22.604615317748227     
   2.3794839350064115E-002   22.603384215528507     
   2.4004010442063559E-002   22.602120551647772     
   2.4215020275022106E-002   22.600823465883110     
   2.4427885012589728E-002   22.599492075400462     
   2.4642620960504694E-002   22.598125474168086     
   2.4859244567842616E-002   22.596722732353669     
   2.5077772428276475E-002   22.595282895706475     
   2.5298221281347722E-002   22.593804984924532     
   2.5520608013748541E-002   22.592287995004256     
   2.5744949660615395E-002   22.590730894576552     
   2.5971263406833950E-002   22.589132625222533     
   2.6199566588355452E-002   22.587492100774767     
   2.6429876693524694E-002   22.585808206598415     
   2.6662211364419642E-002   22.584079798858198     
   2.6896588398202838E-002   22.582305703763211     
   2.7133025748484703E-002   22.580484716793421     
   2.7371541526698781E-002   22.578615601909178     
   2.7612154003489150E-002   22.576697090738094     
   2.7854881610109915E-002   22.574727881743513     
   2.8099742939837122E-002   22.572706639371489     
   2.8346756749393003E-002   22.570631993176249     
   2.8595941960382766E-002   22.568502536925280     
   2.8847317660744023E-002   22.566316827679941     
   2.9100903106208970E-002   22.564073384856187     
   2.9356717721779356E-002   22.561770689259276     
   2.9614781103214523E-002   22.559407182096379     
   2.9875113018532424E-002   22.556981263964843     
   3.0137733409523904E-002   22.554491293814323     
   3.0402662393280263E-002   22.551935587884941     
   3.0669920263734253E-002   22.549312418618314     
   3.0939527493214623E-002   22.546620013542963     
   3.1211504734014323E-002   22.543856554131196     
   3.1485872819972512E-002   22.541020174629466     
   3.1762652768070443E-002   22.538108960860257     
   3.2041865780041402E-002   22.535120948992898     
   3.2323533243994791E-002   22.532054124288294     
   3.2607676736054497E-002   22.528906419809203     
   3.2894318022011620E-002   22.525675715102977     
   3.3183479058991786E-002   22.522359834850988     
   3.3475181997137136E-002   22.518956547484947     
   3.3769449181302952E-002   22.515463563772755     
   3.4066303152769407E-002   22.511878535367430     
   3.4365766650968223E-002   22.508199053323978     
   3.4667862615224518E-002   22.504422646579997     
   3.4972614186514019E-002   22.500546780400583     
   3.5280044709235688E-002   22.496568854786375     
   3.5590177732999953E-002   22.492486202844958     
   3.5903037014432586E-002   22.488296089122912     
   3.6218646518994549E-002   22.483995707899197     
   3.6537030422817786E-002   22.479582181439923     
   3.6858213114557080E-002   22.475052558210649     
   3.7182219197258351E-002   22.470403811049380     
   3.7509073490243197E-002   22.465632835295622     
   3.7838801031010165E-002   22.460736446877462     
   3.8171427077152598E-002   22.455711380354586     
   3.8506977108293435E-002   22.450554286916400     
   3.8845476828036983E-002   22.445261732335467     
   3.9186952165937837E-002   22.439830194873224     
   3.9531429279487135E-002   22.434256063139429     
   3.9878934556116241E-002   22.428535633903834     
   4.0229494615218082E-002   22.422665109857803     
   4.0583136310186216E-002   22.416640597326790     
   4.0939886730471824E-002   22.410458103932115     
   4.1299773203658845E-002   22.404113536200839     
   4.1662823297557279E-002   22.397602697123489     
   4.2029064822314895E-002   22.390921283658315     
   4.2398525832547579E-002   22.384064884180390     
   4.2771234629488321E-002   22.377028975877238     
   4.3147219763155158E-002   22.369808922086605     
   4.3526510034538099E-002   22.362399969579087     
   4.3909134497805369E-002   22.354797245780617     
   4.4295122462528973E-002   22.346995755938480     
   4.4684503495929874E-002   22.338990380226477     
   4.5077307425142855E-002   22.330775870789751     
   4.5473564339501324E-002   22.322346848728017     
   4.5873304592842216E-002   22.313697801017241     
   4.6276558805831147E-002   22.304823077367899     
   4.6683357868307955E-002   22.295716887018614     
   4.7093732941652942E-002   22.286373295466547     
   4.7507715461173904E-002   22.276786221130465     
   4.7925337138514032E-002   22.266949431948859     
   4.8346629964081171E-002   22.256856541910196     
   4.8771626209498251E-002   22.246501007515775     
   4.9200358430075405E-002   22.235876124173160     
   4.9632859467303683E-002   22.224975022521306     
   5.0069162451370823E-002   22.213790664685177     
   5.0509300803698996E-002   22.202315840459363     
   5.0953308239505023E-002   22.190543163421211     
   5.1401218770382923E-002   22.178465066971938     
   5.1853066706909312E-002   22.166073800304957     
   5.2308886661271606E-002   22.153361424301437     
   5.2768713549919376E-002   22.140319807353706     
   5.3232582596238989E-002   22.126940621113164     
   5.3700529333251784E-002   22.113215336165609     
   5.4172589606335926E-002   22.099135217631613     
   5.4648799575972247E-002   22.084691320692514     
   5.5129195720514154E-002   22.069874486041584     
   5.5613814838981958E-002   22.054675335261123     
   5.6102694053881706E-002   22.039084266123552     
   5.6595870814048807E-002   22.023091447818985     
   5.7093382897516698E-002   22.006686816107589     
   5.7595268414410677E-002   21.989860068397292     
   5.8101565809867181E-002   21.972600658748974     
   5.8612313866978773E-002   21.954897792806122     
   5.9127551709764935E-002   21.936740422652917     
   5.9647318806169053E-002   21.918117241599617     
   6.0171654971081713E-002   21.899016678895606     
   6.0700600369390581E-002   21.879426894372983     
   6.1234195519057066E-002   21.859335773019751     
   6.1772481294220076E-002   21.838730919484448     
   6.2315498928327051E-002   21.817599652513763     
   6.2863290017292461E-002   21.795928999324758     
   6.3415896522684118E-002   21.773705689912561     
   6.3973360774937538E-002   21.750916151295911     
   6.4535725476598457E-002   21.727546501702591     
   6.5103033705593921E-002   21.703582544697014     
   6.5675328918532158E-002   21.679009763251031     
   6.6252654954031320E-002   21.653813313762896     
   6.6835056036077714E-002   21.627978020025296     
   6.7422576777413298E-002   21.601488367145919     
   6.8015262182953118E-002   21.574328495424083     
   6.8613157653232851E-002   21.546482194187519     
   6.9216308987886346E-002   21.517932895591372     
   6.9824762389154138E-002   21.488663668385016     
   7.0438564465422501E-002   21.458657211650973     
   7.1057762234793695E-002   21.427895848519285     
   7.1682403128687719E-002   21.396361519863831     
   7.2312534995475547E-002   21.364035777985379     
   7.2948206104144361E-002   21.330899780285250     
   7.3589465147995123E-002   21.296934282939645     
   7.4236361248372448E-002   21.262119634576123     
   7.4888943958427420E-002   21.226435769962649     
   7.5547263266913411E-002   21.189862203714256     
   7.6211369602015341E-002   21.152378024026149     
   7.6881313835212434E-002   21.113961886439938     
   7.7557147285175196E-002   21.074592007652853     
   7.8238921721696386E-002   21.034246159376750     
   7.8926689369656661E-002   20.992901662259442     
   7.9620502913025179E-002   20.950535379874452     
   8.0320415498895084E-002   20.907123712792270     
   8.1026480741554857E-002   20.862642592743100     
   8.1738752726595060E-002   20.817067476882386     
   8.2457286015051520E-002   20.770373342171126     
   8.3182135647584657E-002   20.722534679884177     
   8.3913357148695744E-002   20.673525490258697     
   8.4651006530980191E-002   20.623319277297753     
   8.5395140299418082E-002   20.571889043742317     
   8.6145815455702643E-002   20.519207286228351     
   8.6903089502606570E-002   20.465245990642728     
   8.7667020448386909E-002   20.409976627696778     
   8.8437666811228513E-002   20.353370148733092     
   8.9215087623726569E-002   20.295396981783739     
   8.9999342437408730E-002   20.236027027900093     
   9.0790491327296663E-002   20.175229657771382     
   9.1588594896508016E-002   20.112973708655403     
   9.2393714280898639E-002   20.049227481638752     
   9.3205911153745699E-002   19.983958739252671     
   9.4025247730471953E-002   19.917134703463859     
   9.4851786773411453E-002   19.848722054066627     
   9.5685591596617353E-002   19.778686927499507     
   9.6526726070711777E-002   19.706994916111654     
   9.7375254627778407E-002   19.633611067907708     
   9.8231242266298091E-002   19.558499886795460     
   9.9094754556127790E-002   19.481625333367248     
   9.9965857643523365E-002   19.402950826242972     
  0.10084461825620640        19.322439244005523     
  0.10173110370847575        19.240052927760274     
  0.10262538190636381        19.155753684350401     
  0.10352752135283821        19.069502790261481     
  0.10443759115304936        18.981260996250256     
  0.10535566101962386        18.890988532731825     
  0.10628180127800467        18.798645115963041     
  0.10721608287183809        18.704189955058354     
  0.10815857736840821        18.607581759876780     
  0.10910935696411898        18.508778749820181     
  0.11006849449002459        18.407738663582052     
  0.11103606341740849        18.304418769888855     
  0.11201213786341127        18.198775879276866     
  0.11299679259670826        18.090766356946290     
  0.11399010304323687        17.980346136738348     
  0.11499214529197427        17.867470736279842     
  0.11600299610076598        17.752095273341325     
  0.11702273290220563        17.634174483455297     
  0.11805143380956637        17.513662738842754     
  0.11908917762278447        17.390514068696163     
  0.12013604383449547        17.264682180867382     
  0.12119211263612355        17.136120485011119     
  0.12225746492402413        17.004782117233376     
  0.12333218230568081        16.870619966295919     
  0.12441634710595650        16.733586701427910     
  0.12551004237339963        16.593634801796242     
  0.12661335188660591        16.450716587685747     
  0.12772636016063574        16.304784253441497     
  0.12884915245348819        16.155789902225521     
  0.12998181477263207        16.003685582638042     
  0.13112443388159395        15.848423327256668     
  0.13227709730660456        15.689955193142907     
  0.13343989334330336        15.528233304367902     
  0.13461291106350215        15.363209896606392     
  0.13579624032200799        15.194837363848293     
  0.13698997176350636        15.023068307275921     
  0.13819419682950448        14.847855586353518     
  0.13940900776533607        14.669152372174537     
  0.14063449762722732        14.486912203109796     
  0.14187076028942519        14.301089042799831     
  0.14311789045138826        14.111637340528929     
  0.14437598364504092        13.918512094020244     
  0.14564513624209119        13.721668914685580     
  0.14692544546141290        13.521064095361382     
  0.14821700937649290        13.316654680560191     
  0.14951992692294358        13.108398539262680     
  0.15083429790608135        12.896254440270241     
  0.15216022300857213        12.680182130136501     
  0.15349780379814348        12.460142413689312     
  0.15484714273536507        12.236097237150972     
  0.15620834318149723        12.008009773859669     
  0.15758150940640853        11.775844512586943     
  0.15896674659656299        11.539567348444024     
  0.16036416086307759        11.299145676359345     
  0.16177385924985044        11.054548487105293     
  0.16319594974176060        10.805746465843271     
  0.16463054127293977        10.552712093150149     
  0.16607774373511683        10.295419748478736     
  0.16753766798603578        10.033845815997879     
  0.16901042585794743        9.7679687927483911     
  0.17049613016617607        9.4977693990399814     
  0.17199489471776117        9.2232306910060942     
  0.17350683432017527        8.9443381752216169     
  0.17503206479011837        8.6610799252777610     
  0.17657070296238944        8.3734467001969222     
  0.17812286669883648        8.0814320645572622     
  0.17968867489738471        7.7850325101860705     
  0.18126824750114418        7.4842475792655705     
  0.18286170550759795        7.1790799886833554     
  0.18446917097787024        6.8695357554440477     
  0.18609076704607694        6.5556243229454196     
  0.18772661792875742        6.2373586879071325     
  0.18937684893438997        5.9147555277244948     
  0.19104158647299047        5.5878353280045161     
  0.19272095806579573        5.2566225100260198     
  0.19441509235503157        4.9211455578482770     
  0.19612411911376723        4.5814371447766433     
  0.19784816925585591        4.2375342588778580     
  0.19958737484596331        3.8894783272185833     
  0.20134186910968357        3.5373153384869482     
  0.20311178644374486        3.1810959636358405     
  0.20489726242630418        2.8208756741740899     
  0.20669843382733286        2.4567148577106650     
  0.20851543861909339        2.0886789303432067     
  0.21034841598670823        1.7168384454637362     
  0.21219750633882170        1.3412691985396208     
  0.21406285131835531       0.96205232741100133     
  0.21594459381335793       0.57927440763091909     
  0.21784287796795110       0.19302754236053943     
  0.21975784919337085      -0.19659055368363454     
  0.22168965417910627      -0.58947647674466452     
  0.22363844090413612      -0.98552106353017166     
  0.22560435864826436       -1.3846093282452330     
  0.22758755800355504       -1.7866204077002834     
  0.22958819088586793       -2.1914275150511031     
  0.23160641054649550       -2.5988979027321335     
  0.23364237158390225       -3.0088928351519968     
  0.23569622995556691       -3.4212675717206622     
  0.23776814298992938       -3.8358713607809563     
  0.23985826939844196       -4.2525474450149261     
  0.24196676928772717       -4.6711330788919412     
  0.24409380417184190       -5.0914595587206577     
  0.24623953698464970       -5.5133522658571366     
  0.24840413209230186       -5.9366307236108753     
  0.25058775530582783       -6.3611086683758842     
  0.25279057389383686       -6.7865941354961024     
  0.25501275659533085       -7.2128895603543484     
  0.25725447363262999       -7.6397918951488251     
  0.25951589672441205       -8.0670927417943403     
  0.26179719909886640       -8.4945785013532529     
  0.26409855550696332       -8.9220305403658742     
  0.26642014223584026       -9.3492253744109632     
  0.26876213712230579       -9.7759348691839421     
  0.27112471956646189       -10.201926459332192     
  0.27350807054544668       -10.626963385236763     
  0.27591237262729701       -11.050804947872621     
  0.27833780998493374       -11.473206781821105     
  0.28078456841026961       -11.893921146443809     
  0.28325283532844109       -12.312697235158943     
  0.28574279981216560       -12.729281502689552     
  0.28825465259622440       -13.143418010077191     
  0.29078858609207342       -13.554848787174592     
  0.29334479440258210       -13.963314212248093     
  0.29592347333690222       -14.368553408234163     
  0.29852482042546669       -14.770304655104020     
  0.30114903493512107       -15.168305817699306     
  0.30379631788438749       -15.562294788305771     
  0.30646687205886303       -15.952009943135884     
  0.30916090202675328       -16.337190611792728     
  0.31187861415454271       -16.717577558688149     
  0.31462021662280248       -17.092913475287880     
  0.31738591944213740       -17.462943481956721     
  0.32017593446927312       -17.827415638077078     
  0.32299047542328468       -18.186081459016243     
  0.32582975790196750       -18.538696438421592     
  0.32869399939835259       -18.885020574229507     
  0.33158341931736679       -19.224818896683662     
  0.33449823899263964       -19.557861996573003     
  0.33743868170345764       -19.883926551818909     
  0.34040497269186792       -20.202795850466813     
  0.34339733917993198       -20.514260308069382     
  0.34641601038713127       -20.818117977389065     
  0.34946121754792570       -21.114175048295913     
  0.35253319392946653       -21.402246335694922     
  0.35563217484946508       -21.682155753285976     
  0.35875839769421819       -21.953736770938399     
  0.36191210193679252       -22.216832853454886     
  0.36509352915536836       -22.471297878503229     
  0.36830292305174511       -22.716996531512478     
  0.37154052947000876       -22.953804675362647     
  0.37480659641536451       -23.181609692743411     
  0.37810137407313366       -23.400310799119438     
  0.38142511482791863       -23.609819324317904     
  0.38477807328293567       -23.810058960846586     
  0.38816050627951809       -24.000965977161101     
  0.39157267291679043       -24.182489394225080     
  0.39501483457151615       -24.354591123848344     
  0.39848725491811882       -24.517246067445850     
  0.40199019994888069       -24.670442174032239     
  0.40552393799431768       -24.814180456454004     
  0.40908873974373394       -24.948474965062310     
  0.41268487826595696       -25.073352718243758     
  0.41631262903025523       -25.188853589451952     
  0.41997226992743925       -25.295030150619574     
  0.42366408129114874       -25.391947472076303     
  0.42738834591932634       -25.479682879351063     
  0.43114534909588031       -25.558325667496405     
  0.43493537861253789       -25.627976773835329     
  0.43875872479089029       -25.688748410295783     
  0.44261568050463201       -25.740763656762201     
  0.44650654120199501       -25.784156017134642     
  0.45043160492838097       -25.819068940042914     
  0.45439117234919141       -25.845655306411128     
  0.45838554677285959       -25.864076886307437     
  0.46241503417408403       -25.874503767739096     
  0.46647994321726666       -25.877113760264336     
  0.47058058528015717       -25.872091776485881     
  0.47471727447770468       -25.859629194664095     
  0.47889032768611961       -25.839923205839597     
  0.48310006456714666       -25.813176148981835     
  0.48734680759255150       -25.779594837781325     
  0.49163088206882249       -25.739389882776187     
  0.49595261616208963       -25.692775012547465     
  0.50031234092326260       -25.639966397730895     
  0.50471039031338949       -25.581181981574751     
  0.50914710122923912       -25.516640820723381     
  0.51362281352910744       -25.446562439823996     
  0.51813787005885126       -25.371166203440183     
  0.52269261667815070       -25.290670708610460     
  0.52728740228700255       -25.205293201214388     
  0.53192257885244665       -25.115249019103985     
  0.53659850143552679       -25.020751064726287     
  0.54131552821848883       -24.922009309705665     
  0.54607402053221887       -24.819230333574357     
  0.55087434288392001       -24.712616898540311     
  0.55571686298503586       -24.602367561864206     
  0.56060195177941663       -24.488676327088054     
  0.56552998347173422       -24.371732335017516     
  0.57050133555614702       -24.251719595014446     
  0.57551638884521672       -24.128816756808227     
  0.58057552749907804       -24.003196922688371     
  0.58567913905486746       -23.875027499600826     
  0.59082761445640741       -23.744470090340378     
  0.59602134808415475       -23.611680422714826     
  0.60126073778540989       -23.476808315258033     
  0.60654618490479240       -23.339997677790681     
  0.61187809431498530       -23.201386544873721     
  0.61725687444774802       -23.061107139972670     
  0.62268293732520352       -22.919285967953293     
  0.62815669859139944       -22.776043933363216     
  0.63367857754414714       -22.631496481821085     
  0.63924899716714012       -22.485753761735886     
  0.64486838416235603       -22.338920803514934     
  0.65053716898274172       -22.191097713389741     
  0.65625578586518696       -22.042379878993600     
  0.66202467286378763       -21.892858183863261     
  0.66784427188340101       -21.742619228107042     
  0.67371502871349709       -21.591745552581880     
  0.67963739306230542       -21.440315864049865     
  0.68561181859126430       -21.288405258937320     
  0.69163876294977178       -21.136085443494693     
  0.69771868781024204       -20.983424948348855     
  0.70385205890347013       -20.830489335648384     
  0.71003934605430774       -20.677341397222879     
  0.71628102321765252       -20.524041342405976     
  0.72257756851475341       -20.370646974404607     
  0.72892946426983563       -20.217213854330790     
  0.73533719704704736       -20.063795452243383     
  0.74180125768773120       -19.910443284772274     
  0.74832214134802300       -19.757207039113915     
  0.75490034753678259       -19.604134683391475     
  0.76153638015385527       -19.451272563563904     
  0.76823074752867249       -19.298665487242197     
  0.77498396245919021       -19.146356794928437     
  0.78179654225116990       -18.994388419330885     
  0.78866900875780444       -18.842800933526242     
  0.79560188841969426       -18.691633588838076     
  0.80259571230517124       -18.540924343377725     
  0.80965101615098156       -18.390709882250579     
  0.81676834040332236       -18.241025630468783     
  0.82394823025924091       -18.091905759629380     
  0.83119123570839826       -17.943383189418540     
  0.83849791157519815       -17.795489584986981     
  0.84586881756128818       -17.648255351211745     
  0.85330451828843357       -17.501709624816659     
  0.86080558334176704       -17.355880265268887     
  0.86837258731342160       -17.210793845305318     
  0.87600610984654370       -17.066475641870539     
  0.88370673567969504       -16.922949628170230     
  0.89147505469164445       -16.780238467461860     
  0.89931166194655388       -16.638363509119685     
  0.90721715773956046       -16.497344787425302     
  0.91519214764276002       -16.357201023449527     
  0.92323724255159545       -16.217949630307395     
  0.93135305873165097       -16.079606721987194     
  0.93954021786586051       -15.942187125876828     
  0.94779934710212776       -15.805704399038371     
  0.95613107910136830       -15.670170848213957     
  0.96453605208597060       -15.535597553484758     
  0.97301490988868633       -15.401994395449258     
  0.98156830200194778       -15.269370085738302     
  0.99019688362762015       -15.137732200642178     
  0.99890131572719121       -15.007087217589401     
   1.0076822650724020       -14.877440554188226     
   1.0165404042963218       -14.748796609519371     
   1.0254764119448729       -14.621158807352451     
   1.0344909725288092       -14.494529640948469     
   1.0435847765761492       -14.368910719106257     
   1.0527585206850727       -14.244302813111331     
   1.0620129075772804       -14.120705904251254     
   1.0713486461518233       -13.998119231571257     
   1.0807664515394062       -13.876541339557482     
   1.0902670451571670       -13.755970125452102     
   1.0998511547639385       -13.636402885924291     
   1.1095195145159957       -13.517836362842917     
   1.1192728650232933       -13.400266787920726     
   1.1291119534061966       -13.283689926024699     
   1.1390375333527143       -13.168101116973412     
   1.1490503651762289       -13.053495315668373     
   1.1591512158737405       -12.939867130432701     
   1.1693408591846186       -12.827210859456445     
   1.1796200756498711       -12.715520525273043     
   1.1899896526719362       -12.604789907215444     
   1.2004503845749972       -12.495012571823416     
   1.2110030726658303       -12.386181901194762     
   1.2216485252951843       -12.278291119292684     
   1.2323875579197023       -12.171333316239414     
   1.2432209931643872       -12.065301470641826     
   1.2541496608856144       -11.960188470008621     
   1.2651743982347015       -11.855987129330298     
   1.2762960497220346       -11.752690207902933     
   1.2875154672817595       -11.650290424484448     
   1.2988335103370399       -11.548780470877922     
   1.3102510458658911       -11.448153024040636     
   1.3217689484675934       -11.348400756819814     
   1.3333881004296839       -11.249516347417103     
   1.3451093917955443       -11.151492487683150     
   1.3569337204325782       -11.054321890342127     
   1.3688619921009890       -10.957997295243228     
   1.3808951205231621       -10.862511474732587     
   1.3930340274536583       -10.767857238234788     
   1.4052796427498206       -10.674027436128192     
   1.4176329044430029       -10.581014962993128     
   1.4300947588104245       -10.488812760306356     
   1.4426661604476561       -10.397413818649540     
   1.4553480723417438       -10.306811179493792     
   1.4681414659449743       -10.216997936616577     
   1.4810473212492907       -10.127967237201826     
   1.4940666268613596       -10.039712282668759     
   1.5072003800783016       -9.9522263292698199     
   1.5204495869640842       -9.8655026884934998     
   1.5338152624265886       -9.7795347273032878     
   1.5472984302953525       -9.6943158682400199     
   1.5609001233999977       -9.6098395894111412     
   1.5746213836493455       -9.5260994243871355     
   1.5884632621112280       -9.4430889620222977     
   1.6024268190930036       -9.3608018462144464     
   1.6165131242227744       -9.2792317756158269     
   1.6307232565313248       -9.1983725033054125     
   1.6450583045347749       -9.1182178364310733     
   1.6595193663179622       -9.0387616358285801     
   1.6741075496185578       -8.9599978156231064     
   1.6888239719119189       -8.8819203428178444     
   1.7036697604966908       -8.8045232368734485     
   1.7186460525811578       -8.7278005692812020     
   1.7337539953703562       -8.6517464631323229     
   1.7489947461539517       -8.5763550926851657     
   1.7643694723948888       -8.5016206829317955     
   1.7798793518188210       -8.4275375091650027     
   1.7955255725043244       -8.3540998965466020     
   1.8113093329739092       -8.2813022196776522     
   1.8272318422858254       -8.2091389021710661     
   1.8432943201266794       -8.1376044162269512     
   1.8594979969048644       -8.0666932822109345     
   1.8758441138448103       -7.9964000682356442     
   1.8923339230820637       -7.9267193897454797     
   1.9089686877592040       -7.8576459091047175     
   1.9257496821226001       -7.7891743351890597     
   1.9426781916200213       -7.7212994229805876     
   1.9597555129991031       -7.6540159731661630     
   1.9769829544066813       -7.5873188317392817     
   1.9943618354889954       -7.5212028896053456     
