                                                  
                                                                                                                                                                                                                                                                
        SCF,CCSD
   -123.03392713,   -123.74679147
   -122.95996817,   -123.71264894
   -122.74613038,   -123.59094390
   -122.80126290,   -123.45735885
   -122.72904076,   -123.44467157
   -102.72740975,   -103.13909170
    -34.51203254,    -34.61080530
   -122.94904025,   -123.74734826
   -122.23809497,   -122.86139849
   -121.20202996,   -121.74107456
   -119.21775939,   -119.72347802
   -116.47854886,   -116.94911933
   -112.85273258,   -113.29806871
   -108.26782673,   -108.69798728
                                                  
