                                                  
                                                                                                                                                                                                                                                                
       SCF,CCSD
   -86.30367264,   -86.87563052
   -86.34293244,   -86.90957153
   -86.07784074,   -86.74092426
   -86.08899256,   -86.60864655
   -86.12098361,   -86.65830899
   -85.56181193,   -86.05314309
   -84.46135093,   -84.91150826
   -82.68257334,   -83.10300843
   -80.14035057,   -80.54148959
   -76.81670325,   -77.19678532
   -26.98332144,   -27.07788811
   -86.32235904,   -86.93170074
                                                  
