                                                                                                                                                                                                                                                                
         SCF,CCSD
   -1271.364220,   -1272.467812
   -1271.288498,   -1272.432747
   -1271.074543,   -1272.311024
   -1271.131225,   -1272.178346
   -1271.057785,   -1272.165310
   -1251.154383,   -1251.911944
   -1182.867227,   -1183.332072
   -1271.277561,   -1272.467241
   -1270.568154,   -1271.582812
   -1269.534495,   -1270.463548
   -1267.557649,   -1268.448297
   -1264.829952,   -1265.679219
   -1261.221687,   -1262.037295
   -1256.661892,   -1257.451128
   
                                                  
                                                                                                                                                                                                                                                                
                                                  
                                                                                                                                                                                                                                                                
                                                  
