                                                  
                                                                                                                                                                                                                                                                
         SCF,CCSD
   -1271.362592,   -1272.420051
   -1271.286790,   -1272.382272
   -1271.072797,   -1272.258493
   -1271.129573,   -1272.131150
   -1271.056038,   -1272.115038
   -1251.153581,   -1251.891165
   -1182.866429,   -1183.321150
   -1271.275843,   -1272.416117
   -1270.566394,   -1271.535662
   -1269.532723,   -1270.420201
   -1267.556061,   -1268.408552
   -1264.828524,   -1265.643413
   -1261.220387,   -1262.005971 
   -1256.660786,   -1257.424928
  
                                                  
                                                                                                                                                                                                                                                                
                                                  
                                                                                                                                                                                                                                                                
                                                  
