   -1638.963107 0 0.0 2000 0.34482759D-05 0.14855627D+03  29.0 30.00000000  0
   1
  1 0 0.0 1 -328.598488 -420.349700  2.00000000
  2 0 0.0 1  -40.626043 -103.228754  2.00000000
  2 1 1.0 1  -35.424725 -102.568380  2.00000000
  2 1 1.0 1  -35.424725 -102.568380  2.00000000
  2 1 1.0 1  -35.424725 -102.568380  2.00000000
  3 0 0.0 1   -4.818245  -40.062767  2.00000000
  3 1 1.0 1   -3.130430  -37.914167  2.00000000
  3 1 1.0 1   -3.130430  -37.914167  2.00000000
  3 1 1.0 1   -3.130430  -37.914167  2.00000000
  3 2 2.0 1   -0.296127  -30.904515  1.00000000
  3 2 2.0 1   -0.296127  -30.904515  1.00000000
  3 2 2.0 1   -0.296127  -30.904515  1.00000000
  3 2 2.0 1   -0.296127  -30.904515  1.00000000
  3 2 2.0 1   -0.296127  -30.904515  1.00000000
  3 2 2.0 2   -0.296127  -30.904515  1.00000000
  3 2 2.0 2   -0.296127  -30.904515  1.00000000
  3 2 2.0 2   -0.296127  -30.904515  1.00000000
  3 2 2.0 2   -0.296127  -30.904515  1.00000000
  3 2 2.0 2   -0.296127  -30.904515  1.00000000
  4 0 0.0 1   -0.021087   -8.140956  2.00000000
    0    0    0    0
