                                                  
                                                                                                                                                                                                                                                                
       SCF,CCSD
   -70.69354457,   -71.21339236
   -70.68678887,   -71.20432692
   -70.56938626,   -71.12059067
   -70.48500356,   -70.95534697
   -70.47526900,   -70.96561250
   -64.88735047,   -65.25159605
   -23.34523097,   -23.43759376
   -70.66926408,   -71.22979303
   -69.98483855,   -70.42889402
   -68.94355411,   -69.35463082
   -67.25421505,   -67.64266412
                                                  
