                                                  
                                                                                                                                                                                                                                                                
       SCF,CCSD
   -70.69410266,   -71.19526712
   -70.68738443,   -71.18489413
   -70.56997899,   -71.10011319
   -70.48555789,   -70.93755076
   -70.47590042,   -70.94600875
   -64.88720550,   -65.24367663
   -23.34542045,   -23.43766838
   -70.66983328,   -71.21009206
   -69.98536904,   -70.41108229
   -68.94393966,   -69.33958311
   -67.25434711,   -67.63108429
                                                  
