                                                  
                                                                                                                                                                                                                                                                
        SCF,CCSD
   -195.33795059,   -196.31356467
   -195.33736613,   -196.36827083
   -195.06436052,   -195.98093146
   -195.09603380,   -196.08411037
   -194.45789063,   -195.33438603
   -193.20252928,   -193.97964082
   -191.17720435,   -191.87202973
   -188.29403027,   -188.91953787
   -184.54650353,   -185.10075249
   -179.45375585,   -179.98305326
   -173.33079695,   -173.83013484
   -166.03546211,   -166.51537475
   -157.50057069,   -157.97262559
   -147.74957167,   -148.20999284
    -47.28522952,    -47.40167609
   -195.33842806,   -196.41369351
                                                  
