                                                  
                                                                                                                                                                                                                                                                
        SCF,CCSD
   -195.33770784,   -196.29148499
   -195.33711844,   -196.34514706
   -195.06411333,   -195.95918094
   -195.09578398,   -196.06129095
   -194.45763998,   -195.31284401
   -193.20228578,   -193.95967677
   -191.17696794,   -191.85416677
   -188.29378876,   -188.90427293
   -184.54626411,   -185.08829805
   -179.45353490,   -179.97229273
   -173.33060194,   -173.82108138
   -166.03530035,   -166.50804037
   -157.50045412,   -157.96701545
   -147.74951413,   -148.20607807
    -47.28519118,    -47.40155014
   -195.33807053,   -196.39012649
                                                  
