                                                  
                                                                                                                                                                                                                                                                
        SCF,CCSD
   -226.02285250,   -227.09701041
   -225.73677437,   -226.75091299
   -225.48649028,   -226.46973227
   -225.11755552,   -226.08982493
   -223.75246628,   -224.62971184
   -221.65083460,   -222.43916214
   -218.66322630,   -219.37734941
   -214.71094289,   -215.36255056
   -209.80368820,   -210.38905360
   -203.41957174,   -203.98666994
   -195.93284032,   -196.47438078
   -187.20439879,   -187.73011895
   -177.17963479,   -177.69955758
   -165.90198096,   -166.40805495
    -52.20868181,    -52.35434813
                                                  
