                                                  
                                                                                                                                                                                                                                                                
        SCF,CCSD
   -226.02108521,   -227.01777974
   -225.73493275,   -226.67326869
   -225.48473748,   -226.39603276
   -225.11563413,   -226.01348003
   -223.75076843,   -224.55891134
   -221.64916161,   -222.37426544
   -218.66148240,   -219.31913095
   -214.70922953,   -215.31204551
   -209.80211210,   -210.34672852
   -203.41817267,   -203.95008129
   -195.93163767,   -196.44350284
   -187.20344536,   -187.70532306
   -177.17903236,   -177.68127990
   -165.90185774,   -166.39622052
    -52.20856141,    -52.35404491
                                                  
